2
61 31
1 0 70
1 6 71 73
1 11 82 71 90
1 19 67 74
1 45 64 83
1 1 63
1 41 85 88
1 14 80 66 75
1 42 70
1 10 69 72
1 31 71
1 49 80 68 79
1 5 68 63
1 28 75 62
1 36 67
1 17 67
1 13 74 62
1 2 73
1 18 72
1 24 85 86
1 20 86 72 91
1 21 65 87 78
1 39 65 71
1 23 81
1 16 64
1 25 65 74
1 26 68 71
1 27 70
1 4 82
1 29 76 79
1 30 82 74
1 9 69 71
1 32 83
1 33 90 79
1 34 82 78
1 35 91 78 79
1 7 72 73 89
1 37 70
1 38 64 77
1 3 69 73 61
1 40 68
1 22 75
1 8 68 88
1 15 64 85
1 44 81
1 12 67 78
1 46 64 84 87
1 47 83 84 69 71 90
1 48 85
1 43 75 76
0 50 84 77
0 51 89
0 52 66
0 53 89 90 76 62
0 54 66 62 79
0 55 88 73
0 56 68 86 63
0 57 88 77
0 58 83 86 72
0 59 81 88 75 61
0 60 86 71 88 76
1 0
1 12
1 1
1 7
1 21
1 5
1 6
1 8
1 3
1 9
1 10
1 11
1 2
1 13
1 14
1 15
1 16
1 17
1 18
1 22
1 20
1 4
1 19
1 24
1 23
0 86
0 87
0 88
0 89
0 90
0 91
