2
40 40
1 14 50 51 69 58
1 9 53
1 17 51 62
1 10 51 68 53 70 76 45
1 2 56 44
1 5 55 44
1 0 49 60
1 6 46
1 3 67 68 74 43
1 16 65 52 40 63
1 22 59
1 24 64 68 78 63
1 11 48 57
1 7 53 73
1 13 52 73 78
1 12 49
1 4 72 57 77
1 8 52 46
1 21 75 61
1 19 54 72 73
1 1 68 41
1 15 71 47 79
1 23 50 67
1 20 64 51 42 75
1 18 64 51
0 25 73 74
0 26 68 74 60
0 27 68 70 41 61 77
0 28 68 73 74
0 29 66 73 77 63
0 30 55 77
0 31 64 69
0 32 70 40 79
0 33 49 75 78
0 34 71 41 73 44 79
0 35 50 57
0 36 44
0 37 68
0 38 76
0 39 49 66 45
1 16
1 1
1 20
1 3
1 4
1 9
1 6
1 15
1 10
1 11
1 12
1 17
1 13
1 7
1 19
1 5
1 2
1 8
1 14
1 22
1 0
1 21
1 18
1 23
1 24
0 65
0 66
0 67
0 68
0 69
0 70
0 71
0 72
0 73
0 74
0 75
0 76
0 77
0 78
0 79
