2
61 31
1 0 66 67 85 72 73 78
1 43 67 77 63
1 20 64 66 85 70 86
1 3 65 66 69 71 72 73 76 80 81 84 85 87 62 63
1 22 80 68 70 86 73 89 75 78 62
1 39 64 66 82 83 85 70 87 72 76
1 42 64 66 68 85 71 87 72 73 75 76 79
1 27 82 66 83 89 61 78 79
1 6 65 72 73 89 61
1 12 81 83 69 70 71 87 90 63 79
1 44 64 81 68 89 74 90 78 62
1 10 67 83 69 88 74 62
1 46 80 65 81 66 82 85 70 88 89 91 76 63
1 19 81 83 68 84 85 71 87 79
1 4 80 65 66 69 71 72 88 73 76 77 78 79
1 13 65 81 85 70 86 89 75 77 63
1 17 80 81 68 86 89
1 24 84 68 69 85 70 72 88 61 77 62 63
1 18 81 66 83 67 73 74 75 77 62
1 26 80 64 82 84 69 89 74 91 78 62
1 25 64 68 71 72 77 78 79 80 85 87 88 61 62
1 21 80 84 85 71 72 88 73 89 91 61 77
1 2 65 81 66 82 83 69 72 75 61 63
1 23 64 80 81 82 83 67 84 85 70 72 74 75
1 16 64 83 67 84 72 74 75 91 76 62 63
1 14 64 80 81 82 70 89 78 63
1 15 82 67 69 85 88 90 75 77
1 35 81 83 84 86 73 75 62 79
1 28 80 64 83 68 85 86 87 72 73 90
1 29 64 81 82 88 89 74 90 77
1 30 68 85 87 88 76 77 62 79
1 8 81 66 67 69 70 89 74 90 62 79
1 32 64 67 70 71 77 78 79 80 83 85 86 89 90
1 33 65 66 82 84 71 74 90 91 77
1 34 81 68 84 85 72 77
1 11 64 66 68 70 71 72 73 76 79 81 82 88 91 61
1 7 64 66 67 68 69 86 71 89 90 91 76 79
1 37 64 82 67 69 85 90 91 61
1 38 82 66 67 85 70 86 76 79
1 1 69 71 91 76 61 62
1 40 64 80 86 87 74 75 91 76 79
1 41 65 68 90 77 62 79
1 31 81 67 85 69 70 89 74
1 9 64 82 86 71 87 72 73 61 63
1 36 64 65 83 68 69 85 87 72 76 61
1 45 68 71 72 74 75 76 81 82 83 85 89 91 61
1 5 82 67 69 86 73 61 77 79
1 47 64 84 85 69 70 71 87 91 77
1 48 80 85 70 86 87 75 77 78 62 63 79
1 49 81 82 84 68 85 72 88 89 74 78
0 50 64 68 69 71 72 76 80 84 86 87 88 62 63
0 51 65 66 84 85 69 88 73 76 78 63
0 52 65 67 68 69 70 72 74 78 79 81 84 86 90 91
0 53 80 64 81 67 85 86 88 91 76 61 63
0 54 80 65 82 67 84 68 85 88 77 78
0 55 80 82 83 86 70 88 89 90 91 76 62 63
0 56 81 83 68 86 88 89 61
0 57 64 81 65 84 69 85 86 72 88 89 91 61
0 58 64 67 86 87 89 90 75 91
0 59 81 70 87 76
0 60 67 68 84 85 70 87 88 89 78 79
1 0
1 1
1 2
1 15
1 4
1 5
1 6
1 20
1 8
1 9
1 10
1 11
1 7
1 13
1 14
1 3
1 16
1 17
1 18
1 19
1 12
1 21
1 22
1 23
1 24
0 86
0 87
0 88
0 89
0 90
0 91
