2
31 31
1 0 33 53 54 42 43 59 60
1 18 48 53 55 45
1 2 51 36 55 39 59 46 31
1 7 55 40 57
1 9 50 37 53 41 57
1 4 32 36 54 39
1 24 49 35 52 37 56 58 45
1 22 32 49 51 36 38 58 59 61 47
1 20 32 53 55 42 45
1 23 34 52 40 57 42 61 46
1 10 51 37 38 39 41 44
1 11 34 39 42 47
1 21 49 53 44 61
1 3 56 41 57 44 47
1 17 34 37 44 61
1 6 36 38 39 41 60 46
1 19 34 52 53 43
1 15 40 59 44 45 61 46
1 14 48 43 47
1 5 48 33
1 12 50 34 35 51 53 54 39 55 40 44 61 31
1 13 57 42 58 60 45 46
1 8 32 33 51 39 56 42
1 16 34 37 53 43 44
1 1 33 38 42
0 25 50 37 38 39 59 43 31
0 26 51 55 56 46
0 27 32 49 33 51 58 59 60
0 28 48 35 53 43 60 31
0 29 32 49 34 51 56 40 58
0 30 32 50 36 45
1 2
1 21
1 0
1 19
1 24
1 4
1 13
1 6
1 8
1 12
1 3
1 7
1 14
1 17
1 20
1 11
1 16
1 9
1 22
1 5
1 10
1 23
1 18
1 1
1 15
0 56
0 57
0 58
0 59
0 60
0 61
