2
80 80
1 47 128 101 103 135 104 136 137 143 114 83 148 120 121 122 154 124 125 126 127
1 1 96 98 146 135 88 152 90 91 157 158
1 27 113 115 116 132 148 86 151 90 122 157 127
1 3 96 100 132 101 134 103 104 105 141 111 83 84 149 151 155 92 125
1 36 131 139 108 145 117 85 118 89 153 123 125 127 159
1 28 132 101 103 136 112 80 113 82 115 149 122 123 93
1 6 128 129 104 136 108 141 111 143 81 82 148 152 153 90 91 156
1 48 144 114 147 84 132 148 121 154 123 94 95
1 8 146 148 85 86 134 87 152 89 108 156 127 95
1 30 128 98 101 138 107 109 115 118 121 153 122 91 123 155 156 125
1 33 129 100 101 134 103 136 137 140 143 112 145 115 83 147 120
1 11 112 97 81 82 115 85 119 136 89 108 127
1 12 145 99 117 137 154 107 109 110
1 40 128 129 134 104 137 111 112 114 147 116 91 155 94 95
1 34 101 85 150 103 119 121 154 124 111 127
1 24 96 81 114 146 133 86 118 106 156 126 95 159
1 45 97 130 104 106 142 113 147 150 87 120 121 123 155 124 94
1 20 99 104 106 145 82 146 83 148 117 151 120 153 155 92 157
1 2 115 116 134 137 106 138 91 155 93
1 38 129 83 151 135 121 122 124 126 158 159
1 16 97 84 117 86 104 89 138 91 123 108 156 126
1 10 96 97 99 112 80 144 81 113 117 89 122 90 91 155
1 19 145 115 83 119 151 153 139 124
1 32 128 99 109 141 142 80 147 84 117 149 119 153 154 124 125 127
1 31 100 108 112 113 146 116 85 120 89 153 122 155 94 127
1 18 144 145 98 99 147 135 105 121 153 155 93 109
1 44 96 129 134 103 109 113 145 115 149 150 87 89 153
1 41 112 96 129 117 86 89 153 139 126 110 127
1 35 102 136 105 108 109 144 113 146 83 115 148 117 126 158
1 25 129 131 134 105 107 114 146 147 149 86 119 88 153 154 123 92 125 93
1 4 96 98 99 105 141 111 143 145 146 116 148 118 120 152 89 122 93 94 95
1 14 97 137 141 144 114 115 116 85 88 122 155 124 95
1 42 81 114 100 102 136 89 107 109
1 22 128 98 99 133 102 103 105 139 110 80 118 124 158 95
1 9 97 100 84 119 122 91 108 92 110 142
1 0 97 101 133 104 110 81 84 117 89 154 91 155 92
1 7 129 130 101 104 139 140 110 150 88 89 90 91 158
1 49 96 128 129 100 134 104 106 107 109 80 81 114 116 149 118 150 119 120 152 153 127
1 13 133 138 107 139 141 146 83 150 119 91 92 95 159
1 39 128 97 135 136 138 139 141 143 80 117 85 123 92 125
1 29 130 99 136 106 139 109 141 114 146 115 117 87 119 152 121 124 92 93
1 46 80 96 112 144 116 119 104 123 140 157
1 17 112 97 147 131 132 86 87 123 93 159
1 43 113 115 147 104 153 107 91 126 110
1 23 96 80 145 100 84 118 150 151 104 108 141 111
1 26 129 101 137 106 142 81 145 115 117 85 118 150 152 121 122 91
1 15 96 81 100 116 120 152 108 92 157 142
1 5 80 115 117 101 149 121 90 154 141 110 158 127
1 37 96 129 134 104 139 142 80 114 115 116 149 153 122 154 157 126
1 21 102 136 138 141 111 113 83 85 86 150 90 94 95 127
0 50 129 101 134 138 139 113 145 114 82 85 150 88 155 126 127
0 51 130 131 133 136 105 138 108 142 143 148 116 84 85 150 88 121 154 123 94 126
0 52 134 135 136 105 109 143 147 115 84 88 152 122 156 93 158
0 53 129 130 132 100 104 136 137 106 139 141 111 83 148 117 118 150 151 120 154 90 156 94 158
0 54 96 130 131 84 116 102 89 137 159
0 55 145 115 147 101 151 104 88 120 137 155
0 56 98 130 99 132 109 141 142 81 149 119 152 155 123 92 157 93 159
0 57 97 132 135 138 141 110 81 145 113 114 83 117 149 120 90 124 94 95
0 58 145 135 137 89 107 139 91 108 141 125 158 159
0 59 129 130 98 131 132 100 104 107 144 80 146 87 152 89 158
0 60 97 130 131 134 102 135 137 142 110 145 146 147 117 149 86 87 151 152 90 159
0 61 83 151 120 93 141 111
0 62 129 134 136 139 140 142 110 85 149 150 151 120 89 122
0 63 97 131 100 137 138 140 108 143 114 146 147 149 150 151 87 120 153 156
0 64 97 98 131 100 136 107 139 109 142 143 148 151 153 121 89 124 157 93 94
0 65 129 130 106 139 143 112 146 117 118 152 153 121 122 154 158 126 95 159
0 66 129 101 134 135 136 106 141 143 144 86 119 87 120 157 158 127 159
0 67 97 98 132 134 138 108 80 83 149 118 86 150 152 153 154 156 157 127
0 68 135 136 105 137 139 140 142 114 146 115 150 152 121 122 157 126
0 69 128 96 97 130 131 132 137 141 110 145 149 119 152 121 153 92 156 158
0 70 128 129 101 134 102 139 81 114 82 115 84 119 120 88 90 125 127
0 71 99 100 102 134 135 136 137 140 141 110 143 144 145 81 148 149 152 89 125 94
0 72 134 103 138 141 144 112 145 114 84 151 152 155 156 158
0 73 135 139 112 81 82 148 152 89 90 154 155 92 94
0 74 97 99 134 135 108 142 113 148 84 149 118 151 154 155 158
0 75 129 131 138 106 107 110 143 144 81 113 82 148 150 152 91 124 158 95
0 76 82 100 151 88 137 153 92 93 109
0 77 128 97 98 131 132 103 135 107 142 126
0 78 144 130 116 137 153 108 125 157 110 142 143
0 79 146 149 117 151 88 136 140 157 158
1 39
1 10
1 2
1 17
1 14
1 18
1 11
1 23
1 8
1 25
1 12
1 1
1 13
1 16
1 38
1 6
1 15
1 0
1 7
1 4
1 21
1 20
1 28
1 44
1 26
1 3
1 32
1 34
1 27
1 35
1 9
1 19
1 40
1 33
1 48
1 24
1 36
1 30
1 29
1 5
1 37
1 45
1 22
1 43
1 31
1 41
1 46
1 47
1 42
1 49
0 130
0 131
0 132
0 133
0 134
0 135
0 136
0 137
0 138
0 139
0 140
0 141
0 142
0 143
0 144
0 145
0 146
0 147
0 148
0 149
0 150
0 151
0 152
0 153
0 154
0 155
0 156
0 157
0 158
0 159
