2
31 61
1 0 80 68 74
1 1 39 73 60
1 2 66 55 44 76 31
1 12 69 55 89 79
1 6 83 37 74 47
1 22 32 50 36 75 78
1 4 35
1 7 49 72 45 63
1 13 53 86 57 73
1 9 82 52 58
1 5 80 83 58 43 60 62
1 8 34 52 91
1 24 80 52 68 36 87 76 77 78
1 10 41 90
1 20 59 43
1 15 38 86 71 87 44 60
1 16 64 87 59
1 17 80 67 73 44 46
1 18 48 49 54 70
1 19 48 83 56 46
1 14 81 70 39 40 61
1 21 51 57 89 74 46 31
1 3 33 86 39
1 23 65 66 84 37 85
1 11 87 42 90
0 25 71 43
0 26 71 89 43
0 27 48 31
0 28 89 59
0 29 48 49 82 34 35 86 63
0 30 81 84 55 88 72 77
1 43
1 42
1 2
1 8
1 4
1 44
1 33
1 32
1 3
1 27
1 10
1 11
1 20
1 13
1 7
1 40
1 6
1 36
1 18
1 31
1 48
1 21
1 19
1 23
1 14
1 25
1 26
1 9
1 28
1 1
1 30
1 5
1 49
1 16
1 34
1 35
1 17
1 37
1 38
1 39
1 15
1 41
1 29
1 0
1 22
1 45
1 46
1 47
1 12
1 24
0 81
0 82
0 83
0 84
0 85
0 86
0 87
0 88
0 89
0 90
0 91
