2
80 80
1 0 128 97 98 130 100 102 141 111 81 145 115 148 85 150 120 122 125 157 94 127
1 40 96 105 141 112 144 113 83 115 148 118 87 119 151 152 121 153 90 123 126
1 18 130 132 104 137 109 142 81 83 84 85 118 87 151 153 92 126 127
1 4 100 132 101 134 136 138 107 139 108 109 111 113 114 116 119 91 155 93 125 126
1 30 97 98 133 104 136 107 108 109 144 113 145 84 116 149 120 121 154 92 124 125 158 127
1 5 97 98 135 136 139 141 110 142 143 81 113 82 115 84 148 117 149 87 119 151 153 90 94
1 23 129 133 138 139 140 142 81 145 82 146 84 89 153 154 91 93 94 95 105 113 114 115 116 118 119 122 125 127
1 7 128 135 138 139 141 80 144 82 146 147 84 86 87 88 89 154 91 155 156 157 94 159 98 101 103 114 115 116 118 120 127
1 36 129 130 131 100 101 103 135 138 108 143 113 145 146 83 147 116 84 118 150 87 124 92 157 126
1 34 128 96 97 132 105 108 111 80 145 147 84 148 117 85 120 90 154 123 155 92 156 157 94
1 13 98 99 132 101 133 103 105 106 110 143 80 83 147 116 84 148 149 87 120 91 124 159
1 11 128 130 99 131 101 103 138 110 144 116 117 85 86 119 151 123 94
1 1 128 97 98 99 100 133 103 104 106 81 115 147 148 149 118 119 88 120 153 91 126 127
1 24 97 99 131 132 134 103 136 138 107 80 83 84 118 86 88 89 122 154 92 93 94 158
1 45 132 133 135 136 137 139 143 147 84 85 150 89 90 155 92 157 94 158 159 96 102 104 106 110 111 112 117 118 120 122 123 125
1 10 129 98 99 100 101 134 103 109 141 112 114 115 84 85 86 87 120 154 91 156 125 127
1 28 96 132 135 138 140 110 143 114 82 115 117 149 86 150 87 122 90 158 95
1 31 96 130 100 101 133 135 105 139 108 111 80 114 115 148 150 152 122 123 92 156 94
1 15 130 99 100 102 134 103 135 139 140 109 141 114 82 115 83 147 148 118 88 152 121 153 154 126
1 17 133 102 134 135 137 140 110 142 80 113 145 82 84 117 118 86 119 87 151 92 125 94
1 32 131 132 103 106 111 143 112 80 113 145 115 148 149 118 89 155 125
1 12 129 132 143 145 82 147 84 85 86 87 94 95 96 98 99 102 104 111 112 115 116 117 121 124 125 127
1 41 130 131 132 133 134 140 143 145 147 89 90 154 155 92 158 95 101 108 110 111 112 114 119 120 121 125
1 39 129 130 134 135 105 139 140 112 113 145 114 83 116 148 120 121 92 157
1 38 100 101 103 104 136 105 106 108 143 115 84 85 120 88 89 121 155 94 95 127
1 48 97 129 130 131 102 134 136 111 112 80 117 89 122 154 124 92 126 95
1 6 128 129 98 100 132 103 109 142 112 82 116 86 150 151 120 152 89 122 90 154 91 123 92 94
1 8 98 132 101 133 105 137 138 110 111 145 82 83 116 117 122 154 156 125 126 127
1 29 128 131 133 138 141 82 146 84 85 88 90 91 94 101 102 105 107 108 109 110 113 115 117 118 121 123 126
1 9 96 128 97 98 100 102 135 136 110 142 111 143 80 82 83 116 150 87 88 122 123 124 92 159
1 3 131 134 140 141 81 145 146 84 85 149 87 88 154 155 92 157 94 158 95 99 100 103 104 105 107 108 109 110 111 116
1 26 128 130 134 142 80 81 145 83 84 86 87 88 89 91 92 158 97 102 104 106 107 111 114 115 116 117 118 119 120 123
1 2 131 132 133 80 144 145 83 84 149 87 151 152 90 157 159 98 99 102 103 106 107 109 111 116 117 121
1 27 133 102 105 107 112 113 81 145 114 115 147 148 117 86 150 87 88 120 123 92 156
1 14 128 138 139 143 80 82 84 148 86 150 152 89 153 154 91 92 93 98 99 100 103 104 108 109 110 112 114 116 119 127
1 16 101 135 137 139 141 110 111 143 81 145 116 85 149 86 120 156 126 127
1 21 96 128 129 98 99 100 103 138 107 110 111 80 144 146 116 149 119 152 122 155 157
1 37 99 100 132 138 110 80 81 113 145 114 84 148 88 123 156
1 20 128 132 133 134 105 137 110 113 82 115 116 86 118 119 120 121 90 91 125 94 158 95
1 47 128 132 134 135 104 136 105 106 111 143 81 114 148 88 153 154 155 157 127 159
1 25 129 98 100 101 135 104 138 109 110 112 84 85 150 119 151 88 120 95
1 35 96 131 135 137 111 144 146 149 118 150 121 90 91 92 125 157 158 95
1 49 97 99 100 106 107 108 140 142 80 145 116 85 150 120 121 89 123 125 93 159
1 43 104 138 140 110 144 113 114 116 117 85 88 153 90 124 156 158 127
1 44 128 97 129 101 102 135 107 142 80 114 83 84 118 86 88 89 121 90 123 156
1 33 129 135 136 141 143 80 147 84 85 149 89 155 157 159 97 98 99 102 103 105 107 111 114 117 118 122 126
1 46 130 139 140 145 82 146 149 86 87 89 155 93 159 97 99 100 106 107 112 113 114 122 123 124 127
1 19 96 99 136 107 139 110 142 81 145 115 116 148 85 118 86 151 152 89 124
1 22 129 130 139 143 80 145 147 84 85 149 150 88 152 157 95 99 102 108 109 110 116 117 119 121 126
1 42 96 97 129 133 103 136 107 108 81 146 83 86 87 88 152 121 122 125 157 158 159
0 50 130 131 132 135 136 138 140 141 147 148 149 87 152 153 154 155 92 156 157 93 158 95 100 102 105 111 116 118
0 51 130 131 134 138 139 141 142 143 144 146 148 152 88 89 155 158 159 98 102 105 106 108 112 115 119 122 127
0 52 130 100 134 104 137 138 139 141 80 144 113 81 114 147 84 117 85 87 151 152 154 90 155 157
0 53 130 131 132 138 140 141 80 145 146 147 83 148 85 150 87 151 88 152 153 154 155 156 93 158 159 96 98 103 105 107 113 116
0 54 131 134 135 137 140 141 144 145 82 146 147 149 152 88 153 158 95 159 98 100 101 113 115 117 122
0 55 133 135 139 141 145 81 82 148 149 150 151 152 88 157 93 159 101 104 106 108 114 115 116 120 127
0 56 133 134 106 139 140 146 118 150 119 152 90 123 155 125 94 159
0 57 128 130 131 136 137 106 139 141 143 111 145 147 148 85 149 118 119 152 89 153 154 155 157 95
0 58 97 130 131 100 101 133 135 104 142 145 81 146 114 148 150 151 153 122 123 156 157
0 59 131 100 132 133 135 104 140 110 81 113 148 85 149 150 153 154 157 158
0 60 133 136 137 139 140 142 143 144 145 81 149 151 154 91 155 158 159 97 99 104 109 115 116 117 119 127
0 61 131 132 135 136 138 141 142 144 146 84 149 150 86 87 88 152 90 154 157 94 159 99 101 103 104 113 116 122
0 62 129 131 136 137 138 143 145 82 83 148 149 85 86 87 152 88 153 154 92 158 97 104 105 111 112 115 117 119 123
0 63 130 131 133 136 137 138 139 140 143 80 147 84 86 151 152 88 89 154 91 156 157 158 94 95 159 107 109 112 114 115 121 123
0 64 129 130 104 136 107 139 108 140 141 110 146 149 150 89 153 155 123 93 158 159
0 65 98 100 132 101 102 104 137 138 139 114 115 147 83 116 148 149 117 86 120 152 155 156 158
0 66 128 129 130 131 134 135 137 138 140 146 83 86 150 152 89 90 155 156 157 94 158 159 98 100 101 110 111 112 119 122 123 126
0 67 130 132 133 136 140 143 80 144 83 149 150 86 88 152 153 155 92 157 158 102 108 110 112 115 117 119 123
0 68 128 130 134 135 137 141 143 146 82 148 149 150 86 151 152 89 156 157 94 158 159 96 99 100 105 113 117 119 123 127
0 69 129 131 133 134 136 137 138 140 141 144 145 81 83 84 148 149 86 151 152 89 155 100 103 104 106 118 123
0 70 130 132 136 137 143 144 145 147 85 150 151 152 154 91 155 157 158 159 97 98 103 106 112 118 120 122
0 71 96 130 133 137 139 111 146 114 83 117 149 118 151 91 155 156 125 93
0 72 98 130 131 132 101 134 138 107 139 141 109 144 80 113 82 83 85 152 120 153 154 92 156 93
0 73 131 132 133 136 139 140 143 144 146 147 148 149 86 152 153 155 156 93 158 103 105 107 115 116 119 120
0 74 129 98 131 135 136 137 138 140 108 142 80 146 148 116 149 150 151 152 88 91 155 156 93
0 75 130 133 103 136 141 142 110 143 113 148 118 158 94
0 76 129 131 133 134 135 136 138 139 141 142 144 146 147 87 155 91 156 93 157 158 95 104 106 114 124 125
0 77 131 132 136 138 140 141 143 81 145 147 149 150 86 155 92 156 94 159 99 101 103 108 112 115 116 117 118 120 124
0 78 130 131 134 135 136 138 144 81 146 147 83 148 85 150 87 152 89 154 90 92 157 94 159 101 102 113 119 123 127
0 79 134 135 136 137 138 140 141 143 145 148 149 154 90 155 91 156 158 94 102 104 110 111 114 118 119 121 122 124
1 30
1 1
1 2
1 29
1 24
1 18
1 17
1 7
1 27
1 48
1 47
1 6
1 38
1 14
1 5
1 25
1 42
1 22
1 0
1 10
1 16
1 26
1 9
1 11
1 23
1 37
1 32
1 35
1 44
1 3
1 13
1 28
1 49
1 40
1 34
1 8
1 4
1 33
1 31
1 19
1 21
1 41
1 43
1 46
1 36
1 45
1 15
1 12
1 20
1 39
0 130
0 131
0 132
0 133
0 134
0 135
0 136
0 137
0 138
0 139
0 140
0 141
0 142
0 143
0 144
0 145
0 146
0 147
0 148
0 149
0 150
0 151
0 152
0 153
0 154
0 155
0 156
0 157
0 158
0 159
