2
80 80
1 28 128 99 100 101 103 135 104 105 108 111 81 147 116 117 149 120 152 89 122 125 93 94
1 18 130 132 134 139 141 142 144 145 83 148 85 149 86 89 91 155 96 103 104 108 110 111 112 113 121 122
1 39 128 129 99 102 135 104 137 106 138 107 139 140 82 83 84 116 87 123 156
1 3 128 98 100 103 104 136 137 110 142 80 144 81 145 83 84 149 118 151 120 124 93 94 127
1 4 97 129 131 134 103 107 108 80 146 116 148 85 117 86 150 152 121 89 122 92 156 93 94 127
1 5 98 132 105 137 106 138 139 142 112 80 81 82 146 115 85 149 150 120 88 89 90 155 156 95
1 0 97 98 130 100 133 102 134 104 105 138 110 142 146 83 84 117 118 151 120 122 123 155 92 156
1 32 97 131 101 133 139 108 142 111 112 81 82 115 83 116 118 150 151 121 91 158 127
1 12 134 135 136 140 141 145 147 85 151 88 92 157 94 95 97 99 100 102 103 104 109 110 121 124 126
1 10 97 98 132 101 102 136 108 109 110 111 147 148 150 87 151 88 120 121 89 123 124 126 158 95
1 11 128 103 107 139 111 143 80 81 83 116 118 86 87 88 152 90 123 124 157
1 44 129 97 133 136 140 109 81 113 82 83 117 86 119 151 121 92 124 125 94 126
1 47 129 131 134 138 139 141 143 80 83 148 150 153 155 92 96 98 99 100 104 105 112 113 114 116 118 119 125 127
1 15 128 129 131 100 103 136 140 142 112 80 113 84 117 149 121 90 91 92 156 94 158 95
1 49 128 98 99 100 132 102 108 112 113 146 83 116 148 118 119 121 155 124 125
1 31 129 100 101 105 138 141 143 80 144 113 82 146 148 119 151 120 88 121 124 94 127 95
1 26 131 133 136 137 138 140 81 146 88 90 155 157 159 96 99 100 101 103 104 106 108 109 110 115 116 119 123
1 17 99 131 102 138 108 142 143 112 83 148 153 122 90 92 124 94 95
1 25 96 97 98 100 101 135 136 107 139 108 142 82 116 148 85 119 88 89 91 92 125 126 95
1 9 129 132 133 140 141 143 81 148 85 152 89 90 93 94 159 96 97 98 103 106 109 112 117 118 119 122 125 127
1 8 100 136 137 106 107 141 112 113 81 114 84 118 87 151 88 122 155 93 157 126 95
1 24 96 97 100 102 135 107 140 109 141 110 145 82 85 86 150 120 153 124 125 158 95
1 46 128 129 132 134 135 140 142 144 81 145 146 83 148 149 88 157 159 97 99 100 106 112 113 114 119 125 126 127
1 13 128 98 131 103 104 109 143 80 146 116 85 149 86 87 152 89 122 90 123 92 94
1 27 129 130 100 134 105 137 106 138 108 140 141 110 142 147 150 121 153 154 91 92 158
1 7 129 133 138 140 142 80 82 83 115 117 85 89 154 155 92 125 94
1 41 130 132 103 136 106 109 110 111 112 80 83 116 117 86 119 120 152 89 90 122 123 127
1 23 128 131 138 140 80 145 146 83 148 85 86 87 90 91 155 92 93 157 98 99 100 104 105 107 108 111 118 122 125 126 127
1 2 128 136 143 80 144 145 82 146 116 84 149 150 120 155 157 158 95
1 6 129 130 131 134 141 142 145 87 88 89 154 91 94 96 100 101 103 110 111 114 117 118 122 126 127
1 35 128 129 134 135 137 140 141 80 82 83 87 89 91 156 158 97 98 99 102 108 109 112 115 116 118 119 121 127
1 22 96 129 99 131 100 101 104 137 106 107 109 110 111 115 147 149 118 119 151 122 90 155 94 95
1 16 130 131 132 101 137 139 108 142 112 145 146 83 84 86 87 121 154 91 123 125 126 94 95 159
1 19 129 99 134 104 139 108 109 143 80 112 145 116 85 150 119 88 120 152 122 90 155 92 93 157
1 34 98 103 135 136 106 138 110 144 114 82 146 116 117 86 150 87 119 122 125 158 127 159
1 21 98 131 101 133 102 135 104 139 109 110 111 112 83 116 84 148 86 151 157 95
1 33 130 132 134 135 136 83 84 149 87 152 89 153 159 100 101 102 105 107 110 111 113 115 121 124 126 127
1 20 96 129 97 130 132 134 105 141 82 84 150 119 151 88 152 122 123 91 156 93
1 29 128 130 99 131 100 134 103 135 107 109 141 80 112 113 83 152 121 156 94
1 38 131 101 133 135 136 107 113 145 82 115 118 86 152 121 156 94 159
1 40 97 99 131 106 108 142 81 114 146 147 116 148 120 153 91 155 124 92 126 95
1 37 134 136 138 140 81 146 83 149 86 154 155 95 159 97 98 100 102 106 107 115 116 118 120 122 124 125
1 14 96 129 97 98 100 132 134 104 110 80 146 84 149 151 154 155 92 157
1 43 128 132 133 136 137 82 83 147 86 150 87 151 91 99 106 107 108 109 115 116 118 120 122 124 127
1 36 128 129 130 133 107 110 144 145 116 84 148 117 88 152 121 89 91 155 124 156
1 45 128 131 132 103 104 136 107 141 112 144 113 81 145 116 148 149 151 153 122 92 156 126 94
1 42 97 98 135 106 138 107 139 140 143 81 113 82 114 115 85 120 91 127
1 30 131 132 101 134 103 105 139 109 110 80 144 82 114 83 116 148 122 90 123 91 157 94 95 127
1 48 128 100 132 104 107 139 108 142 114 83 147 116 85 118 154 94 127
1 1 134 135 137 138 141 80 144 81 147 148 85 86 152 153 91 93 94 159 96 100 101 102 106 107 109 115 119 121 125 127
0 50 96 102 134 135 104 138 139 108 111 143 144 146 147 149 150 118 151 87 88 90 155 157 126
0 51 129 130 132 133 134 135 138 140 144 80 145 83 84 149 85 151 88 89 155 156 157 158 159 99 102 107 109 115 116 118 127
0 52 128 131 134 135 136 137 140 141 144 145 81 149 150 151 152 154 90 155 156 158 105 113 118 119 125
0 53 128 130 134 135 136 138 143 80 145 146 147 150 87 152 154 91 92 94 158 159 97 101 103 107 111 112 116
0 54 130 131 103 136 138 109 142 143 81 113 146 83 147 148 84 149 118 151 87 155 124 125 127 95
0 55 132 137 140 141 81 82 146 147 148 86 150 152 91 157 93 158 159 104 105 111 112 115 117 123 125
0 56 130 131 134 135 136 141 144 145 147 148 149 87 153 156 157 94 158 96 97 104 108 115 118 119 125 126
0 57 97 130 101 102 134 103 135 106 138 142 144 81 82 149 150 119 152 154 155 94 127
0 58 130 131 133 139 140 141 142 82 83 151 90 156 157 94 159 97 99 100 102 109 112 118 120 121 122 123 125 127
0 59 128 98 132 133 134 135 104 138 142 83 147 149 117 151 88 120 122 156 125 95
0 60 130 132 137 139 140 141 144 146 82 83 88 154 155 92 93 158 159 95 102 111 114 115 116 125 126
0 61 129 130 132 133 136 141 142 144 145 82 86 150 151 152 154 90 155 93 94 159 99 104 112 114 122 127
0 62 129 134 135 138 139 140 81 146 82 83 87 152 89 155 92 157 158 100 103 104 117 118 119 121 122 124
0 63 135 137 141 142 144 145 81 83 147 150 86 87 152 92 93 94 159 95 101 102 109 113 120 125 127
0 64 128 130 132 134 135 136 140 141 110 144 82 115 149 119 152 153 122 90 123 91 124 125 157
0 65 131 138 141 142 80 144 81 145 146 147 83 150 87 88 153 154 156 157 158 97 98 100 102 105 107 110 118 120
0 66 130 132 133 135 137 138 141 142 143 149 151 88 153 154 91 156 158 159 95 106 109 114 116 118 124 126
0 67 131 136 138 139 108 141 80 145 115 116 149 152 122 154 156 93 125 127
0 68 129 130 131 132 133 136 137 140 144 81 147 149 150 87 152 90 156 93 159 103 110 116 119 121 126 127
0 69 130 131 133 138 140 141 80 145 146 147 150 153 156 94 95 159 96 99 100 103 107 114 115 116 118 119 120
0 70 132 134 136 139 141 142 80 145 146 147 84 149 150 151 153 154 158 159 107 108 110 113 120 123 124 126
0 71 132 101 134 135 105 106 107 139 111 144 81 148 152 89 121 90 154 124 156 158 127
0 72 96 130 99 132 100 135 103 107 139 110 143 144 113 146 114 83 117 118 119 122 91 124 126 158
0 73 132 134 136 137 143 145 81 82 146 148 149 151 152 155 156 159 97 98 101 102 104 108 109 111 117 119 124
0 74 129 130 132 134 103 137 138 143 112 113 146 116 85 149 86 151 153 122 154 91 92 93 157 159
0 75 129 131 140 141 144 80 146 147 148 149 151 89 153 154 156 158 159 100 102 103 105 110 116 117 119 122 124
0 76 130 137 138 140 142 82 146 83 148 149 85 86 150 151 153 90 155 159 97 99 101 102 111 113 115 120 122
0 77 129 101 134 136 105 138 108 141 112 144 81 145 146 148 149 150 152 156 157 158 127
0 78 130 132 134 140 141 143 81 145 146 84 149 86 151 87 91 156 157 94 97 101 104 108 111 112 118 122 123
0 79 96 132 100 134 135 105 139 141 143 144 145 146 83 116 149 151 87 152 89 155 123 92 125
1 1
1 21
1 43
1 41
1 0
1 5
1 9
1 7
1 8
1 6
1 15
1 36
1 11
1 10
1 3
1 12
1 2
1 17
1 18
1 33
1 23
1 24
1 13
1 28
1 16
1 37
1 25
1 49
1 38
1 14
1 26
1 30
1 32
1 47
1 40
1 42
1 46
1 27
1 4
1 35
1 31
1 34
1 22
1 20
1 44
1 45
1 29
1 39
1 48
1 19
0 130
0 131
0 132
0 133
0 134
0 135
0 136
0 137
0 138
0 139
0 140
0 141
0 142
0 143
0 144
0 145
0 146
0 147
0 148
0 149
0 150
0 151
0 152
0 153
0 154
0 155
0 156
0 157
0 158
0 159
