2
40 80
1 0 70 74 75 77 78 91 93 94 98 41 106 44 46 110 49 113 114 51 53 117 54 59 60 61 63
1 1 65 69 71 72 74 76 78 81 84 93 99 40 41 105 42 106 43 107 46 110 47 112 49 50 114 53 118 55 60 63
1 18 66 67 70 72 75 77 78 79 81 83 85 86 87 92 106 107 45 46 111 112 113 55 56 58 62
1 3 66 98 69 70 42 76 44 79 81 49 116 53 54 55 88 57 89 58 60 92 94
1 4 65 69 70 71 40 72 73 41 107 44 109 78 111 48 112 82 114 83 53 55 57 91 61 93
1 5 74 79 80 81 82 85 86 88 89 97 98 99 103 40 44 45 109 47 50 114 53 117 54 55 58 62
1 23 65 98 68 101 72 74 107 45 109 47 114 51 115 88 90 60 93 62
1 2 65 97 103 46 47 111 80 50 83 116 85 117 86 118 88 89
1 8 68 70 103 104 41 105 42 76 78 46 110 79 112 83 116 117 86 118 87 119 57 90 62
1 9 99 68 71 40 104 41 42 43 75 47 80 112 50 115 54 88 56 89 57 90 91 61 94 95
1 10 65 66 68 101 72 43 77 111 51 83 116 53 87 57 90 59 61 63
1 11 70 71 73 76 78 46 110 114 51 83 53 86 54 56 58 63
1 12 69 70 72 74 76 79 81 82 83 89 91 93 95 96 97 41 42 43 45 46 111 49 50 54 119 57 60 62
1 13 66 68 41 105 74 43 76 44 77 109 47 48 82 50 83 53 85 54 87 90 60 92 63
1 14 97 66 69 103 41 105 74 106 107 76 110 48 52 84 53 117 55 56 90 93 63
1 15 97 68 100 74 76 109 46 49 83 57 91 60 62 63 95
1 16 69 70 71 74 75 77 82 86 94 99 102 104 42 45 109 46 111 48 113 114 51 115 117 54 55 56 57 60 61 62
1 17 96 97 66 101 102 71 72 104 42 43 77 45 82 52 84 85 59 91 95
1 24 66 67 68 102 40 43 45 110 48 112 49 81 113 115 52 84 86 56 91 92 62
1 19 64 67 99 69 70 72 42 108 109 78 79 80 113 114 115 116 54 55 119 56 57 90 59 91
1 20 64 66 67 69 102 103 40 73 43 46 80 48 112 81 82 51 116 53 55 57 89 58
1 21 48 112 50 51 116 118 72 88 44 60 108 79
1 22 65 101 71 40 107 44 77 109 79 112 50 51 84 52 86 118 56 89 58 90 59 91 61 95
1 6 64 96 41 73 74 75 107 45 47 50 82 56 89 90 59 93
1 7 64 65 101 70 73 106 75 44 76 46 81 113 50 83 116 57 59 94 63 95
0 25 66 70 74 79 86 93 94 98 99 40 105 106 42 43 110 46 47 112 113 49 114 50 115 52 117 118 58
0 26 98 67 68 69 40 41 74 107 108 45 48 113 114 53 54 118 56 57 58 59 60 94 63
0 27 65 98 67 102 71 103 41 105 108 80 114 115 116 118 88 90 59 92 93
0 28 69 70 74 76 78 79 81 84 85 86 87 89 92 94 95 96 97 100 102 103 42 107 109 110 112 115 51 61 63
0 29 66 68 70 72 75 94 96 97 99 100 101 102 103 40 43 44 45 46 111 112 49 114 115 116 117 53 119 61
0 30 65 69 70 71 76 82 84 86 92 93 94 97 103 42 107 43 110 47 111 49 114 115 52 116 117 54 119 59
0 31 96 70 105 41 43 108 47 81 113 82 114 115 51 84 55 119 87 88 57 89 58 93 94
0 32 64 66 67 68 69 76 79 80 82 83 85 95 96 99 101 103 105 42 109 46 111 112 53 117 119 63
0 33 68 70 71 76 87 89 90 91 92 93 101 103 40 106 43 108 45 110 47 112 48 114 116 117 53 118 56 59
0 34 64 72 76 86 88 93 95 96 97 100 101 104 105 106 108 109 112 48 49 115 117 54 55 119 60 61 63
0 35 66 67 68 70 76 84 87 88 90 91 94 96 100 102 103 42 106 108 109 46 112 114 115 116 117 119 57 58 59
0 36 66 67 72 73 76 79 80 82 83 86 89 90 91 95 97 99 103 40 104 42 44 45 109 110 46 48 115 117 58 59 61
0 37 98 99 68 101 102 70 104 72 106 107 108 77 49 114 50 115 51 85 117 118 92 60 95
0 38 67 68 69 71 72 73 81 90 95 98 99 101 102 103 42 108 46 110 112 113 114 51 115 116 54 56 61 62
0 39 96 98 99 67 69 101 102 104 109 81 113 82 115 116 118 54 57 90 92 94
1 35
1 1
1 3
1 29
1 4
1 45
1 2
1 5
1 43
1 0
1 10
1 23
1 31
1 8
1 14
1 15
1 42
1 12
1 33
1 34
1 41
1 21
1 22
1 11
1 30
1 25
1 26
1 27
1 28
1 49
1 18
1 17
1 32
1 20
1 19
1 9
1 13
1 37
1 38
1 39
1 40
1 24
1 16
1 36
1 44
1 7
1 46
1 47
1 48
1 6
0 90
0 91
0 92
0 93
0 94
0 95
0 96
0 97
0 98
0 99
0 100
0 101
0 102
0 103
0 104
0 105
0 106
0 107
0 108
0 109
0 110
0 111
0 112
0 113
0 114
0 115
0 116
0 117
0 118
0 119
