2
40 40
1 11 50 51 52 71 41 58 44 76 62 46
1 12 49 52 53 74 75 76 45 61 47
1 17 51 55 56 59 62
1 10 51 53 56 73 75 45 77
1 7 48 67 54 56 72 44 77 46 78 47
1 9 50 67 68 69 55 40 44 60 46
1 22 49 58 75 60
1 13 45 46
1 8 43 47
1 2 65 67 52 40 76 78 63 79
1 18 65 58 59 45 62
1 24 64 50 70 55 72 58 62 63
1 20 48 71 57 63
1 1 51 68 53 69 54 40 73 75 61 46 79
1 4 52 53 72 73 43 76
1 19 49 67 55 71 59 75 60 62 63
1 21 49 57 74 76 62 63
1 6 66 52 68 53 55 72 74 43 59 46 78
1 15 40 74 76 61 45 77
1 3 54 73 44
1 0 48 67 41 73 74
1 5 48 54 47
1 14 50 68 69 55 71 41 42 60 45 79
1 23 64 49 66 51 73 42 74 43 45
1 16 64 51 67 71 72 57 60 76 46 79
0 25 48 49 67 68 40 74 75 76 78 62 63
0 26 66 71 73 43 75
0 27 48 66 53 77 78
0 28 64 65 66 70 55 56 72 73 57 58 75 76
0 29 67 70 58 77 79
0 30 64 51 68 70 58 60 77 79
0 31 65 68 70 71 72 75
0 32 66 69 53 73 75 77
0 33 68 70 55 56 62
0 34 64 51 69 70 56 46
0 35 67 52 54 73 59 75 78 62
0 36 49 65 60 78 62 47
0 37 52 55 73 61 62
0 38 68 69 54 71 73 74 60 77 78 79
0 39 48 49 68 54 71 41 73 60 79
1 0
1 10
1 2
1 7
1 4
1 16
1 6
1 8
1 14
1 22
1 12
1 11
1 5
1 3
1 1
1 20
1 9
1 21
1 19
1 18
1 13
1 15
1 17
1 23
1 24
0 65
0 66
0 67
0 68
0 69
0 70
0 71
0 72
0 73
0 74
0 75
0 76
0 77
0 78
0 79
