2
61 31
1 44 67 83 69 90
1 30 80 83 85 86 71 73 62
1 33 64 85 72 89 76
1 46 70 89 78
1 8 64 68 85 88 74 75 91 62
1 25 66 86 61 78
1 40 65 81 67 72 91 61
1 45 80 70 87 88 73 76 78 79
1 23 81 83 85 90 75 61 78
1 47 81 85 72 88 76 77 79
1 18 80
1 39 80 85 70 72 61
1 38 82 68 70
1 13 83 69 75
1 9 67 84 89 74 75 61
1 1 65 77
1 20 82 68 71 73 78 63
1 24 85 87 76 77
1 6 66 84 70 62
1 28 67 62
1 19 64 65 85 70 86 76
1 21 81 83 70 88 90 75 76 63
1 0 85 89
1 42 80 66 84 74 90 75 78
1 32 67 69 90 78
1 49 65 88 75 78 63
1 26 65 67 84 88 73
1 27 80 81 83 71 87 88 73 61
1 4 64 74 61 62 63
1 36 73 63
1 41 65 83 72 88 91
1 5 65 85 86 74 62
1 17 68 70 71 76
1 2 64 66 61 62
1 34 66 82 85 71 89 91 77
1 22 80 64 65 81 67 68 85 90 75 91 77 61
1 29 64 82 83 70 86 71 73 90 77 62
1 37 80 83 88 91 76
1 10 65 68 85 74 75 78
1 3 74
1 31 84 70 72 88 63
1 12 64 66 83 84 87 90 91
1 15 69 73 61 78
1 43 80 66 67 88 73
1 35 64 81 83 68 70 74 76 78 62
1 16 67 86 88 91 76 62
1 7 65 70 87 62
1 14 80 68 69 91 62
1 48 80 84 69 72 75
1 11 81 66 67 84 69 70 91 78 63
0 50 82 83 67 69 86 87 72 88 89
0 51 84 87 72 88 77 61
0 52 84 69 86 79
0 53 71 89 78
0 54 64 80 85 87 88
0 55 67 69 87 75 76
0 56 81 68 70 71
0 57 85 75 63
0 58 66 67 91 76 63
0 59 65 82 83 69 72 89 73 74 90 77 79
0 60 80 65 67 68 84 86 89 90 76
1 0
1 1
1 2
1 12
1 4
1 5
1 23
1 7
1 8
1 9
1 10
1 24
1 21
1 3
1 14
1 15
1 16
1 22
1 19
1 18
1 13
1 20
1 17
1 6
1 11
0 86
0 87
0 88
0 89
0 90
0 91
