2
61 61
1 46 96 103 120 92
1 30 99 94
1 2 64 66 108 62
1 15 82 119 74 90 94
1 22 65 97 101 73 90
1 5 65 68 117 118 75 62
1 18 96 65 100 106 76 95
1 28 97 67 108 109 95
1 12 82 114 84 116 89 105
1 31 98 109 77
1 11 80 64 82 118 79
1 20 97 113 84 100
1 6 87 78
1 7 121 74
1 3 83 73 106 77
1 1 95
1 36 113 116 117 103 95
1 24 86 73 77
1 42 96 113 83 118 107
1 37 100 68
1 26 87
1 9 65 98 67 93
1 27 114 71 89
1 49 110
1 8 65 84 85 117
1 35 115 70 105 93 61 111
1 38 113 117 72 73 75 109 110
1 0 64 98 86 108 79
1 23 98 69 86 90
1 45 83 118 119 105 63 79
1 16 66 69 111
1 41 65 83 101 117 92 109 95
1 32 80 92 61
1 21 98 67 68 69 101 93 94
1 4 65 84 74 91 108
1 17 97 66 67
1 25 80 97 100 88 77 61
1 13 81 114 120 62
1 34 96 114 116 86 72 63
1 29 69 87 95
1 10 76
1 40 71 73
1 47 102 70 88 120 61
1 43 97 98
1 14 65 82 99 119 88 111
1 44 83 86 103 79
1 33 81 113 104
1 39 113 99 105
1 48 102 61
1 19 68 117 111
0 50 81 84 86 62
0 51 100 105 77 78
0 52 112 114 105 92
0 53 87
0 54 114 72 75 109 62 111 63
0 55 112 114 83 99 119 62
0 56 113 67 61
0 57 66 83 70 89
0 58 115 103 89 90
0 59 120 121 106 93 111
0 60 115 119
1 40
1 2
1 47
1 0
1 5
1 13
1 17
1 19
1 21
1 41
1 34
1 38
1 24
1 7
1 32
1 10
1 15
1 6
1 29
1 11
1 23
1 12
1 45
1 9
1 8
1 25
1 26
1 31
1 20
1 18
1 4
1 46
1 14
1 16
1 28
1 36
1 22
1 27
1 33
1 30
1 37
1 48
1 43
1 39
1 44
1 3
1 42
1 1
1 35
1 49
0 111
0 112
0 113
0 114
0 115
0 116
0 117
0 118
0 119
0 120
0 121
