2
80 80
1 37 81 117 149 103 104 120 105 125
1 28 112 113 121 122
1 5 132 150 87 104
1 1 144 132 104 94 127
1 4 86 135 155 94
1 8 98 85 120 136 89 141
1 3 84 100 132 104
1 43 81 115 131 149 121 127
1 49 102 104
1 26 144 98 101 156 109 141 110 111
1 38 116 118 137 123 124 111
1 14 81 83 121
1 29 96 99 100 92 127
1 23 153 90 139
1 31 112 113 133 108 143
1 46 80 120 124 141 94 158 127
1 34 145 135 151 123 108 140
1 15 145 83 122 154 108 142 95
1 2 97 82 146 132
1 12 97 118 139 93
1 11 87 88 141 95
1 27 96 134 120 154 109 95 143
1 19 112 145 132 149 88 153 143
1 7 98 86 104 157 142
1 30 129 133 91
1 9 80 82 83 92
1 39 130 147 116 117 134 120 123 110
1 24 80 100 118 122 90 127
1 47 148 132 136 95
1 17 100 88 91 94
1 6 119 87 156
1 21 147 137 153 122 106 90
1 20 112 145 87
1 33 129 145 131 116 149 138 154 108 109 93
1 10 86 134 87 110 142
1 13 112 130 83 86 156 110
1 32 101 105 139 155 126
1 35 82 136 138 123 93
1 40 99 137
1 22 113 147 148 118 86 150 154
1 36 114 133 91
1 42 81 118 150 140
1 18 98 100 150 142
1 41 128 87 152 106 155 109 127
1 44 136 121 124
1 45 128 113 126 143
1 0 82 107
1 16 134 135 105 122 94
1 48 128 145 83 100 118 127 159
1 25 100 137 107 91 125 94
0 50 80 113 139
0 51 114 150 103 156 158
0 52 115 150 86 155 140 93 111
0 53 131 133 102 150 135 155 95
0 54 146 114 148 89 123 157 159
0 55 154
0 56 132 133 87 154 138 156 109
0 57 119 139 92
0 58 84 121 137 124 93 95
0 59 97 131 148 132 155 158
0 60 145 132 107 157 109
0 61 117 138 155 140 95
0 62 146 83 134 136 121 138 157
0 63 145 115 147 150 104 157
0 64 128 137 122 154 139
0 65 98 147 83 137 105 141
0 66 84 152 140 157 126 159
0 67 128 114 99 134 136 141 142
0 68 130 151 152 136 138 139 127
0 69 147 153 91
0 70 130 117 123 92
0 71 114 140 95
0 72 130 115 100 151 104 89 138 140
0 73 129 131 147 118
0 74 144 130 131 148 152 120 156 94
0 75 130 98 146 148 116 151 159
0 76 149 159
0 77 133 142 111
0 78 114 150 119 153 138 139 142
0 79 113 132 148 117 150 153 154
1 9
1 41
1 0
1 16
1 2
1 14
1 6
1 7
1 15
1 8
1 23
1 30
1 12
1 13
1 1
1 18
1 24
1 4
1 11
1 40
1 20
1 26
1 49
1 37
1 3
1 27
1 21
1 10
1 32
1 33
1 17
1 31
1 28
1 22
1 36
1 43
1 39
1 45
1 38
1 5
1 34
1 42
1 19
1 35
1 46
1 25
1 44
1 47
1 48
1 29
0 130
0 131
0 132
0 133
0 134
0 135
0 136
0 137
0 138
0 139
0 140
0 141
0 142
0 143
0 144
0 145
0 146
0 147
0 148
0 149
0 150
0 151
0 152
0 153
0 154
0 155
0 156
0 157
0 158
0 159
