2
80 40
1 42 99 100 102 108 81 84 116 86 118 90 91 93 94
1 39 112 115 84 103 119 88 104 90 107 93 110
1 32 99 102 103 106 80 81 84 116 85 117 87 88 89 92 94
1 9 96 80 84 117 86 118 87 89 91 93
1 34 97 84 85 101 106 94 110 95 111
1 29 97 98 99 80 84 85 117 118 88 90 91 92 95
1 24 80 96 116 85 102 89 90 91 93 94
1 13 80 81 100 116 101 86 102 103 88 91 107 93
1 14 97 83 101 89 91 108 93
1 1 101 103 107 108 80 112 81 82 83 84 119 89 93 94
1 41 96 112 81 114 99 115 85 88 89 92 111
1 30 97 98 103 105 109 111 114 84 117 89 90 91 92 95
1 20 80 96 97 82 100 117 118 103 108 94
1 4 113 98 82 115 117 118 106 107 93 110
1 19 112 81 84 100 92
1 45 96 98 99 115 101 102 118 89 93 109 95
1 16 97 81 98 92
1 25 96 97 100 101 102 107 108 80 114 116 86 118 88 89 92
1 18 112 81 113 84 101 102 88 105 90 91
1 27 80 98 115 84 116 117 102 119 89 105 94
1 36 112 81 97 114 99 115 101 86 118 88 92 95
1 21 96 80 85 118 87 105 92 110
1 2 80 85 87 119 88 104 90 106 91 93 110 111
1 23 100 101 103 104 111 80 82 114 116 85 117 87 119 92 95
1 0 80 83 84 117 102 118 104 88 107 93 95
1 11 98 100 102 103 80 112 113 82 84 118 87 89 90 91 92
1 26 96 81 82 99 84 101 103 106 92 108 95 111
1 22 96 100 105 111 113 83 84 86 118 119 91 92 94
1 40 96 82 99 117 86 102 118 88 92 110
1 6 82 83 85 108 93
1 33 80 97 83 115 85 102 92 109 95 111
1 31 84 116 101 85 104 105 92
1 5 96 97 104 106 108 80 81 113 83 115 116 117 86 89 90 91 92 95
1 3 97 103 104 111 80 81 115 84 85 117 86 118 88 91
1 17 81 115 102 105 107 93 95
1 35 96 82 85 101 88 104 107 93 95 111
1 28 81 99 84 85 103 104 88 92 94
1 15 80 96 100 117 104 105 93
1 38 97 102 107 108 80 112 113 114 117 92 93 94 95
1 8 80 82 83 116 85 117 118 103 119 89 92 93
1 10 96 102 104 107 109 111 81 84 86 89 91 93 95
1 47 81 113 114 115 101 105 90 92 93 109 94 111
1 7 81 82 98 86 88 89 105 109
1 43 112 101 103 91 92 111
1 44 96 97 82 99 83 103 89 90 107 109 94 111
1 37 97 113 98 84 100 103 119 90 107 92
1 46 97 83 100 85 103 88 106 94
1 12 97 115 116 87 119 88 89 106 93 109
1 48 97 99 103 104 105 107 80 114 84 86 118 119 90
1 49 96 113 98 84 116 87 88 90 106 91 108
0 50 96 100 102 103 106 107 110 111 112 80 114 82 83 116 85
0 51 112 80 114 115 100 87 104 106 107 93 109 110
0 52 114 82 115 116 117 103 104 105 89 108 92 109
0 53 114 82 83 84 118 102 105 91 109 94 110 111
0 54 112 81 114 115 118 105 106 95
0 55 80 115 99 86 102 104 93 109 94
0 56 100 101 104 105 106 107 109 112 114 84 118 86 87 92 93 94
0 57 97 100 102 103 104 109 111 112 113 81 82 87 89 93
0 58 100 102 107 108 110 111 112 81 114 115 83 116 85 117 119 89 94 95
0 59 113 99 116 100 117 118 119 103 87 88 105 111
0 60 96 103 106 108 110 112 113 82 115 116 85 87 88 93
0 61 113 114 98 116 117 86 119 105 91 108 92 109
0 62 96 101 103 105 106 107 110 112 80 82 115 84 116 117 86 88 89
0 63 112 96 98 118 86 119 104 107 108 109 95
0 64 97 98 100 104 107 110 111 112 114 83 87 91 93
0 65 99 100 101 102 105 111 80 113 114 83 84 116 117 118 92
0 66 96 97 98 99 102 107 109 113 114 82 115 84 117 90
0 67 96 97 98 100 103 105 110 80 81 116 117 118 86 89 92 95
0 68 100 101 103 107 110 80 82 115 83 84 116 117 119 91 95
0 69 113 98 117 86 89 105 106 107 92 93 94 110
0 70 112 96 113 114 99 84 117 86 103 87 119 104
0 71 80 112 97 113 114 117 102 106 107 108 92 93
0 72 97 100 102 104 105 107 108 113 81 114 83 85 117 86 119 89 94
0 73 98 101 104 106 80 81 113 82 116 117 85 118 89 91 93 94
0 74 112 96 117 118 86 88 106 108 109 110
0 75 112 81 114 116 117 118 102 107 91 108 109
0 76 97 99 102 104 106 107 108 110 111 112 113 114 84 117 118
0 77 112 96 81 98 99 118 119 103 107 108 110
0 78 99 109 110 111 80 112 113 82 114 83 116 85 117 90
0 79 113 114 99 117 118 103 89 106 90 109 110 111
1 0
1 1
1 2
1 3
1 4
1 5
1 8
1 7
1 15
1 9
1 22
1 6
1 14
1 16
1 23
1 17
1 18
1 13
1 11
1 24
1 20
1 21
1 10
1 19
1 12
0 105
0 106
0 107
0 108
0 109
0 110
0 111
0 112
0 113
0 114
0 115
0 116
0 117
0 118
0 119
