2
31 31
1 13 33 49 36 37 54 40 56 41 58 43 60 31
1 1 32 33 34 35 36 39 55 56 42 58 59 45
1 2 34 38 39 56 42 58
1 3 32 49 34 35 51 37 39 56 57 42 45 46
1 23 48 49 40 57 60 61 46 31
1 5 36 37 55 59
1 6 32 35 53 56 41 42 45
1 20 50 51 52 55 56 59 60 45 46 47 31
1 8 32 37 53 54 39 42 43 47
1 17 33 49 53 41 44 45 31
1 11 48 33 51 53 37 56 42 59 45
1 9 48 33 34 39 55 40 42 58 43 45
1 12 33 35 41 47
1 14 32 48 36 53 54 40 41 44 45 47
1 0 48 35 38 54 39 41 43 46
1 16 33 49 52 36 40 41 58 43 45 46 47 31
1 18 50 53 40 42 44 60 47 31
1 10 32 52 54 38 39 43 59 46 31
1 4 32 34 35 43 44 48 51 56 57 59 60 61 31
1 21 48 49 33 35 36 54 40 56 57 61 46 47
1 15 33 51 55 56 43 59 46 31
1 24 50 35 36 53 54 39 40 42 59 46 31
1 22 32 50 35 53 55 40 57 58 47
1 7 48 34 50 38 54 55 56 42
1 19 32 48 33 53 54 40 56 59 44 45 61
0 25 32 33 35 52 37 55 40
0 26 35 52 36 55 42 59 44 60
0 27 32 33 34 35 37 38 50 53 54 56 57 60 61
0 28 35 52 36 55 40 56 59 60 46
0 29 33 51 52 36 37 38 55 58 43 61 46
0 30 32 35 56 41 58 44 60 61 31
1 24
1 1
1 12
1 3
1 4
1 5
1 8
1 2
1 0
1 19
1 13
1 6
1 9
1 17
1 10
1 20
1 16
1 14
1 18
1 21
1 7
1 23
1 22
1 11
1 15
0 56
0 57
0 58
0 59
0 60
0 61
