2
61 61
1 37 112 98 84 85 101 86 118 121 106 62
1 28 102 103 93 94
1 5 114 68 85
1 1 85 121 75 108
1 4 67 75
1 8 66 101 70 119 120 79
1 3 65 81 85 119
1 43 96 102 108 62
1 49 83 115 85 121
1 26 82 121 90 91 92 79
1 38 97 99 117 104 105 92
1 14 64 102 62
1 29 80 81 113 73 108 77
1 23 71
1 31 89 93 94 111
1 46 101 105 75 108 61
1 34 104 89
1 15 64 103 89 76
1 2 114 78 63
1 12 112 99 74 78
1 11 68 69 76
1 27 112 101 90 76 77
1 19 69 93
1 7 67 85 79
1 30 72 110
1 9 64 112 73 61 63
1 39 97 98 114 101 104 121 91
1 24 81 99 103 71 108 61 111
1 47 76
1 17 112 81 113 69 72 75
1 6 100 68 116
1 21 103 87 71 119
1 20 68 93
1 33 97 115 89 90 74 110
1 10 67 68 91
1 13 64 67 116 91 93
1 32 82 86 107
1 35 117 119 104 74 63
1 40 80
1 22 99 67 94
1 36 115 72 95
1 42 99 62
1 18 81 79
1 41 68 87 119 90 108 109
1 44 102 105
1 45 112 107 109 94
1 0 114 88 63
1 16 86 103 120 75
1 48 64 81 99 115 108 109
1 25 81 88 72 106 75
0 50 97 72 105 89
0 51 82 118 92 110
0 52 64 72
0 53 64 85 102 104 121 74 77
0 54 67 107
0 55 89 63
0 56 66 115 117 121
0 57 81 115 84 117 121 79
0 58 82 99 116 90 75 61 62
0 59 101 90 93
0 60 66 74 95
1 9
1 41
1 0
1 16
1 2
1 14
1 6
1 7
1 15
1 8
1 23
1 30
1 12
1 13
1 1
1 18
1 24
1 4
1 11
1 40
1 20
1 26
1 49
1 37
1 3
1 27
1 21
1 10
1 32
1 33
1 17
1 31
1 28
1 22
1 36
1 43
1 39
1 45
1 38
1 5
1 34
1 42
1 19
1 35
1 46
1 25
1 44
1 47
1 48
1 29
0 111
0 112
0 113
0 114
0 115
0 116
0 117
0 118
0 119
0 120
0 121
