2
61 61
1 0 64 113 82 117 87 71 73 92 93 78 62 79
1 10 67 101 69 70 71 120 106 75 110 63
1 11 64 66 99 85 90 106 92 93 61 62
1 3 64 65 100 69 117 86 72 77 62 95
1 4 64 67 72 104 74 107 78 110 112 83 85 118 120 91 92 93 63 95
1 5 66 82 83 74
1 22 97 101 70 72 104 107 114 83 84 117 89 92 61
1 18 86 103 87 107 77
1 16 80 83 70 73 105 76 77 63
1 23 96 64 102 71 105 108 78 79 82 85 86 87 88 89 121
1 32 68 102 103 74 78 110 82 115 119 89 121 61 94
1 12 64 81 69 85 77
1 48 96 81 65 98 100 70 120 74 109 77 63 111
1 7 71 72 93 62 95
1 27 113 103 88 73 106 95
1 15 99 70 103 105 107 75 76 82 116 118 91 92 62 63
1 45 80 98 67 115 100 68 116 117 105 110 63
1 2 64 66 83 116 87 93 77
1 33 97 81 100 116 102 86 88 73 106
1 40 64 90 75 76 108 109
1 28 96 65 98 99 68 70 102 103 110 78 86 88 92 61 62
1 37 80 97 99 117 70 103 88 74
1 49 80 83 103 72 61 110 95
1 6 64 81 113 100 70 104 72 106 93
1 1 66 114 100 84 69 85 117 87 88 105 90 92
1 26 64 98 100 103 72 73 75 109 114 85 118 87 95
1 41 81 114 121 91 108 77 94 78 111
1 29 65 99 67 70 71 105 106 108 110 80 113 84 86 118 119
1 34 80 113 114 68 117 86 118 75 76 109 111
1 24 82 102 86 70 105 75 92 61 94
1 43 68 116 117 102 87 71 103 72 93 61 110
1 35 81 114 67 101 117 102 103 71 120 61 94
1 30 64 99 103 104 105 74 108 86 120 89 61 93 94
1 13 114 69 70 118 71 91 92 76 93 94 63
1 14 112 87 73 105 89 106 75 110 78
1 44 64 97 98 67 101 108 79 82 115 93 61 94 62
1 36 81 67 85 104 88 120 121 108 76 93 109 63
1 21 65 83 84 86 102 71 119 76 61 79 111
1 38 113 98 83 68 102 119 72 104 73 90 109 95
1 39 97 67 102 104 74 107 75 76 108 79 80 112 114 116 118 87 93 94
1 9 80 81 98 114 84 100 69 72 120 89 73 75
1 31 96 83 68 70 86 104 73 91 77 109 95
1 42 81 65 99 116 119 120 106 74 108 109
1 47 96 112 81 106 91 107 63 95
1 20 82 114 99 72 89 61 111
1 8 64 113 118 107 75 77 63
1 46 114 67 115 116 69 105 106 76
1 25 100 102 119 88 72 108 92 109 78
1 19 97 101 69 103 75 79 113 83 85 88 89 91 92 63
1 17 112 113 83 72 120 89 121 109 62
0 50 65 116 86 118 119 120 61 62 94 111 79
0 51 84 68 87 72 104 105 61 93 78 62 63
0 52 68 116 117 102 71 120 104 92 93 110 111
0 53 98 100 73 75 111 79 112 81 82 87 119 121 94
0 54 66 101 104 105 106 78 111 112 80 82 114 115 120 89 93 95
0 55 96 112 70 87 119 71 120 61 62 63
0 56 96 114 68 117 70 87
0 57 67 69 102 104 72 75 76 113 116 120 88 121 94
0 58 96 97 113 115 100 117 101 118 120 92 111
0 59 64 98 70 72 73 105 113 83 116 85 87 120 89 90 93
0 60 97 66 73 74 75 78 79 111 112 82 114 119 94 95
1 34
1 1
1 0
1 3
1 22
1 5
1 46
1 49
1 7
1 18
1 10
1 13
1 20
1 42
1 14
1 16
1 15
1 4
1 23
1 39
1 43
1 12
1 17
1 9
1 24
1 31
1 8
1 26
1 25
1 27
1 21
1 2
1 11
1 38
1 33
1 45
1 41
1 44
1 29
1 19
1 40
1 35
1 32
1 36
1 30
1 28
1 6
1 47
1 48
1 37
0 111
0 112
0 113
0 114
0 115
0 116
0 117
0 118
0 119
0 120
0 121
