2
61 31
1 33 69 91
1 20 83 88
1 14 64 85 76
1 25 88 78
1 9 85 75 62
1 46 91 61
1 3 67 61
1 13 80 87
1 22 83
1 43 81 86 79
1 38 80
1 32 72
1 29 82 70
1 31 83 75
1 41 67 84 75
1 16 86 77
1 45 82 78
1 12 85 76
1 18 66
1 6 67
1 4 64 65 87
1 21 81 83
1 47 85
1 15 80 87 78
1 10 67 69 78
1 30 65 75
1 26 73
1 27 83 71
1 28 64 91
1 24 73
1 1 65
1 7 85 74 62
1 11 68 76
1 0 61
1 8 66 71 87
1 35 85
1 36 83
1 37 83 76
1 17 78
1 39 74
1 2 63
1 40 66 84 90
1 42 69
1 19 80
1 44 83 70 78
1 23 76
1 5 65 70 62
1 34 69
1 48 84 69 72
1 49 66 78
0 50 84 71 79
0 51 66 86 88 89 77
0 52 73 75
0 53 73 76
0 54 80
0 55 74
0 56 83 68
0 57 82 85 76
0 58 62
0 59 66 84 86 88 74 90 63
0 60 65 88
1 0
1 4
1 2
1 3
1 1
1 5
1 6
1 7
1 11
1 9
1 10
1 23
1 19
1 13
1 14
1 15
1 16
1 17
1 18
1 12
1 22
1 21
1 20
1 24
1 8
0 86
0 87
0 88
0 89
0 90
0 91
