2
40 80
1 0 49 51 117 102 74 75 60 77 94
1 1 81 84 42 90 106 78
1 8 81 67 70 87 56 45 79
1 17 112 53 118 42 76 79
1 4 48 96 116 44
1 5 112 115 85 54 55 58 44 47 79 95
1 6 114 51 74
1 7 80 103 46
1 23 113 83 68 117 102 87 108
1 9 68 54 88 40 41 106 43 75 61
1 10 65 99 115 116 59 43 95
1 16 96 109 93 63
1 12 69 119 57 43
1 21 53 54 76
1 14 52 56 74
1 15 112 100 74 90 62 46
1 24 48 82 60
1 22 52 71 94
1 18 48 86 109 95
1 2 79
1 20 80 66 73 58 107 93
1 13 50 72 95
1 11 50 51 101 106 111
1 3 89 41 110
1 19 64 81 46
0 25 81 49 116 101 88 73
0 26 64 112 68 86 118 88 89 60 94
0 27 97 81 67 70 118 105 109
0 28 113 118 102 119 107 109
0 29 98 51 52 108 95
0 30 97 98 56 105
0 31 112 48 99 116 105 95
0 32 67 83 52 101 56 46 78
0 33 102 46 94
0 34 64 113 114 84 54 88 41 91
0 35 80 99
0 36 97 67 119 104 73
0 37 112 49 98 103 44 92
0 38 49 71 106
0 39 112 113 49 115 73 110 63
1 35
1 3
1 17
1 12
1 4
1 45
1 40
1 34
1 41
1 0
1 19
1 6
1 46
1 32
1 21
1 15
1 16
1 39
1 20
1 10
1 49
1 14
1 22
1 23
1 24
1 25
1 26
1 27
1 28
1 29
1 30
1 31
1 13
1 33
1 11
1 9
1 36
1 37
1 1
1 2
1 7
1 8
1 42
1 43
1 44
1 5
1 18
1 47
1 48
1 38
0 90
0 91
0 92
0 93
0 94
0 95
0 96
0 97
0 98
0 99
0 100
0 101
0 102
0 103
0 104
0 105
0 106
0 107
0 108
0 109
0 110
0 111
0 112
0 113
0 114
0 115
0 116
0 117
0 118
0 119
