2
31 31
1 20 32 34 51 52 36 39 44
1 18 33 53 54 44
1 7 32 33 40 60 46 31
1 24 48 35 53 38 44 61
1 11 32 43 44 60 45 46
1 5 54 55 58 43 61 31
1 4 33 35 37 55 31 47
1 17 50 51 37 38 54
1 21 33 52 53 59
1 9 49 33 34 35 54 58 45
1 12 48 50 35 36 31
1 19 32 53 41 42 46
1 6 33 40 41
1 10 36 54 57 45 46 47
1 14 32 50 51 57 59 45
1 1 61 47
1 16 48 33 55 58 46
1 15 35 55 56 57
1 8 33 36 37 54 40 42 59
1 0 33 34 37 54 42
1 13 34 56 57 42 59 45 61
1 3 33 53 54 57 43 46 31
1 22 49 38 55 58 59 44
1 23 48 52 39 42 58
1 2 33 37 59 61 31
0 25 32 49 34 55 40 41 57
0 26 39 57 59 45
0 27 41 42 61 46 31
0 28 49 56 57 43 59
0 29 53 54 57 58 60 61
0 30 35 37 38 40 59 61 47
1 0
1 14
1 4
1 8
1 13
1 9
1 2
1 24
1 23
1 6
1 7
1 19
1 3
1 18
1 12
1 10
1 1
1 21
1 11
1 15
1 17
1 20
1 22
1 5
1 16
0 56
0 57
0 58
0 59
0 60
0 61
