2
40 80
1 0 96 65 97 100 71 107 45 109 46 112 81 51 52 118 119 57 61
1 1 64 97 66 67 69 70 102 42 74 75 76 45 109 110 49 82 83 115 86 87 89 91 93 95
1 2 96 97 66 71 72 74 106 43 107 78 46 110 111 48 51 84 85 53 117 87 57 91
1 3 64 68 70 81 83 84 87 90 94 96 99 103 40 104 105 42 107 44 46 48 50 51 53 54 118 57 63
1 17 97 99 71 72 73 43 107 110 81 50 114 83 116 85 57 89
1 5 64 97 69 41 75 45 109 46 83 52 85 117 58 90
1 6 70 74 81 83 85 86 87 96 99 101 102 41 105 42 107 46 110 112 51 53 117 118 57 58 59 62
1 7 67 72 104 42 43 77 46 79 48 49 50 83 115 85 53 117 86 54 55 119 56 89 57 60
1 8 64 97 99 68 69 101 102 103 41 74 75 76 78 48 83 52 116 53 87 119 92 62 95
1 9 65 67 70 72 77 82 86 88 89 90 98 104 41 105 42 106 44 108 48 49 116 117 55 56 58 62 63
1 10 68 69 79 80 81 82 86 91 92 93 94 95 97 99 100 103 41 105 107 44 108 46 113 50 116 53 54 55 60 61 62 63
1 11 65 66 72 75 78 80 82 83 88 89 91 94 95 97 42 43 44 46 48 112 49 113 50 53 117 118 56 59
1 12 97 66 67 71 40 41 42 43 107 77 45 46 47 50 116 85 87 55 88 57 58 59 93
1 13 96 66 68 101 104 105 106 108 79 111 48 81 50 114 85 87 56 89 58 63
1 14 96 65 98 69 106 76 44 111 80 48 52 53 54 86 118 87 90 93 63
1 15 64 97 66 98 101 70 71 73 42 43 77 109 82 84 56 57 90 91
1 16 64 69 70 71 75 79 82 87 89 95 96 99 100 105 42 106 108 45 47 49 50 114 117 56 57 58 59 62
1 21 64 65 66 69 71 73 75 76 77 80 83 85 86 90 91 92 102 105 106 110 48 112 114 52 57 63
1 18 96 69 71 43 45 46 110 47 112 49 52 84 55 87 58 91 92 94
1 19 64 65 100 101 73 43 44 46 78 110 79 111 112 53 54 88 57 60 63 95
1 20 96 65 67 100 70 71 74 107 110 84 52 116 53 117 54 56 58 59
1 22 65 66 98 99 68 104 73 76 77 78 47 49 50 114 116 54 87 59 93 95
1 24 64 65 72 75 76 78 79 80 85 86 88 89 41 107 44 108 110 47 48 113 115 116 54 118 61 62
1 23 97 99 68 101 73 105 74 43 75 107 44 77 48 84 52 116 56 89 58 90 92 61 94
1 4 64 72 76 79 80 83 86 87 89 93 100 103 40 104 42 43 108 109 110 50 116 119 56 57 58 59
0 25 96 97 102 73 74 106 75 107 108 46 78 110 79 113 50 52 86 87 90 59 91 92 61
0 26 64 65 69 70 71 74 78 79 80 82 84 86 99 100 43 109 45 110 111 112 114 115 116 52 53 54 118 56 57 59
0 27 64 65 66 67 69 71 103 75 110 111 112 48 49 114 52 92 95
0 28 65 100 103 40 73 43 75 44 77 109 45 78 48 52 117 90 94 95 63
0 29 98 99 68 70 102 43 75 76 44 109 45 78 111 82 51 118 119 89 58 90 91 61 93 95
0 30 67 70 72 73 85 88 92 96 102 103 104 105 43 108 45 110 112 115 51 116 117 118 119 57 60 61
0 31 98 99 101 102 44 108 77 110 46 78 112 114 115 52 53 118 86 87 56 91 60 93 62
0 32 68 69 76 78 90 91 93 94 95 97 99 105 44 109 110 111 112 113 49 114 51 118 55 56 58
0 33 67 71 79 82 84 90 93 95 98 99 100 101 103 104 41 108 46 48 49 113 114 115 118 119 61 62
0 34 68 71 72 76 77 78 85 90 92 95 97 98 100 101 40 42 106 108 109 46 110 112 113 115 116 117 118 55 119 62
0 35 64 65 69 73 74 77 78 86 95 96 98 99 101 40 104 105 106 42 109 110 112 115 116 56 57 61 63
0 36 64 74 75 77 78 80 89 90 91 95 96 100 103 106 45 113 49 114 115 53 118 55 57 58 59
0 37 96 97 101 70 71 104 105 73 107 43 76 44 45 78 81 49 82 115 117 85 88 90 91 59
0 38 68 72 75 76 78 82 84 87 90 93 94 95 99 100 101 103 104 106 107 46 110 112 48 113 115 116 53 54 119 58 61
0 39 97 70 103 40 104 41 73 106 74 107 44 79 47 112 113 51 116 85 118 86 58 59 92 60
1 0
1 47
1 2
1 28
1 40
1 43
1 11
1 46
1 42
1 27
1 13
1 6
1 18
1 8
1 38
1 15
1 20
1 17
1 12
1 14
1 30
1 26
1 24
1 23
1 22
1 25
1 21
1 9
1 41
1 29
1 16
1 31
1 32
1 33
1 34
1 35
1 36
1 37
1 19
1 4
1 39
1 3
1 10
1 5
1 44
1 45
1 7
1 1
1 48
1 49
0 90
0 91
0 92
0 93
0 94
0 95
0 96
0 97
0 98
0 99
0 100
0 101
0 102
0 103
0 104
0 105
0 106
0 107
0 108
0 109
0 110
0 111
0 112
0 113
0 114
0 115
0 116
0 117
0 118
0 119
