2
40 80
1 0 49 82 83 51 99 100 118 89 92 77 109
1 1 48 112 82 116 69 88 74 92 45 46
1 21 64 112 96 100 53 85 40 104 75 44 77
1 19 64 49 66 52 86 88 56 78 47 111
1 4 98 71 104 108 109 46 79 50 82 83 115 56 59 92 62 63
1 5 64 48 84 53 117 118 87 56 41 59 45 111
1 6 66 51 53 87 44 60 92 77 78 63
1 7 64 96 97 102 72 40 104 44 81 115 54 58 90 91 92
1 8 66 103 107 108 45 81 82 51 54 55 88 93 62
1 9 67 116 102 103 40 61
1 24 67 100 69 102 71 41 108 109 79 82 51 52 86 88 89 92 94
1 11 97 68 100 101 105 106 43 108 77 109 111 114 56 91 61 62 94
1 12 96 99 103 104 43 77 45 109 110 79 111 113 50 85 86 87 89 58 60 61 93
1 13 48 97 50 82 70 106 46 94 79
1 14 96 81 97 83 68 52 69 118 102 59 62 78
1 15 69 72 107 76 110 47 80 48 51 83 53 54 55 56 59 60 95
1 10 80 98 83 68 55 73 62 78
1 17 64 67 70 76 45 82 115 53 85 117 55 89 58
1 3 85 101 54 55 103 57 58 106 108 62 63 79
1 16 64 65 73 77 78 79 83 85 88 96 97 100 102 103 105 42 43 108 110 114 115 53 55 119 57
1 20 100 70 73 42 106 75 44 108 110 79 48 112 49 85 119 58 61
1 18 96 66 83 102 55 40 42 90 60 92 63
1 22 100 102 104 42 44 76 108 77 48 81 51 84 85 118 119 90 59
1 2 49 113 99 70 41 74 75 76 93 46 95
1 23 98 67 101 102 73 105 109 112 113 50 114 51 84 52 87 56 57 58 62
0 25 97 98 66 68 104 105 74 107 109 78 111 85 91 94
0 26 100 101 42 107 108 109 48 115 116 52 85 91 59 63
0 27 64 80 114 98 99 86 102 55 91 109
0 28 96 98 71 104 107 76 110 46 111 47 112 87 55 88 89 90 91 94 95
0 29 64 97 99 69 104 40 107 113 50 117 86 118 92 93 94 63
0 30 112 51 84 68 54 119 105 44 94 111 47
0 31 67 99 68 100 42 79 80 113 119 88 91 93 63
0 32 80 49 98 115 51 83 117 118 102 103 90 75
0 33 97 68 100 103 72 77 113 49 53 117 118 88 91
0 34 96 100 72 74 42 77 110 80 49 113 50 83 117 93
0 35 64 98 99 71 44 78 47 112 48 49 82 87 92 93 94 62 63
0 36 112 49 114 98 100 118 119 55 104 74 107
0 37 96 64 69 71 108 45 79 80 82 114 54 90 95
0 38 64 99 100 69 101 40 78 111 112 113 115 88 94 95 63
0 39 98 66 99 100 102 103 104 105 106 78 46 110 47 111 117 118 89 90 92 93 94
1 43
1 42
1 34
1 11
1 6
1 5
1 3
1 41
1 22
1 9
1 10
1 23
1 47
1 13
1 7
1 15
1 16
1 36
1 39
1 19
1 18
1 21
1 8
1 4
1 31
1 25
1 26
1 27
1 12
1 29
1 30
1 24
1 32
1 33
1 2
1 35
1 17
1 37
1 38
1 20
1 40
1 14
1 1
1 0
1 44
1 45
1 46
1 28
1 48
1 49
0 90
0 91
0 92
0 93
0 94
0 95
0 96
0 97
0 98
0 99
0 100
0 101
0 102
0 103
0 104
0 105
0 106
0 107
0 108
0 109
0 110
0 111
0 112
0 113
0 114
0 115
0 116
0 117
0 118
0 119
