2
40 80
1 12 113 99 52 116 71 61 94
1 1 112 115 116 42 106 90 75 92 95
1 9 66 85 71 43 109
1 3 48 64 81 68 40 46
1 10 100 104 57 43
1 11 96 83 58 75 45
1 6 114 51 83 101 117 57 74
1 15 49 98 85 86 118 60
1 8 64 97 52 53 69 102 87 41
1 14 67 118 89 41 105 63
1 18 82 115 116 102 55
1 22 48 83 53 72 56 110
1 4 119 42 58 110
1 24 48 50 85 107
1 0 52 76
1 5 64 99 42 110
1 16 112 98 69 59 75 45 47
1 17 48 96 66
1 7 52 111
1 19 96 54 88 46 78
1 20 65 113 115 70 56 93
1 21 73 59 111
1 13 117 106 109 62
1 23 84 89 90 43 44 77 61
1 2 80 40 79
0 25 64 115 54 56
0 26 119 73 111
0 27 73 45 110
0 28 99 119 88 57 108 95
0 29 98 40 59 93
0 30 98 99 116 69 57 44 45 111
0 31 112 64 97 100 103 119 87 40 89 92
0 32 98 50 70 42 61
0 33 52 101
0 34 64 82 98 56 88
0 35 114 67 52 102 104 91 59
0 36 113 84 86 119 106 45 93 95
0 37 113 114 104 91
0 38 112 64 71 88 105
0 39 98 83 116 105 46 110
1 0
1 24
1 3
1 35
1 23
1 13
1 5
1 31
1 43
1 27
1 28
1 6
1 7
1 47
1 36
1 18
1 30
1 10
1 4
1 38
1 25
1 21
1 22
1 26
1 1
1 29
1 17
1 14
1 40
1 16
1 20
1 9
1 32
1 33
1 34
1 15
1 12
1 37
1 19
1 39
1 2
1 41
1 42
1 11
1 44
1 45
1 46
1 8
1 48
1 49
0 90
0 91
0 92
0 93
0 94
0 95
0 96
0 97
0 98
0 99
0 100
0 101
0 102
0 103
0 104
0 105
0 106
0 107
0 108
0 109
0 110
0 111
0 112
0 113
0 114
0 115
0 116
0 117
0 118
0 119
