2
40 40
1 13 65 71 40 72 42 74 45 46 79 49 50 52 58 63
1 1 64 67 68 69 70 41 42 74 43 44 76 45 77 48 51 54
1 2 48 51 67 73 74 43 75 47 79
1 3 69 70 71 41 43 44 76 77 46 79 48 51 54 55 58 60
1 23 49 66 70 55 71 40 72 57 58
1 5 64 76 45 46 79
1 6 50 51 67 54 41 44 62
1 20 64 69 54 70 55 56 40 73 59 75 60 61
1 8 67 69 71 41 75 77 46 48 51 52 56 62 63
1 17 65 50 67 53 54 40 42 58 74 76 62
1 11 51 54 57 42 60 62 46
1 9 64 72 73 42 43 75 77 48 49 51 52 54 57
1 12 65 50 56 73 42 74 75 44 79
1 14 49 65 50 53 54 56 41 57 45 62 63 79
1 0 48 50 52 68 55 57 44 77 78 47 63
1 16 65 68 69 70 71 40 42 45 79 49 50 52 54 55 56 58 61
1 18 49 66 51 53 69 70 56 40 74 59 62 78
1 10 48 67 52 55 71 40 41 75 61 78 63 47
1 4 67 52 68 53 71 40 72 41 57 43 44 60
1 21 71 72 42 75 44 45 77 79 49 55 56 57 58 63
1 15 64 65 52 55 40 42 60 76
1 24 66 69 40 74 44 45 79 48 49 51 55 59 62 63
1 22 64 49 68 56 41 74 59 44 62
1 7 64 66 51 69 57 73 43 59 47 63
1 19 67 69 71 41 42 74 76 49 53 54 57 62 63
0 25 49 70 55 72 73 58 42 76 60 61 78 79
0 26 48 64 49 65 66 67 68 73 75 76
0 27 65 68 69 70 71 72 40 45 78 47 52 55 62
0 28 65 68 69 73 41 76 45 78 79 50 51 55 56 57 61
0 29 65 71 72 73 74 42 43 77 45 78 46 52 56 58 62
0 30 65 66 67 71 73 76 78 79 53 54 55 58 59
0 31 53 69 70 55 71 72 73 58 76 60 45 78
0 32 69 40 43 75 44 76 77 47 48 49 52 53 55 59
0 33 66 67 51 68 70 71 56 73 41 43 76 61
0 34 64 48 66 70 71 73 74 59 76 46 79
0 35 53 73 57 75 77 78 62 79
0 36 65 66 68 57 41 74 60 76 61 47
0 37 64 66 51 67 68 69 71 72 73 60 45 78
0 38 66 67 68 69 70 73 74 77 78 47 55 56 61 62
0 39 65 67 69 72 73 41 43 75 76 45 62 63
1 24
1 1
1 12
1 3
1 4
1 5
1 8
1 2
1 0
1 19
1 13
1 6
1 9
1 17
1 10
1 20
1 16
1 14
1 18
1 21
1 7
1 23
1 22
1 11
1 15
0 65
0 66
0 67
0 68
0 69
0 70
0 71
0 72
0 73
0 74
0 75
0 76
0 77
0 78
0 79
