2
80 40
1 34 100 102 103 104 105 106 107 108 109 113 117 86 87 88 91
1 9 96 99 102 104 107 108 111 81 115 118 90 92 94
1 36 103 104 109 112 114 83 85 117 118 119 88 90 91 95
1 3 97 113 115 89 105 106 108
1 17 81 83 102 87 104 89 90 106 91 108 93 94
1 6 80 96 97 83 116 85 117 119 106 107 92
1 33 80 115 84 100 117 86 91 109 110
1 16 97 98 99 115 116 119 89 91 92 109 95
1 24 80 97 114 115 100 102 86 104 89 107 94 111
1 45 96 98 100 102 104 106 91 95 111
1 41 80 97 99 115 87 93 109
1 35 98 99 104 106 107 108 80 84 89 90 91 94 95
1 13 96 116 101 118 87 103 89 90 108
1 40 113 98 116 102 119 88 89 91 92 109 94 95
1 26 80 113 84 116 86 103 93 94 111
1 20 96 80 113 82 84 100 102 109 110 111
1 49 80 97 82 116 101 87 103 104 90 92 109
1 46 96 117 102 104 106 93 109 95 111
1 7 100 103 104 106 108 109 112 81 113 84 85 86 89 90
1 31 81 84 86 108 93 109 111
1 28 96 103 104 109 111 82 83 84 116 117 86 118 87 89 91 95
1 21 82 100 84 101 102 87 88 89 91 108 94 95
1 0 113 98 85 104 88 107 109
1 23 97 99 85 103 105 90 93 109 94
1 14 97 82 83 115 86 118 88 91 108 109 111
1 43 97 82 84 86 119 108 94 111
1 10 96 99 103 108 80 112 81 113 115 84 86 87 92
1 27 80 99 100 101 102 87 90 92
1 4 80 81 113 82 83 117 86 93
1 29 97 82 114 115 85 119 91 107 92 109 110
1 47 99 84 101 85 102 87 88 91 109
1 5 96 104 106 107 108 109 112 81 113 114 84 118 90 93
1 2 80 118 87 89 105 90 109 95
1 30 80 81 97 83 85 118 103 119 106 107 108 110
1 1 96 97 101 104 105 112 115 116 85 117 119 90 92
1 11 96 99 100 104 105 106 107 108 80 113 83 115 84 116 117 86 87 88 93 94
1 19 96 101 102 105 106 81 83 117 118 119 89 90 92 95
1 37 81 113 99 116 102 86 90 108 93 109 95 111
1 38 97 82 115 84 101 118 87 104 89 107 93 94
1 39 113 98 99 100 84 87 88 90 92 93
1 22 82 114 101 86 102 118 103 89 91 107 108
1 32 113 83 85 101 102 118 103 87 105
1 12 97 107 108 110 80 114 83 115 85 117 86 87 88 90 92 95
1 18 99 101 105 108 80 82 114 83 84 116 85 86 92 95
1 44 97 99 100 102 81 114 83 85 118 87 89 93 95
1 42 80 81 82 114 100 116 86 118 109 94 110 95
1 8 96 98 100 104 107 108 109 81 84 117 87 89 92 93
1 25 99 101 103 111 81 83 86 118 87 88 92 94 95
1 48 99 85 103 88 91 94 110 95 111
1 15 97 82 114 100 85 86 103 88 104 89 92
0 50 112 113 99 116 86 102 119 106 92 109 110 111
0 51 97 104 106 107 109 110 112 117 118 87 119 88 92
0 52 96 97 113 82 115 84 100 117 85 107
0 53 99 105 106 107 109 111 114 83 85 119 88 89 90 94
0 54 98 102 105 110 112 113 114 115 84 85 91 92 93
0 55 96 98 99 102 106 107 108 109 110 80 113 114 115 83 116 119 91
0 56 96 97 100 102 106 107 108 109 112 81 82 83 117 87 91 93 94
0 57 97 99 102 105 106 107 108 109 110 111 80 112 81 113 116 117 118 94
0 58 82 115 116 100 103 105 89 107
0 59 97 99 105 106 107 109 112 81 113 114 83 85 118 91 92 95
0 60 96 97 101 105 107 110 111 112 113 82 114 85 117 118 119 94 95
0 61 112 113 114 99 84 117 101 118 103 106 108 95
0 62 98 101 105 110 80 112 113 114 85 86 88 89 91
0 63 80 97 115 84 119 103 104 105 90 108 94 110
0 64 96 97 98 101 105 108 112 81 114 84 119 87 91
0 65 113 81 116 117 86 102 87 119 88 89 106
0 66 113 114 82 99 102 119 89 91 110
0 67 112 81 115 100 116 118 86 87 107 108 109 110
0 68 100 103 104 107 108 109 110 84 86 118 91 92 93
0 69 80 119 90 108 109 111
0 70 96 114 83 101 85 86 89 91 109 110 95
0 71 101 102 103 110 111 113 82 117 118 86 119 87 91 95
0 72 98 99 100 107 108 80 112 82 114 115 84 116 118 91
0 73 80 114 99 84 85 90 106 108 109 110
0 74 96 113 114 116 102 103 88 107 108 110
0 75 101 103 104 107 111 112 113 114 117 88 89 92 93
0 76 113 114 115 116 85 86 104 107 108 93 111
0 77 96 98 105 107 109 110 112 116 117 86 87 91 95
0 78 103 105 106 109 110 111 112 81 115 116 118 93 94
0 79 97 99 106 108 110 112 114 82 116 117 119 87 91
1 7
1 1
1 16
1 3
1 4
1 5
1 6
1 15
1 18
1 11
1 10
1 24
1 9
1 13
1 12
1 22
1 2
1 17
1 8
1 19
1 20
1 14
1 21
1 23
1 0
0 105
0 106
0 107
0 108
0 109
0 110
0 111
0 112
0 113
0 114
0 115
0 116
0 117
0 118
0 119
