2
40 40
1 12 49 65 41 57 73 58 59 44 76 61 46 62
1 1 64 50 66 40 42 59 76 46 78
1 6 67 71 40 42 75 76 46 47 49 50 51 58 59
1 15 64 67 68 70 71 72 46 78 47 79 48 49 53 55 58
1 14 48 51 56 43 60 78
1 5 48 71 73 42 76 61 77 79
1 23 64 49 53 70 72 59 43 44 76 61 77 63
1 2 65 66 69 71 40 72 73 42 44 48 49 54 55 62
1 9 49 50 54 55 57 42 59 75 44 76 47
1 10 65 66 69 70 40 41 43 45 46 47 50 51 54 62 63
1 17 65 69 70 42 44 45 50 51 55 56 57 60 61
1 11 66 67 68 41 42 75 44 46 47 79 51 57 58 59 62 63
1 4 64 49 65 70 42 75 46 78
1 0 50 51 68 54 55 40 56 57 74 61
1 3 68 55 71 40 59 60 46
1 22 65 66 52 68 70 55 41 57 46 63
1 16 49 65 50 66 51 52 53 54 41 73 59 63
1 18 65 67 52 69 54 72 61 77 62 63 79
1 24 64 67 69 72 41 76 47 79 49 50 51 52 53 57 59 60
1 19 64 68 41 73 74 43 75 77 79 48 49 50 52 60 61
1 7 48 65 66 51 69 54 55 57 73 74 59 75
1 21 48 49 66 52 56 57 73 58 43 60 47
1 8 50 51 40 58 44 61 78
1 13 64 66 67 71 40 41 74 75 44 76 48 54 58 60 61
1 20 67 52 43 75 60 76 47 79
0 25 64 66 67 52 68 70 71 73 42
0 26 49 68 69 70 71 72 58 59 77 45 78 46
0 27 65 66 67 73 42 58 75 79
0 28 65 66 67 68 70 72 74 77 46 79 49 58 63
0 29 65 50 68 69 71 40 73 62 79
0 30 65 66 67 68 70 71 73 74 42 75 63 79
0 31 65 69 70 72 42 76 44 62 79
0 32 64 65 66 67 69 70 71 73 74 78 46 49 52 55 59
0 33 66 68 72 74 42 75 76 46 79 56 57 60 61 62
0 34 65 67 69 55 72 41 73 74 76 78 47 79
0 35 64 67 68 70 42 74 43 75 76 79 49 54 55 59
0 36 67 68 70 73 74 43 44 77 45 78 52 53 58
0 37 67 68 71 41 43 76 47 50 52 57 59 61 62
0 38 68 69 71 73 41 42 75 43 76 46 79 50 52 55 63
0 39 71 72 74 44 77 78 47 48 51 52 53 55 56 58 59 60 63
1 0
1 16
1 4
1 22
1 9
1 14
1 2
1 12
1 5
1 11
1 7
1 3
1 24
1 19
1 1
1 10
1 17
1 15
1 8
1 6
1 23
1 20
1 18
1 13
1 21
0 65
0 66
0 67
0 68
0 69
0 70
0 71
0 72
0 73
0 74
0 75
0 76
0 77
0 78
0 79
