2
61 61
1 47 64 101 102 103 105 106 107 108 109 111 82 114 84 85 120 95
1 1 112 69 117 71 119 72 77 79
1 27 96 97 114 67 118 71 103 119 108 94
1 3 64 65 73 106 77 81 82 84 116 85 117 86 92
1 36 98 66 99 116 70 104 89 106 108
1 28 96 82 84 103 104 74 93 61 94 63
1 6 114 85 71 119 72 120 89 92 109 110 62 63
1 48 65 113 116 102 119 104 121 75 76 95
1 8 66 114 67 68 70 89 121 108 76
1 30 96 99 102 103 72 104 106 109 79 111 113 82 117 88 121 90
1 33 96 64 112 81 113 82 115 84 101 121 93 110
1 11 96 66 100 116 70 89 108 93 78 62 63
1 12 80 98 88 90 91
1 40 97 85 72 120 75 76 92 109 93 110 95
1 34 82 66 84 100 102 119 105 92 108
1 24 67 99 87 107 76 77 62 95
1 45 114 115 68 85 101 102 87 104 105 75 78 94
1 20 80 64 98 101 85 87 73 63
1 2 96 97 116 87 72 74
1 38 64 102 118 103 105 121 107 110 111
1 16 65 98 67 116 85 70 72 104 89 107 78
1 10 80 98 70 103 71 72 93 61 77 62 94 78
1 19 96 64 100 105
1 32 65 98 100 105 106 108 109 80 112 119 121 90 61
1 31 97 66 101 70 103 75 108 81 115 117 118 89 93 94
1 18 80 116 86 102 119 120 74 90 79 111
1 44 96 114 115 68 84 70 90 77 110 94
1 41 98 67 70 107 91 108 93 77 110
1 35 64 96 113 98 83 115 86 89 90 107 94
1 25 67 115 100 69 86 104 88 73 106 74 110 95
1 4 97 99 101 70 103 74 75 76 77 79 80 86 92
1 14 96 97 66 69 117 103 120 105 76 78 95
1 42 81 83 70 88 90 62 95
1 22 99 105 76 109 79 80 113 83 115 84 86 118 91 61
1 9 81 65 100 118 103 72 89 73 121 91 78
1 0 65 98 70 72 73 78 82 115 116 85 118 121 91 62
1 7 112 82 69 85 70 71 72 91 110
1 49 97 99 100 101 108 77 109 110 81 113 115 85 118 87 88 120 90 61 62 95
1 13 64 113 100 88 72 120 73 76
1 39 112 98 66 104 73 106 61 109 78 111
1 29 96 98 68 100 102 105 73 74 80 115 87 90 95
1 46 97 100 85 118 104 61 77 93 111
1 17 67 68 119 104 74 93 78
1 43 96 115 85 88 72 120 107 91 94
1 23 81 65 99 85 120 89 92 77 61
1 26 96 98 82 66 99 102 103 87 72 121 62 110
1 15 112 81 97 101 89 73 121 77 62
1 5 96 98 82 114 115 102 118 71 120 91 108 61
1 37 96 97 114 85 103 107 61 77 110 95
1 21 64 66 67 83 71 75 76 92 108 94 111
0 50 80 100 117 101 70 109 63
0 51 68 69 104 121 63
0 52 65 114 67 116 117 87 121 105
0 53 112 113 67 115 119 71 121 74 94 63
0 54 96 97 67 101 73 107 75 112 113 82 114 83 116 118 89 90 91
0 55 64 114 69 120 121 73 91 93
0 56 97 67 102 70 103 73 74 109 77 81 114 115 86 118 120
0 57 65 83 68 102 118 103 119 71 74 110 79 63
0 58 66 117 103 120 89 107 75 92 93 94
0 59 64 67 102 70 71 73 76 79 111 115 83 84 117 118 120 91 93
0 60 113 65 68 84 116 119 74 108 109 77
1 39
1 10
1 2
1 17
1 14
1 18
1 11
1 23
1 8
1 25
1 12
1 1
1 13
1 16
1 38
1 6
1 15
1 0
1 7
1 4
1 21
1 20
1 28
1 44
1 26
1 3
1 32
1 34
1 27
1 35
1 9
1 19
1 40
1 33
1 48
1 24
1 36
1 30
1 29
1 5
1 37
1 45
1 22
1 43
1 31
1 41
1 46
1 47
1 42
1 49
0 111
0 112
0 113
0 114
0 115
0 116
0 117
0 118
0 119
0 120
0 121
