2
80 40
1 7 112 81 84 86 90 91 93 110
1 27 84 117 88 93 110
1 42 80 102 87 103 119 88 105 92
1 18 96 80 86 87 89 91 93 110
1 31 84 116 105 106 107 95
1 33 98 84 118 90 106 92 95
1 17 80 96 113 117 89 93
1 12 100 86 102 88 91 93
1 41 97 83 101 110
1 46 84 103 89 109 94 110
1 47 81 99 115 85 89 105 92 108
1 24 98 118 103 89 91 92 109
1 29 80 97 82 116 106 94 110
1 19 98 93 111
1 1 81 84 117 92 110 111
1 36 96 98 101 119 89 93 110 95 111
1 21 97 115 105
1 34 80 112 97 100 101 102 88 89 107 92
1 28 81 84 116 101 102 88 107
1 25 98 84 102 119 89 105 94
1 20 81 116 101 86 118 108 95
1 13 96 87 119 105 107 92
1 0 80 114 115 85 90 93 110
1 23 80 82 115 100 116 87 103 104 95
1 2 80 83 102 104 88 108 110 111
1 49 98 82 102 103 87 89 91 92 108
1 26 96 112 113 99 115 101 103 105
1 6 114 83 84 91
1 32 96 113 82 88 92
1 39 82 83 85 117 108 93 110
1 30 80 114 85 102 110
1 4 84 109
1 8 80 81 83 104 91 92 108 95
1 48 97 84 86 103 88 105 91 111
1 16 93 110 95
1 35 96 85 93 109 95
1 43 113 84 116 103 104 88 94 110 111
1 37 80 96 100 104 108
1 38 80 116 102 107 110 95
1 9 80 114 83 89 93
1 40 96 81 86 118 104 89 105 93 95
1 14 113 114 101 119 90 106 92 109
1 3 81 82 98 116 118 88 106 111
1 15 114 103 91 92 108
1 44 96 82 99 83 116 103 89 94
1 45 97 98 103 90 106 108
1 5 100 117 88
1 22 116 118 87 88 89 106 93 109
1 11 80 99 84 86 103 119 90 106 111
1 10 96 84 87 90
0 50 96 112 80 81 115 118 88 106 93 94
0 51 114 99 115 84 117 101 86 105 109
0 52 82 115 117 118 88 105 107 109 94
0 53 80 81 113 100 116 117 118 88 89 90 107 109
0 54 80 81 116 106 95
0 55 102 88 105 106 110
0 56 80 96 113 82 114 115 116 119
0 57 82 115 116 117 102 86 105 95
0 58 97 82 115 116 102 87 110 94 111
0 59 81 98 114 85 108 109
0 60 104 106 93
0 61 112 113 85 101 117 118 119 88 90 108 94
0 62 113 83 116 105 92 110 111
0 63 81 99 117 103 119 106 91 111 95
0 64 107 110 114 82 115 85 117 86 118 87 89 94 95
0 65 112 80 97 113 98 114 115 100 102 118 103 107
0 66 98 119 108 110 111
0 67 81 117 102 106 107 93
0 68 80 81 114 103 119 104 108
0 69 100 85 118 104 89 91 107 109 94 111
0 70 80 81 115 104 105 107
0 71 114 99 85 86 105
0 72 112 113 84 100 118 119 109 95
0 73 116 118 119 91 107 93 94 110
0 74 113 115 84 117 91 107 93 110 95
0 75 113 81 116 85 102 89
0 76 114 84 117 90 108
0 77 96 113 84 103 88 110 111
0 78 112 99 118 106 109 94
0 79 114 116 101 119 88 93
1 0
1 1
1 8
1 3
1 4
1 5
1 6
1 10
1 2
1 19
1 7
1 11
1 12
1 13
1 24
1 15
1 18
1 21
1 16
1 14
1 9
1 20
1 22
1 23
1 17
0 105
0 106
0 107
0 108
0 109
0 110
0 111
0 112
0 113
0 114
0 115
0 116
0 117
0 118
0 119
