2
40 40
1 0 52 69 70 72 42 76 78 63
1 1 48 70 71 41 42 74 43
1 5 69 74 43 78 47
1 4 48 67 70 72 41 43 44
1 18 55 57 58
1 14 64 66 45
1 11 50 66 51 69 73 44 77 62 79
1 19 64 67 55 56 40 74 60 61 77 78
1 8 48 52 68 69 71 56 41 76 46 62 78 63
1 6 53 40 42
1 22 67 54 57 60 62
1 23 48 64 65 54 70 72 42 77
1 2 65 50 67 42 74
1 10 50 54 41 45
1 7 48 50 52 72 57 44 47 63
1 9 50 52 56 42 58 61 45
1 16 51 53 70 56 73 59
1 17 66 55 40 41 61 79
1 3 52 40 41 44
1 20 49 70 55 56 57 58 77 63
1 21 64 70 55 71 40 72 42 74
1 15 48 70 55 40 74 59 76 63
1 12 64 41 59 75 44 77 62
1 13 64 66 51 57 43 47 63
1 24 49 54 41 57 75 62 63
0 25 73 75 76 60
0 26 65 66 67 52 70 72 41 45 78 79
0 27 51 52
0 28 66 51 69 53 70 73 41 57 76 79
0 29 48 51 56 74
0 30 68 69 53 70 72 41 77 62
0 31 67 71 58 74 75 76
0 32 70 72 73 74
0 33 67 71 42 43 45 77 78 46 79 50 52 56 61
0 34 48 49 72 73 59 43 60 45 78
0 35 64 66 54 71 55 56 41 58 43 46 79
0 36 65 66 72 74 75 59 78
0 37 67 68 70 72 60 79
0 38 68 69 54 55 77 62 46
0 39 65 66 51 53 70 71 72 40 74 77 78
1 10
1 1
1 2
1 3
1 4
1 9
1 6
1 7
1 5
1 23
1 8
1 11
1 0
1 14
1 24
1 19
1 13
1 20
1 15
1 16
1 22
1 17
1 18
1 12
1 21
0 65
0 66
0 67
0 68
0 69
0 70
0 71
0 72
0 73
0 74
0 75
0 76
0 77
0 78
0 79
