2
80 80
1 0 128 98 84 88 154 107
1 36 97 85 102 86 151 120 154 123 108 124 125 111
1 7 96 99 101 133 103 136 105 106 111 143 114 85 150 120 88 90 156 126
1 31 128 97 130 136 108 110 111 82 85 120 152 154 91 92 158
1 24 97 130 117 149 102 119 88 89 107 110 126 158
1 5 80 82 116 117 118 154 138 155 124 95
1 26 128 134 103 135 108 143 116 86 91 125 93 157 94
1 20 96 97 99 101 141 114 115 149 86 118 88 152 153 95
1 38 129 98 131 100 150 88 136 89 90 91 109 127
1 9 128 98 130 132 102 103 104 80 81 114 146 149 90 92 93
1 10 136 112 81 82 85 88 89 153 90 123 155 124 127
1 32 97 101 135 136 105 138 110 112 116 84 118 89 121
1 34 102 137 139 110 112 145 114 115 147 148 149 119 156 127 95
1 14 129 145 146 133 121 94
1 13 81 97 98 99 100 132 88 90 107 94
1 1 96 135 105 137 139 145 82 115 83 85 89 156 93 157 126 95
1 25 97 145 115 84 101 133 87 104 105 90 124 111
1 11 129 99 131 102 135 104 81 146 117 85 120 89 90 124 158
1 47 130 139 109 110 112 114 84 117 150 121 155 158 127
1 42 128 132 117 150 87 104 123 92 111
1 29 129 98 102 103 105 108 110 111 113 114 147 116 86 121
1 43 82 114 150 138 154 139 125 142 127 95
1 21 129 81 99 101 103 135 88 152 90 122 106 125
1 46 97 99 105 137 140 111 143 144 148 149 120 122 94
1 40 129 114 84 85 101 86 104 91 156 125
1 17 137 107 108 143 80 115 147 118 87 120 93 157 94
1 30 128 101 133 103 109 110 145 85 117 86 90 91 92 125 94 158 159
1 8 112 97 98 115 135 88 90 91 139 110
1 6 96 128 83 85 86 135 88 152 105 107 109 141
1 2 81 102 151 139 92 124 156 159
1 39 130 121 109
1 15 96 99 131 102 136 152 106 90 138 92 158 159
1 18 145 98 148 150 87 89 92 140 156 111
1 22 128 98 102 103 104 142 80 81 83 117 122 123 156 127
1 27 129 130 132 134 106 139 110 112 113 146 84 85 149 120 153 123 125 126
1 23 128 147 132 148 101 134 104 152 107 123 110
1 19 96 98 131 136 106 139 141 111 80 149 150 120 156 93 94 127 159
1 12 97 148 86 123 107 156 126 158 95 143
1 4 97 98 100 132 135 104 112 145 82 90 92 126 94 127
1 33 128 130 100 102 107 109 111 143 144 114 83 116 118 119 120 152 121 154
1 37 96 102 105 109 142 113 82 146 116 148 150 122 123 155 124 156 93 127 159
1 3 102 135 104 142 113 83 116 148 85 118 86 87 152 156 126
1 16 97 134 104 108 140 81 149 119 88 153 154 93 157 159
1 41 144 145 99 118 89 154 91 110 143
1 44 130 100 104 136 108 110 143 112 113 83 117 118 88 122 155
1 35 84 134 87 119 135 120 136 138 123 111
1 28 128 129 101 105 137 140 113 114 82 116 87 89 153 122 91 155 93 157 95
1 45 100 134 135 137 111 113 145 117 85 152 89 122 155
1 48 96 81 114 130 147 116 86 89 121 91 141
1 49 97 99 117 134 119 121 89 91 107 124 110 111
0 50 130 98 100 134 142 144 145 146 147 115 150 151 120 89 154 126
0 51 129 98 132 101 103 137 139 111 143 144 147 148 118 119 120 121 154 125 157 94
0 52 98 100 132 101 134 106 80 113 81 148 149 151 120 153 92 159
0 53 96 98 99 132 104 140 82 146 115 148 84 149 85 150 151 87 156 157 125
0 54 97 99 132 136 104 139 109 142 112 113 148 149 157 158
0 55 130 131 132 149 135 88 152 153 139 123 158
0 56 134 135 107 141 113 117 118 150 86 151 88 90 154 157 95
0 57 131 132 108 141 111 113 85 150 88 152 153 90 91 155 157 127
0 58 144 131 116 117 151 120 104 154 139 95
0 59 131 137 106 138 142 146 115 149 151 152 89 121 153 154 155 157 126 127
0 60 97 129 130 131 133 136 106 140 142 143 144 80 145 83 116 148 150 119 151 122 126 159
0 61 96 132 133 101 135 107 140 112 80 147 148 86 150 151 152 121 153 92 157 94 158
0 62 144 97 130 84 132 150 137 123 139 124 143 159
0 63 134 138 106 143 82 83 147 148 84 121 154 124 93 157 158
0 64 113 146 133 102 87 120 104 139 156 110 111 95
0 65 128 131 102 136 104 108 111 114 83 115 116 152 91 158 127 95
0 66 129 97 132 100 133 135 106 139 142 110 143 144 85 87 151 154 155 91 93
0 67 112 113 145 129 82 120 153 154 107 109 141 143
0 68 130 147 135 103 137 154 155 140 157 158
0 69 129 99 132 134 103 104 136 105 108 116 150 153 92 157 126 159
0 70 132 133 135 80 113 82 149 150 88 152 153 122 156 94 158 95
0 71 131 132 135 104 107 141 143 145 146 82 147 148 116 152 95 159 127
0 72 99 100 133 134 136 104 141 110 142 114 149 86 152 153 122 156 93 95
0 73 97 98 99 134 140 141 143 144 83 147 84 87 120 153 123
0 74 99 139 107 141 80 145 82 116 88 153 122 156 124 159
0 75 98 131 100 135 140 84 117 86 118 123 91 92 127
0 76 97 131 133 140 141 80 82 146 115 83 147 116 149 86 119 155 124 157 126 159
0 77 130 134 138 109 144 81 146 147 83 148 118 152 88 153 154 122 124 125 157
0 78 129 132 105 139 140 143 146 147 115 116 117 118 150 152 154 90 92 124 125 126 158 127
0 79 96 146 150 102 151 104 155 156 141 93 127 111
1 0
1 5
1 2
1 1
1 31
1 3
1 13
1 18
1 8
1 48
1 10
1 49
1 16
1 9
1 15
1 19
1 12
1 27
1 7
1 14
1 40
1 21
1 24
1 22
1 17
1 25
1 11
1 6
1 29
1 39
1 38
1 42
1 32
1 35
1 43
1 20
1 30
1 47
1 28
1 36
1 33
1 41
1 45
1 34
1 44
1 46
1 4
1 37
1 23
1 26
0 130
0 131
0 132
0 133
0 134
0 135
0 136
0 137
0 138
0 139
0 140
0 141
0 142
0 143
0 144
0 145
0 146
0 147
0 148
0 149
0 150
0 151
0 152
0 153
0 154
0 155
0 156
0 157
0 158
0 159
