2
80 80
1 22 136 80 81 83 148 85 88 90 91 92 156 93 97 98 99 101 105 106 111 112 113 118 121 123 124
1 1 96 129 130 100 102 106 80 82 147 116 86 118 87 120 88 89 90 125 93 157 94 159
1 13 128 130 131 100 133 102 103 104 105 109 110 111 112 80 81 83 85 118 123 155 125 157 95
1 43 96 128 97 130 100 101 102 135 105 141 144 81 114 83 84 119 88 120 152 153 154 91 155
1 2 128 129 134 137 144 81 82 146 83 148 86 153 91 92 93 97 98 101 102 104 105 110 111 112 114 119 123 126
1 24 130 132 101 133 102 104 137 108 109 141 111 81 83 85 149 119 91 93 158
1 37 128 101 102 103 136 137 108 109 111 80 112 146 147 116 86 120 89 153 91 123 92 126 158
1 18 96 129 101 133 105 106 108 140 142 115 147 86 120 122 155 124 93 157 126 95
1 6 96 99 102 135 138 81 82 115 148 117 150 151 120 89 90 92 124 126 95
1 26 130 132 136 137 81 83 152 89 90 91 97 98 101 104 105 106 107 108 109 111 113 115 121 123 124 127
1 23 129 133 134 139 80 145 146 147 148 87 153 156 93 159 97 101 105 106 108 110 111 113 114 115 121 122 124
1 11 96 129 100 104 136 108 81 114 83 147 88 91 155
1 38 128 96 98 99 131 100 132 133 134 138 108 82 115 84 116 117 149 119 89 121 122 93 157 94
1 3 96 128 129 97 136 138 110 112 81 114 83 148 117 85 149 150 90 91 156 127 159
1 33 128 132 138 107 109 141 111 113 114 86 150 152 122 154 92 125
1 40 128 101 139 110 111 143 81 113 82 146 116 149 118 150 89 122 124 126 94 95
1 16 129 99 101 106 139 110 142 82 117 86 119 87 151 88 121 154 124 93
1 0 96 98 130 101 102 104 137 106 108 111 112 81 83 85 118 150 120 156
1 35 129 100 132 105 107 108 141 142 143 144 145 116 150 119 151 88 121 154 155 92 156 125 126 95
1 20 128 131 135 136 137 109 142 111 143 112 80 144 83 147 153 155 157 94 126 95 127
1 25 129 131 142 80 81 145 147 84 87 89 156 157 158 95 159 97 104 105 107 109 111 114 115 117 118 119 120 121 122
1 36 99 132 102 136 107 141 142 81 146 116 84 117 118 150 89 122 93 125 157
1 14 129 132 133 137 143 80 144 81 146 84 152 91 155 92 157 158 95 159 99 102 114 120 122 123 125
1 30 128 131 100 133 134 105 139 108 141 112 113 146 83 150 119 151 89 153 154 123 91 125 93
1 44 131 133 103 104 106 107 108 109 142 111 143 144 146 116 148 85 118 119 88 152 124 95 127
1 15 128 97 130 104 136 137 106 141 114 146 83 115 117 119 151 120 152 122 91 92 94
1 34 96 128 97 130 100 136 107 141 110 80 113 81 146 83 116 89 154 156 127 95 159
1 48 129 133 135 136 137 143 80 144 81 147 84 149 86 150 151 88 89 90 155 92 99 103 105 106 118 124 125 127
1 45 128 99 105 137 146 147 116 85 87 151 152 90 155 156 94 95
1 32 100 101 135 105 138 142 111 80 112 113 83 148 86 152 121 89 153 155 124 125 94
1 8 129 131 134 137 138 140 143 80 82 146 86 87 90 91 156 96 97 98 101 102 105 106 112 116 119 120 121 122 123 126 127
1 7 129 100 101 133 102 136 140 111 80 113 145 115 83 84 86 151 120 152 121 122 90 93
1 31 128 134 137 139 141 80 83 84 149 86 90 91 93 157 94 158 105 108 112 113 118 122 123 124 127
1 47 137 138 107 108 141 110 111 112 113 82 119 88 120 89 153 90 122 156 157 158 95 127 159
1 27 96 129 97 98 133 135 137 106 107 139 108 143 145 114 147 118 122 154 92 124 125 94
1 9 129 133 134 135 136 137 140 141 80 81 145 83 86 88 152 154 157 158 98 101 106 111 112 113 116 117 119 120 121 127
1 4 128 96 100 135 104 137 107 112 82 148 149 86 153 90 154 123 91 155 127 95
1 10 98 130 132 102 103 105 139 80 112 114 84 118 87 121 90 91 157 158 95
1 12 128 129 130 131 132 133 139 141 144 81 147 149 87 151 153 90 91 92 95 102 105 109 114 117 121 123
1 21 132 133 81 147 84 148 85 149 86 152 155 93 94 158 95 159 98 99 104 106 112 113 116 118 121 123 125 126 127
1 28 99 100 103 135 137 108 144 145 83 117 150 119 88 121 90 154 91 92 124 156 94 158 95
1 5 96 128 98 130 102 134 105 106 109 110 80 145 114 146 115 148 87 119 151 89 153 123 91 92
1 42 128 129 131 100 139 144 84 117 118 150 87 155 124 125 93 158 127 159
1 29 128 130 100 141 110 80 144 82 114 115 147 151 154 123 125 157 126 94
1 41 101 133 134 138 139 108 140 80 117 118 88 89 91 124 156 126
1 19 96 98 130 99 100 133 135 136 137 143 145 82 146 83 115 117 150 152 156 93 126 94
1 46 131 132 134 108 85 86 151 88 120 90 124 125 157 95
1 39 128 97 133 102 135 106 107 139 109 111 143 113 85 118 150 119 121 153 154 91 155 124 127
1 17 133 135 138 82 146 83 84 150 151 88 89 154 156 94 159 96 98 102 103 104 107 108 109 110 111 112 116 120 122 123 124 125
1 49 128 97 133 102 134 135 136 105 108 110 81 83 147 148 118 151 88 152 89 122 91
0 50 131 133 134 135 137 143 81 147 149 150 87 152 154 155 93 94 97 99 100 104 105 107 110 117 118 124 125 126 127
0 51 130 131 132 133 134 137 139 140 141 142 143 144 81 145 84 150 151 88 152 155 156 159 95 98 100 101 108 111 117 118 119 126
0 52 130 99 101 133 135 105 138 139 140 110 80 114 115 147 85 119 151 120 88 155 92 124 158
0 53 99 132 100 133 103 104 106 139 110 111 80 112 145 82 115 83 148 149 150 151 121 91 158 94
0 54 129 131 132 135 138 143 145 82 146 148 149 151 89 90 157 159 97 98 100 101 104 105 106 108 109 110 113 118 119
0 55 130 131 132 135 136 141 80 145 83 147 86 150 87 151 152 91 155 156 157 158 94 96 102 107 109 111 124 125
0 56 128 133 135 136 137 138 139 142 144 146 147 150 152 154 155 156 158 159 95 99 100 110 113 115 116 118 119 122 123 126 127
0 57 128 132 133 138 139 107 109 144 81 147 84 117 152 153 122 90 155 91 124 93 157 159
0 58 128 131 132 133 134 135 136 139 140 141 142 143 145 146 149 151 153 154 90 91 158 96 104 105 111 120 122 124
0 59 130 134 136 140 141 142 143 144 145 147 84 149 153 155 91 159 103 104 106 111 119 120 121 122 123 124
0 60 128 129 132 133 136 138 140 143 144 81 82 146 147 148 150 151 87 153 155 91 157 100 104 109 110 116 117 123 124
0 61 128 130 134 135 136 137 80 145 82 147 148 85 151 89 154 155 156 93 157 97 99 100 103 107 108 114 121 124
0 62 132 100 135 103 104 138 139 141 142 111 112 148 117 149 87 120 155 91 124 157 158 126 127 95
0 63 128 97 131 99 132 138 106 143 80 145 148 85 150 118 151 120 152 90 122 93
0 64 98 131 133 134 102 103 135 138 108 110 142 143 111 80 113 145 146 148 116 121 154 124 92 156
0 65 130 132 135 137 139 142 143 144 146 82 147 148 85 149 152 153 155 156 157 159 101 105 108 119 124
0 66 133 134 135 136 137 139 142 143 81 146 147 148 85 86 150 151 155 91 158 159 98 99 101 103 104 109 114 118
0 67 134 135 138 139 140 141 144 145 82 146 147 83 148 85 152 153 154 91 156 159 96 98 105 111 113 115 116 125 127
0 68 129 97 98 136 104 105 139 108 140 143 81 113 116 148 117 149 118 87 120 154
0 69 132 134 102 136 144 112 145 81 114 147 148 117 88 90 123 155 156 93 159
0 70 129 132 103 138 139 140 142 80 145 113 114 82 146 83 147 115 119 151 88 122 123 95 159
0 71 130 132 133 137 139 141 142 145 81 147 83 84 85 86 152 153 90 91 156 93 158 159 95 100 108 109 110 115 117 118 127
0 72 96 129 130 98 133 102 138 107 139 140 143 146 114 82 147 148 152 153 121 90 122 155 91 159
0 73 131 102 134 105 140 141 109 84 118 87 151 152 153 89 121 154 155 93 158 95
0 74 129 131 132 137 138 139 142 143 144 82 148 85 150 86 151 89 154 90 91 156 92 93 158 159 102 103 111 114 123 125
0 75 131 133 134 136 137 142 144 145 82 146 85 149 150 151 152 89 154 91 155 157 97 103 112 123 124
0 76 130 131 132 137 140 141 81 148 150 86 152 153 90 155 94 159 98 101 103 109 112 118 120 122 123 124
0 77 99 132 102 134 135 106 109 142 143 144 147 148 86 87 88 122 155 156 157 126 127
0 78 96 130 132 135 136 137 138 139 140 142 112 145 148 116 117 149 150 151 152 121 124 156 157
0 79 97 103 136 137 139 107 108 111 147 83 148 116 117 149 150 152 153 154 90 155 156 92 126 127
1 26
1 30
1 2
1 19
1 16
1 24
1 11
1 8
1 49
1 41
1 10
1 27
1 23
1 13
1 28
1 15
1 3
1 17
1 7
1 22
1 36
1 21
1 14
1 18
1 4
1 29
1 0
1 44
1 42
1 40
1 34
1 31
1 6
1 33
1 12
1 9
1 43
1 25
1 48
1 39
1 1
1 35
1 37
1 20
1 32
1 38
1 46
1 47
1 45
1 5
0 130
0 131
0 132
0 133
0 134
0 135
0 136
0 137
0 138
0 139
0 140
0 141
0 142
0 143
0 144
0 145
0 146
0 147
0 148
0 149
0 150
0 151
0 152
0 153
0 154
0 155
0 156
0 157
0 158
0 159
