2
40 80
1 0 48 51
1 1 49 65 113 115 43 62
1 2 80 64 115 41 89 109 110
1 3 103 57 44
1 23 79 47
1 12 112 65 52 40
1 24 98 85 86 102 106 60 46
1 7 50 59 45 63
1 14 66 98 87 75 111
1 9 96 81 99 73 58
1 10 115 84 85 42 43 91
1 20 83 76 77
1 5 48 69 104 57 74 42 45
1 13 97 116 54 87 63
1 8 99 54 104 41 105
1 15 101 102 56 72 107 60 79
1 16 83 55 40 57
1 22 50 69 102 89 61 78 95
1 11 100 70 89 106 93
1 19 67 116 71 90 108
1 18 68 89 108 93
1 21 114 98 87 105 109
1 17 49 55 89 62
1 4 82 85 41 44
1 6 49 114 53 70 88 46
0 25 97 99 86 118 119 41 43 44 61
0 26 106
0 27 115 119 89 62
0 28 52 54 57 75
0 29 112 113 98 115 104 106 61
0 30 51 116 53 101 71 93
0 31 96 97 98 102 118 57 77
0 32 116 55 91 47
0 33 96 98 117 118 102 41 105 58 92 95
0 34 98 83 119 90 91 63
0 35 49 71 104
0 36 49 113 82 56 89 108
0 37 49 115 103 119 89 105 59
0 38 98 85 74 111
0 39 81 52 85 73 43 108 94 47
1 25
1 8
1 40
1 3
1 4
1 5
1 48
1 39
1 1
1 9
1 44
1 0
1 12
1 13
1 14
1 29
1 15
1 10
1 18
1 7
1 49
1 22
1 16
1 19
1 24
1 11
1 26
1 27
1 28
1 21
1 30
1 31
1 32
1 33
1 34
1 35
1 36
1 37
1 38
1 23
1 2
1 41
1 42
1 43
1 17
1 45
1 46
1 47
1 6
1 20
0 90
0 91
0 92
0 93
0 94
0 95
0 96
0 97
0 98
0 99
0 100
0 101
0 102
0 103
0 104
0 105
0 106
0 107
0 108
0 109
0 110
0 111
0 112
0 113
0 114
0 115
0 116
0 117
0 118
0 119
