2
80 80
1 35 128 131 101 134 103 104 105 114 82 83 115 116 120 152 121 122 124 125 126 158 127 159
1 44 96 97 98 130 136 137 138 109 145 116 88 89 153 90 122 154 91 155 157 126 158 159
1 33 128 129 132 103 139 142 144 113 115 116 86 120 88 89 90 122 127
1 10 96 99 131 100 132 101 133 103 104 136 105 106 111 146 83 84 150 151 154 155 92 125 126
1 4 97 102 106 108 142 144 113 117 85 118 89 121 123 155 125 93 157 94 127
1 30 130 101 102 103 108 141 143 112 80 144 113 145 82 115 147 122 123 93 157
1 46 128 129 130 135 81 82 149 152 90 91 155 156 157 95 98 99 101 104 106 108 111 116 117 121 126 127
1 9 128 97 133 136 137 138 139 80 144 114 146 84 150 121 89 154 123 155 125 94 126 95
1 8 131 100 132 102 137 108 110 143 81 145 114 147 85 86 87 89 153 90 127 95
1 43 128 129 130 137 141 143 81 82 84 148 150 87 153 154 91 158 98 101 107 109 113 115 118 121 122 123 124 125
1 2 129 100 101 103 135 138 109 112 115 83 147 120 152 124 93 126 158
1 21 130 133 134 139 141 81 82 147 85 87 152 89 153 154 155 158 97 99 101 103 108 110 111 112 113 115 117 119 124 125 127
1 12 96 99 132 134 103 105 106 107 109 110 112 147 117 151 120 153 90 158 127 159
1 41 128 129 98 130 132 133 134 104 136 139 111 112 114 116 121 91 94 95
1 31 131 132 101 103 107 111 112 113 146 115 85 119 120 88 121 89 155 124 157 158 127
1 6 129 130 132 136 138 142 81 83 147 148 86 151 88 153 91 156 94 95 96 102 106 114 118 119 126
1 38 135 138 139 141 143 82 147 150 87 151 90 155 156 157 94 159 97 104 106 112 113 115 116 119 120 121 123 124
1 34 98 99 133 134 103 135 104 106 143 82 114 83 117 149 120 89 121 90 92 158
1 45 133 102 106 142 80 82 146 115 116 152 122 91 123 93 127
1 26 129 134 135 136 107 139 140 141 142 143 144 145 83 115 84 121 122 155 124 126 95 159
1 49 97 133 104 108 144 81 146 84 117 86 87 152 89 121 90 154 91 123 125 93 126 159
1 29 96 97 129 99 134 135 110 143 112 80 81 113 82 114 146 147 117 120 89 122 90 91 155 93
1 16 106 112 115 83 147 149 119 87 89 124 92 157 126
1 0 128 99 135 138 109 110 142 111 80 144 84 117 119 120 154 124 156 125 157 127
1 28 129 130 100 102 135 104 136 137 108 140 112 113 116 85 86 151 120 89 153 122 154 94 158 127
1 40 132 135 139 140 142 145 146 147 84 86 150 93 157 94 159 98 99 104 105 108 109 115 118 121 122 123 126
1 15 129 130 131 134 139 82 146 83 87 89 156 157 95 96 103 109 111 113 114 115 117 120 125 126 127
1 27 96 129 132 135 104 110 142 111 112 80 114 117 86 119 87 89 122 154 123 93 157 126 127
1 11 96 130 132 102 105 108 140 109 110 80 113 81 83 115 117 149 86 150 119 87 151 88 122 126
1 23 129 131 132 139 140 143 80 148 86 87 88 92 93 94 95 98 103 104 105 107 110 114 119 120 122 123 125
1 25 132 134 140 81 147 148 85 149 150 89 153 91 155 93 94 95 96 98 99 102 105 106 108 111 116 118 120 122
1 13 130 132 134 140 141 142 84 148 85 88 91 93 158 95 159 97 98 104 106 114 115 116 117 119 122 124 126
1 19 97 100 102 107 108 140 109 143 81 114 84 86 87 89 122 157
1 14 128 96 98 99 131 133 102 103 105 139 110 142 80 148 118 150 87 124 95
1 5 133 137 139 142 144 84 86 150 151 89 153 91 92 158 95 97 100 104 106 108 110 116 117 118 119 122
1 24 131 133 136 81 83 84 85 151 89 154 91 155 92 156 158 97 98 101 104 105 106 110 111 117 121
1 17 129 130 101 104 106 109 110 144 81 82 147 88 120 89 90 91 92 94 158
1 37 128 129 134 139 140 142 143 80 144 81 146 147 148 149 86 150 96 100 104 106 107 108 109 114 116 118 119 120 127
1 18 136 138 107 110 111 112 144 83 148 118 150 119 151 88 89 153 154 91 123 92 126 95
1 1 128 97 138 107 108 141 80 116 148 117 85 87 123 92 125 126 158
1 7 130 138 143 145 83 84 149 87 155 92 93 97 99 102 106 107 108 109 111 113 114 115 117 119 121 124 127
1 39 96 98 130 104 105 106 107 80 112 113 147 116 149 118 119 152 90 123 91 92 93 127
1 20 128 97 99 131 132 104 107 143 112 144 149 86 87 123 155 92 93 94
1 22 128 131 132 135 138 145 149 151 89 154 91 155 92 93 158 159 101 104 107 108 109 110 113 115 125 126
1 32 96 128 130 100 132 134 135 104 108 111 80 113 81 115 84 149 118 152 153 90 158
1 36 129 134 140 141 80 144 81 145 146 148 85 149 152 89 153 91 98 99 101 106 107 110 115 117 118 121 122 125 127
1 42 96 128 131 100 101 133 108 80 81 116 118 151 120 122 155 92
1 47 130 131 101 135 139 140 110 80 145 146 115 116 117 151 121 90 122 124 126 158 127
1 48 96 129 131 135 104 138 80 144 145 114 115 116 148 118 152 122 154 123 126 158 127
1 3 133 102 134 104 136 111 112 113 114 83 85 86 89 90 156 94 95 127
0 50 97 130 137 139 108 140 109 144 147 115 149 119 153 154 90 122 156 158 94 95 159 127
0 51 131 132 133 136 137 140 142 143 81 147 83 148 84 150 86 151 87 153 91 157 159 100 106 109 116 122 125
0 52 128 130 132 133 139 140 143 80 145 82 147 148 84 86 87 155 157 94 158 159 98 100 103 109 113 114 117 119 125
0 53 128 98 132 133 134 105 139 143 144 145 82 115 117 86 151 152 154 156 92 158 95
0 54 131 134 136 138 141 142 143 145 82 146 147 148 150 151 88 90 156 93 158 100 101 105 107 112 116 117 118 120 125
0 55 130 131 133 134 138 143 82 83 148 149 86 150 153 89 154 91 92 94 95 100 101 108 110 113 120 122 125 126
0 56 130 133 138 139 140 141 142 143 144 146 147 148 85 86 90 157 159 96 97 98 102 111 120 121 124 126
0 57 129 98 131 101 134 103 136 105 139 142 111 146 115 148 149 118 87 152 123 157 126 158
0 58 98 133 134 135 136 105 138 139 107 108 141 81 147 115 148 149 86 120 121 125 126 158
0 59 96 131 133 135 103 136 139 111 144 145 82 116 149 86 150 119 152 120 121 123 157 159
0 60 131 132 100 103 104 136 137 139 141 142 81 82 146 115 147 116 149 90 155 124 95
0 61 128 130 131 134 103 136 105 108 141 144 145 82 85 149 87 120 153 89 123 155 93 125
0 62 129 133 134 135 136 137 139 140 142 143 80 145 146 148 150 151 152 155 156 157 96 98 99 106 111 113 116 117 118 120 122 123
0 63 129 130 132 137 139 140 143 148 151 152 153 90 154 92 156 157 99 101 103 104 105 112 115 120 123
0 64 130 131 132 145 147 148 149 87 151 89 154 155 157 94 159 95 97 98 102 107 117 120 124 125 126
0 65 129 131 134 135 136 138 140 143 82 148 149 150 87 89 153 154 92 157 95 159 97 101 106 114 115 124
0 66 128 129 132 133 135 103 105 137 140 145 146 147 150 152 89 121 90 155 156 157 94 126 159 127
0 67 128 130 131 132 133 134 138 139 140 141 142 144 146 149 152 155 92 156 93 157 95 96 97 108 116 120 123 127
0 68 128 96 130 98 99 100 136 107 108 141 142 110 145 83 148 151 87 152 88 153 155 156 157 126
0 69 128 132 135 136 140 144 82 146 147 148 149 85 150 151 152 89 90 154 155 156 157 96 100 101 102 104 113 114 118 123 126
0 70 129 132 133 134 135 136 138 142 80 83 148 150 151 88 95 159 96 98 105 108 109 111 113 121 125
0 71 128 130 131 133 136 137 138 140 144 81 145 146 83 147 148 151 152 89 90 156 157 158 159 96 111 113 116 124 126
0 72 131 132 134 135 142 81 148 85 149 151 88 153 91 155 159 100 101 102 104 110 111 112 113 115 119 124 125 127
0 73 130 133 137 138 140 141 143 112 81 115 84 85 149 150 118 151 121 153 122 154 123 157 126
0 74 133 134 135 137 138 139 142 144 80 81 145 146 147 149 150 151 87 152 89 156 157 159 99 101 102 104 110 112 114 120 122 123 127
0 75 96 128 100 136 138 139 140 80 113 81 145 146 115 148 120 89 153 154 155 156 124 158
0 76 130 131 132 134 135 138 144 81 147 83 149 150 87 154 91 92 157 159 102 106 109 110 112 116 118 125 126
0 77 96 129 98 101 135 137 138 108 141 143 144 115 147 116 84 149 150 87 89 155 156 93
0 78 128 132 133 139 144 82 84 149 85 150 89 154 93 157 158 96 102 103 105 106 110 111 112 116 118 119 120 125
0 79 128 98 130 100 101 135 107 140 141 111 145 146 114 115 149 117 88 153 89 155 92 126 95
1 41
1 32
1 30
1 3
1 9
1 1
1 23
1 11
1 2
1 24
1 46
1 45
1 13
1 8
1 22
1 6
1 31
1 10
1 34
1 14
1 7
1 47
1 19
1 15
1 44
1 28
1 12
1 27
1 25
1 4
1 17
1 16
1 21
1 29
1 33
1 40
1 49
1 18
1 38
1 5
1 37
1 48
1 42
1 39
1 20
1 0
1 26
1 35
1 43
1 36
0 130
0 131
0 132
0 133
0 134
0 135
0 136
0 137
0 138
0 139
0 140
0 141
0 142
0 143
0 144
0 145
0 146
0 147
0 148
0 149
0 150
0 151
0 152
0 153
0 154
0 155
0 156
0 157
0 158
0 159
