2
40 40
1 16 66 51 52 55 42 59 62 63
1 21 64 66 54 72 57 74 77 62 47
1 0 64 48 65 50 66 55 40 74 60 44 45 79
1 13 64 49 66 67 54 55 72 41 73 43 78
1 4 69 70 71 73 74 43 46 78 79 48 49 50 53 56 59 62 63
1 3 48 50 68 70 56 41 60 76 45 46 63 79
1 10 64 40 74 44 46 47 79 48 49 52 53 54 56 58 60 61
1 8 64 65 66 67 72 41 42 43 45 77 47 49 56 58 60
1 22 64 66 51 52 54 70 72 41 43 76 61 62
1 17 65 74 43 75 76 47 49 51 55 57 58 59 61
1 12 65 70 72 46 78 47 48 50 52 53 55 57 59 60
1 14 48 51 53 70 56 43 59 75 47
1 5 65 67 53 70 72 58 75 44 77 62 78 63
1 23 50 66 51 67 53 56 72 41 75 78
1 6 65 67 68 53 69 71 43 44 46
1 7 48 64 50 55 71 57 45 46 47
1 11 65 51 67 52 68 70 58 43 61 77 62 63
1 1 49 52 53 54 55 71 45
1 24 52 69 56 40 57 76 61 79
1 19 68 53 57 73 42 77
1 2 64 40 43 75 44 46 48 49 50 53 59 60 62 63
1 15 64 65 68 71 40 72 75 44 47 51 53 54 55
1 18 48 51 68 69 70 72 41 42 60 44 47 79
1 9 66 67 52 53 56 42 43 59 45 46 62 78
1 20 65 66 51 68 56 42 59 76 61 47
0 25 48 65 50 67 51 69 70 40 75 61 77 79
0 26 64 66 67 52 69 70 56 42 59 43 45
0 27 64 68 69 70 71 72 74 75 79 48 49 52 53 56
0 28 66 51 56 40 73 76 44 77 79 47
0 29 49 50 66 53 70 72 42 58 59 45 61 62
0 30 65 67 68 69 43 76 77 46 78 47 79 49 54 57 61
0 31 66 40 72 73 58 76 62 79
0 32 64 70 71 72 73 74 42 75 46 78 47 49 51 53 56 62
0 33 65 67 68 69 70 57 59 47
0 34 64 66 70 72 73 75 44 79 49 50 52 53 56 58 59 62
0 35 65 66 68 72 56 42 74 76 77 46
0 36 66 68 71 40 72 42 74 75 44 77 79 47 48 49
0 37 65 66 67 69 70 71 40 41 42 76 77 46 50 53 55 56 58
0 38 66 67 68 70 40 73 74 43 75 78 79 55 57 60 63
0 39 50 70 73 42 43 76 77
1 9
1 23
1 18
1 11
1 10
1 1
1 4
1 24
1 6
1 2
1 0
1 20
1 16
1 7
1 14
1 17
1 13
1 21
1 15
1 19
1 8
1 22
1 5
1 3
1 12
0 65
0 66
0 67
0 68
0 69
0 70
0 71
0 72
0 73
0 74
0 75
0 76
0 77
0 78
0 79
