2
80 40
1 10 116 90 91
1 20 116 88 107 93
1 2 80 112 102 88
1 30 96 93
1 31 84 119 95
1 42 98 84 92
1 44 89
1 8 86 88 91
1 7 83 117
1 23 117 103 108
1 22 99 117 89 107 92
1 38 103 89
1 17 97
1 13 93
1 37 119 92
1 15 89
1 16 97
1 28 97 100 102 119 92 109
1 18 101 102 88
1 19 84 102 94
1 1 81
1 21 87 119
1 11 90 107 111
1 36 116 117 104 105
1 24 117 104
1 25 89
1 26 96 103
1 27 83
1 49 92
1 48 82 83
1 29 80 85
1 4 84
1 6 80 83 107 95
1 9 86 106 91
1 34 113 93 110
1 35 85
1 33 84 94
1 12 100
1 0 80 118 105
1 39 89
1 40 109 110 95
1 41 105 90 92
1 5 82 115 88
1 43 92 110
1 32 112 82 116 89
1 45 112 97
1 46 100
1 47 119 106 93
1 3 80 112 113 86 111
1 14 96 87 105
0 50 82 119 106
0 51 119 91
0 52 97
0 53 113 81 119
0 54 86 108
0 55 96 118
0 56 119 90 95
0 57 80 114 116 111
0 58 80 117
0 59 112 85 88 92 108
0 60 112 87 106
0 61 116 85 107
0 62 82 84 105
0 63 114 116 109 111
0 64 112 89
0 65 81 85 103 119 108
0 66 114
0 67 114 116 117
0 68 85 118
0 69 99 106
0 70 98 118 104
0 71 98 84 105
0 72 113 97 116 105
0 73 105 109
0 74 114 117 118 90
0 75 113 97 118 95
0 76 89 110
0 77 80 88 108
0 78 117 118
0 79 82 116 108
1 0
1 1
1 8
1 3
1 4
1 20
1 6
1 7
1 2
1 11
1 10
1 9
1 24
1 13
1 14
1 15
1 16
1 17
1 21
1 22
1 12
1 18
1 19
1 23
1 5
0 105
0 106
0 107
0 108
0 109
0 110
0 111
0 112
0 113
0 114
0 115
0 116
0 117
0 118
0 119
