2
31 61
1 12 52 43 62
1 1 33 81 66
1 9 34 86 57 76 62
1 3 83 37 39 55 87 72 59 31
1 10 48 34 83
1 11 49 66 36 74
1 6 48 65 42 74
1 15 51 40 76 77
1 8 32 55 43 44 60 78
1 14 80 32 54 58
1 18 85 73 46
1 22 39 74 90 44 63 47
1 4 33 49 83
1 24 83 39 41 76
1 0 67 83 43
1 5 33 55 89
1 16 50 66 82 36 38 60
1 17 83 39 57
1 7 43
1 19 37 69 45 79
1 20 87 56 61 47
1 21 64 50
1 13 53
1 23 80 34 35 68 52 75
1 2 70 71 31
0 25 80 34 84
0 26 65 52 88 79
0 27 49 70 90 91
0 28 80 49 52 56 73 90
0 29 81 84 38 89 91
0 30 85 75 44 62 47
1 0
1 24
1 3
1 35
1 23
1 13
1 5
1 31
1 43
1 27
1 28
1 6
1 7
1 47
1 36
1 18
1 30
1 10
1 4
1 38
1 25
1 21
1 22
1 26
1 1
1 29
1 17
1 14
1 40
1 16
1 20
1 9
1 32
1 33
1 34
1 15
1 12
1 37
1 19
1 39
1 2
1 41
1 42
1 11
1 44
1 45
1 46
1 8
1 48
1 49
0 81
0 82
0 83
0 84
0 85
0 86
0 87
0 88
0 89
0 90
0 91
