2
80 80
1 46 115 147 153 122 154 111
1 30 144 113 118 137
1 2 81 83 85 134 154 127
1 15 113 101 93 109 141
1 22 84 116 120 153 92 109
1 5 81 84 87 138 141 94
1 18 145 114 115 131 84 119 125 95
1 28 128 144 114 116 86 137 127
1 12 144 101 103 108 124 156
1 31 128 96 130 117 154 158
1 11 98 99 83 101 134 150
1 20 147 116 103 119 140 157
1 6 97 149 106 159
1 7 93 159
1 3 96 132 102 137 92 125
1 1 114 148 133 151 137
1 36 114 131 135 122 158
1 24 96 105 153 92
1 42 145 115 102 134 126
1 37 147 150 119 87 154
1 26 133 136 106 143
1 9 112 84 117 86
1 27 132 90 108 158
1 49 129 153 139
1 8 84 103 104
1 35 112 80 135 89 124 140
1 38 128 129 134 91 92 94
1 0 98 83 117 105 127
1 23 117 151 88 105 137 109
1 45 82 98 133 102 124
1 16 85 88 143
1 41 128 114 84 102 120 136 155 111
1 32 80 99 139 111
1 21 112 113 117 86 150 87 88 120 139
1 4 84 103 154 155 93 110 127
1 17 116 85 86
1 25 96 80 130 99 116 119 107 140
1 13 81 100 158
1 34 82 130 115 149 105 91
1 29 114 149 88 106 156
1 10 144 138 158 95
1 40 136 90 92 158
1 47 80 134 121 89 107 159
1 43 116 117 136
1 14 130 84 101 118 152 107
1 44 98 102 105 122
1 33 100 123 141
1 39 145 118 151 124
1 48 80 146 151 121
1 19 131 87 140 158
0 50 117 121 158 143
0 51 132 149 119 93
0 52 80 150 118 154 158
0 53 146 104 137 139 156
0 54 145 85 139 140 127
0 55 129 114 148 151 152 153 92 143
0 56 97 82 149 151 120 137 154 157 159
0 57 83 87 110 127
0 58 146 135 103 152 137 139
0 59 112 81 145 83 100 90 106 91
0 60 145 134 90 159
0 61 130 115 83 150 119 120 155 92 143
0 62 153 158 143
0 63 149 119 104 105 157
0 64 82 149 102 156 158
0 65 96 148 100 89 125 93
0 66 96 146 116 100 101 150 135 125
0 67 83 156
0 68 150 156 141 111
0 69 131 116 135 140 110
0 70 97 81 100 89 159 143
0 71 147 148 122 142
0 72 87 93 159 143
0 73 114 152 154
0 74 96 146 151 125 126 143
0 75 144 99 85 150 140 156 94
0 76 115 148 86 89 92 156 93 142
0 77 147 84 151 123 107 126
0 78 131 150 87 120 156 127
0 79 144 155 107 109 158
1 40
1 2
1 47
1 0
1 5
1 13
1 17
1 19
1 21
1 41
1 34
1 38
1 24
1 7
1 32
1 10
1 15
1 6
1 29
1 11
1 23
1 12
1 45
1 9
1 8
1 25
1 26
1 31
1 20
1 18
1 4
1 46
1 14
1 16
1 28
1 36
1 22
1 27
1 33
1 30
1 37
1 48
1 43
1 39
1 44
1 3
1 42
1 1
1 35
1 49
0 130
0 131
0 132
0 133
0 134
0 135
0 136
0 137
0 138
0 139
0 140
0 141
0 142
0 143
0 144
0 145
0 146
0 147
0 148
0 149
0 150
0 151
0 152
0 153
0 154
0 155
0 156
0 157
0 158
0 159
