2
80 40
1 0 97 116 85 117 86 104 91 92
1 43 96 112 113 82 86 107
1 20 83 85 118 104 89
1 3 99 100 103 104 107 111 81 82 84 85 88 90 91 92 95
1 22 97 81 114 99 115 118 87 89 106 92 94 110
1 39 83 116 85 101 117 102 119 104 89 91 109 95
1 42 98 83 85 118 87 119 104 90 91 92 94 95
1 27 80 97 98 114 101 85 102 111
1 6 80 84 116 119 91 92
1 12 82 98 115 100 102 88 89 90 107 110
1 44 97 81 83 115 100 118 87 93 110
1 10 81 115 117 86 102 88 105 93
1 46 82 114 99 84 100 85 101 104 89 107 95
1 19 98 100 102 118 87 103 104 90 108 109
1 4 96 97 98 99 108 112 115 84 85 117 119 88 90 91 92 95
1 13 96 82 114 84 100 116 117 118 104 89 94
1 17 99 115 100 116 87 105 106 109
1 24 96 103 104 109 80 81 82 114 115 116 87 88 89 91
1 18 96 112 81 114 100 85 102 86 105 92 93 94
1 26 97 81 99 83 116 101 103 88 105 93 111
1 25 96 97 98 99 104 106 80 81 113 114 83 87 90 91
1 21 80 96 113 99 116 103 119 104 90 106 91 92
1 2 100 101 102 110 111 80 82 115 84 116 85 117 119 88 91 94
1 23 99 100 101 102 103 104 105 107 114 83 116 117 86 89 91 93 94
1 16 102 103 105 106 108 109 110 81 113 82 83 115 86 118 91 93 94 95
1 14 97 82 83 99 115 100 101 89 107 109
1 15 96 101 104 107 108 109 113 114 117 86 119 88 94
1 35 81 98 114 115 100 117 102 103 107 92 108 94
1 28 112 99 83 102 118 87 104 91 107 92 108 109
1 29 96 114 83 100 101 119 105 93
1 30 96 81 98 87 119 104 109 95
1 8 81 98 115 100 85 86 119 88 89 107 93 110
1 32 96 97 98 99 102 104 109 112 113 83 86 118 89 90
1 33 96 113 84 85 101 103 119 90 106 93
1 34 96 115 100 87 103 104 105 91 111
1 11 98 100 101 106 107 108 80 83 116 85 118 87 89 90 91 92 95
1 7 98 83 116 85 86 87 88 90 106 95
1 37 80 83 115 116 101 86 119 88 104 105 108
1 38 98 114 101 85 86 104 89 106 108 95
1 1 80 81 113 118 88 105 90 95
1 40 98 83 99 93 94 110 95 111
1 41 96 81 98 84 116 87 105 108
1 31 115 100 117 86 104 88 89 106 93 110
1 9 80 82 83 101 119 90 91 107 92 108
1 36 102 104 106 108 110 80 83 84 118 87 88 91 95
1 45 100 101 102 104 108 80 114 116 118 87 90 91 93 94 95
1 5 96 98 101 106 109 110 80 112 117 86 119 88 92
1 47 96 112 113 83 117 103 104 88 89 90 107 111
1 48 96 97 81 82 98 99 104 89 94
1 49 97 100 101 118 103 87 104 91 93
0 50 102 104 111 80 112 113 82 115 116 85 118 88 89 90 91
0 51 96 98 100 101 106 107 108 113 115 84 86 118 94
0 52 96 97 106 107 108 109 110 111 112 81 114 82 83 116 117 85 119 88 91 92 93
0 53 115 100 116 117 104 88 89 105 90 106 111 95
0 54 80 97 113 114 83 116 118 108 111
0 55 115 83 100 85 118 105 107 108 109 93 95 111
0 56 97 99 101 104 105 108 80 83 117 86 118 92 95
0 57 96 97 99 103 105 107 108 109 111 112 81 113 82 115 85 86 88 89 91
0 58 96 99 116 117 87 105 90 107 111
0 59 103 104 105 110 112 80 115 116 86 87 90 91 93
0 60 98 106 107 108 109 80 113 114 83 115 118 119 87 88 90 94
0 61 97 113 116 119 89 106 92 109
0 62 99 102 104 107 110 112 81 114 82 83 84 85 117 87
0 63 112 80 114 115 105 106 91 107 110
0 64 84 101 102 87 104 107 91 92 110 111
0 65 96 99 100 102 103 107 109 111 80 81 113 114 83 115 116 117 119
0 66 98 102 106 111 113 114 83 115 85 118 119 90 92
0 67 96 112 97 114 101 118 119 104 90 110
0 68 114 115 84 119 105 90 107 109 94 111
0 69 102 104 110 111 112 81 115 84 117 86 87 89 90 95
0 70 98 99 101 104 106 109 110 113 115 117 87 119 90
0 71 98 100 101 103 105 106 109 111 80 81 115 116 84 87 119 93
0 72 97 113 82 100 117 87 119 110
0 73 99 100 101 109 110 111 112 81 114 83 116 117 86 119 89 92
0 74 97 114 116 100 117 86 119 87 105 107 110
0 75 96 113 114 115 86 119 88 89 105 90 108 109
0 76 96 99 100 101 105 106 107 111 112 115 84 116 117 85 91 93
0 77 113 114 99 100 119 88 89 109 93
0 78 96 99 105 107 108 109 110 111 82 115 116 118 90 93
0 79 96 97 102 105 107 80 115 116 84 88 89 91 95
1 0
1 1
1 2
1 15
1 4
1 5
1 6
1 20
1 8
1 9
1 10
1 11
1 7
1 13
1 14
1 3
1 16
1 17
1 18
1 19
1 12
1 21
1 22
1 23
1 24
0 105
0 106
0 107
0 108
0 109
0 110
0 111
0 112
0 113
0 114
0 115
0 116
0 117
0 118
0 119
