2
31 61
1 0 65 67 87
1 1 81 82 51 67 84 41
1 7 51 86 41
1 3 50 89 91 61 62
1 4 59 60 77
1 5 33 69 70 88
1 6 80 32 82 51 90
1 2 32 52 54 74 45 79
1 8 40 42
1 9 49 34 42
1 13 64 66 39
1 11 48 33 85 63
1 12 51 58 59
1 19 83 38 40 45 78 31
1 14 53 70 71 75 62
1 15 66 84 37 54 90
1 16 82 57
1 20 68 53 91 60 76 46 47
1 17 67 36 44 46
1 10 80
1 18 56 42
1 21 35 85 72 73 58
1 22 66 43 62
1 24 81 86 75 76 77 62
1 23 69 85 70 55 59 78
0 25 33 67 85
0 26 81 31
0 27 49 66 84 73 42
0 28 65 49 35 45 31
0 29 86 59 61
0 30 80 68 63
1 34
1 7
1 5
1 30
1 21
1 18
1 6
1 43
1 13
1 32
1 4
1 14
1 27
1 49
1 8
1 26
1 29
1 36
1 9
1 19
1 12
1 1
1 22
1 23
1 24
1 25
1 16
1 15
1 28
1 20
1 3
1 31
1 11
1 33
1 0
1 35
1 17
1 37
1 38
1 39
1 40
1 41
1 42
1 2
1 44
1 45
1 46
1 47
1 48
1 10
0 81
0 82
0 83
0 84
0 85
0 86
0 87
0 88
0 89
0 90
0 91
