2
31 61
1 0 80 68 40 88 73 74 42 90
1 1 65 81 36 37 86 39 73 60 79
1 21 66 35 68 55 87 91 44 76 31
1 19 69 38 55 40 57 43 77 79 47
1 4 50 82 37 53 54 70 41 73 74 62 47
1 5 32 36 39 75 44 78 47 50 85 55 88 90 91
1 6 81 35 51 68 69 54 86 87 57 42 44 78
1 7 49 35 55 72 88 91 45 63 31
1 8 36 53 87 72 88 57 73 42 45 46 79
1 9 81 52 58 31
1 24 80 32 70 73 58 42 90 43 60 77 62 79
1 11 34 52 68 53 90 59 91 47
1 12 80 49 34 51 52 68 36 70 41 76 77 78
1 13 81 82 37 70 39 41 73 61
1 14 50 83 53 69 72 74 59 43 60
1 15 67 38 71 39 42 74 44 45 46 47 50 51 84 87 60 63
1 10 64 81 82 53 69 71 74 59 46
1 17 67 36 73 44 76 46 80 49 81 55 58 90 61
1 3 48 49 82 53 54 70 86 76 45 46
1 16 64 33 34 68 69 70 74 44 76 46 79 48 81 83 84 55 56
1 20 64 33 66 35 70 39 40 76 49 52 88 89 61
1 18 33 81 51 54 87 57 89 74 46 31
1 22 33 50 35 67 68 85 39 72 42 75 91 76
1 2 32 65 66 67 83 37 85 87 40 61
1 23 48 64 49 81 53 41 42 58 75 43 78 47
0 25 64 32 68 84 38 54 40 89 90 42 60
0 26 32 81 65 83 86 57 43 77 47
0 27 80 49 36 53 54 87 71 43 59 62
0 28 66 36 39 40 47 79 48 83 85 55 88 58 61
0 29 67 36 69 45 48 80 50 83 84 85 53 86 88 89
0 30 83 69 37 87 56 77
1 43
1 42
1 34
1 11
1 6
1 5
1 3
1 41
1 22
1 9
1 10
1 23
1 47
1 13
1 7
1 15
1 16
1 36
1 39
1 19
1 18
1 21
1 8
1 4
1 31
1 25
1 26
1 27
1 12
1 29
1 30
1 24
1 32
1 33
1 2
1 35
1 17
1 37
1 38
1 20
1 40
1 14
1 1
1 0
1 44
1 45
1 46
1 28
1 48
1 49
0 81
0 82
0 83
0 84
0 85
0 86
0 87
0 88
0 89
0 90
0 91
