2
61 31
1 12 73
1 4 67 86 63
1 37 64
1 11 69 72 76
1 17 88 78
1 44 64 66 83 86
1 9 68 72
1 26 82 61
1 6 65 73 61
1 5 63
1 41 81 78
1 40 69 74
1 20 80 63
1 32 81 71
1 14 87 73
1 15 63
1 19 80
1 1 84 62 63
1 18 73
1 23 84
1 0 61
1 33 80
1 22 83 69 72
1 21 64 85 88 75
1 24 75
1 25 64 80
1 7 67 69
1 27 84 89 79
1 28 80
1 29 77
1 30 68 85 88 91 79
1 31 69
1 13 80 67 86
1 46 71 91
1 34 81 68
1 35 73
1 36 68
1 2 64 61
1 38 70
1 39 69
1 3 64 88
1 16 77
1 42 81 88
1 43 63
1 8 65 72 89
1 45 82
1 10 82 67
1 47 84 85 90 77
1 48 75
1 49 84 87 74
0 50 88 73 61
0 51 86 71
0 52 64 68 61 62
0 53 65 83 73
0 54 70 73 90 75
0 55 65
0 56 61
0 57 77
0 58 65 82 87
0 59 64 90 79
0 60 91
1 1
1 0
1 2
1 3
1 4
1 5
1 6
1 7
1 8
1 15
1 10
1 9
1 12
1 24
1 14
1 11
1 16
1 17
1 18
1 19
1 20
1 13
1 22
1 23
1 21
0 86
0 87
0 88
0 89
0 90
0 91
