2
80 80
1 28 128 96 98 130 131 132 103 135 105 137 107 108 140 141 144 84 148 88 120 152 91 92 159
1 45 128 97 102 134 135 108 111 144 145 114 147 116 84 85 86 118 87 120 123 91 124 125 95 159
1 27 128 130 132 140 141 145 147 85 88 90 156 96 98 99 101 103 105 106 107 111 114 117 119 120 124 126
1 48 128 97 105 108 110 111 144 82 84 148 85 150 120 89 122 91 92 124 93
1 6 128 97 130 99 132 102 103 135 137 107 108 110 148 117 85 119 151 88 89 154 123 157 126 127
1 12 130 133 135 139 141 80 82 116 117 149 118 154 124 156 94 95 159
1 26 128 129 103 139 108 140 141 143 114 116 85 149 86 120 152 90 91 155 125 93 157 94 126 159
1 7 96 97 99 131 101 114 115 147 84 149 86 118 151 88 89 90 155 92 158 95 127
1 8 129 137 142 146 147 148 85 88 152 89 153 90 91 157 95 159 97 98 100 101 109 111 118 124 125 127
1 9 128 129 98 102 103 104 107 110 80 81 114 83 115 117 150 119 88 153 90 154 92 156 93 157
1 20 134 139 141 142 81 82 147 84 85 87 88 89 90 155 156 94 159 97 99 101 105 108 110 112 114 119 123 124 127
1 11 97 129 130 101 105 137 106 138 140 110 112 147 116 84 148 118 86 150 89 121 155 159
1 17 100 102 134 139 110 112 114 82 146 115 116 84 149 150 119 87 88 152 94 158 127 95 159
1 31 129 130 132 135 105 144 113 82 116 148 152 121 154 155 156 94 127 95
1 14 97 98 99 131 100 132 133 107 139 141 110 80 81 113 145 147 148 88 152 90 155 125 93 94
1 15 96 132 101 103 136 105 145 82 146 115 83 85 117 89 153 156 93 157 126 95
1 38 130 131 135 137 143 144 84 149 150 87 151 152 153 90 156 157 96 97 99 101 104 105 111 113 115 124 125
1 3 129 99 132 133 102 104 140 110 142 111 80 144 81 148 117 85 120 89 153 90 155 124 92
1 35 129 130 101 103 139 109 110 112 114 147 84 117 149 86 152 121 153 122 123 92 125 158 127
1 43 128 96 132 104 138 139 140 111 143 113 146 147 84 117 149 118 87 151 121 154 123 155 92 95
1 42 129 98 102 103 105 108 141 110 111 143 113 114 116 86 121 156 125 159
1 24 128 137 139 82 114 147 148 86 150 119 153 91 125 93 127 95
1 1 129 97 98 99 101 133 134 103 106 112 144 81 114 151 88 152 121 90 122 154 125 157 159
1 49 97 130 99 103 136 105 137 107 109 111 86 120 121 122 93 94
1 33 129 132 133 134 137 138 142 84 148 85 86 150 152 153 154 91 156 96 100 101 104 108 110 114 122 125 126
1 21 96 102 107 139 108 80 145 115 117 118 150 87 120 153 91 93 94
1 30 128 130 141 144 81 145 147 85 86 90 154 91 92 94 158 99 100 101 103 104 109 110 111 112 113 117 122 125
1 2 97 98 131 103 136 140 141 110 112 115 117 88 120 152 90 154 91 157 127 95
1 32 128 131 133 141 142 146 83 147 85 86 88 155 157 159 96 98 105 106 107 109 112 116 118 119 125
1 19 97 100 101 102 137 142 111 144 81 82 146 115 147 148 117 151 153 91 155 92 124 157 94 95
1 46 128 130 133 102 134 106 109 111 82 146 115 148 86 151 121 93 127
1 18 96 99 131 133 102 106 139 142 113 149 150 151 90 155 92 156 157 159
1 4 96 98 99 131 134 137 109 110 111 82 117 149 150 87 89 155 92 156
1 34 128 133 136 137 141 142 143 80 81 83 151 157 158 97 98 102 103 104 105 107 109 112 114 117 119 122 123 125 127
1 10 129 131 133 137 138 139 144 81 84 148 85 150 88 153 91 155 103 105 106 110 112 113 114 115 118 120 123 125 126
1 36 128 101 104 136 107 139 140 141 110 80 144 81 147 116 150 87 151 122 123 93
1 29 96 98 135 136 106 138 142 111 80 113 145 82 114 116 84 86 151 120 152 93 125 94 158 127
1 23 96 97 103 136 106 107 108 110 142 143 144 149 86 119 120 89 153 154 123 92 126 95
1 0 135 136 139 140 142 144 82 147 150 89 90 92 93 94 95 97 98 99 100 104 106 108 112 114 117 121 123 126 127
1 39 128 100 102 107 109 111 114 83 116 84 149 118 119 87 120 121 153 156
1 40 130 135 143 82 146 149 88 152 92 93 157 159 96 100 102 105 109 110 111 113 116 118 122 123 124 125 126 127
1 25 97 99 102 104 110 113 83 116 148 85 117 118 86 87 120 152 89 153 122 124 126 94
1 13 97 99 133 102 104 136 106 108 140 110 144 81 82 147 119 88 90 154 93
1 16 96 97 99 102 104 139 110 80 147 118 87 119 151 89 91 155 92 156 158 95
1 44 100 132 134 104 105 108 109 110 143 112 113 83 148 117 85 118 119 88 152 122 94 159
1 41 100 133 103 104 136 105 108 111 147 84 87 119 120 121 153 123 156 94
1 5 128 129 136 138 141 81 82 148 149 87 88 89 153 91 93 157 95 101 105 113 114 116 118 122 123 125 126
1 47 100 132 133 134 103 105 106 138 107 139 108 140 111 112 113 117 85 152 89 122 125 159
1 37 96 128 131 135 104 108 142 81 114 116 86 119 151 88 120 89 121 91 159
1 22 131 135 142 143 81 145 82 146 83 147 148 150 151 88 89 154 91 155 97 98 99 102 107 110 111 116 117 119 121 122 124
0 50 130 132 137 139 141 142 143 145 146 82 83 147 84 85 86 88 89 91 156 157 158 101 103 110 115 116 121 127
0 51 128 96 129 100 102 134 135 139 142 114 151 90 156 126 159
0 52 130 133 134 136 137 138 140 141 143 144 80 81 145 147 148 149 88 152 89 91 156 95 98 99 101 106 109 111 112 113 120 125
0 53 131 132 133 135 136 138 140 141 143 144 145 146 85 86 150 151 88 153 91 92 158 97 100 107 109 122 125 126
0 54 128 131 135 137 138 140 141 144 81 147 84 149 150 151 87 152 88 153 89 156 94 159 95 123 125
0 55 128 130 132 133 134 136 138 139 140 143 144 81 146 150 86 87 88 153 91 156 92 157 93 111 114 119 123 124
0 56 129 135 136 137 138 139 140 141 143 144 145 85 86 150 152 153 154 90 91 156 92 158 94 95 96 103 126
0 57 130 132 133 135 136 137 138 139 142 80 144 81 145 147 84 150 86 151 152 153 154 157 101 103 104 109 116 119 120 121 122 126
0 58 129 131 135 136 137 139 140 145 83 147 84 85 86 88 153 90 154 91 155 157 158 94 105 113 115 116 118
0 59 129 98 130 131 102 103 135 136 138 139 140 109 142 145 147 148 86 152 155 156 92
0 60 129 132 135 136 137 141 142 143 145 146 84 148 150 87 152 93 159 97 101 103 104 106 115 120 121
0 61 131 132 133 134 135 136 137 139 140 141 144 81 147 148 150 88 90 154 91 158 102 106 108 109 113 124
0 62 133 134 102 104 137 107 110 142 112 81 146 83 85 152 154 123 124 156 125 126 127
0 63 99 131 100 133 101 134 136 107 139 141 142 81 146 84 116 86 87 119 151 152 154 92 93 126
0 64 131 136 137 138 139 140 141 143 145 146 82 87 90 91 155 156 159 97 98 100 103 105 106 107 108 110 111 114 118 121
0 65 96 130 132 102 105 138 139 110 143 146 85 118 152 153 122 155 123 156 158 159
0 66 129 134 135 136 137 138 139 140 146 148 149 85 87 152 153 94 95 102 103 106 108 111 112 116 117 119 120
0 67 128 96 98 136 137 139 109 110 80 145 81 82 85 151 87 88 153 89 154 155 125 93 126 95
0 68 128 129 130 135 136 137 138 140 141 145 149 153 90 102 103 105 106 108 109 112 114 117 122 125 127
0 69 128 129 130 131 132 137 138 140 110 111 144 145 146 82 149 151 152 122 93 158 95
0 70 96 129 97 133 134 137 141 109 142 146 114 147 149 86 151 119 87 152 154 94
0 71 128 130 131 135 138 139 140 142 144 147 148 87 88 152 153 90 155 156 159 96 100 101 105 110 111 112 114 124
0 72 134 135 104 140 141 111 143 112 144 81 146 116 84 87 88 89 154 91 155 123 156 93 159
0 73 129 134 135 140 82 83 84 149 150 87 151 152 153 90 154 91 155 156 92 159 97 99 100 107 110 113 114 121 125
0 74 100 103 104 137 110 142 144 114 147 117 150 151 90 155 123 125 127
0 75 99 103 136 137 141 142 143 144 145 146 83 149 150 153 154 155 157 125 158 159
0 76 128 130 131 132 133 134 140 141 144 81 146 86 150 151 152 155 92 93 157 158 159 101 102 104 108 122 126
0 77 128 130 134 135 136 137 138 141 142 143 80 83 149 88 154 93 98 99 104 105 111 112 114 119 120 122 123 125
0 78 97 130 99 134 104 136 137 106 138 107 140 109 110 143 111 80 112 145 147 84 85 122 156 159
0 79 97 98 131 135 104 140 108 141 142 110 113 146 147 84 149 117 150 118 153 154 122 124 157 158
1 23
1 9
1 14
1 32
1 38
1 26
1 42
1 25
1 10
1 15
1 8
1 5
1 17
1 19
1 22
1 3
1 16
1 13
1 1
1 12
1 28
1 21
1 6
1 35
1 36
1 49
1 18
1 40
1 31
1 46
1 24
1 43
1 7
1 33
1 34
1 11
1 30
1 44
1 4
1 29
1 39
1 41
1 47
1 27
1 37
1 45
1 0
1 20
1 48
1 2
0 130
0 131
0 132
0 133
0 134
0 135
0 136
0 137
0 138
0 139
0 140
0 141
0 142
0 143
0 144
0 145
0 146
0 147
0 148
0 149
0 150
0 151
0 152
0 153
0 154
0 155
0 156
0 157
0 158
0 159
