2
80 40
1 10 97 114 85 86 119 106 92 109
1 1 96 82 86 111
1 5 83 116 85 104 107
1 26 115 100 116 88 106 91 92 95 111
1 43 97 81 111
1 36 83 85 101 102 104 105 91 110 95
1 12 98 83 116 85 87 104 90 91 94 111
1 33 80 97 101 85 102 108
1 4 80 115 84 119 91 92 110 111
1 22 82 118 88 106 111
1 24 97 83 100 87
1 41 113 86 118 88 93
1 32 82 99 84 104 89 95
1 13 100 87 103 104 90 107
1 14 96 98 116 85 118 88 105 92
1 15 82 114 84 104 89 108 94 110
1 3 112 99 87 110
1 9 80 81 82 114 103 87 88 91
1 18 96 85 118 119 105 92 108 93 111
1 19 112 97 113 99 103 93 110
1 20 80 96 98 99 118 87 104 90 91
1 21 80 99 104
1 29 80 112 85 102 88 91 109
1 23 83 100 102 103 104 89 105 93 94
1 17 81 82 115 118 94
1 25 97 83 99 100 119 89 106 110
1 31 96 113 101 86 118 88
1 27 81 98 100 116 103 106
1 28 99 83 92 109
1 0 96 114 83 93
1 16 98 87 104
1 30 81 98 100 86 88 106 93
1 48 96 112 97 113 98 99 83 86 89 90
1 35 85 90
1 34 96 115 100 87 103 104
1 8 80 83 115 85 118 87 89 91 92 110 95
1 2 112 83 87 109
1 6 80 83 115 88
1 38 112 98 101 86 118 89 106
1 39 81 88 90 110
1 40 98 83
1 7 96 112 81 98 114 84 87
1 42 100 117 93
1 37 80 82 115 105 90 111
1 11 80 84 102 88 91 108 95 111
1 45 101 102 104 91
1 46 80 116 101 86
1 47 96 114 83 118 103 104 89 108
1 44 97 81 113 82 99 119 89 105 106 94
1 49 115 116 101 103 87 106 91 93
0 50 96 81 82 85 103 106 92
0 51 112 80 83 99 84 88 111
0 52 112 96 113 87 88 91 108 93 110
0 53 96 80 82 116 91 110
0 54 80 85 118 102 105 89 107 110
0 55 113 100 118 86 87 103 105 108 109 111
0 56 80 98 115 119 104 108 109 110 111
0 57 96 116 100 105 89 91 107 108 95
0 58 81 113 114 116 85 89 110 111
0 59 83 100 106 91 109
0 60 114 98 82 84 85 102 103 119 108 110 111
0 61 96 112 99 100 85 86 88 108 109 94 95
0 62 112 113 84 117 118 89 105 107 111
0 63 96 80 97 113 82 117 87 106 107 109 94 111
0 64 82 114 117 103 89 106 92
0 65 97 116 117 118 91
0 66 96 113 114 82 101 85 103 91 93
0 67 96 83 115 116 117 103 106 107 110
0 68 83 84 117 119 87 104 92 93 95
0 69 83 117 102 89 109
0 70 112 114 83 116 85 118 107 109 110 95
0 71 96 113 116 86 106 108 94
0 72 113 114 98 100 117 119 88 90 106 108 109 111
0 73 80 102 87 88 94
0 74 96 80 82 85 117 103 104 107 108 111
0 75 80 112 114 115 99 117 102 118 119 89
0 76 80 113 98 99 84 89 90 107 94
0 77 113 99 115 119 107 108 93
0 78 82 88 107
0 79 113 116 86 105 89 91
1 6
1 7
1 2
1 3
1 0
1 5
1 11
1 1
1 8
1 21
1 9
1 12
1 4
1 13
1 14
1 15
1 16
1 17
1 18
1 19
1 20
1 24
1 22
1 23
1 10
0 105
0 106
0 107
0 108
0 109
0 110
0 111
0 112
0 113
0 114
0 115
0 116
0 117
0 118
0 119
