2
40 40
1 0 51 52 42 62 63
1 18 64 66 54 57 62 79
1 2 64 48 69 55 40 72 60 45
1 7 64 49 78
1 9 50 74 59 46 62 79
1 4 48 41 45 63
1 24 54 72 58 44 61 46
1 22 68 69 71 56 41 58 74 60 45 47
1 20 64 51 54 41 62
1 23 49 51 68 69 55 43 75 61
1 10 48 50 68 53 70 71 73 60 46 47
1 11 48 51 69 56 43
1 21 66 53 70 71 58 62
1 3 50 53 70 56 74
1 17 53 70 43 46
1 6 48 50 55 74 45 47
1 19 65 67 52 70 73 43 75 61 62 79
1 15 49 53 54 55 76
1 14 52 56 57 76
1 5 66 57 42 77 79
1 12 64 70 40 43 44 78 79 48 49 53 59 60 62 63
1 13 51 67 69 54 55 75
1 8 48 51 67 70 41 42 60
1 16 52 53 70 71 73 74 43 77 46 62 78 79
1 1 51 68 42 47
0 25 51 52 69 53 72 76 62
0 26 48 65 67 68 70 41 74
0 27 65 50 66 43 63 79
0 28 66 40 73 74 77 78 79
0 29 50 68 72 74 75 76 78
0 30 66 68 55 72 59 79
0 31 67 52 68 69 55 72 73 57 59 60
0 32 65 68 70 40 57 41 74 44 62 63
0 33 48 65 66 73 57 43
0 34 48 49 65 67 51 52 70 76 78 47
0 35 64 49 65 68 53 70 54 75 43
0 36 48 51 74 42 43 60 63 79
0 37 67 73 75
0 38 64 48 51 55 71 72 58 75
0 39 48 50 67 68 55 58 42 43 78
1 2
1 21
1 0
1 19
1 24
1 4
1 13
1 6
1 8
1 12
1 3
1 7
1 14
1 17
1 20
1 11
1 16
1 9
1 22
1 5
1 10
1 23
1 18
1 1
1 15
0 65
0 66
0 67
0 68
0 69
0 70
0 71
0 72
0 73
0 74
0 75
0 76
0 77
0 78
0 79
