2
31 61
1 24 65 67 40 74 43 44 76 77 79 83 55 87 57 90 91 61
1 1 32 33 66 67 41 73 77 46 47 81 51 84 85 54 55 89 59 91 62
1 0 32 65 70 41 73 75 76 79 50 51 83 52 56 58 90 61 63
1 3 32 64 35 68 69 73 74 75 43 78 46 48 50 82 85 55 89 91 61 62 31
1 4 66 71 39 40 77 47 48 81 82 84 87 56 88 59 60 61 62
1 5 64 33 81 35 69 85 70 86 71 87 60 45
1 6 32 33 35 38 39 72 41 74 76 80 81 82 51 52 53 86 57 90 61 31 63
1 7 65 66 68 70 72 74 76 77 79 81 84 90 32 40 41 43 45 46 48 49 51 52 54 56 60 62
1 8 65 68 69 70 71 72 74 75 83 84 85 86 88 89 90 91 34 40 41 42 48 49 52 55 57 58 59 62 63
1 9 33 34 35 68 37 69 72 42 45 77 46 49 82 51 55 87 89
1 10 64 65 33 66 67 35 39 41 43 75 78 47 48 83 84 54 86 58 60
1 11 32 33 67 38 41 75 76 46 48 49 81 83 53 56 89 60 61 63
1 12 66 74 46 47 80 48 51 54 86 87 58 90 59 91 60 62
1 13 65 66 67 36 38 40 73 45 77 78 46 81 85 88 31
1 14 32 64 35 68 37 70 71 41 73 42 75 44 77 46 81 51 83 53 85 55 88 57 60 62
1 15 66 35 68 37 39 40 73 42 74 43 75 44 78 82 51 52 54 62
1 16 67 36 69 40 75 44 76 78 81 50 52 85 56 57 58 90 62 63
1 17 64 65 68 38 72 76 44 77 46 47 49 81 83 52 53 89 60 62
1 18 32 33 67 36 38 71 42 44 46 78 47 79 81 53 85 88 90 63
1 19 80 65 33 50 83 55 56 42 91 61
1 20 33 35 71 39 41 42 44 47 80 49 83 53 54 86 87 56 57 62 63
1 21 64 32 66 35 37 70 39 71 72 73 74 75 46 52 84 55 58 91
1 22 64 66 67 70 38 71 40 74 43 45 78 47 52 85 88 90 91 62
1 23 67 36 73 42 75 76 77 80 81 50 82 51 55 57 91 61 62
1 2 64 33 69 37 70 38 39 71 40 72 76 45 78 80 49 81 84 85 54 55 88 58 59 91
0 25 65 36 39 72 41 75 76 49 82 83 51 84 85 55 88 89 90 59 91 61 31 63
0 26 67 36 40 73 75 43 44 78 79 47 48 80 82 88 56 89 57 58 91 61
0 27 64 33 70 39 74 82 84 85 53 54 55 57 89 90 91 31
0 28 82 83 53 85 86 89 58 90 43 91 63
0 29 32 65 70 71 72 42 75 43 77 49 83 88 89 90 58 91 31
0 30 34 36 69 70 72 41 81 82 83 52 85 53 88 58
1 0
1 7
1 5
1 38
1 21
1 18
1 15
1 45
1 39
1 28
1 1
1 32
1 22
1 47
1 10
1 37
1 29
1 11
1 9
1 19
1 12
1 41
1 25
1 8
1 34
1 20
1 26
1 27
1 3
1 6
1 30
1 31
1 35
1 33
1 24
1 16
1 36
1 17
1 2
1 14
1 40
1 4
1 42
1 43
1 44
1 23
1 46
1 13
1 48
1 49
0 81
0 82
0 83
0 84
0 85
0 86
0 87
0 88
0 89
0 90
0 91
