2
31 61
1 0 32 65 66 35 68 37 69 40 42 44 45 50 51 83 52 85 54 90 61
1 1 65 67 69 72 75 82 83 87 89 90 31 32 33 34 37 38 40 41 44 46 51 54 56 60 62 63
1 18 66 36 68 37 69 70 72 74 76 77 78 46 47 49 84 53 85 86 57 58 61 63
1 3 33 67 35 70 72 40 44 45 46 79 48 80 49 51 86 57 60 61
1 4 64 32 35 69 39 73 74 44 46 48 83 52 86 56 91 60 61 62 31 63
1 5 65 35 36 38 70 71 72 41 73 76 44 45 77 46 79 80 49 81 82 84 53 87 31
1 23 65 51 36 53 38 56 42 59 79 63
1 2 37 38 71 41 74 76 77 79 80 81 84 85 87 56
1 8 32 33 67 69 37 70 74 77 78 48 53 89 59 61
1 9 32 33 34 66 38 71 41 45 79 47 80 48 83 52 84 87 59 91 62 31
1 10 34 68 42 74 44 78 48 50 82 83 52 54 86 87 56 88 57 90 59 63
1 11 64 67 69 37 42 74 44 77 45 47 49 84 54 86 90 91 61 62
1 12 32 65 33 34 67 36 37 70 40 72 73 41 74 45 48 80 82 51 53 88 60 61 63
1 13 32 65 34 67 35 68 38 39 73 41 74 44 76 45 78 81 51 83 85 54 57 90 59 91
1 14 32 65 67 39 43 75 44 46 47 54 87 57 91 60
1 15 48 65 51 67 53 37 54 40 89 74 90 59
1 16 65 33 66 68 36 37 39 73 42 77 45 46 47 48 51 83 52 53 88 89 60 61 62
1 17 33 34 68 36 73 43 75 76 50 83 86 57 90 62 63
1 24 34 36 39 40 72 43 75 77 47 82 53 88 57 89 58 59 91 31
1 19 33 69 70 71 45 46 47 48 50 85 55 58 60 61 63
1 20 64 34 37 71 39 72 73 42 44 46 48 80 49 84 85 55 57 58 60 31
1 21 35 70 39 41 42 79 81 51 84 87 88 89 63
1 22 35 68 70 41 42 75 43 77 47 80 49 50 83 52 87 56 88 91 62 31
1 6 32 64 65 66 36 38 41 73 47 80 50 82 86 55 91
1 7 64 66 35 67 37 72 41 74 48 81 50 83 85 54 86 55 56 90 61
0 25 66 68 70 39 72 74 42 77 48 82 51 85 56 88 59 62 63
0 26 64 32 65 69 37 40 43 47 83 52 84 87 91 60 63
0 27 32 65 70 41 74 42 43 75 44 45 47 81 82 83 84 86 54 88 90 59 60
0 28 65 68 70 39 40 41 73 44 45 48 51 84 86 87 56 60 62 63
0 29 32 33 34 66 69 70 73 76 77 80 81 49 82 83 84 85 87 57 61 31
0 30 32 65 34 67 37 38 71 72 41 73 79 47 48 50 85 86 55 88 90
1 35
1 1
1 3
1 29
1 4
1 45
1 2
1 5
1 43
1 0
1 10
1 23
1 31
1 8
1 14
1 15
1 42
1 12
1 33
1 34
1 41
1 21
1 22
1 11
1 30
1 25
1 26
1 27
1 28
1 49
1 18
1 17
1 32
1 20
1 19
1 9
1 13
1 37
1 38
1 39
1 40
1 24
1 16
1 36
1 44
1 7
1 46
1 47
1 48
1 6
0 81
0 82
0 83
0 84
0 85
0 86
0 87
0 88
0 89
0 90
0 91
