2
61 61
1 0 65 113 69 88 109 79
1 36 66 83 67 101 117 119 104 89 105 106 92 78
1 7 66 101 69 71 107 77 80 82 84 86 87 92 95
1 31 66 101 72 73 109 78 111 114 117 89 91 92 63
1 24 98 83 100 69 70 88 91 107 78
1 5 97 98 99 118 105 121 76 61 63
1 26 97 113 67 84 72 89 106 74 75 109
1 20 96 67 99 69 76 77 78 80 82 114 115 118 95
1 38 81 69 70 71 72 121 90 108 110 79
1 9 83 84 85 71 73 74 109 61 62 79 95
1 10 66 69 70 71 104 105 108 93 62 63
1 32 97 65 82 99 117 86 70 102 91 93 78
1 34 96 83 100 120 91 108 76 93 95
1 14 112 115 102 121 75 110
1 13 80 81 113 114 69 117 71 88 75 62 78 79
1 1 96 64 66 70 74 107 76 77 111 115 86 120 63
1 25 96 65 68 71 105 78 113 82 114 85 86 121 92
1 11 98 66 101 70 71 105 110 80 83 85 118 120 62
1 47 65 98 117 102 90 91 108 93 95 111
1 42 112 98 115 68 85 118 104 73 92 109
1 29 97 67 102 110 79 114 83 115 84 116 86 118 120 89 91 92 94 95
1 43 114 106 108 76 63 95
1 21 80 82 84 69 71 103 87 106 110 62
1 46 80 116 101 86 103 75 92 78 111
1 40 65 66 82 67 85 72 106 110 95
1 17 96 99 68 101 118 88 89 74 75 61 111
1 30 66 98 67 71 72 73 106 75 109 112 82 84 121 90 91
1 8 96 115 116 69 71 72 91 93 78 79
1 6 64 66 67 115 69 86 88 90 77 109
1 2 114 83 120 73 105 121 62 111
1 39 114 102 90
1 15 80 83 87 71 73 77
1 18 68 70 119 73 92 79
1 22 64 98 103 104 108 109 79 113 114 83 84 85 61 62
1 27 65 66 101 104 106 107 110 87 119 121 91 93 94
1 23 82 85 88 104 91 109
1 19 101 87 74 75 108 92 77 61 79 111
1 12 114 67 118 104 88 107 76 78 111
1 4 71 73 107 75 108 78 79 81 85 118 121 93 63
1 33 64 97 99 100 101 102 109 111 81 83 118 88 90 92 95
1 37 97 83 86 103 104 105 74 90 108 77 94 63
1 3 64 97 66 99 67 68 107 112 83 116 85 119 121 94
1 16 114 100 69 85 89 74 78 62
1 41 80 99 70 72 91
1 44 64 98 99 69 103 81 114 85 118 119 89 121 91 93 94
1 35 65 115 68 100 101 104 92 111
1 28 97 68 70 103 72 74 76 109 110 82 114 117 86 119 120 94 95 63
1 45 81 98 66 114 70 103 120 92 94
1 48 97 67 70 102 72 77 62 95
1 49 98 100 102 70 72 105 78 111 80 112 119 88 120 91 92
0 50 80 112 83 72 120 121 93 94 95
0 51 96 65 66 70 73 108
0 52 112 65 98 69 72 91
0 53 96 113 114 98 115 67 84 120 76 78 95
0 54 67 68 104 72 106 74 77 78 111 82 114 116 117 121 90 91 63 95
0 55 65 66 68 107 75 108 110 78 79 81 113 114 115 116 120 61 93
0 56 112 96 81 113 98 85 86 90 76 110 95
0 57 96 66 67 69 103 72 75 77 109 81 113 116 90 91 92 95
0 58 80 65 66 68 86 103 88 111
0 59 64 65 99 115 116 85 118 88 120 110 95
0 60 81 114 116 71 120 121 105 106 74 107 109 77
1 0
1 5
1 2
1 1
1 31
1 3
1 13
1 18
1 8
1 48
1 10
1 49
1 16
1 9
1 15
1 19
1 12
1 27
1 7
1 14
1 40
1 21
1 24
1 22
1 17
1 25
1 11
1 6
1 29
1 39
1 38
1 42
1 32
1 35
1 43
1 20
1 30
1 47
1 28
1 36
1 33
1 41
1 45
1 34
1 44
1 46
1 4
1 37
1 23
1 26
0 111
0 112
0 113
0 114
0 115
0 116
0 117
0 118
0 119
0 120
0 121
