2
40 40
1 12 48 65 50 52 53 41 74 43 60 61 45 47
1 22 50 51 53 54 72 57 73 42 43 62 63 79
1 3 49 65 55 40 41 57 42 58 59 76 46
1 20 64 68 70 71 42 44 76 46 47 48 52 53 56 57 62 63
1 4 49 50 52 53 54 70 55 56 41 42 75 46
1 5 64 49 67 52 68 54 40 41 57 73 60 63
1 10 64 65 66 67 69 40 72 41 42 75 44 46 47 51 56
1 9 68 69 40 56 59 60 77 46 78 47 63
1 17 50 55 42 61 62
1 24 65 66 67 68 70 42 43 75 44 50 54 57 58 59 61 63
1 0 68 69 40 57 41 59 75 44 45 62 78 79
1 19 65 50 51 68 55 40 41 57 76 77 62 78
1 7 49 50 66 68 70 42 76
1 1 49 54 55 56 74 45 46 63
1 6 69 54 41 73 42 59 60 47
1 15 55 71 56 72 73 44 76
1 8 64 49 69 55 57 42 59 45 77
1 16 64 75 44
1 2 67 70 72 73 42 74 75 45 46 49 51 53 54 63
1 11 49 51 67 52 42 58 43 60 45 46 63
1 13 64 69 70 72 73 42 74 43 75 51 54 55 56 57 60
1 21 52 70 55 40 42 76 45 62 63
1 14 64 48 52 53 55 72 73 58 59 61 47
1 23 48 49 51 70 57 73 74 61 63
1 18 67 68 71 40 72 41 73 42 76 77 46 51 58 62
0 25 66 69 53 56 72 74 75 76 45 78 46
0 26 66 67 70 71 72 40 73 41 76 78 47 79 51 52 54 55
0 27 64 65 66 68 70 71 44 49 52 55 58 60 61
0 28 49 65 67 69 54 57 74 75 77 78 79
0 29 65 68 69 70 76 45 77 46 79
0 30 64 65 66 71 40 72 73 74 76 45 46 48 50 58 60 63
0 31 66 67 70 71 72 74 42 75 44 45 77 79 47 49 54
0 32 64 68 70 72 41 77 45 78 46 47 48 53 63
0 33 64 49 67 54 70 71 55 57 59 76 78 47
0 34 68 52 69 53 70 55 72 57 74 42 60 46
0 35 68 70 71 72 40 41 73 74 75 78 47 58 59 60
0 36 67 52 55 71 40 61 45 77 62 46 63 79
0 37 64 65 70 71 40 73 41 42 76 78 48 49 53 55 58
0 38 48 66 67 68 55 72 56 57 43 78 63 79
0 39 67 69 70 71 72 40 41 75 76 46 49 51 54 55 56 58 60 61
1 10
1 6
1 7
1 22
1 13
1 2
1 0
1 8
1 12
1 1
1 16
1 19
1 14
1 11
1 4
1 9
1 15
1 17
1 24
1 5
1 3
1 21
1 20
1 23
1 18
0 65
0 66
0 67
0 68
0 69
0 70
0 71
0 72
0 73
0 74
0 75
0 76
0 77
0 78
0 79
