2
61 31
1 10 71 72
1 20 69 74
1 2 83 69 61
1 30 74 77
1 31 65 76
1 42 65 73 79
1 44 70
1 8 67 69 72
1 7 64 88
1 23 84
1 22 80 70 73 89
1 38 84 70
1 17 78
1 13 74 90
1 37 73
1 15 70
1 16 78
1 28 81 83 73 78
1 18 82 83 69 89
1 19 65 83 75
1 1 90 62
1 21 68 87
1 11 71 89
1 36 85
1 24 85
1 25 70
1 26 84 87 88 77
1 27 64
1 49 73
1 48 64 88 63
1 29 66 61
1 4 65
1 6 64 91 76 61
1 9 67 72
1 34 74
1 35 66
1 33 65 87 88 75
1 12 81
1 0 61
1 39 70 89
1 40 86 76
1 41 71 73
1 5 69 63
1 43 73
1 32 70 63
1 45 78
1 46 81
1 47 74
1 3 67 61
1 14 68 91 77
0 50 71 62
0 51 66 68 89
0 52 82 71
0 53 64 65
0 54 70
0 55 72 88 73 89 74
0 56 65 88 73
0 57 65 73 91
0 58 66
0 59 70 76
0 60 76
1 0
1 1
1 8
1 3
1 4
1 20
1 6
1 7
1 2
1 11
1 10
1 9
1 24
1 13
1 14
1 15
1 16
1 17
1 21
1 22
1 12
1 18
1 19
1 23
1 5
0 86
0 87
0 88
0 89
0 90
0 91
