2
80 40
1 33 117 118 88
1 20 102 106
1 14 83 104 95
1 25 97 119
1 9 81 104 94
1 46 80
1 3 80 86
1 13 99
1 22 116 102 106
1 43 113 98 100
1 38 99 117
1 32 106 91
1 29 113 116 101 89 109
1 31 102 94
1 41 113 86 103 94
1 16 96
1 45 97 101
1 12 104 95
1 18 85 105
1 6 116 86
1 4 83 84 111
1 21 114 100 102 109
1 47 104
1 15 97 99 110
1 10 97 86 88 110
1 30 84 106 107 94
1 26 92
1 27 102 90
1 28 83
1 24 118 106 92
1 1 84 107
1 7 81 104 93
1 11 87 95
1 0 80 105
1 8 85 105 90
1 35 104 111
1 36 102 105
1 37 102 95
1 17 97
1 39 114 116 93
1 2 82 115 109
1 40 85 103
1 42 118 88 107 110
1 19 99 108
1 44 97 115 102 89
1 23 95
1 5 81 84 89
1 34 88
1 48 103 88 91
1 49 112 97 85 108 111
0 50 100 86 104 111
0 51 112 98 117 119 106
0 52 112 96 102
0 53 115 119 106 94
0 54 100 84 111
0 55 117 107 108 93
0 56 117 90
0 57 109
0 58 98 84
0 59 116 92 95
0 60 86 104 107 111
0 61 82 118
0 62 91
0 63 113 116 85
0 64 91 108
0 65 117 92
0 66 112 116 95
0 67 113 99 88
0 68 98 105 108 111
0 69 119 94
0 70 100 116
0 71 96 116 92 111
0 72 111
0 73 114 82 101 89
0 74 104 90 92
0 75 82 117 88 110
0 76 95 111
0 77 108 111
0 78 83 86 92
0 79 115 117 105
1 0
1 4
1 2
1 3
1 1
1 5
1 6
1 7
1 11
1 9
1 10
1 23
1 19
1 13
1 14
1 15
1 16
1 17
1 18
1 12
1 22
1 21
1 20
1 24
1 8
0 105
0 106
0 107
0 108
0 109
0 110
0 111
0 112
0 113
0 114
0 115
0 116
0 117
0 118
0 119
