2
40 80
1 0 81 114 52 71 57 107 108 61 45 46 95
1 1 64 98 83 100 118 89 105 42 75 76 45 111
1 24 66 99 102 71 74 43 108 78 84 85 87 119 93
1 3 64 68 70 40 42 44 46 48 112 81 50 83 53 87 57 92 93 94 63
1 4 50 114 99 71 57 90 43 108 93
1 5 99 69 103 41 75 45 46 113 83 117 118 58 94
1 8 99 70 41 74 46 51 83 115 53 86 87 57 62
1 7 67 103 72 106 43 108 77 109 46 49 113 85 86 54 56 89 60 92 94
1 18 64 68 69 101 102 41 74 75 78 48 114 115 52 53 87 95
1 9 67 102 41 105 107 111 48 82 86 55 88 89 58 91 63
1 10 97 82 50 68 53 69 54 55 60 62 63
1 11 98 100 101 72 43 44 78 48 50 82 83 115 53 56 89 91
1 12 97 102 104 41 105 42 43 77 45 46 111 113 85 87 58
1 13 48 50 68 85 87 103 58 107 63
1 14 80 97 52 69 54 118 119 76 44 110
1 2 64 97 66 98 71 103 42 77 111 112 82 84 119
1 16 69 71 42 106 75 45 47 111 49 50 117 56 57 58 59
1 17 64 65 66 99 100 69 71 73 105 75 77 48 80 112 57 91 63
1 15 98 52 101 118 71 103 105 43 108 109
1 19 65 100 73 44 108 46 78 115 116 54 119 88 57 91 60
1 20 65 67 70 71 74 107 111 84 117 118 56 58 93
1 21 66 101 54 118 119 73 59 107 91 76 92
1 22 96 100 41 105 76 111 48 86 54 88 89 90 61 62
1 23 84 68 89 74 106 43 91 44 108 92 77 61
1 6 40 72 42 43 76 79 80 112 50 114 116 87 57 59 94
0 25 82 114 67 68 119 55 73 91 107 59 62 111
0 26 99 69 101 43 107 76 44 45 109 46 113 51 117 56 59 61 94
0 27 66 67 107 44 109 78 48 49 51 115 84 117 87 63
0 28 96 83 99 118 42 60 79
0 29 97 68 102 70 72 45 78 113 82 86 119 57 59 93 94 95
0 30 69 103 41 107 108 109 46 110 111 80 50 118 86 54 87 92 93 95 63
0 31 97 81 99 68 90 107 93 109 110 95 111
0 32 98 99 100 102 75 78 80 118 90 91 92 61 63
0 33 66 75 108 109 110 111 79 115 83 116 118 57 91 92 93 61 62 63
0 34 98 67 100 102 72 105 46 78 80 81 82 51 84 117 91
0 35 65 100 102 103 72 41 106 76 112 84 117 118 87 58 95
0 36 96 97 98 101 103 104 107 76 110 80 50 83 91 63
0 37 96 97 98 100 104 73 107 109 80 112 114 53 85 87 57
0 38 96 65 98 67 103 74 106 45 112 114 51 52 90 91 92 93 95 63
0 39 81 114 51 102 71 104 106 75 91 77
1 41
1 18
1 2
1 31
1 37
1 43
1 6
1 49
1 32
1 46
1 10
1 8
1 12
1 13
1 48
1 15
1 29
1 4
1 47
1 19
1 30
1 21
1 22
1 9
1 0
1 25
1 26
1 17
1 28
1 35
1 20
1 24
1 11
1 33
1 34
1 16
1 14
1 23
1 38
1 39
1 40
1 3
1 42
1 5
1 44
1 45
1 7
1 1
1 36
1 27
0 90
0 91
0 92
0 93
0 94
0 95
0 96
0 97
0 98
0 99
0 100
0 101
0 102
0 103
0 104
0 105
0 106
0 107
0 108
0 109
0 110
0 111
0 112
0 113
0 114
0 115
0 116
0 117
0 118
0 119
