2
80 80
1 13 112 97 98 83 101 133 134 106 155 92
1 33 82 148 86 120 154 125
1 15 112 83 111
1 5 81 84 148 88 152 155
1 27 144 97 129 130 104 110
1 22 85 102 134 155
1 2 80 150 135 89 91 123 126 158
1 3 126
1 0 89 92 95
1 31 98 115 83 136 90 107 124 108 127
1 23 148 87 122
1 7 88 138
1 47 82 100 117 151 136
1 9 90
1 14 130 122 92
1 36 82 122 110 126 95
1 44 99 131 147 117 156 143
1 19 112 83 132 85 102 106 154 155 141
1 12 145 130 92
1 1 128 152 94
1 16 129 105 89 107
1 49 99 132 118 89 122 154 107
1 45 131 132 102 139
1 26 83 131 100 89 123 155
1 29 149 119 124 111 159
1 20 128 114 83 152 122 91 140
1 28 113 110
1 37 129 130 99 147 84 118 103 127 143
1 40 99 87 141
1 41 151 121
1 11 112 144 87 121
1 32 113 132 121
1 35 154 123 124 93
1 21 113 130 147 137 90 111
1 24 144 129 136 154 92 125 141
1 48 116 117
1 46 112 100 104 123 107
1 17 98 105 121 139
1 18 114 117 87 137 92 109
1 30 113 133 121 157 95
1 25 144 88 108 94 142
1 8 96 149 102 87 89 137 92
1 43 144 100 118 151 152 125 127 143
1 42 82 100 133 137 110
1 4 80 101 135 91
1 6 96 83 126
1 34 147 86 124 125
1 38 121 155 142
1 39 116 133 134 120 137 107 108 94
1 10 128 81 148 102 91 142 159
0 50 80 130 83 131 149 123 158
0 51 81 117 149 150 104 91 92 140 143
0 52 98 146 100 116 132 118 139 140 95
0 53 146 148 85 150 88
0 54 114 131 115 148 100 102 155 140 109 142
0 55 113 146 116 102 150 104 155 125 159
0 56 144 113 135
0 57 147 132 101 154
0 58 144 146 84 134 152 109 127 143
0 59 145 147 142 127
0 60 112 118 153 143
0 61 144 130 149
0 62 113 114 99 100 116 150 140 158
0 63 113 146 118 107 156 157
0 64 97 138 110
0 65 80 148 149 119 152 137 141 109 159
0 66 147 116 138 94
0 67 129 113 134 103 151 155 158 111
0 68 96 88 137
0 69 147 140 126 142
0 70 128 97 114 150 104 159
0 71 96 135 91 159 95
0 72 86 123 91 124
0 73 96 147 99 153 92 143
0 74 98 100 151 107 92
0 75 101 151 107
0 76 85 119 89 154 123 127
0 77 144 85 151 152 107 125 142
0 78 146 153 94 142
0 79 137 138 140
1 0
1 6
1 44
1 12
1 21
1 26
1 32
1 11
1 7
1 1
1 15
1 5
1 10
1 20
1 28
1 42
1 2
1 14
1 19
1 45
1 46
1 4
1 18
1 37
1 36
1 9
1 13
1 47
1 40
1 8
1 30
1 22
1 17
1 25
1 24
1 31
1 48
1 49
1 41
1 29
1 33
1 38
1 23
1 43
1 35
1 34
1 3
1 39
1 16
1 27
0 130
0 131
0 132
0 133
0 134
0 135
0 136
0 137
0 138
0 139
0 140
0 141
0 142
0 143
0 144
0 145
0 146
0 147
0 148
0 149
0 150
0 151
0 152
0 153
0 154
0 155
0 156
0 157
0 158
0 159
