2
80 40
1 44 113 86 102 88 106 110
1 30 81 99 102 104 90 107 92
1 33 83 116 104 91 108 95 111
1 46 97 89 107
1 8 81 83 87 104 93 94
1 25 80 97 85 108
1 40 80 84 100 86 91 110
1 45 97 98 99 89 107 92 109 95 111
1 23 80 97 100 102 104 105 94
1 47 96 98 114 100 116 117 119 104 91 95
1 18 99
1 39 80 99 119 104 89 91 108
1 38 101 87 89 107
1 13 115 116 102 88 94 110
1 9 80 86 103 105 93 94
1 1 96 84 117
1 20 97 82 116 101 117 87 90 106 107 92
1 24 96 115 104 105 110 95
1 6 81 85 103 89 105
1 28 81 86 110
1 19 83 84 104 89 108 95 111
1 21 82 100 102 89 94 95
1 0 112 117 104 105
1 42 97 99 116 85 118 103 93 109 94 110
1 32 97 86 88 105
1 49 112 97 82 84 109 94
1 26 114 84 86 103 92
1 27 80 99 115 100 102 90 106 92 111
1 4 80 81 113 82 83 119 105 93
1 36 82 92
1 41 114 84 102 91 110
1 5 81 115 84 117 104 107 93 110 111
1 17 116 87 89 90 107 95
1 2 80 81 83 85
1 34 96 85 101 117 104 90
1 22 96 80 99 83 84 100 117 86 87 104 94
1 29 96 81 114 83 101 102 89 90 92 108 111
1 37 114 99 117 102 105 95
1 10 97 84 87 104 93 94
1 3 108 93 110
1 31 82 114 115 103 89 91 107 108 110
1 12 113 83 85 102 103 110
1 15 80 97 117 88 92 111
1 43 113 99 115 85 86 92 109
1 35 97 81 113 83 100 102 87 89 93 95
1 16 112 81 113 86 118 119 105 95
1 7 81 113 84 119 89 109
1 14 81 99 116 118 87 88 105 108
1 48 99 103 88 91 94
1 11 97 82 114 100 85 86 103 88 89 107
0 50 112 115 99 84 118 106 108 94 95
0 51 113 81 82 99 116 117 90 91 107 92 109 95
0 52 112 82 83 100 119 87 92
0 53 112 97 114 100 119 89 105 106 108 109
0 54 112 114 115 116 84 119 106 90 91 93
0 55 80 115 100 116 86 105 91 108 110
0 56 80 113 100 118 104 92
0 57 96 83 101 86 119 88 106 93
0 58 113 101 117 86 111
0 59 116 117 105 107
0 60 113 97 98 118 108 93 109 110
0 61 114 115 100 84 101 117 119 108
0 62 80 116 100 101 118 104 89 90 91 109 95
0 63 112 116 117 85 92 94
0 64 112 117 101 86 89 106 108 92 110
0 65 80 113 115 99 102 91 110 95
0 66 112 114 115 116 117 88 105 107 108 110
0 67 96 81 115 116 118 86 88 108 94
0 68 114 83 100 118 104
0 69 115 116 89
0 70 112 97 118 104 106 108 92 95
0 71 114 86 105 106 93 94 95 111
0 72 113 115 103 107 108 93 94
0 73 96 112 87 88 107 108 92 109 94 110
0 74 96 112 101 102 118 119 105 106 91 109 95
0 75 113 114 89 90 91 108 109 111
0 76 88 91 109 110 111
0 77 112 114 116 84 118 119 106
0 78 81 114 119 106 107 108
0 79 114 84 103 108 111
1 0
1 1
1 2
1 12
1 4
1 5
1 23
1 7
1 8
1 9
1 10
1 24
1 21
1 3
1 14
1 15
1 16
1 22
1 19
1 18
1 13
1 20
1 17
1 6
1 11
0 105
0 106
0 107
0 108
0 109
0 110
0 111
0 112
0 113
0 114
0 115
0 116
0 117
0 118
0 119
