2
40 40
1 0 66 71 72 41 44 76 77 46 49 50 51 52 58 60 62
1 1 65 69 70 41 44 45 47 49 50 52 53 55 61
1 15 51 67 55 71 56 58 59 43 75 62
1 3 65 51 67 53 69 70 56 57 73 45
1 2 69 70 71 72 41 44 46 47 48 50 52 53 54 56 59 63
1 5 40 42 43 44 77 46 78 79 50 54 55 60 61
1 8 65 66 68 69 73 42 75 46 49 52 58 60 63
1 14 48 54 40 57 75 45 61 46
1 20 64 70 72 74 43 60 77 47
1 6 66 52 40 73 74 75 44 61 77 63 79
1 23 49 67 68 54 72 58 59 45 77 62
1 12 64 50 67 68 53 55 40 58 45 62 63 79
1 18 48 64 66 52 40 57 73 58 76 61 63 79
1 16 66 51 53 54 40 57 74 43 61 46
1 9 49 66 52 53 70 73 43 44 45 46
1 17 65 70 71 77 48 49 55 57 58 59 60 62 63
1 4 49 50 68 70 71 57 58 74 43 75 62 63
1 13 64 66 52 53 55 72 74 43 59 46 78 63
1 22 66 71 40 41 57 73 74 44 61 45
1 11 66 52 54 56 57 41 73 42 43 59 44 47
1 10 48 66 51 56 41 46 63
1 21 48 67 54 40 72 77 62 47
1 7 66 67 68 41 42 43 44 45 78 79 50 55 56 60
1 19 64 49 66 51 71 42 74 43 59 45 77
1 24 64 48 66 51 70 57 60 46 78 79
0 25 70 57 41 58 76 78 62
0 26 65 51 69 54 70 40 73 44 61 62 78 63
0 27 65 67 72 73 42 45 50 53 54 55 58 59 61 62
0 28 68 41 73 42 76 78 47 48 50 51 59 61 62 63
0 29 64 66 69 40 41 73 43 76 44 77 79 48 49 54 56 61
0 30 64 66 67 69 73 41 43 76 45 78 79 49 52 60
0 31 67 70 71 75 43 44 76 78 47 50 53 54 59 61 63
0 32 66 67 70 72 40 73 74 42 75 45 77 49 54 55
0 33 64 68 69 70 72 40 73 74 43 75 44 77 57 58 59 61 63
0 34 65 66 67 69 72 74 75 79 50 51 54 56 57 59 60 63
0 35 64 48 65 67 69 75 77 62 79
0 36 48 68 70 40 56 42 60 76 45 77 46 63
0 37 67 68 69 71 40 72 41 75 76 77 51 53 56
0 38 50 67 68 72 56 75 44 45 77 78 46
0 39 50 67 52 69 56 42 60 78 62
1 18
1 1
1 11
1 13
1 5
1 16
1 10
1 21
1 19
1 9
1 4
1 15
1 8
1 3
1 14
1 6
1 2
1 17
1 0
1 23
1 20
1 7
1 22
1 12
1 24
0 65
0 66
0 67
0 68
0 69
0 70
0 71
0 72
0 73
0 74
0 75
0 76
0 77
0 78
0 79
