2
80 80
1 0 97 98 101 137 106 139 111 112 81 146 83 149 152 90 92
1 10 129 132 138 143 144 82 86 120 88 89 90 125 94 159
1 11 131 134 104 136 109 111 112 80 81 83 85 149 118 155 156 125 157
1 3 96 105 143 81 145 114 83 84 150 119 151 88 91
1 4 97 129 133 102 104 136 110 111 112 82 114 83 149 86 152 91 123 155 93 126
1 5 144 130 85 101 102 154 155 93 141 142
1 22 102 103 108 111 80 147 116 120 89 91 123 126 158
1 18 96 105 153 122 106 155 156 141 126 159
1 16 96 99 133 102 140 143 82 147 89 155 92 124 157 158 95
1 23 97 98 132 101 134 104 136 105 106 107 108 145 146 115 83 121 90 154 124 127
1 32 80 97 113 129 101 150 87 121 122 108 93
1 12 96 144 83 100 88 104 152 140 158 159
1 48 128 96 100 82 115 84 148 117 119 151 89 153 155 93
1 7 112 81 114 133 90 91 157 158
1 27 114 130 147 132 148 135 137 122 107 155 92 125
1 15 130 101 110 142 111 81 82 148 118 89 122 154 124 157 126 94 95
1 45 129 82 99 148 117 86 134 119 87 124 156 158
1 2 112 96 83 148 85 102 106 139 156 157 158
1 33 116 100 149 119 152 121 105 107 92 125 158
1 40 128 130 139 140 109 146 83 153 154 156 157 94 95 127
1 28 129 97 132 105 138 107 141 111 80 81 115 84 117 118 87 89 121 122
1 37 99 131 133 134 138 107 141 144 116 118 150 89 122 93
1 49 80 129 114 146 99 102 151 153 122 91 139
1 6 112 83 100 119 89 123 91 140 125
1 1 133 103 104 106 107 109 111 85 119 88 124 156 157
1 26 128 130 104 106 145 114 83 117 150 119 122 91 155 92 94
1 41 96 113 97 145 147 100 132 141 110 142 127
1 29 129 99 103 105 137 143 146 84 148 118 86 150 89 90 124 125 127
1 34 128 99 147 87 136 105 137 140 156 94 158 95
1 24 80 113 132 101 121 105 89 155 124 94 111
1 43 112 80 129 150 87 152 121 106 90 122 91 141
1 35 80 113 131 100 86 120 152 121 122 90
1 30 131 134 136 105 108 80 112 113 83 118 152 122 123 124 93 127
1 13 110 111 112 113 82 146 88 89 153 90 154 155 156 95
1 14 129 97 134 106 138 108 140 145 149 155 92 124 125 94
1 44 98 130 131 101 133 136 137 140 112 80 113 81 83 147 116 117 149 86 120 127 159
1 36 128 100 104 107 141 142 112 144 82 147 86 123 156 127 95
1 21 80 98 84 133 102 103 136 105 121 90 95 143
1 38 128 130 102 109 141 114 117 87 152 121 153 91 123 92 157
1 39 98 99 132 106 138 140 141 112 113 116 86 151 121 154 123 156 93 126 94 95 127
1 9 99 100 103 136 138 108 141 147 117 119 88 91 92 94
1 31 96 128 102 135 105 137 110 114 146 115 87 151 89 123 92
1 42 128 100 84 118 137 125 93 157 127
1 47 82 114 115 100 150 151 152 125 141 110 126 158
1 20 80 101 118 134 153 91 139 108 159
1 8 96 82 83 153 126 94
1 46 149 86 88 137 124 125 157 158 95 159 143
1 25 128 97 130 119 121 107 91 156 127 111
1 19 98 131 102 104 136 138 107 108 140 110 142 111 82 116 148 120 88 122 155 94
1 17 128 81 147 102 91 108
0 50 132 100 101 104 138 139 140 144 81 83 152 120 90 157 158
0 51 130 99 132 134 146 121 89 153 154 156 125 93 158 159
0 52 130 133 101 134 103 105 108 141 82 147 116 150 152 88 153 89 90 92 125 126 158 94
0 53 129 145 132 149 133 86 105 107 155 140 158 111
0 54 130 98 131 136 105 107 141 144 83 149 88 121 89 153 154 124 156 157
0 55 144 145 82 130 148 134 103 140 157 95 127
0 56 130 132 134 136 140 110 144 80 83 147 116 118 154 90 156 126 158 159
0 57 96 129 99 132 139 118 87 151 152 121 154 124 92 127
0 58 130 98 131 132 134 103 106 108 112 114 146 87 119 153 121 154 125 95
0 59 130 136 137 138 141 143 144 145 114 147 149 86 93
0 60 130 131 133 102 134 135 105 144 115 149 87 121 155 157 159
0 61 97 130 132 133 136 106 138 141 142 144 114 148 87 88 155 95
0 62 129 99 102 135 103 136 139 141 110 81 83 88 122 91 156 94
0 63 96 129 100 132 105 139 111 80 145 115 149 88 153 156
0 64 129 133 101 136 138 141 143 144 147 151 121 153 156 92 157 125 126
0 65 130 103 136 105 137 138 139 109 143 144 82 146 84 152 153 91
0 66 97 130 99 132 133 134 144 112 84 117 150 151 120 89 122 157 159
0 67 144 84 150 118 119 103 139 142
0 68 128 132 100 134 137 110 145 147 84 86 151 90 122 91 125 126 158 159
0 69 131 134 135 139 141 145 146 82 83 116 117 152 155 125 93 158 126 159
0 70 133 104 136 137 141 147 149 117 118 119 152 154 91 156
0 71 133 134 104 137 141 109 82 84 119 122 91 92 157
0 72 98 102 105 137 138 107 108 141 144 113 148 120 153 122 91 123 126 159
0 73 129 131 101 134 102 106 140 141 142 111 147 152 89 154 95
0 74 128 97 132 133 136 138 107 144 115 117 119 152 153 122 123
0 75 128 99 100 134 102 145 114 118 88 152 154 155 157 159
0 76 96 97 99 101 135 103 138 108 140 143 144 85 153 124 92 93 94 127
0 77 101 133 102 108 142 144 80 145 150 153 155 94 95
0 78 100 151 152 89 139 140 108 125
0 79 146 148 132 103 151 89 91 155 124 141 111
1 34
1 1
1 0
1 3
1 22
1 5
1 46
1 49
1 7
1 18
1 10
1 13
1 20
1 42
1 14
1 16
1 15
1 4
1 23
1 39
1 43
1 12
1 17
1 9
1 24
1 31
1 8
1 26
1 25
1 27
1 21
1 2
1 11
1 38
1 33
1 45
1 41
1 44
1 29
1 19
1 40
1 35
1 32
1 36
1 30
1 28
1 6
1 47
1 48
1 37
0 130
0 131
0 132
0 133
0 134
0 135
0 136
0 137
0 138
0 139
0 140
0 141
0 142
0 143
0 144
0 145
0 146
0 147
0 148
0 149
0 150
0 151
0 152
0 153
0 154
0 155
0 156
0 157
0 158
0 159
