2
2800 2800
1 0 3008 3505 3506
1 1 3652 4268 4479 4570 4739
1 2 4636 5020 5389 5448
1 3 3391 3816 3901 4394 4911
1 4 4017 4174 4514 4537 4636 4655 5404
0 5 3443 5306 5337
0 6 3509 3545 4168 4405 4427 5362
0 7 3642
0 8 3175 3384 4332
0 9 4337 4482 4572 4982 5252
0 10 3493 3526 3715 4893 5450
0 11 4898 5131 5214
0 12 3612 3879 3919 4092 4559 4727 4882
0 13 3224 4357 4498 4700 5546
0 14 3543 3695 4158 4625 4781 5597
0 15 3571
0 16 2907 3677
0 17 3073 3739 4445 4991 5163
0 18 4708 5533
0 19 4150 5578
0 20 4270 4801 5091 5190
0 21 3327 3598
0 22 2897 3554 4056 4913 5573
0 23 3108 4111 5121
0 24 2809 2976 3170
0 25 3724 3960 4081 5539
0 26 4339 4753 5021 5119 5582
0 27 5096
0 28 3675 3692 4757
0 29 5445
0 30 4264 4307 4788 5083 5140
0 31 5070
0 32 3395 3671 3706 4248 4513 5531
0 33 3733 4774
0 34 5580
0 35 3882 3907 4315
0 36 4209 5053 5198
0 37 4668 4862 5266
0 38 4006 4219 4424 4922 5148 5282
0 39 3691 5032
0 40 3842 3854 4104 4309 4394 4856 4873
0 41 3919 4148 4568
0 42 3576 4223
0 43 3959 4038 4695 5363
0 44 4230 4973
0 45 2833 3417 3802 5186
0 46 2900 2964 2975 3940 4653 5434
0 47 3351 3485 3579 3802 4084
0 48 3991 4331 4524
0 49 2935 3264 3607 3703 3877 4685 4938 4991
0 50 3020 3186 4160
0 51 3721 3808 3828 4216 5147
0 52 3055 4666
0 53 2808 2930 4966
0 54 3343 3383 3854 4140 4647 5302
0 55 3394 4120 5404
0 56 3310 3537 3688 3969 4482 5134
0 57 2862 2946 3360 3379 4796 4913 5238
0 58 3571 4123 5170
0 59 3084 4942
0 60 4750
0 61 3099 3340 3979 4803 5353
0 62 2844 3042 3530 3949 4931
0 63 3104 3108 4534 4773 4995
0 64 3509 4530
0 65 3218
0 66 4501 4887 5154
0 67 3143 4556 5491
0 68 3083 3161 3179 3313 3342 3527 3915
0 69 4800 5438 5519
0 70 2963 3873 4286
0 71 2914 4011 4273 4855 5009
0 72 5432 5582
0 73 3378 3891
0 74 3114 3425
0 75 3604 5070 5352 5386
0 76 3638 4750 5305 5350
0 77 4195 4284 4392 4550
0 78 3600 3710 3990 4610 5048 5111
0 79 3546 3575 4786 5072 5350 5401 5477
0 80 2946 2957 3335 3384 3864 4976 5091 5479
0 81 5523
0 82 4295 4808 4866 5112 5356
0 83 3159 3444 3502 3822 3961 4730 5461
0 84 4228
0 85 2872 3125 3491 3546 4631
0 86 3188 3435 4127 5268
0 87 4309
0 88 3411 3837 4808 4925
0 89 4401 4797 4870
0 90 2846 4331
0 91 3478 3555 3788 4187
0 92 3786 3901 3910 4865
0 93 5473 5540
0 94 3085 3552
0 95 3236 3480 4141 4196 4230
0 96 2996 3074 3144 3331 4927
0 97 3362
0 98 3042 3279 4835 5437
0 99 3052 4112 4799 4813 4858 5573
0 100 4210 4748
0 101 3388 3742
0 102 3848 4340 4476 4725 4788 4921 5324 5343
0 103 3235 3893 5451
0 104 2852 3744 3870 5272 5413 5578
0 105 4192 5146
0 106 3082 4062 4286 4883 5077 5245
0 107 3773 5110 5408
0 108 3730 4817
0 109 4516 4531 4625 4902
0 110 4109 4593 4919 5341
0 111 2943 3590 3796 4042 4078 4977 5235
0 112 3617 4658 5050
0 113 2957 3668 4549 5499 5513
0 114 2879 4599 5101 5533
0 115 5005 5029 5167
0 116 4928 5380 5504
0 117 3750 3978 4493 4715
0 118 3104 3404 4242 4659 4687
0 119 4374 4553
0 120 3693 4718 5222 5398
0 121 3819
0 122 5416
0 123 2951 3221 4030 4088 4117 4355 4389
0 124 4153 4836
0 125 3643 3701 3786 4210
0 126 3327
0 127 3577 5354
0 128 4412 4541
0 129 3080 4871 5198
0 130 3484 3879 3942 4717
0 131 4629 5487
0 132 4840 5359
0 133 3721 3826 5118 5253 5568
0 134 5135 5408
0 135 4122 5272 5384
0 136 3406 4221 4273 5342
0 137 4328 4765 5390
0 138 3076 4928 5245 5532
0 139 2952 3489 5439
0 140 2904 2920 4122 4170 4396
0 141 3674 4196 4795
0 142 5154
0 143 3233
0 144 3750 4915 5048 5228 5569
0 145 3291 5553
0 146 3582 3881 4535 5180
0 147 3131 3270 4135 5110
0 148 3164 3468 4835 5088 5190
0 149 2855 4144
0 150 3686 5217
0 151 3811 3954 4345 4896 5413
0 152 3423 3564 3857 3983 5066 5172
0 153 3025 4293 4634 4982
0 154 2876 3739 4353
0 155 3485
0 156 2895 4124 5292 5485
0 157 3419 3935 4092 4268 5332
0 158 2808 2824 3878 3936 4431 5109
0 159 3154 3737 4722
0 160 4262 5188
0 161 4100 4119 4926 5384
0 162 3844
0 163 3449 3786 4491 4610 4662 4682 4743
0 164 4199 4272 4759 5587
0 165 4941 5074 5132
0 166 3739 3870 4874 5050 5347
0 167 3181 4287 4865
0 168 3374 3821 4465
0 169 2891 2933 3146 3917
0 170 4783 5077 5506
0 171 3054 3246 3472 4674 4675
0 172 2994 3203 3592 4220 4884 5109 5273 5316
0 173 4164 5332 5404
0 174 3544
0 175 3582 4861 5495 5582
0 176 3130 3677 4924
0 177 4121 4216 5227
0 178 4791 5513
0 179 3577 4495 4722 5071 5398 5481
0 180 2957 3684 3685
0 181 3651 3857 4807 5009
0 182 2930 3272 3421 3640 5352 5430
0 183 3189 3544 3834 3849 4075 4646
0 184 3050 3605 4754 5352 5393
0 185 3391 4272 4835 4959 5318 5423 5510
0 186 2940 3041 3799 5512
0 187 2803 3016 3656 4128 4688 5260
0 188 3555 4305 4486 4574
0 189 4224 4664 5078
0 190 2819 2970 3109 4686 4839
0 191 3214 4009
0 192 2806 3591 3759 3968 4141 5335
0 193 4126 5243
0 194 2847 3920 5034
0 195 5093
0 196 3432 3651
0 197 2927 4435 5125
0 198 2995 4567
0 199 3788
0 200 3114 3836
0 201 3186 3831 4549
0 202 3497 4150 4302 5135 5595
0 203 2916 3191 3201 4352
0 204 3278 3315 3895
0 205 3235 3603 3724 4456 5076 5106
0 206 3145 4018 4982 5246 5320
0 207 3093 4042 4289
0 208 3032 3610 3714
0 209 3937
0 210 2915 4290
0 211 3098 3537 4131
0 212 4786 4955 5597
0 213 3088 3935 4681 4959
0 214 3713 4552 4729
0 215 3119 5018 5532
0 216 2863 2940 3689 4376 5420
0 217 3586 4852
0 218 3799
0 219 3691 4882 5549 5563
0 220 3447 3874 4724 4856 4888
0 221 4793 4863
0 222 3053 3671 4193
0 223 5564
0 224 5384
0 225 5155 5474
0 226 3210 4362 4480 5249
0 227 4062 4092 4924
0 228 3787 5301
0 229 3049 3715
0 230 3456 3827 3891 4980
0 231 3303 3442 3632
0 232 3383
0 233 3457 4134 4178 4749
0 234 2857 3322 3916 5183 5330 5346
0 235 3190 4026 4351 4379
0 236 3059 4472 4806 5206 5452
0 237 3024 3140 3186 3912 4625 4842 5080 5569
0 238 3583 4882
0 239 2895 3046 3075 3297 3334 3975
0 240 3347 4834 5541
0 241 3138 3680 3789
0 242 4905 5314
0 243 3835 4924 5303
0 244 3396 5316 5522
0 245 2956 5238
0 246 3008 3166 3753 4271 5026 5525
0 247 3248 4111 5082
0 248 3030 4567 4771
0 249 2987 3783 4225 5295 5595
0 250 2840 3662 4226 4702 4992
0 251 3768 4051 4256 4813
0 252 3826 3906 5475
0 253 4266 5496
0 254 3352 4099 4371
0 255 3011 3325
0 256 3891 5191 5543
0 257 3085 3345 4355
0 258 3161 4012 4793 5132
0 259 3019 3467
0 260 3170
0 261 3235 3618
0 262 3607 3799 4196 4535 5444
0 263 2810 2862 3012 4525 5301
0 264 3580 4771
0 265 3444 4586 4803 5492
0 266 3441 4230 4740 5271
0 267 3000 3902
0 268 3593 4479 4904
0 269 2885 3740 3834 3957 4196 5148
0 270 2944 4330 4354 4551 4714
0 271 5201
0 272 4811 4920 5010 5377
0 273 4047
0 274 4374 4565 5358
0 275 3041 4696
0 276 3792 4221 5285
0 277 2803 3137 3530
0 278 2832
0 279 2976
0 280 3962
0 281 4250 4284 5539
0 282 2941 5046
0 283 3599 4454 4731 4888
0 284 3940 5498
0 285 3403 3615 3828 3839 4063 4528
0 286 4497 5179
0 287 3243 3765
0 288 2977 3268 3729 3885 4579 5032 5393
0 289 3337 3581 4682
0 290 2981
0 291 2822 2926 3108 3584 3874 4039 4795
0 292 2964 4423
0 293 3692 4188 5058 5173 5186 5361
0 294 3723 3931 5504
0 295 3105 3534 3890 4047
0 296 3052 3452 3646
0 297 4369 4651
0 298 2817 4136 4349 4635
0 299 2938 3481 4178 4850
0 300 2928 3867 4955
0 301 5228
0 302 3224 3475 4096 5594
0 303 3036 3370
0 304 2847 3615 3762 4277
0 305 2803 4958 4970
0 306 3474 3508 3805 5097 5402
0 307 3224 3669 3742 4018 4409 4642 5226 5352 5444
0 308 3259 4612 5070
0 309 3340 5422
0 310 3156 5001 5245
0 311 3234
0 312 3934 4091 4387 4806
0 313 3332 3491 4725 5394
0 314 3074 3603 4439 5048 5587
0 315 2936 4224
0 316 4865
0 317 3162 4609
0 318 2835 2949 3092 3123 3631 3759 3900 4269 5460 5492
0 319 3121 3422 4441 4603 5497
0 320 3139 3445 5295
0 321 2819 2893 3229 5010 5034
0 322 5288 5300
0 323 2812 3691 4980
0 324 2893 4279 4541 4784
0 325 3292 3760 3884 5245
0 326 3159 4484 4871 5245
0 327 2832 3286 3540 4717 5311 5498
0 328 2992 3088 3706 3799 4515 4788 5393 5587
0 329 5126 5222
0 330 4443 4608 4855 4917 5077 5114
0 331 4037 4177 5222 5356
0 332 4001 4196 4213 4288 4578 5413
0 333 3509 3618 3628 4167 4206
0 334 3141 3841 4116 4887 5488
0 335 3129 3179 4409 5456
0 336 2847 3123 4180 4353 5437
0 337 2915 2957
0 338 3305 4484
0 339 4033 4418
0 340 2847 3446 4481 4820
0 341 3735 4429 5514
0 342 2839 3275 3589 4284 4889 5387
0 343 2964 3242 4141 4195 4257 4431 4513
0 344 3450 4118 4599 5109
0 345 3095 3527 4113 4766
0 346 5341
0 347 2954 3680 4178 5506
0 348 4754 4870 4927 5480 5504
0 349 3845 4025 4352 4781
0 350 4613 4838 4954 5319
0 351 3073 3201 3676 3961 4086 4868 5480
0 352 5190 5231 5514
0 353 3016 3683 3875 4537 4544 4609 4652
0 354 4798 5047 5165 5535
0 355 4292 4603
0 356 3648 3766 4512 5446
0 357 3039 3893 4355 4665
0 358 3044 3498 4563
0 359 3709 4527 4610 4690 4872 5549
0 360 4621 5395
0 361 3193 3426 3943 4702
0 362 4566 4706 5328
0 363 3100 3152 4221 5472
0 364 4481 5405
0 365 3253 3532 3924 4644 5454
0 366 3013 3189 3506 4098 4135 5263
0 367 3995 4799 5593
0 368 4010
0 369 3471 4170 4972 5167
0 370 2882 3267 4009
0 371 2832 3248 3474 3680 4102
0 372 5019
0 373 4350 4585 5386
0 374 3345 4729 4747 4925
0 375 2913
0 376 3247 5542
0 377 3426 4674
0 378 3410 4638
0 379 3701
0 380 3146 5470 5488
0 381 3744 4767
0 382 3752 4096 4656
0 383 3837 5569
0 384 3375 3957 4558 4603 4745 4764 5463
0 385 3036 3673 4572 4874 5530
0 386 5192
0 387 3277 4230 5266 5533
0 388 3277 3547 3686 4052 4152 4964 5465
0 389 2886 3581 3885 4402 5199 5482
0 390 2814 4140 4524 4596 5474
0 391 2815 2931 3368 3407 4740 5193
0 392 2933 4294 4377 4882 5009
0 393 3993 4172 4914 5483
0 394 3577 3866 4195 4329 4829 5407
0 395 4129 4647 4836 5124
0 396 3426 4457 4650
0 397 3581 4357 5238 5462
0 398 4050 4733 5308
0 399 3127 4194
0 400 4019 4284 4557 4928 5324 5337
0 401 3114 3688 4029 4336 5208
0 402 4580
0 403 3174 3670 5128 5177 5488
0 404 2827 2905 3270 4023 5203
0 405 3739 4223 5007
0 406 3574 3626 4980
0 407 2807 3500 3698 3903 4151
0 408 2961 3511 3570 4165
0 409 2888 3169 4310 4767
0 410 3226 3951 4898 5238
0 411 4052 4607 5023
0 412 3416 3431 3851 4436
0 413 3474 5345
0 414 3520 4846 4856 5217
0 415 3083 3287
0 416 2840 3510 5421
0 417 3385 4818
0 418 2819 3048 3292 3831 5349
0 419 4367 5005 5349 5530
0 420 3991
0 421 4035 5079
0 422 3392 3656 3860 4474 4890 5544
0 423 3538 3564 4358 4508
0 424 2873 2950 3177 3369 3717 3740 3804 4308
0 425 3109 4890 5391
0 426 3071 3698 4869
0 427 2929 3253 5159
0 428 3608 3968 5271 5575
0 429 3229
0 430 3215 3362 3587 3692 3853 4996 5082 5105 5245
0 431 2829 4246 5039
0 432 4464 4850
0 433 3518 3801 3909 4446 5568
0 434 3843 4789
0 435 3075 4579 4789 4820 4891 5218 5309
0 436 3137 3689 4895 5246 5437
0 437 4130 4375 4385 5137
0 438 4051 4592
0 439 4226 4310 4397
0 440 5073
0 441 3229 4638 5220 5328 5379
0 442 2960 3658
0 443 3218 3614 4195 4426 4576 4983 5257 5441
0 444 3146 4369 4751
0 445 2870 2877 2896 3104 4155
0 446 3284 4443 4841
0 447 2850 3079 4119 4494 4806 5005
0 448 4989 5296
0 449 3772 4238 4666 5130 5281
0 450 3115 3339 3731 3813 3988 4184 4337 4948 5251
0 451 3706 3826 4042
0 452 2806 4399 4427 4513 5054
0 453 3129 3767 4953 5519
0 454 3485 3580 4838
0 455 3522 4628 5263 5349
0 456 3046 3509 4002 4029
0 457 3313 3913 5451
0 458 3615 3722 4293 4367 4432 4662 5173 5278
0 459 2948 4621
0 460 3075 3417 4498
0 461 4334
0 462 4671 4812
0 463 3771
0 464 2921 2931 3282 4172 5456
0 465 3080 3776 3984 4421 4734 4917 5546
0 466 2841 3249 4154 5506
0 467 3393 4338
0 468 3141 3238 4528
0 469 2983 3090 4135 4385 4402 4511 4939
0 470 3031 3583 3912 5288
0 471 3563 3838 4828
0 472 2963 3310 3365 3701 5216
0 473 2871
0 474 3815 4393 4873 5596
0 475 3233 4499 4746 5061 5392
0 476 2906 2973 3794 4732 5510 5547
0 477 4274 4353 4948 5474
0 478 2998 3498 3520 3991 4597 5562
0 479 4256 5147
0 480 2805
0 481 3774 5431
0 482 2946 3626 3855
0 483 4114 4244 5404 5490
0 484 2894 3191 4145 5228 5357
0 485 2853 4139 5353 5571
0 486 3487 3807 5336 5443
0 487 3098 3855 4757 5275 5428
0 488 3101 3845 4010 5204
0 489 3229 3650 5542
0 490 2844 3304 3313 5424 5472
0 491 3288
0 492 4577 5253
0 493 3174 3306 3431 3680 4265 5313 5376
0 494 2855 4296 5080 5413
0 495 2943 3061 4513 4593 4881
0 496 3669 4656 4662 5263
0 497 3753
0 498 4712 5080
0 499 3206 3425 5074
0 500 3369 5137
0 501 3114 3179 5132
0 502 3400 3697 4152 4276 4557
0 503 3909 4034 4913
0 504 2959 3161 3720 3852 3930 4839
0 505 2823 2942 4557
0 506 3170 3310 3775 4119 4862 5224 5278
0 507 2909 4528 4573 5219 5305 5587
0 508 3201 3305 3611 4327 4539
0 509 3683 3768 3814 4083 4779 5309
0 510 3906 4213 4253 5152 5368
0 511 3175 4171 4597
0 512 3028
0 513 5521
0 514 4537 5597
0 515 4806 5516
0 516 2844 3661 3855 5558
0 517 3022 3518 4148 4670 5157 5228 5462
0 518 4267 4561 5024
0 519 3476 3550 3976 4394 5388 5467
0 520 3914 4220 4789
0 521 2823 3068 3163 3572 4371
0 522 4206 4949 5188
0 523 2981 3169 3744 5262
0 524 3598 3896 4113 4694
0 525 2805 3289 5498
0 526 4122 4572 4672
0 527 3840 4253 4890
0 528 3069 4652
0 529 3021 4249 4305 4383 5000 5191
0 530 3084 3872 4104
0 531 3215 3445 3490 4141
0 532 3774 4933
0 533 4305 4376
0 534 4630
0 535 3319 4735
0 536 3056 3275 3767 3898 4018 4355 4589 5516
0 537 2826 3673
0 538 3288 4344 4562 4949
0 539 3415 3553 4839
0 540 3795 4932
0 541 2984 3684 4195 4758 5304 5438
0 542 4921 5342
0 543 3394 3462 4616 5317
0 544 4770 5171 5406 5451
0 545 3905 5015 5033
0 546 3167 3337 4002 4026 4429 4725 4957 5249
0 547 3820 4042 4495 5470
0 548 4375 4455 4461 4625 5092 5277 5282
0 549 3042 4031 4470 5243
0 550 4382 5171 5553
0 551 3177 3294
0 552 4838
0 553 3383 3444 3800 5452
0 554 3377 3550 3915 5594
0 555 3470 4182
0 556 3213 4255 5103 5105
0 557 3288 3836 3868 5026
0 558 2982 3359 3860 4426 4885 5100 5173 5413
0 559 3042 3343 4615 5189
0 560 3032 4168 4555 4834 5501
0 561 3971 4396
0 562 3211 4164 4426 4887
0 563 3514
0 564 3810 4159 4474 4809 4905 5190
0 565 3108 3615 3963 4750 5509
0 566 4398
0 567 3076 3821 4005 5221
0 568 3091 4716 4886 5447 5597
0 569 2945 2998 3412 3448 3909 4799 5369
0 570 4020 5404
0 571 3086 3799 5450
0 572 3403 4355 4382 4925 5028
0 573 2955 3329 4281 4730
0 574 4037 4307 5408
0 575 3640 4162
0 576 2807 3239 3351 4181 4575
0 577 3832 3931
0 578 3439 4885 5066
0 579 2893 3053 3573 3845 4391 4954 5166 5586
0 580 3224 4641
0 581 3378 3612 4175 5450
0 582 4624 4811
0 583 2874 3458 3953 4232
0 584 3466 3718 5422
0 585 3242 3567 4633
0 586 3818 4790
0 587 4083 4248 4842 5043
0 588 3105 3288
0 589 4854 5136
0 590 3342 3977 4275 5334 5539
0 591 4169 4989 5336
0 592 4195 4932
0 593 3517 3658 3889 4321 4982 5230
0 594 2951 3155 3703 4088 5211 5321
0 595 3318 3396 3591 4105 5253
0 596 4463 4486 4861 5210
0 597 3686 4503 5183 5438
0 598 3108 3752 3988 4515 4549 5242 5465
0 599 3825 4329 4544 4752 4769
0 600 2900 2914 2949 3409 4435 5515
0 601 3190 4080
0 602 3415 3548 3920 5354
0 603 3249 3941
0 604 3084 4521
0 605 3413 4132 4633 5536
0 606 2845 3659 4896 5488 5595
0 607 3415 4132 4175 4430
0 608 2827 3216 4925 5207 5227
0 609 4127 5203
0 610 3171 3196 3452 3829 4059 4347
0 611 3912 4877 5392 5569
0 612 3097 3870 4265
0 613 2928 3213 3855
0 614 4609 4692 5186
0 615 3296 4727 4790
0 616 2913 3538 4314 4568 5078 5108
0 617 3147 3162 3608 3931 4748 4983
0 618 2885 3584 3813 4103 4956 5011 5054
0 619 2830 3058 3473 5465
0 620 3620 4411
0 621 3858
0 622 3794
0 623 3581
0 624 5089
0 625 3782 5382
0 626 2906 3490 5309
0 627 3764 4794
0 628 3792
0 629 3590 4085 4260 4512 5471
0 630 3123 4812 4943 5513
0 631 3406 3676 3999 5184
0 632 2872 2907
0 633 3556 4197 4235 4743 5259
0 634 2895 2916 3929 4143 4447 4562 4705
0 635 3125 3283 3811 3864 4671 4832
0 636 3867 3874 3984 4421 4591 5543
0 637 3192 3791 4847
0 638 5165
0 639 5422 5461 5474
0 640 4921 4949
0 641 3810 4966 5188
0 642 2895 4067 4141 4576
0 643 3605
0 644 3059 4409 4644 4672 5177
0 645 2832 4943 5034 5094 5176
0 646 2832 3424 4191 5567
0 647 4252 4971 5194 5262
0 648 2968 4526 5110 5132
0 649 2800 2953 3012 3556 4310 4528
0 650 3403 4328
0 651 2801 2842 2863 3034 5238
0 652 3328 4068 4809 5135
0 653 3442 3709 4342
0 654 2872 3209 3370 4394
0 655 5231
0 656 4036 4395 4510 4947 5040 5568
0 657 3200 3402 5146
0 658 2961 4196 4508 5177 5296
0 659 3640 3872 4602 4917 5299
0 660 3247 3267 3372 4700 5117 5481
0 661 4036 4359 4762 5049 5531 5538
0 662 3183 5209 5561
0 663 3313 3870 4452 4548
0 664 4096 4866
0 665 4052 5277
0 666 4679 5238 5471
0 667 3207 3459 5350
0 668 2899
0 669 3621 3668 4602 5091
0 670 3103 4397 5001 5160
0 671 3001 3041 3443 3726 3776 3793 3936 4025 4169 4918 4965 5215 5389
0 672 3509 5068 5450
0 673 5203
0 674 2992 3096 3276 3796 3997 4451 5509
0 675 3789 4508 4786 4810
0 676 3719 3771 4381 5337
0 677 3708
0 678 3389
0 679 3297 3633 4641
0 680 4594
0 681 3207 4735 4938 5264
0 682 4917 5263
0 683 3272 3961 4088 4788 4924 5489 5561
0 684 3505 4155 4208 4406 4523 4635 5386 5588
0 685 3692 3980 4292 4774
0 686 3107
0 687 3210 3480 3964 4325
0 688 4421
0 689 3211 3449 3935 4155 4293 4788
0 690 3156 4212
0 691 2850 4967 5505
0 692 3224 5188 5251
0 693 3293 4888 5492
0 694 4791 5446
0 695 3002 3070 3686 4691
0 696 3016 3437 3743 3953 5343
0 697 3696 4397 4732 4758
0 698 3339
0 699 3220 3610 4487
0 700 3805 4088 4548
0 701 2943 3087 3340 4503
0 702 3320 3979 4119 4239 4700 5527
0 703 2898 3801 4079 5060 5367 5488
0 704 3661
0 705 2964 4702
0 706 3014 3118 4023 4946
0 707 3056 3248 3733 4770 5259
0 708 3342 3638 3971
0 709 3793 4510 4511 4866
0 710 3761 4223 5050
0 711 3485 3989 4061 4541 5263
0 712 2968 3310 3664 3750 4585 5347 5427
0 713 4349
0 714 3541 4205
0 715 2882 4299
0 716 3159 3388 4249 5140
0 717 3102 3174 5576
0 718 3081 4728 4871
0 719 3386 3505 4111 4241 4399 5419
0 720 3093 4598 4627
0 721 3542 3682 4569
0 722 3523 3875 5032
0 723 4113 4413 4439 5157
0 724 5268
0 725 3196 3305 3434 4761 4862
0 726 2899 3465 5520
0 727 5376 5433
0 728 3146
0 729 2829 2844 3636 3757 5041
0 730 3584 3905
0 731 3118 4165 4202
0 732 3108 4207 4255 4322 4805
0 733 4489
0 734 5352 5475
0 735 3790 4132 4722 5395
0 736 2805 2860 4461 4468 5217
0 737 2841 4170 4577 4832
0 738 2818 3032 3135 3221 3489 5482
0 739 3380
0 740 3278 5071 5121 5209
0 741 4059 4135
0 742 3243 5079
0 743 2985 4491 4743 4882 5190
0 744 5344 5373
0 745 4530
0 746 3175 3654 3669 4799
0 747 4191 4566 5527
0 748 3418 5148
0 749 3875 4226 5149
0 750 5162 5557
0 751 3538 4613 4623
0 752 2852 3158 3797 4034 4540 4747 5143
0 753 3133 3818
0 754 3230 3526 4594 4604 5378
0 755 3207 3509 3710 4969
0 756 3542 4615
0 757 2832 3595 5057 5219 5265 5429
0 758 3299 3684 4263
0 759 2971 3479 3843 4725 5110
0 760 4710
0 761 3760 4860
0 762 2851 3300 3372 4856
0 763 4222 5154
0 764 3461 3666 4102 4274 4545 5134
0 765 3050 4374
0 766 3926 4090 5300 5464
0 767 3212 3374 3646 3766 4336
0 768 4387 5099 5370
0 769 2932 2994 3713 4102
0 770 2881 2965 3109 3190 3552 4167 4374 4428 4585
0 771 4802 4939 5502
0 772 5374
0 773 3100 3377 4415
0 774 4618 4737 4903
0 775 3081 3991 5396
0 776 3316 4475 5443
0 777 3442 4302 4635 5407
0 778 3523 3682 4509 5113
0 779 2807 4874
0 780 3641 4335 4472 4793
0 781 3164 3420 4890 5070
0 782 3343 3832 4662 5523 5578
0 783 3426 3455 3667 4415 4498 4544 4554 5550
0 784 2824 2845 4860 5265
0 785 3094 3987 4812 5175 5310 5534
0 786 3889 4661
0 787 2900 3686 3818
0 788 3091 3224 5467
0 789 2905 2950 3111 3764 3857 4282 4311 4490 4494 5058 5194
0 790 2920 3048 3306 3838 4781 5584
0 791 3044 3439 3628 4626 4994
0 792 3216 5594
0 793 2873 4419 5385
0 794 3307 3874 3907 4353 4689 5024 5304
0 795 2991 3062 3130 3400 3841 4176 4233 4626 5482
0 796 3816
0 797 3342 3481 4959 4989
0 798 3011 3803 3953 3958 4438
0 799 2817 2884 3022 3114 3344 4677 5550 5570
0 800 3039
0 801 4204 5561
0 802 4317 4498 5524
0 803 3941
0 804 5035
0 805 3207 4696 4697
0 806 3025 3354 3552 5460
0 807 3441 5427
0 808 2883 3448 3457 3704 5339
0 809 4094 4098 4367 4579 4587 4784 4807 4818 5093
0 810 3398 3457 4202 5116 5483
0 811 4452 4459 4638 4963
0 812 2814 3276 5059 5289 5327
0 813 4162 4572 5515 5519
0 814 3017 5493
0 815 2967 3753 4360 4480 4571 4975 5051
0 816 3524
0 817 2862 3429 4083
0 818 4064 5568
0 819 3859 4684 5136 5162
0 820 2920 3633 4309 4460 4540 4760 4918
0 821 2908 2951 3673 3678
0 822 2989 3232 3797 4007 4335 4877
0 823 2873 4254 5505 5566
0 824 5058 5351
0 825 3419 3827 3919 4268 4605 4847
0 826 4891 5006
0 827 3404 3409 4188 4205 4748
0 828 3126 4416 4428 4574 5266
0 829 3762
0 830 4218
0 831 2952 3234 4119 5284
0 832 3138 3970 4340
0 833 3399 3513 3828 4180 4786
0 834 3220 3601 4032 5040 5434
0 835 4143 4753 4822 4940 5074 5339 5509
0 836 5436
0 837 3399 3867 4285 5197
0 838 4015 5455
0 839 3347 3393 3477 4599 4947 5100
0 840 2821 3287 4850
0 841 4870 5186 5279 5414 5539
0 842 5385
0 843 2984 3721 4253 4276 4312 4722 4744 4790
0 844 4407 4985
0 845 2828 3406 3522 3568 4444
0 846 3162 4797 4877 5116 5241
0 847 4419 5112 5254
0 848 2922 3590
0 849 3124 3244 3571 5196 5224
0 850 3473 3628 3718 3998 4159 5060 5364
0 851 3084 3317 5069 5420
0 852 2937 3203 3264 3620 4221 4796
0 853 3213 3241 3670 4687
0 854 2842 4460
0 855 2811 3104 4142 4158 4720
0 856 3163 3838
0 857 2865 3197 3488 3574 3785 3871 4398 5369
0 858 3247 3460 3572 4225 5232
0 859 5317
0 860 2941 3305 3975 4900 5151
0 861 3015 3578 4968 5148
0 862 3412 4216 4307 5126
0 863 2929 3319 3760 5117
0 864 2898 3216 3940 4868 4966
0 865 3178 3272 3817 3953 4524 4821
0 866 3455 3656 4456 5372
0 867 4830 5035
0 868 3907 4186 5206
0 869 4540 5129
0 870 3360 3572 4790
0 871 4381 4614
0 872 3037 3577 3641 4036 4895
0 873 3248 3816 4274 4963
0 874 2946 3465 4661 4949 5439
0 875 3265 4182 4436
0 876 3074 3268 3574 4731 5558
0 877 3323 3675
0 878 4046 4134 4250 4741 5431
0 879 3563 4914 5055 5337
0 880 3470 3479 3619 3799 3934 4097
0 881 3005 3566 3954 4996 5520
0 882 2966 3207 3433 4095 4572
0 883 3732 4111
0 884 4644
0 885 3757 4537 5156
0 886 4777 5099 5476
0 887 2970 3061 4431
0 888 4090 4215 5327
0 889 2852 4207 4477
0 890 4069 4846 5398
0 891 2883 3370 3721 3733 3934 5263 5341 5524
0 892 3155 3587 4393 4530
0 893 5498
0 894 4526 4721 4898
0 895 4240 5278
0 896 3674 4513 4851
0 897 3182 4133
0 898 4853 4932
0 899 2815 2984 4109 4314 5184
0 900 3445 3725 4194 4996 5196
0 901 3404 4179 4790 4877 4964 5259 5324 5527
0 902 2843 3000 3422 3733 3766 4084 4206 4266 4608 5210
0 903 2950 3082 3422
0 904 2937 3416 3513 4389 4913
0 905 2990 3253 4356 5538 5582
0 906 3327 3805 5399
0 907 3391 4410 4469 5288
0 908 3147 3447 4105 4193 5004 5556
0 909 4655
0 910 3255 3815 4016 4527
0 911 4152 4495
0 912 3593 4521 5029 5349 5499
0 913 4847 5339
0 914 3136 5442
0 915 2903 3078 3302 5476
0 916 4229 4406 4469 4581 5280
0 917 3413 4080 5365
0 918 4088
0 919 3461 3893 5101
0 920 4110
0 921 3015 3113 4369 4754 4876
0 922 2978 3031 3897 4340 4738
0 923 2818 2908 3127 3296 3577 3589 3922 4154 4886
0 924 2806 4083 4085 4121 5021
0 925 3156 3611 4076 4999 5149
0 926 3556 3576 3608 3838 4374 4551
0 927 3539 4148 4193 4655 4991 5499
0 928 3137 3692 3895 3930 5367 5406
0 929 2856 3138 3211 3381 4575 4826 4879
0 930 4820
0 931 2878 3340 4546 5219
0 932 3108
0 933 3914 4116 5165 5431
0 934 2979 3629 3681 4694 5265
0 935 3842 5196
0 936 3359 3578
0 937 3672
0 938 3199 4096 4722 4903 5264
0 939 3674 4568
0 940 2837 3945 4196 4573 5310
0 941 2894 3161 3831 3925 4374
0 942 4704 4987 5406
0 943 2929 3447 4490 5371
0 944 2961 4096 4365 4590 5497
0 945 3254 3436 3818
0 946 2828 3083 4492 4978
0 947 3417 4501 4531
0 948 3350 4323 4614
0 949 3018 5541 5542
0 950 3262 3675
0 951 3030 3745 4219 4356 4953
0 952 4690 4713 5009
0 953 3041 4322 4477 5015 5377
0 954 3912 4293 4571 5198
0 955 4510 5050 5252
0 956 3415 5116 5585
0 957 2962 3807 4090 4095 4341 4490 4554 5155 5451
0 958 3789 5148 5585
0 959 3075 3466 3726 4541 4787
0 960 4171 4333
0 961 3757 3795 4162 4296
0 962 4706 5118 5571
0 963 3191 3214 4451 4713 4724 4763 5045
0 964 4394 4682
0 965 4779
0 966 2850 2970 3297 3775 4933 5465
0 967 3849 4555 4870 4902 4916
0 968 3141 3740 3965 4536 4675 5334
0 969 3039 3969 4476 5050 5349
0 970 3383 5415
0 971 2882 3103 4517 4685 5551
0 972 4165 5191 5272
0 973 3105 3382 3847 3907 4276 4703 5207 5275
0 974 3365 3820 4062 4696 5453
0 975 2885 4147 4401 4416 4983
0 976 2933 3900 3989 4745 5373
0 977 4814
0 978 4274 4384
0 979 3294 4625
0 980 4292 4988 5387
0 981 4026 4107 4598 5483
0 982 4770 4843 4847
0 983 4229 4561 4741 4874 5437
0 984 3468 5134 5282
0 985 3601 3790 4149 4409 5438
0 986 2874 3201 4787 5350
0 987 3470 4761
0 988 3191 3195 3608 4612 5192
0 989 3389 3753
0 990 3334 3814 3937 4371 4731
0 991 2959
0 992 4476 5143
0 993 4325 5087 5383
0 994 3562
0 995 3285 4573 4685
0 996 2968 4233 4781 4906
0 997 3131 4323 4529
0 998 3876 3943
0 999 3557 4538 5297 5483
0 1000 3048 4816
0 1001 3348 5265
0 1002 5124
0 1003 2881 2897 3057 5429
0 1004 3618
0 1005 3042 4618 4637 4864 5419 5530
0 1006 3580 4359 4492 4754 4755 4881 5036 5076
0 1007 4748 5191
0 1008 2843 3835 4883 5155
0 1009 3972 4529 4688 5163
0 1010 3474 3607 3723 4127 4194 4740 5141
0 1011 3279 4179 5065 5374
0 1012 3812 4152 5379
0 1013 3185 3870 3995
0 1014 3815 4322 4674 4802 5452
0 1015 2860 3045 3398 3810 4736 4964
0 1016 3815 5563
0 1017 3733 5298
0 1018 2801 2835 3242 3288 3748 3992 4401 4415 4611 4620 4663 5571
0 1019 2907 2917 3808 4116 5167 5407
0 1020 3135 3254 3286 4025 4423 4906 5260
0 1021 2901 3721 4435
0 1022 4387 4829 4952
0 1023 5269
0 1024 4186 4418
0 1025 3009 3875 4393 4681
0 1026 3278 5051 5551
0 1027 2852 3909 5333
0 1028 4281
0 1029 3046 3490 4539 4873 5318
0 1030 3244 5153
0 1031 2978 3440 3586 5187
0 1032 5418 5481 5520
0 1033 3720 4228 4548 4832 5101 5310
0 1034 4661 5177 5404 5467
0 1035 3471 4449 4504
0 1036 3567 3955 4195 4378 5126
0 1037 3169 4255
0 1038 3682 4057 4595 4862 5044
0 1039 2960
0 1040 2852 5460 5503
0 1041 3635 4065
0 1042 4200
0 1043 4866
0 1044 5377
0 1045 2978 3470 3507 5277
0 1046 4858 5510
0 1047 3810 4557 5432 5547 5563
0 1048 2930 3566 4574 5001 5248
0 1049 2855 2932 2942 4333
0 1050 3759 4244 4409 4545 5547
0 1051 3056 3254 3823 4008
0 1052 3354 4547
0 1053 3124 3286 3634 4387 4618 4944 5571
0 1054 4558 5062
0 1055 4784 5441
0 1056 3066 5250 5269
0 1057 4210 4593 4778
0 1058 3403
0 1059 2851 3253 3627
0 1060 2953 4457 4916
0 1061 2803 3140 3415 4435
0 1062 3299 4362 4995
0 1063 2975 3516 3777 4436 5251
0 1064 3810 4214 4887
0 1065 3259 3294 4395 5300
0 1066 3597 3979 4719
0 1067 2940 3095 3373 3527
0 1068 4983
0 1069 2844 3616 4027 4397 5209
0 1070 3967 4297 5343
0 1071 3509 3640 3715
0 1072 3795 3843 4037 4432 4704 5183
0 1073 3921 4263
0 1074 3782 5304
0 1075 3191 3268 5364
0 1076 4281 4344 4866
0 1077 2947 2982
0 1078 3461 3976 4616 5163
0 1079 4660
0 1080 3201 4987 5121 5124 5373
0 1081 3546 4823
0 1082 3462 4249
0 1083 3139 3272 3684 3881 4402 4471 4743 5180
0 1084 4572
0 1085 3417 3560 4010 4353 5009
0 1086 4217
0 1087 2858 3192 3829 5059 5576
0 1088 4658
0 1089 3132 3587 4683 4991 5385
0 1090 3093 3295 3890 4770 4880 5231 5393
0 1091 4397 4976
0 1092 3668 4613 4916
0 1093 2804 3570 4380 4396 4693
0 1094 3112 3181 3285 3902 4549 5206
0 1095 3097 3370 4033 4621 5079
0 1096 4801 5063
0 1097 3494 4486 4683 5022
0 1098 4046
0 1099 3048 3223 4175 4898
0 1100 3049 3395 4336
0 1101 4381 4547 4959 5123 5159 5212
0 1102 3504 4893
0 1103 2872 2945 3851 5186 5523
0 1104 2985 3421 3510 3829 5392
0 1105 3914 4035 4047
0 1106 4255 4804
0 1107 3100
0 1108 2838 3198 5264
0 1109 3827 4755
0 1110 5010 5255
0 1111 3389
0 1112 2919 3087 3491 5294
0 1113 4553
0 1114 3488 4122 4318 5493
0 1115 3020 3207 3282 4186
0 1116 3762
0 1117 4077
0 1118 3041 5371
0 1119 2979 3014 3535 4718 5592
0 1120 4250 4950 5356
0 1121 3020 3380 4243 4593 5123
0 1122 3107 4008 4160
0 1123 3218 4527 4762 4901
0 1124 3529 3752 3772 4027 5287
0 1125 2940 3219 3731 4132 4314 4464
0 1126 4683 5021 5144 5156
0 1127 3615 3971 4413 4834 5136 5342
0 1128 4032 4398 4542
0 1129 2894 3158 3969 4048 4369 5416 5459
0 1130 3359 4486 4540 5036
0 1131 3569 3652 3750 4704
0 1132 2949 4790
0 1133 3142 3671 5368
0 1134 2819 3570 4643 5220 5421 5547
0 1135 2872 4025 4159 4169 4651 5340
0 1136 4628
0 1137 3146 3271 3842 4544
0 1138 4058
0 1139 3361
0 1140 4155 4404 4810
0 1141 3082 3932 5287
0 1142 3289 4358 4617 4973 5130 5420 5521 5544
0 1143 3064 4449 4905
0 1144 3655 4510 4786 4872
0 1145 3344 3515 3798 4371 4821
0 1146 2845 4385 4734 5265
0 1147 3333 3608 4503 4579 5587
0 1148 2955 4899 5401 5572
0 1149 2940 3323 4200 4605 4649 4754
0 1150 2975 4847 4900 5430
0 1151 3155 3731 5151
0 1152 3551 3843 5183
0 1153 3208 3230 3371 3817 4017
0 1154 3558 4199 4980 5083
0 1155 4622
0 1156 3771 3929 5064
0 1157 2923 3153 3368 3691 3784 5248
0 1158 5277
0 1159 3858 4186 4450 4542 4947
0 1160 4425 4544 5511
0 1161 4706
0 1162 3747 3940 3988 4552 4859
0 1163 2845 3194 3889 3900 5455
0 1164 3490 4751 4951 5406
0 1165 3734 3945 4903
0 1166 2892 5127
0 1167 2842 4026 4637
0 1168 3087 4760
0 1169 3667 4460 4915
0 1170 3351 4166 4407 4580 4698 5542
0 1171 3906 3975 4728 5451
0 1172 3165 3327 3435 4467
0 1173 4863 5350
0 1174 2994 4970 5101
0 1175 2980 3073 3231 3912 5126 5447 5589
0 1176 2847
0 1177 4469 4508 4735 4863
0 1178 3909 4969 5110
0 1179 3600 4450 4749 5035
0 1180 4125 4887 5441
0 1181 3809 4174 4247 4873 5450 5581
0 1182 3070 3581 3755 4936 5086 5323
0 1183 4535 4670 4791 5498
0 1184 3306 4334 5221
0 1185 3738 5469 5597
0 1186 3138 3692 4261 5063 5342 5376
0 1187 3080 4404 4618
0 1188 4016 4724 5202
0 1189 4215 4815 5102 5357
0 1190 3148 3638 4389 4804 5138
0 1191 3045 4652
0 1192 2961 3186 3860 4417 5410
0 1193 2867 3353 3909 4393 4576
0 1194 2867 3233 3310 4361 4621 5378 5484
0 1195 3069 4309 4993 5297 5588
0 1196 3186 3293 4891 4992
0 1197 3404 3411 5142 5152
0 1198 3096 3473 5035 5272 5494
0 1199 2886 3007 3402 3438 3697 4700
0 1200 2980 4369 4529 5090
0 1201 3041 4043 4539
0 1202 3782 4734 4895 4916 5272
0 1203 2902 3988 4023
0 1204 3915 4249 4976 5488
0 1205 5165 5503
0 1206 3223 4531
0 1207 3132 3169 3177 3883 5243
0 1208 3188 3431 4235 4895 5445
0 1209 3499 4584
0 1210 4080 4816 5124 5291 5538
0 1211 4995 5564
0 1212 2898 4123 4198
0 1213 4035
0 1214 3085 3687 4097 4707 4757
0 1215 4483 5349
0 1216 3007 3701 3852 4588
0 1217 2990 3047 3244 3700 3776 4001
0 1218 3689 4212 4559 5073
0 1219 3560 4293 5505 5564
0 1220 3690 4127 4474
0 1221 2850 3129 3705 4632
0 1222 3351 3471 3899 4532 4658 4924 5142
0 1223 3380 4284 4714 5161
0 1224 3053 3080 3209 3821 3842 4300
0 1225 4562 4574 5515
0 1226 4282
0 1227 2829
0 1228 2897 3299 4371
0 1229 4359 4834
0 1230 3269 3443 3538 5537
0 1231 3481 3776 4450 4738 5081
0 1232 3216 3449 3486 4219 4354 4940 5103 5508
0 1233 3453 4044 4221
0 1234 3389
0 1235 3696
0 1236 4841 4983 5227
0 1237 3209 3662 3689 4376 4458
0 1238 2854 3220 3591 3782
0 1239 3155 3652 4042 4130 4305 4842
0 1240 3303 4298 5583
0 1241 2810 2899 3578 4027 4230 4337 5403
0 1242 3447 3842 4637
0 1243 3361 4570 5264 5510
0 1244 2931 3495 4377 4588 5592
0 1245 3510 4433 4732 4791 4855
0 1246 4743 5347
0 1247 5325 5372
0 1248 3095 4025 4410 5028
0 1249 3212 3530 4060 4392 4637 5396 5464
0 1250 3118 3299 3527 3952 4655 5423
0 1251 2834 3255 3297 4582 4649
0 1252 3909 3924 4055 4214 4346 5134
0 1253 3673 3984 4252 4725 4868 4889 5469
0 1254 5205
0 1255 4032
0 1256 2973
0 1257 4834
0 1258 3782 4725 5381 5462
0 1259 3243 3259 3632 3745 4447 4772
0 1260 3273
0 1261 4192 4222 4385 4424
0 1262 2812 4031 4343 4390
0 1263 3704 4152 5397
0 1264 3838 4670 4792 5401
0 1265 3272 3396 4262 4340
0 1266 3180 3698 4958
0 1267 4874
0 1268 4267 4426 5502
0 1269 2804 2813 4294 4834 5262 5507
0 1270 3382
0 1271 3519 4597 4613 5559
0 1272 4500 5138 5351
0 1273 3827
0 1274 2932 3206 3230 5008 5288
0 1275 2961 3146 3892 4691 4917 5217
0 1276 3622 4323 4981
0 1277 4029 4097 4176 5150 5307
0 1278 3313 4279 4572
0 1279 3133 3767 4327 5065 5420
0 1280 2937 5136 5359 5451
0 1281 3013 3295 3804 4088 4178 4189 4476 4671 4782 5178
0 1282 3571 3915 4388 4459 4729
0 1283 3278 3294 4027 4392 4945
0 1284 3298 3860 4354
0 1285 3274 4412 5304
0 1286 3961 4013 5031 5171
0 1287 2911 3450 4035 4562 5037
0 1288 4388
0 1289 4197 5069 5365 5394 5396
0 1290 2986 3025 5104 5126 5256
0 1291 5051 5156 5504
0 1292 3200 3576 4979
0 1293 4193
0 1294 4929 5480 5527
0 1295 3996 5495
0 1296 3065 3077 3261 3350 3760 3791 5035 5449 5532
0 1297 4201 4430 4985
0 1298 4815 5135 5222
0 1299 3133 4493 5020
0 1300 4073
0 1301 3558 5565
0 1302 3690 3816 4138 4453 5181 5292 5333
0 1303 3520 4055 4553 5026 5161 5423
0 1304 3935 4599 5296 5486
0 1305 3023 4136
0 1306 2891 3691 4689 4801
0 1307 2853 4049 4448
0 1308 3201 3309 3534 4179 5226
0 1309 5097 5149
0 1310 4451
0 1311 3193 4028 4128 4303 4348 4757
0 1312 3138 3434 3623 3686 4251
0 1313 3855 4408 4667 5594
0 1314 4195 5149 5554
0 1315 3351 4453 4589 4956 5300 5588
0 1316 2865 3518 4176 5043
0 1317 4114 4593 4862 5208 5386 5425
0 1318 3418 3594 4377 5024
0 1319 2844 3461 3468 3700 4510 4776
0 1320 3471 3536
0 1321 3800
0 1322 4539 4846 5015
0 1323 4788 4972
0 1324 3199 3635 4787 5341
0 1325 3316 3894 4311 4443 5454 5514
0 1326 3131 3622 3763 4960
0 1327 3106 3529 4609
0 1328 2939 3329 3765 3833 5026
0 1329 2852 2935 3739 4533
0 1330 4229 4267 4818
0 1331 3461 3717 4524
0 1332 4850 5454
0 1333 2867 2897 3089 3484 5041 5101 5481
0 1334 2906
0 1335 2862 3987 4301 4633 5357
0 1336 3459 3588 3638 4923 5449 5510 5550
0 1337 2908 3207 3674 4201 4438 5129
0 1338 3154 3234 4010 4576
0 1339 3265 3892 4568 4831 4858 4980
0 1340 4890 5428
0 1341 2944 3583 4837 4886 5239 5257
0 1342 3986 4322 5320 5523
0 1343 2941 4405 4419 5290
0 1344 3353 4840 5324
0 1345 3331 3333 5047 5153 5470
0 1346 2879 4700
0 1347 3613 3801 4914 5177 5598
0 1348 4277 4369 4476 5393 5429
0 1349 3025 3102 3191
0 1350 4562 4995 5439 5500
0 1351 3005 4258 4618 5241 5418
0 1352 3109 3862 4440 5149 5370
0 1353 2979 4310 4660 5491
0 1354 3860 4001
0 1355 2872 3015 3645 4255 4685 5051
0 1356 2841 3682 3880 4397
0 1357 3181
0 1358 3425 3448 3918 4076
0 1359 4507 4852
0 1360 2814 3243 3950 4259 5192
0 1361 4640 5218
0 1362 3334 3880 4614 4733
0 1363 4648 5164 5202
0 1364 3528 4376 5194 5242 5421
0 1365 2899 3190 3442 3601 3808 4486 4611 4925
0 1366 5273 5468
0 1367 4399 4747 4818 5487
0 1368 3405 4455
0 1369 3415
0 1370 3628 5347 5457
0 1371 3543 3621 4324
0 1372 2900 3085 3138 3207 3416 3633
0 1373 3886
0 1374 3236 3581 3665
0 1375 3458 3501 3862 5508
0 1376 3009 4213
0 1377 3834 4091 4650
0 1378 3783 3904 4137 4319 4337 5197
0 1379 2969
0 1380 3248 3671 4262 4875
0 1381 2826 3987 4537 4663 4968 5315
0 1382 5374 5564
0 1383 4993
0 1384 2960 3080 3658 3851
0 1385 3641 3815 3888 4474 4522 4655
0 1386 3067 3762
0 1387 3379
0 1388 3095 3307 4013 4188 4348 4987
0 1389 3507 3978 5583
0 1390 3329 4789 5168
0 1391 3191 3260 4237 4813
0 1392 3072 3663 4743
0 1393 4192 4575 4818 4933 5245
0 1394 3460 3495 4689 5038 5422
0 1395 3851
0 1396 3067 3591 5309
0 1397 3838 4686 4929 5302
0 1398 4154
0 1399 3295 3689 3898
0 1400 3152 3716 4292 4984
0 1401 3860
0 1402 3028 3977 4056 4095 4902
0 1403 4939 5024 5129 5358
0 1404 2913 4750
0 1405 5150
0 1406 4796
0 1407 3612 4857 5332 5356 5561
0 1408 2831 3160 3705 4653 4723 4889
0 1409 3247 3681 3747 4263 5408
0 1410 3314 4049 4097 5137 5579
0 1411 3610 4705 4727
0 1412 3049 3333 3508 3891 4272 4285 5022 5027
0 1413 3581 3658 3662 3803 5273
0 1414 3234 3461 5379 5504
0 1415 2805 2990 3138 4328 5065 5173
0 1416 4240 4260 4636
0 1417 3483 4584 5154
0 1418 3013 4042 4247
0 1419 2879 3010 3011 3301 5432
0 1420 3028 3195 4793 5598
0 1421 3240 5161
0 1422 5156
0 1423 3640 3908 5059
0 1424 2920 3766 4605 5035 5102
0 1425 3576 3630
0 1426 3068 3483 4595 4715
0 1427 3284 5326
0 1428 2886 3361 3918 4532
0 1429 3175 5455
0 1430 3086 3375 3624 4061 4410 4419
0 1431 3877 3914 4146 5075 5112 5495
0 1432 4170 4393 5384 5455
0 1433 4590
0 1434 4204 4623
0 1435 3212 3320 4406
0 1436 2829 4147
0 1437 5041
0 1438 3179 3342 3388
0 1439 3056 3536 3896 4412 5108 5468
0 1440 4922 5372
0 1441 2991 3026
0 1442 2809 2882 3531 3896
0 1443 3458
0 1444 3431
0 1445 3372 3568 3773 5579
0 1446 3740 3899 4480 5162
0 1447 5067 5447 5448
0 1448 4283 5504
0 1449 3073 3938 5217 5566
0 1450 3001 3445 4227 4668
0 1451 2825 3824 4090 4545 4821
0 1452 4323 5067
0 1453 2811 4568 4816 5329
0 1454 3305 3477
0 1455 3418 3421
0 1456 3045 3464 5058
0 1457 5569
0 1458 3447 4451 4933 5144
0 1459 3991 4162 5071
0 1460 3107 3742 4519 4824 4979 5531
0 1461 5136 5195
0 1462 3254 4301 4541 4752
0 1463 2838 3423 3570 4525
0 1464 3323 4077 4510
0 1465 3493 5223
0 1466 3590 3918 4695 5028
0 1467 2924 4813 4872
0 1468 3431 3509 4225 4449 5072 5128 5176
0 1469 3721 4585 4682 5049 5446
0 1470 3664 3733 4971 5448 5567
0 1471 3073 3327 3486 4334
0 1472 3411 4259 4342 4347
0 1473 4279 4728
0 1474 3395 3661 4231 5246
0 1475 2940 3385
0 1476 3867
0 1477 2907 4077
0 1478 3553 4040 5084
0 1479 3149 4305 5257
0 1480 3373 3546 3685 3774 3963 4661 5238
0 1481 3576
0 1482 3808 4275 5138 5451
0 1483 3754 5285
0 1484 2975
0 1485 4885 4923
0 1486 4225 5125 5253 5417
0 1487 4425 4452
0 1488 3776 4847 4869 4879
0 1489 2831 3014 3246 3661 4103 4459 5011
0 1490 3898 4771 4791 5340
0 1491 3453 4128 5048 5571
0 1492 2957 3563 4080 4240 4323 4468 5156
0 1493 4832 5129
0 1494 3207 3365 4015 4109 4448 4680 5097
0 1495 4521 5415
0 1496 3122 3414 4461 5202 5500
0 1497 3891 5490
0 1498 3299 3642 4729 5183 5238
0 1499 4204
0 1500 2918 3987 4040 4277 5101 5118 5241
0 1501 3922 5028
0 1502 3978 4239 4462 5015 5265
0 1503 4248 5046 5145 5483
0 1504 3132 4313 4461 4784 4946 5244 5295
0 1505 2999 3749 4513 4607
0 1506 4457 4605
0 1507 3022 3523 3861 4365 5481
0 1508 3727 4203 4617 4630 5369
0 1509 3423 4570
0 1510 4265
0 1511 4896 5172
0 1512 5096
0 1513 3582 4571 4644 4999 5510
0 1514 3781 5423
0 1515 4374 5420
0 1516 2956 3983
0 1517 3286 3871 4177 5417
0 1518 3090 3178 4663
0 1519 2988 4747 5339 5597
0 1520 3326 4003 4111 5029 5537
0 1521 4053 4063 4582 4622 4683 5524
0 1522 2857 4402 4789 5384
0 1523 3930 4036 5336
0 1524 2801 3369 3457 4834
0 1525 2896 3059 5029
0 1526 4101
0 1527 3147 3499 3701 4207
0 1528 3455 4079
0 1529 3061 3137 4435 4560 5272
0 1530 3637 3837
0 1531 3887 4415 4892
0 1532 3206 3434 3675 4154 4879
0 1533 3688 4344 4450
0 1534 2944 4003 4120 5468
0 1535 3006
0 1536 3297
0 1537 3334 3460 3893
0 1538 3502 3889 4040 4502 5572
0 1539 3708 4311 4585 5284 5312 5537
0 1540 4218 4804 4981
0 1541 3365 5502
0 1542 3279
0 1543 3406 3902 4316 4774
0 1544 3646 3882 4144 4156 4844
0 1545 3869 4841 5137
0 1546 2996 3458 3583 5086
0 1547 4880
0 1548 2927
0 1549 2813 3588 3972 4404 4879 5446
0 1550 3502 3538 3881 4714 4888
0 1551 3324 3442 4177 4279
0 1552 3044 3962 4488 4498 5438
0 1553 3312 3721 4200 4763
0 1554 3550 5154
0 1555 3663 4133
0 1556 2864 4532 4644
0 1557 4531 4997 5549
0 1558 3413 4605 5429
0 1559 3875 4966
0 1560 2832 2843 3538 4019 4334 5093
0 1561 2861 4147 4294 4564
0 1562 2939 3481 4080 4661
0 1563 2825 3110
0 1564 2911 3677 5112
0 1565 3996 4111
0 1566 5120 5183
0 1567 2890 4719 5300
0 1568 3168 3804 4273 4771 4852
0 1569 4203 4729
0 1570 4831 4855
0 1571 4945
0 1572 3159 3480 5041 5112 5181 5271
0 1573 4275 4689
0 1574 4424
0 1575 3331 4448
0 1576 2803 3000 3065 4858 5553
0 1577 2876 3993
0 1578 3655 4846 4905
0 1579 5171
0 1580 3210 3474 4097 4107
0 1581 5003 5327
0 1582 3838 4342 4625 4723 4949 5226 5389 5522 5559
0 1583 3211 5445
0 1584 3637 4466 5325
0 1585 3052
0 1586 3350 3528 3786 3881 5270 5417 5564
0 1587 3398 4331 4486 4524
0 1588 3192 3382 4406
0 1589 2869 4118 4346
0 1590 2954 3926 4436 4449 4511 5153 5252 5494 5569
0 1591 3623 3835 4196 4285 4735 5175
0 1592 3485 3674 5218
0 1593 3344 4397 4459 4803 5233
0 1594 3084 3652 3855 4275 4295 4331 5023 5393 5556
0 1595 3186 3850
0 1596 3741 4643 5593
0 1597 3073 3842 3881
0 1598 4019 4230 4980
0 1599 4689
0 1600 3604 5249 5259 5579
0 1601 2877 4300 4812 5371 5409
0 1602 5216 5304
0 1603 3350
0 1604 2862 2929 3517 4070 4249
0 1605 3497 3670 4571 4702
0 1606 3042 3136 3155 5444
0 1607 3723
0 1608 3390 3748 4547
0 1609 3899 4495 4587 5516
0 1610 3343 3673 4046 4609 5188 5540
0 1611 3898 5154 5449
0 1612 2866 2932
0 1613 3179 4349 5462
0 1614 3353 4706 4762 5413
0 1615 2874 3558 4799 5245 5299
0 1616 4059 4457 5175
0 1617 3161 3958 4112 4555
0 1618 3073 3429 3838 3957 5209
0 1619 3955 5565
0 1620 3052 3281 3617 4145
0 1621 4785 4825 5415
0 1622 4857 5376
0 1623 2950 3022 3431 3691 4221
0 1624 3258 3577 3616 3793 4322 4454 5260
0 1625 3374 4656 4847 5418 5539
0 1626 2954 3122 3229
0 1627 3662 3674 4138 4403 4860
0 1628 3662 3853 4266 4787
0 1629 3329 4137 4863
0 1630 2878 3322 5406 5436
0 1631 3304 4018 4824
0 1632 3004 4600 4614 4898
0 1633 3002 5549 5554
0 1634 2889 2966 3276 4121 4866 4879 5337
0 1635 2889 3032 3228 3667 4049
0 1636 3196 3829 4144 4229 4970 5128
0 1637 4284
0 1638 3094 3119 4187 4662 5001 5455
0 1639 2961 5126
0 1640 3053 3128 3255
0 1641 3324 3356 3674 5380
0 1642 2989 3421 4447
0 1643 4210
0 1644 3120 3323 3955 5228
0 1645 2812 3403
0 1646 4304 4308 4948 5088 5366
0 1647 3817 4524 4709 5045 5121
0 1648 2987 3202 3203 3955 4076
0 1649 3480 4147 4250 4411 4846
0 1650 3362 3924 4029 4923 5006 5254
0 1651 2979 3177 3316
0 1652 2841 3033 3991 4176 4300 5328
0 1653 3279 3494 4692 5345
0 1654 3286 4205
0 1655 2860 4763
0 1656 2883 3684 3755 4943
0 1657 2908 4310 4611
0 1658 3188 3804 3905 4383 4811
0 1659 3469 3606 3802 4288 4303
0 1660 3416 4017 4477 5594
0 1661 3426 3842 4127 4719 5101
0 1662 2894 3501 4898
0 1663 4024 5166
0 1664 3317 3520 3819 5291
0 1665 3250 3376 3898 4715 5423
0 1666 3333 3557 3942 4143 4302 4428 4808 5055 5067 5219 5352
0 1667 3870 4090
0 1668 5428
0 1669 3022 3562 5045
0 1670 5465
0 1671 2977 5547
0 1672 3750 3756 3956
0 1673 2895 2914 3222 3317 3423 3787 4362 4818 5065
0 1674 3380 4236 4495 4575 4846 5241 5461
0 1675 3607 3923 5329 5573
0 1676 3541
0 1677 2938 4381 4559 4693 5383
0 1678 3205 3550 3779 3993
0 1679 4225
0 1680 3566 3742 3814 4882 5240 5451
0 1681 3660 4435 4902 5172 5589
0 1682 3022 3851 4725 4825
0 1683 3571 3684 4547
0 1684 2951 3001 4190 4251 4970
0 1685 2836
0 1686 3670 4077
0 1687 3813 4419 5532
0 1688 3778 4335 4894
0 1689 3311 3792 4077 4434 5168
0 1690 3199 3620 4207 4797 4898
0 1691 3251 3305 4080 5035 5364
0 1692 3169 3952 4648 4734 4764 4991
0 1693 2835 4077 4490
0 1694 3851 4574
0 1695 2916 4014 4408 4907 5134
0 1696 3031 3706 5079
0 1697 5370
0 1698 3014 4976 5409
0 1699 5199
0 1700 2937 3499 3947 4115 4591
0 1701 2896 4030 4729
0 1702 5387
0 1703 3126 5215
0 1704 4786 4946 5260
0 1705 2839 4492 5009
0 1706 2915 3991 4910
0 1707 4373 5547
0 1708 3559 4597 5109 5367 5509 5592
0 1709 5518
0 1710 4683
0 1711 3286 4299 5246
0 1712 2834 3070 3539 3678 3831
0 1713 3406 5517
0 1714 3673 4393 5021 5421
0 1715 2820 3999 4017 4157 4807
0 1716 3419 3643 5052 5207 5242
0 1717 3243 3926 4395 5010
0 1718 2846 3715 4447 4769 5383
0 1719 2965 3976 5137
0 1720 4419
0 1721 2924 3316 4239 4312 5290
0 1722 2813 3088 3371 3998
0 1723 2993 4869 5568
0 1724 2862 2938 3402 3831 3847 3960 4291 4542 5112
0 1725 4763 5183
0 1726 3582 4476 5303
0 1727 4389
0 1728 3121 3172
0 1729 2894 2948 5223 5227
0 1730 5428
0 1731 3132 3561 5383 5473 5592
0 1732 2984 3222 3710 4409 4562 5184 5514
0 1733 2887 3695 4109 4840
0 1734 3470 3800 4886 5244
0 1735 2952
0 1736 3155 3837 4733 4873 5537
0 1737 3835 3912 4836 5524
0 1738 4914
0 1739 3457 3617
0 1740 2859 4220
0 1741 2982 3882 4540 4598 5377
0 1742 2887 3157 3960 4012 4597 4815
0 1743 2961 3235 3336 3743
0 1744 4364 5480 5572
0 1745 3597
0 1746 3153
0 1747 2930 3909 4301 4656
0 1748 3404 4136
0 1749 4716
0 1750 2852 2882 3442 3947
0 1751 3887 4448 4572 4727
0 1752 3404 4016 5271
0 1753 4008
0 1754 3706 4031 5397
0 1755 3054 3179 3305 5135
0 1756 3494 3660 5180
0 1757 3376 5570
0 1758 3022 3744 3988 4591 5465
0 1759 3364 3838 4171 5421
0 1760 2943 3551 3883 4196 4867 5051
0 1761 3640 4620 5362
0 1762 3094 4233 4310 4542
0 1763 3286 4946
0 1764 3521 5031
0 1765 3910 4000 4126
0 1766 3860 3962 4203 4903 5293
0 1767 3161 3935 4303 4930 5051
0 1768 3979 4324
0 1769 3261 3403 3437 4847 5541
0 1770 3156 3650 4275 5395
0 1771 3911
0 1772 3775
0 1773 3481 4069 4485 5184 5187
0 1774 3579 4192 4359 4859
0 1775 3054 4588 4988 5367 5471
0 1776 2818 3148 4100 4494 5472
0 1777 2928 4155 4344 4523 4805
0 1778 4288 4358
0 1779 3623 3740
0 1780 5203 5395
0 1781 3777 5497 5591
0 1782 4316 4840
0 1783 5321
0 1784 3947 4282 4349 4355
0 1785 3217 4133 5240
0 1786 2924 3493 4074
0 1787 2825 3518 3900 4057 4729 4733
0 1788 3038 3758 3924 4102 4231 4234
0 1789 3905 4845 5039 5441
0 1790 5099
0 1791 3136 3434 4216 4492 4809 5118 5463
0 1792 3659 3994
0 1793 2853 3112 3120
0 1794 4589
0 1795 3583
0 1796 3080 3450 4199 5468
0 1797 3023 3051 4247
0 1798 2910 3042 3633 3984 3990 4259 4903
0 1799 3258 3793 4464 5071 5400 5475
0 1800 3159 5272
0 1801 3308 3815
0 1802 3348 4570 5506 5594
0 1803 3028 3179 3222 3419 5004 5129
0 1804 3138 3446 3989 4036 4323
0 1805 3761 4221 4557 4944
0 1806 3349 4787 5126 5219 5548
0 1807 3578 3793 3815 5499
0 1808 3036 3907
0 1809 3875 4468 5306
0 1810 4015 4825
0 1811 2883 4529 4634 5273
0 1812 4180 5255 5422 5486
0 1813 3849
0 1814 2997 3084 3174 4413 4522
0 1815 3023 3693 3819 5147 5211
0 1816 3751 4069 4842 5198 5507
0 1817 2965 4364
0 1818 3416 3668 4346
0 1819 3010 3667 4116 4253 4580 5339 5449 5463
0 1820 2959 3419
0 1821 3061 3170 3292 5228
0 1822 2893 3929 4114 4449 4475 5491
0 1823 2905 2995 4225 4798
0 1824 4706 4797 5326 5355
0 1825 5547
0 1826 2830 3031 4347
0 1827 3480 4193 4337 4605
0 1828 2958 3131 5210
0 1829 3411 4906
0 1830 3857 4551
0 1831 3040 3146 3217 3334 3401 3602 3885 4123 5370
0 1832 3440 4099
0 1833 3166 5407
0 1834 3456 3472 4218 4952 5086
0 1835 3330 4049 4979 5460 5572
0 1836 3036 4392 4632 5183 5498
0 1837 3482 4972 5397 5480
0 1838 3346 3944 4661
0 1839 3465 3528
0 1840 3059 4370 5470
0 1841 2940 3627 4244 4529 4763 5443
0 1842 3640 3848 4103 4449 4589 4743 4870
0 1843 3541 4036 4165 5261
0 1844 2960 3464 4082 5185
0 1845 4066 4697
0 1846 2991 3206 3891 4300 4676
0 1847 3201 3950 4054 4404 4517
0 1848 2825 3060 3123 3220 3228 4237 4257 5006 5010 5057
0 1849 3809 4033 4232
0 1850 3061 3207 3401 3983
0 1851 3017 3046 3081 3288 3623 4645 4980 5005
0 1852 3117 4531
0 1853 2919 3038 3226 3757 5509
0 1854 5209
0 1855 3066 3267 3374 3640 4093 5509 5529
0 1856 4668 5118 5566
0 1857 5079
0 1858 3143 3789 4679 5239
0 1859 3107 3304 3549 4873 5093 5129
0 1860 2821 3037 3135 3297 4779 4908 5177 5370
0 1861 2997 4301 4607
0 1862 3682 4485 5042
0 1863 3333
0 1864 4369
0 1865 4704
0 1866 3960 4833 4918 5025 5220
0 1867 3386 3762 4545 5211 5383 5498
0 1868 3406 3866 5389
0 1869 3735 4529 4820
0 1870 4101 4212 4743
0 1871 2970 3596 4056 4086 4953
0 1872 2822 4071 4344
0 1873 3589 4634
0 1874 2970 3248 3819 4240 4326
0 1875 3770 5456
0 1876 3044 4183 4375 4706
0 1877 4289 4339
0 1878 5093 5417 5526
0 1879 4934 5320
0 1880 3254 5064 5369
0 1881 3406
0 1882 3414 4863 5370
0 1883 3400 3968 4485
0 1884 3821 3824 4213 5249 5276
0 1885 4210 4565 5116 5552
0 1886 3079 4624 4627 4671 5300
0 1887 3298 3607 3696
0 1888 2800 3477 4046 4868 4998
0 1889 4164 4556 4564 5194 5332 5378
0 1890 4042 5071
0 1891 3635 3728 4403
0 1892 3073 3914
0 1893 3026 3679 5412 5492
0 1894 3884
0 1895 3970 5048
0 1896 4062 4587
0 1897 4990
0 1898 3491
0 1899 3078
0 1900 4727 5386
0 1901 4021
0 1902 5045
0 1903 3273 4462 5432
0 1904 3469
0 1905 3057 3838 5109 5213
0 1906 3513 4104 4579
0 1907 3497 3568 3824 4546
0 1908 4871 5223
0 1909 2839 2898 2983
0 1910 3488
0 1911 3609 4695
0 1912 2922 2956 3488 3705 5542
0 1913 4652 4888 5465
0 1914 4071 4588 4867
0 1915 2923 4087 4121 4152 4525 4852 5420
0 1916 3381 4570 4770
0 1917 3201 3662
0 1918 3250 3964 4128 4220 4590 4608
0 1919 3148 3454 3578 5316
0 1920 3595 3667 3693 4019
0 1921 3491 3859 4792 5060
0 1922 3435 3464 4486 4963
0 1923 4864 5322
0 1924 3518
0 1925 4685
0 1926 3024 3066 3330
0 1927 5190
0 1928 4044 5487
0 1929 5551
0 1930 4024 5022 5114 5454
0 1931 3061 3789 4954
0 1932 2805 3378 3831 4347 4430 4924 5477
0 1933 3178 3555 4040 4059 4112 4337 4625 4754 5083
0 1934 3370 3470
0 1935 2875 2972 4474
0 1936 3219
0 1937 3758 3772 4270 4738 5127
0 1938 2869 4462 5027 5243 5272 5467 5597
0 1939 3002 4110 4180 4687 4807 5564
0 1940 2878 3106 3150 3502 4189 4763 5201 5380
0 1941 3101 3290 5018
0 1942 3771 5181
0 1943 3422 3424 3843 4107 5374
0 1944 3039 3207 3214 4678
0 1945 4250 4316 4615 4729
0 1946 3060 3220 4016 4666 4864 5218
0 1947 4108 4966 5539
0 1948 4843 5150
0 1949 3700 4307 4755
0 1950 3542 4377 5223
0 1951 3055 4145 4638
0 1952 2857 3014 3728 3799 4881 5528
0 1953 3100 4538 4655 4674
0 1954 4407 5258
0 1955 3413
0 1956 3631 3733 4146 4595 5187
0 1957 4193
0 1958 3220
0 1959 3099 3383 3520 3689 4158
0 1960 3007 4028 4540 5107 5336
0 1961 4383 4721
0 1962 2861 4521 4806 5035 5195
0 1963 3161 3319 3424 3925 4542
0 1964 4974
0 1965 3959 3995 4647 4695 5481 5496
0 1966 3021 4237 5297
0 1967 4143 4245 4778 5258 5351
0 1968 3725 4433 4778 4787
0 1969 3519 4301 5033 5443 5512
0 1970 5245
0 1971 4555 4969
0 1972 3560 5456
0 1973 4731 5011 5519
0 1974 3264 3524 4020 4445 5367
0 1975 4919
0 1976 3838 4078 5347
0 1977 3182
0 1978 3114 3710 4438 5288
0 1979 3123 3205 3844 4649
0 1980 4512 4894 5071 5311
0 1981 2985 3057 3242 4119 4813 5368
0 1982 2856
0 1983 2844 3905
0 1984 3120 3438 3973 5405
0 1985 2819 3149 3230 3770 5036 5550
0 1986 3076 4310 5185
0 1987 4785
0 1988 3513 5061
0 1989 2804 3780 5082
0 1990 3354 4192 4999 5101 5509
0 1991 3413 4039 4560 5284
0 1992 3671 5516
0 1993 5495
0 1994 3070 3543 3963 5199
0 1995 3098 3925 4761
0 1996 3730 3731 3925 4035 5269
0 1997 3131 3730 5431
0 1998 3190 3292 4080 4976
0 1999 3806 4887 5475
0 2000 3026 4084 4664
0 2001 3158 3321 3480 3667
0 2002 3222 3404 4226
0 2003 3513 5238 5354 5438
0 2004 3682 4301 5059
0 2005 4496 4813 5346 5386
0 2006 3411 4204 4785
0 2007 3630 4120 4228 5525
0 2008 3018 3426 3437 3546 3733 4682 4772 5533
0 2009 3071 4517 4705
0 2010 5263
0 2011 3555 3890
0 2012 2917 4182 4964 5477
0 2013 4687
0 2014 3685 4191 5016 5079 5269
0 2015 3588
0 2016 3156 3253 3325
0 2017 3407 3796 4598
0 2018 3126 4805 4985
0 2019 2833 3169
0 2020 3884 4156
0 2021 4979
0 2022 3367 3758 4973 5046 5297
0 2023 3699 4181 4469 4581 5171
0 2024 4652
0 2025 2980 5184
0 2026 5394
0 2027 3763
0 2028 3261 3837 3931 5313
0 2029 2908 3186 3472 3969 4771
0 2030 3211 3303 4613 5167
0 2031 3161 5378 5501
0 2032 2935 4597 4848 5443
0 2033 3083 3089 3877 3916 4660 5467
0 2034 2816 2918 3279 4019 5044
0 2035 3049 3338 3737 4794 5578
0 2036 3199 4184 4339 4697 4794 5406
0 2037 3070 4423 4859 4935 5156
0 2038 3313 3583 4397 5571
0 2039 3839 5061
0 2040 3711
0 2041 2839 2900 3035 4080 5277
0 2042 2860 3064 4478 5219
0 2043 2872 3314 5286
0 2044 2926 3680 4101 4957 5350 5417
0 2045 4204
0 2046 3056 3983 5192
0 2047 2841 3710 4836 5467
0 2048 2861 3200 5144
0 2049 3162 3382 3659 4930
0 2050 3071 5202
0 2051 3409 3842 3900 4072 4336 4697
0 2052 2926 3175 3184 3220 3356 4497 5078
0 2053 5427
0 2054 3424 3837 4876
0 2055 3373 4827 4913
0 2056 3107 3952 4377
0 2057 3562 3909 4014 4260 4454
0 2058 2873 4960
0 2059 2800 4951
0 2060 3094 3301 3575 3598 4328 5300
0 2061 3277 4275
0 2062 3197 3370 4645 5036 5121 5252 5433
0 2063 2987 3505 3830 4329 5301
0 2064 3277 4292 4346
0 2065 3934 3982 4443
0 2066 3318 3736 3768 3921 4096
0 2067 3276 3861 4544 5399
0 2068 3372 3772 4265 4485
0 2069 3384 3409 3528 3635 4186 4283
0 2070 3178 4187 4529
0 2071 2881 3284 4092 5401
0 2072 3454
0 2073 4022 4167 4864
0 2074 3745 4091 4589
0 2075 3177 3907 4279 4330 4448 4597 4951
0 2076 4599 4982
0 2077 3895 4749 4943 5340 5585
0 2078 3520
0 2079 3495 3554 4812
0 2080 3536 5323 5558
0 2081 3196 3210 3307 4138 4178 4583 4753
0 2082 3273 3734
0 2083 2898 3968 5322
0 2084 2886 3142 3430 3958 4146 5153
0 2085 3206 3393
0 2086 3235 3799 4221 5010
0 2087 4956
0 2088 3331 4836 5435
0 2089 2945 3420 5014
0 2090 3879 3987
0 2091 2957 3457 3632 4321 5092 5285
0 2092 4228 4286 4410
0 2093 3523 4932 5592
0 2094 5138
0 2095 3678 5213
0 2096 3573 3636 4241
0 2097 2995 3017 3633
0 2098 3383 3628 3810 4810 4814 5202
0 2099 3180 3514 5302 5429
0 2100 3086 4935
0 2101 3847 4683
0 2102 2899 3053 3276 3319
0 2103 4210 4280 4355
0 2104 5115
0 2105 2864 4065 4549 5056 5204
0 2106 3233 3871 4321 4569 4669 4670 5331 5334
0 2107 2928 4455 4521 5389 5417
0 2108 4512
0 2109 3477 3861 4183 4583
0 2110 2996 3723 3754 4508 4640
0 2111 3301
0 2112 3079 4075 5376
0 2113 3107 3109 3221 3813 4052 4579 4794 5408
0 2114 4330
0 2115 4889
0 2116 5335
0 2117 3428 4706 4936 5119
0 2118 4073
0 2119 5185 5336
0 2120 4212 4249 5210
0 2121 2923 3024 3054 3506 4992 5038 5236 5321 5453 5563
0 2122 4148 4430 4467 4808
0 2123 4102 4804
0 2124 5044 5479
0 2125 3165 3852
0 2126 2800
0 2127 2924 3879
0 2128 3401 3444 4015 5454
0 2129 3166 3973 4550 5047
0 2130 4368 4470 5118
0 2131 2902 3140 4752 5500
0 2132 3876 3889 4061 4762 5465
0 2133 3075 5461
0 2134 2916 3130 3965 4099 4215 5188
0 2135 3035 3473 3761
0 2136 4744 5055 5432 5535
0 2137 2957 3461 3554 3952 4185 4230 4686
0 2138 2918 2996 3477 3767 4121
0 2139 3976 4262 5270
0 2140 3535 3540 3556 4259 4284 4471
0 2141 3796 4964
0 2142 4324 4357 4827 4840
0 2143 2933 3774 4267 4509
0 2144 3490 4855 5247
0 2145 4530
0 2146 4111 5006
0 2147 3655 3956 3957 4758 5461
0 2148 3130 4733
0 2149 2950
0 2150 3012 3089 4387 5413
0 2151 3258 4244 4430 5031 5148 5529
0 2152 3574 5121 5431
0 2153 3019 3765 4447
0 2154 2895
0 2155 3342 3928 4147 5438 5566
0 2156 2983 3775 4276 4593 5275
0 2157 2865 5211 5354 5572
0 2158 3139 3820 4692 5395
0 2159 3578 4711
0 2160 3489 4420 4504 5257
0 2161 3061 3419 4282
0 2162 3286 3403 4320 4357 4370 4889 5260
0 2163 4102 4402 5150
0 2164 2883 5011 5506
0 2165 3164 3723 4552 5486
0 2166 3648 4487
0 2167 2874 2946 3170 3380 4705 5427
0 2168 4237 4438 4505 4511 5344
0 2169 3152 3809
0 2170 2976 3381 4332
0 2171 3786
0 2172 3330 5248
0 2173 3322 4684 5416
0 2174 3633 4299 4391 4403 4720 4744
0 2175 3600
0 2176 3047 3329 4531 5017 5195 5563
0 2177 3192 3728 4267 4348 5371 5430 5598
0 2178 4190 4203 4593 4681 5220
0 2179 3022
0 2180 4516
0 2181 2937 4109 4379 4399
0 2182 3427
0 2183 3146 3304 4253
0 2184 2877 3144 3317 3377 3977 4465 4545 4926 5327
0 2185 2978 4304
0 2186 5078
0 2187 3096 3735 5382
0 2188 3367 3375 4295 5380 5429
0 2189 3113 3450 3598 4011 4481 5387
0 2190 3201 3794
0 2191 3295 3312 4437 4728 4801
0 2192 2850
0 2193 2935 3160
0 2194 3707 4077 5163 5517
0 2195 3383 4204
0 2196 3434 4365 4437 5269
0 2197 2871 2934 3800
0 2198 3524
0 2199 4534
0 2200 3133 4701 4834 5552
0 2201 2955 2961 4978 5025 5241
0 2202 3387 3947
0 2203 3121 3947 4488 4602 4985
0 2204 2933
0 2205 3520 4354
0 2206 3387 3683 3867 4078 5309 5506
0 2207 2957 3251 4093
0 2208 2948 2964 4019 4164 4630 5003 5015 5268
0 2209 3698 3727 4267 5192
0 2210 2893 3644 4231 4871
0 2211 3869 4781 4959 5193
0 2212 5298 5365
0 2213 3207 4282 5066
0 2214 2986 4014 4259 4716
0 2215 3543 4626
0 2216 3745 3917 5548 5550
0 2217 2941 4415 4476 5487
0 2218 4974
0 2219 3111 3600 3622 4248 4961 5284
0 2220 3058 4231
0 2221 3245 4496 5089 5348 5481
0 2222 3059 3739 3954 4017 4339 4397
0 2223 2829 2863 3269 4304 5032 5153 5533
0 2224 2829 2972 3081 3949 4149 4278 5491
0 2225 4914 5302 5358
0 2226 2966 3219 3256 5261
0 2227 2872 2965 3068 3326 3485 4708 4824 5158
0 2228 2932 5037 5206
0 2229 3779
0 2230 3456 4845 4875
0 2231 3424 4098 4626 5048
0 2232 3524 4749
0 2233 3093 3670 3842 3860 5444
0 2234 3647 3766 3951 4561 5064 5553
0 2235 5585
0 2236 3775 4034
0 2237 3722 3864 4410 4555
0 2238 3020 3232 4409
0 2239 3755 4166 4273 4439 4520
0 2240 4181 4289 4393 5175 5336 5444
0 2241 3010 3155 5025 5209
0 2242 3399 4890
0 2243 3123 3124 3846 4262 4984
0 2244 3583 3668 4061 5002 5006 5029
0 2245 2938 4252 4454 5190
0 2246 2933 3349 3604 4155 4522 5522
0 2247 3179 3755 3937
0 2248 4326 4859 5075 5121
0 2249 3230 3454 3486 3536
0 2250 3478 4017 4146 4335 4830
0 2251 4585 4917 5273 5520
0 2252 3533 3909
0 2253 4957
0 2254 3402 3544 3610 4125 4301
0 2255 3668 4085 4445 4494 4545 5105
0 2256 3016 3419
0 2257 2829 3160 4664
0 2258 3784 4206 4424 4680
0 2259 3823 5488
0 2260 2816 3157 3912 4060 4709 4721
0 2261 3703 5067 5415
0 2262 3563 3712 3747
0 2263 2818 3617 4267 4345 5048
0 2264 5192 5221 5271 5327
0 2265 4800
0 2266 3442 3468 4655 4701 4805 5131 5195
0 2267 2875 5137 5494
0 2268 4380 4613
0 2269 2849 2984 3889 5043
0 2270 3243 3659 4636 4823 5069 5100 5163
0 2271 3528 3619 4558
0 2272 4130
0 2273 2950 3473
0 2274 3593 4345 4435 4652
0 2275 2939 4587 4602 4705
0 2276 2888 3202 3388 3396 5377 5499
0 2277 4171 4201 4658 5361
0 2278 2808 3941 5572
0 2279 3997 4785 5592
0 2280 3835 4686 4831 5549
0 2281 4016 4340 5094
0 2282 2815 4366 4415 4838
0 2283 3710 4368 4504 4962 5135 5228
0 2284 3428 3487 4094 4469 4727 5537
0 2285 2805 2962 4996
0 2286 2838 4319 4383
0 2287 2861 3274
0 2288 3784
0 2289 3018 3087 3818 3877 4627 5167
0 2290 3566 5267 5269
0 2291 2820 3042 3118 3503 4218
0 2292 3917 5338 5567
0 2293 3567 3577 3683 4358
0 2294 3641 3726 5287
0 2295 3043 4343 4416 5596
0 2296 3629 5224
0 2297 3818 4447 5384
0 2298 2911 4028 4821
0 2299 3158 3710
0 2300 2995 3482 3926 5583
0 2301 3335 3474 3892 4158
0 2302 2873 3414 4856 5413
0 2303 4146 4156 4610
0 2304 3063 4048 4333 4365 4998 5221
0 2305 4290 4433
0 2306 3239 3887 4579
0 2307 3118 4813 4899 5093 5501 5598
0 2308 3168 3648 4391 4428 4685 5537
0 2309 4048 4315 5433
0 2310 3256 3685 4812
0 2311 3124 4122 4876
0 2312 3028 3412 3681 4479 4564 4764
0 2313 3271 4057 4335 4794
0 2314 3101 3826 4189 4623 5160
0 2315 3161 4012 4105 5468
0 2316 2914 3406 3724 4479
0 2317 3064 3599 4638 4695 4802 4906
0 2318 2820 3299 3530 3551 3891 4772
0 2319 4712 4769 4890 5379
0 2320 3890 4026 4619
0 2321 3394 3699 4756 5084 5199 5455
0 2322 3126 3594 5445
0 2323 2931 2967
0 2324 3588 3648 5317
0 2325 3119 3462 3869 4262 4477 4904 5380
0 2326 3124 3265 3391 4110 5169
0 2327 2859 3321 3392 3875 4106 4156
0 2328 3336 4461
0 2329 3285 3987 4390 5237 5451
0 2330 3599
0 2331 3059 4617 4871 4991 5517
0 2332 3183 4157
0 2333 2828 3196 3347 3548 4062 5493
0 2334 2807 2976 3421 5012 5092
0 2335 3238 3777 4461 4553 5426
0 2336 3615
0 2337 3682 4231 4833 4989
0 2338 4449 4702
0 2339 3469 4010 4099 4744
0 2340 3038 4022 4723 5313
0 2341 2910 2980 3697 3740 5141
0 2342 3295 3715 3810 4062
0 2343 2902 3429 3941 4204 4455 4648 5273
0 2344 2928 2999 5233
0 2345 2903 3038 3449 3700 4747 4752 5419
0 2346 3640 5536
0 2347 3426 3637 4770
0 2348 3422 5209
0 2349 4395 4979 5082
0 2350 3747 4111 5464
0 2351 3634 3821 4414 5000
0 2352 3260 3387 3906 5558
0 2353 2948
0 2354 3351 4553 5527
0 2355 4359 4378 4748
0 2356 3315 3576 3578 4510 4573
0 2357 3241 4648 5200 5496 5522
0 2358 4250 4388 4613 5313 5391
0 2359 3511 3723 5192
0 2360 3025 3185 3924 4564 4674 5447
0 2361 2882 3944 5408
0 2362 3921 4886 5020
0 2363 3245 3282 4101 4421 4554 5021 5315
0 2364 4657
0 2365 4120
0 2366 3567 4245 4746
0 2367 4172 4221
0 2368 3628 3963 4027 4337 4814
0 2369 3840 3909 5461
0 2370 2817 3129 3399 4285 4659 5471
0 2371 3709 4529
0 2372 2809 4430
0 2373 4103 5332
0 2374 3990 4697 5100 5144 5233
0 2375 2993 3334 3433 4963
0 2376 2981 3179 3670 3720 5379
0 2377 2855 3963 4636 5172 5270
0 2378 3417
0 2379 3042 3126 4263 4893 5383
0 2380 4225
0 2381 4843 4852
0 2382 2839
0 2383 2979 4410 4556 5062 5320
0 2384 4892 5100
0 2385 4440 5412 5417
0 2386 4485
0 2387 4709 4968 5587
0 2388 2864 5068
0 2389 3258 5460
0 2390 3850 4078
0 2391 2880 3032
0 2392 2833 2851 3222 3307 3576 5209 5380
0 2393 4368 4515
0 2394 3111 5192 5393
0 2395 3828 4066 4258
0 2396 5429
0 2397 4148 5068 5532
0 2398 2929 3190 3677 4834
0 2399 2925 4367
0 2400 2933 3219 3255 3824 5483
0 2401 2924 3023 3127 3599 4878
0 2402 3201 3542 3762 3807 5011 5157
0 2403 3292
0 2404 2954 4036 5099
0 2405 2805 3681 3752 3760
0 2406 3359 3370
0 2407 2977 3592 4318 4957 5060 5398
0 2408 3573 3589 3863 4176 5351 5455
0 2409 3082 4988
0 2410 2812 4405
0 2411 3562 5074 5250
0 2412 3074 3092 4083 4135 4373 4668
0 2413 3289 3407 3776 4434 5143
0 2414 4323 4995 5109
0 2415 3027 3575 4435
0 2416 4731 4759 4830
0 2417 3177 3237 3256 3616 4583
0 2418 3087 3534 3581 3595 3713 5517
0 2419 5119
0 2420 3407 3483 5113
0 2421 2835 3604
0 2422 3185 3312 3903 5014
0 2423 3286 3569 3769 4404 5256
0 2424 3499
0 2425 3244 3263 3367 3563 4520 4606
0 2426 4064
0 2427 3655 4077 4809
0 2428 3590 3682
0 2429 3614 3668 4229
0 2430 3269 3282 3510 3812
0 2431 3890 4291 4329 4958
0 2432 3071 3446 4287 4297
0 2433 2875 2958 3465 3610 3803
0 2434 3720
0 2435 4645 5080
0 2436 2803 2983 4046 4371
0 2437 3875 5192
0 2438 5584
0 2439 3102 4447 5292
0 2440 3270 4339
0 2441 3349 4422
0 2442 3069 4261 4587
0 2443 5220
0 2444 2995 3493 3752 3980 4062
0 2445 4898 5360
0 2446 2943 5182
0 2447 2936 3642 4160 4498 4627 4986 5354
0 2448 3951 4177 4273 4371 4719 5183 5413
0 2449 2928 3307 3647 4286 5310
0 2450 3707 4732
0 2451 3026 3684
0 2452 3149 4046 4061 4084 4673 5501 5563
0 2453 3530 4139 4911
0 2454 5245
0 2455 3598 3884 4060 4996 5497
0 2456 2970 3471 3928 3969 4228 4318 4477 4578 5268
0 2457 3042 3229 3676 3854 4052 5104 5398
0 2458 3258 3802 4656 4841 5009 5191
0 2459 3127 3384 3421 3432 3968 4743
0 2460 2879 2908 4112
0 2461 4270 4976 5045 5090
0 2462 2947 3476 4059 4521
0 2463 2841 2993 3084 4566
0 2464 3167 3521 3533 3579 3857 4850 5081
0 2465 3016 3179 4749 5179 5227
0 2466 3717 3757 3790 3909 4032 4735 5193
0 2467 3027 3412 4251 4884 4925
0 2468 4618
0 2469 3020 3596 5282
0 2470 4815 5350
0 2471 4265
0 2472 3188 3895 4360 5378
0 2473 3190 5125
0 2474 3233 3793 3968
0 2475 3645 4494 4684 5262
0 2476 3825 4414 4770 5440
0 2477 2978 3524 4778 5025
0 2478 4287 4870 5015 5098 5506
0 2479 4244 5174
0 2480 3143 3507 3678 4835
0 2481 2924 3332 3721 3834 5497 5522
0 2482 3037 3348 5149
0 2483 4440
0 2484 2913 3010 3538 3609
0 2485 2859 4880 5309
0 2486 3917 4879 5364
0 2487 2960 3514 4593 4642
0 2488 4044 4202 4920
0 2489 2950 3973 4171 4413 5507
0 2490 3281 3468 4239 4713 5188
0 2491 3059 3187 3874 4516
0 2492 3409
0 2493 3277 3357 3938 3941 4920
0 2494 3502 3718 4423 5009 5142
0 2495 3647 4131 5343 5470
0 2496 2941 3799 4055 4114 4319 4397 4574 5213 5247
0 2497 2869 2918 3079 4396
0 2498 4120 5598
0 2499 3562 3599 5522
0 2500 2816 2970 3764
0 2501 3052 4356 4628 4924 5395
0 2502 3815
0 2503 5544
0 2504 3563 3827 4739 4941
0 2505 3320 3400 4148
0 2506 3073 3167 4009 4877
0 2507 3527 4065 4077 4304 4782 5436
0 2508 3493 3767 3951 4101 4784 5052 5494
0 2509 3290 4104 4406
0 2510 3316 3980 5562
0 2511 4468 5036 5243
0 2512 2956 3300 4066 4396 4584
0 2513 3022 3952 4863
0 2514 2865 3253 4109 5054 5423
0 2515 3041 3882 4579 4696
0 2516 2917 3940 5080 5144
0 2517 3573 3796
0 2518 3494
0 2519 2851 5287 5358
0 2520 3564 4173 5043
0 2521 4604 4846 4979 5098
0 2522 4030 4500 4969
0 2523 3018 3859 4551
0 2524 4172 4445 5252
0 2525 5176
0 2526 2807 3082 3345 3445 3521 3641 3792 4145 4631 4652 5137
0 2527 3647 4240
0 2528 2848 3579 4603 4861
0 2529 3328 5175 5458
0 2530 4018 5423
0 2531 2979 3441 4798
0 2532 2987 4159 5188
0 2533 3886 4513 4930 5517
0 2534 4508 5039 5240 5291
0 2535 3243 4046 4817 4848
0 2536 3173 3733 4396 5276 5526 5540
0 2537 2914 2984 3238 4835 5478
0 2538 3702 4235 4614 5107
0 2539 3228 4685 4989
0 2540 3749 3825 4353 5210
0 2541 2844 3702
0 2542 4016 5057
0 2543 3459 4847
0 2544 2857 3989 4122 4543 5382
0 2545 3698 4292 4471 5452
0 2546 3762 4551 4956 5219
0 2547 3305 4066 4946
0 2548 3045 3228 3323 4459 4723
0 2549 5347
0 2550 3921
0 2551 3762 4193 4334
0 2552 2814 3753 4442 4474 4759
0 2553 3174 5467
0 2554 3100 5335
0 2555 3653 4189
0 2556 3346 3933 4394 4494 4552 4810 5106 5486
0 2557 2826 3102 3307 4121 4417
0 2558 4303 4825 5401
0 2559 2908 4839
0 2560 4431
0 2561 3556 3867
0 2562 3335 3730 4078 4227 5130
0 2563 3212 4076 4208 4451 4651 5022 5187
0 2564 3298 5233
0 2565 4646
0 2566 3571 3606 4402 4477 5081
0 2567 3157 5272 5479
0 2568 3773 4232 4471 4780 5362
0 2569 3654 4077 5055
0 2570 3320 4752
0 2571 2917 3480 4470 5221 5493
0 2572 3069 3183 5171
0 2573 3826 4688 4794 5465
0 2574 3025 3302 3890
0 2575 3173 3529 4566
0 2576 2943 3559 4137
0 2577 5567
0 2578 5089 5488
0 2579 5042 5154
0 2580 3527 3811 5155
0 2581 3843 4015 4709
0 2582 2915 3488 3611 5267
0 2583 3762 4976
0 2584 3167 3748 5441
0 2585 3449 3758 4483
0 2586 3325 4911 5376 5539
0 2587 3785
0 2588 3310 3740 4520
0 2589 4439 4576 4598 5076
0 2590 3560
0 2591 3169 3332 3948
0 2592 3655 3715 5123
0 2593 4423 4813
0 2594 2909 3203 4451
0 2595 3433 3706 5262
0 2596 3988 4744 5079 5410
0 2597 5007 5208
0 2598 2863 3127 3232 4554
0 2599 3485 5097
0 2600 3019 3285 4542 4559
0 2601 3071 3164 3893 4274 4393 4823
0 2602 4857 5354
0 2603 4043
0 2604 3141 3643 3988 4848
0 2605 3767 4192 4405 4631 5261
0 2606 3444 3602 4011
0 2607 3504 3664 4759 5022 5380
0 2608 4039 4073 4154
0 2609 2914 3043 3703 4316 4322 4341 4635 4922 5459 5509
0 2610 3028 3352 4290 5122
0 2611 2977 3265 3442 3726 4052 4752 5201 5482
0 2612 3736 3797 4483 4834 5228 5362
0 2613 3042 3315 4347 5582
0 2614 2970 4533 4820
0 2615 5150 5481
0 2616 3823 3963 4020 4097 4972
0 2617 3669
0 2618 4485 4780 4929 5073
0 2619 2863 3103 3433
0 2620 3576 4532 4564 4759
0 2621 2903 3596
0 2622 3293 4161
0 2623 4361 4783 5196 5580
0 2624 3221 3258 3629 3915 4621 4686
0 2625 4071 4575
0 2626 3243 4817 4955 5190
0 2627 3400 4766 5391
0 2628 3033 3448 4850 5547
0 2629 3108 4281 4614 4698 5116 5295
0 2630 4236
0 2631 3421 4339 5090
0 2632 3063 3972 4432
0 2633 2840 3039 3266 5013
0 2634 3927 5414
0 2635 5166 5495
0 2636 4686
0 2637 3730 5538
0 2638 2979 3351 3753
0 2639 4394
0 2640 3291 3638 3797
0 2641 3483 3900 4933 5134
0 2642 2866 2898 5553
0 2643 3472 3934 4110 4231 4391 4613 5478
0 2644 2904 3507 4952 5263 5395 5569
0 2645 3308 3575 4948 5151 5344 5444
0 2646 3500 3791 4035 4541
0 2647 3897 3995 4114 4725 5428 5509
0 2648 4693
0 2649 3636 3703 4555 5589
0 2650 3562
0 2651 2831 3738 3755 5010 5444
0 2652 4337
0 2653 2915 3494 4638 5430
0 2654 4488
0 2655 4072 5569
0 2656 3189 3729 3963 4413 4458 5465
0 2657 5142
0 2658 2896 3536 3850 4342 5368
0 2659 4954
0 2660 4277 4367 4813
0 2661 3352 3694 4490
0 2662 3075 3876 3890 5410
0 2663 2971 3561 3849 4834 4988 4993 5280 5440
0 2664 3370 5118 5200
0 2665 3849
0 2666 3285 4202 4867 5576
0 2667 3471 3604
0 2668 2960 3179 3731 4010 4337 5183
0 2669 2872 3596 4033 4462 4516 4629 5324
0 2670 2893 2928 3047 4512 5061
0 2671 3412 4369 4524 4649
0 2672 3334 3848 5548
0 2673 2971 3703 4918 5106
0 2674 4430 4644 5220 5585
0 2675 3601 3953 4929 5588
0 2676 2849 3678 3981 4035 4490 4934
0 2677 3515 4622
0 2678 3012 3384 5133
0 2679 2814 3923 4047 4513
0 2680 3692 4329 4918
0 2681 3413 3815 4331 5519
0 2682 2898 3242
0 2683 4610 4769
0 2684 2854 5190
0 2685 3351 5515
0 2686 3031 3216 3550 5175
0 2687 3023 4039 5241 5408 5417 5529
0 2688 3303 3767
0 2689 2998
0 2690 3067 3727 3882 4524 4958
0 2691 4507 5130 5198 5210
0 2692 3121 3383 3571 4336 5100
0 2693 3602 3623 4156
0 2694 3200 3558 3985 4222 5324
0 2695 3802 4527
0 2696 3849 4513 4612
0 2697 3578 4193
0 2698 3963
0 2699 3456 3805 4874 4954 5139 5454
0 2700 3531 4145
0 2701 4385 5189
0 2702 3035 3153 4997
0 2703 3507 4825
0 2704 2908 4925 4926
0 2705 3284
0 2706 3784
0 2707 3433 4291 5528
0 2708 3047 3062 3887 4335
0 2709 4483 4752
0 2710 5077 5281
0 2711 3716 4020 4325 5398 5457
0 2712 4740 4942
0 2713 3115 3315 3586 3977 4050 4477 4646
0 2714 2885 3247 3893 4738
0 2715 2969 3114 4292 4722
0 2716 3094 4259
0 2717 2816 2975 3047 3282 3691 4273
0 2718 2891
0 2719 3037 3664 5371
0 2720 4780 4796 4950
0 2721 4533 4765 5463 5499
0 2722 3480 3869 4169 5253
0 2723 2899 5077 5205 5211
0 2724 3879 3971 4872
0 2725 3170 3303 3693 5064 5575
0 2726 2947 3205
0 2727 3723 4242 4910 5463
0 2728 3252
0 2729 3536 3770 4764 5452
0 2730 3368 3418 4990 5536
0 2731 3049 4237 5590
0 2732 3951
0 2733 3104 3173 4727 5523
0 2734 2820 4772 5067 5093
0 2735 2979 3688 3834 4354 4853 5414
0 2736 2838 3245 3262 5121
0 2737 3197 3493 4215 4248 4365 4457 4458
0 2738 3214 3759 5563 5591
0 2739 3298 5054
0 2740 3656 3875
0 2741 3465 4501 4572 4802 5283
0 2742 2816 3050 3241 4373 4752 4810 4918
0 2743 2804 3128 4486
0 2744 2882 4378 4749
0 2745 3120 3224 3822 3853 4298
0 2746 4448 4616
0 2747 3091 3627 5135 5583
0 2748 3215 4296 5545
0 2749 2837 3552 3858
0 2750 4654 4723
0 2751 3166
0 2752 2822 3753 3787
0 2753 3026 3742 3964 4546 4650 4772
0 2754 3369 3455 3664 3912 4126
0 2755 3652 4643
0 2756 2924 3133 4483 5135
0 2757 4876
0 2758 3419 3972 4111 5465
0 2759 3194 3909 3961 4225 4264 4753 4781 5068 5487
0 2760 3313 4126 4287 5389 5494
0 2761 2844 4573 5124
0 2762 4431 5500
0 2763 2844 3116 3201 4302 4753 5414
0 2764 2808 3072 3689 4060 4267 5014
0 2765 3608 5078
0 2766 3311 3340 3896 5336
0 2767 3552 5302
0 2768 3296 3331 4749
0 2769 2988 3003
0 2770 3778 3788
0 2771 3681 4557 5271
0 2772 5068 5367
0 2773 2841 5172
0 2774 3121 4718
0 2775 3740 3849
0 2776 3696 5199
0 2777 4710
0 2778 3033 3416 4722 5152 5420
0 2779 3552
0 2780 3530 4726
0 2781 3850 5159
0 2782 3527 3731 3732 4182 4192 5439
0 2783 3400 4596
0 2784 3101 3702 3823 4535
0 2785 3230 4621
0 2786 3197 3829 4403 4461 4561
0 2787 3300 3499 4258 5345 5421
0 2788 3113 3857 5553
0 2789 4133 4603
0 2790 2860 3338 4684 4872
0 2791 3399 3463 3917 4083 5443 5533 5539
0 2792 2908 3237 3461 4660 4774 5040 5301 5478
0 2793 4236 5543
0 2794 2806 2855 3355 4375
0 2795 5545
0 2796 3875 3905 4342 4882
0 2797 2934 2970 3217 3966 4779 4874
0 2798 2821 3753
0 2799 2981 4156 4870 5543 5550
1 0
1 1
1 2
1 3
1 4
0 2805
0 2806
0 2807
0 2808
0 2809
0 2810
0 2811
0 2812
0 2813
0 2814
0 2815
0 2816
0 2817
0 2818
0 2819
0 2820
0 2821
0 2822
0 2823
0 2824
0 2825
0 2826
0 2827
0 2828
0 2829
0 2830
0 2831
0 2832
0 2833
0 2834
0 2835
0 2836
0 2837
0 2838
0 2839
0 2840
0 2841
0 2842
0 2843
0 2844
0 2845
0 2846
0 2847
0 2848
0 2849
0 2850
0 2851
0 2852
0 2853
0 2854
0 2855
0 2856
0 2857
0 2858
0 2859
0 2860
0 2861
0 2862
0 2863
0 2864
0 2865
0 2866
0 2867
0 2868
0 2869
0 2870
0 2871
0 2872
0 2873
0 2874
0 2875
0 2876
0 2877
0 2878
0 2879
0 2880
0 2881
0 2882
0 2883
0 2884
0 2885
0 2886
0 2887
0 2888
0 2889
0 2890
0 2891
0 2892
0 2893
0 2894
0 2895
0 2896
0 2897
0 2898
0 2899
0 2900
0 2901
0 2902
0 2903
0 2904
0 2905
0 2906
0 2907
0 2908
0 2909
0 2910
0 2911
0 2912
0 2913
0 2914
0 2915
0 2916
0 2917
0 2918
0 2919
0 2920
0 2921
0 2922
0 2923
0 2924
0 2925
0 2926
0 2927
0 2928
0 2929
0 2930
0 2931
0 2932
0 2933
0 2934
0 2935
0 2936
0 2937
0 2938
0 2939
0 2940
0 2941
0 2942
0 2943
0 2944
0 2945
0 2946
0 2947
0 2948
0 2949
0 2950
0 2951
0 2952
0 2953
0 2954
0 2955
0 2956
0 2957
0 2958
0 2959
0 2960
0 2961
0 2962
0 2963
0 2964
0 2965
0 2966
0 2967
0 2968
0 2969
0 2970
0 2971
0 2972
0 2973
0 2974
0 2975
0 2976
0 2977
0 2978
0 2979
0 2980
0 2981
0 2982
0 2983
0 2984
0 2985
0 2986
0 2987
0 2988
0 2989
0 2990
0 2991
0 2992
0 2993
0 2994
0 2995
0 2996
0 2997
0 2998
0 2999
0 3000
0 3001
0 3002
0 3003
0 3004
0 3005
0 3006
0 3007
0 3008
0 3009
0 3010
0 3011
0 3012
0 3013
0 3014
0 3015
0 3016
0 3017
0 3018
0 3019
0 3020
0 3021
0 3022
0 3023
0 3024
0 3025
0 3026
0 3027
0 3028
0 3029
0 3030
0 3031
0 3032
0 3033
0 3034
0 3035
0 3036
0 3037
0 3038
0 3039
0 3040
0 3041
0 3042
0 3043
0 3044
0 3045
0 3046
0 3047
0 3048
0 3049
0 3050
0 3051
0 3052
0 3053
0 3054
0 3055
0 3056
0 3057
0 3058
0 3059
0 3060
0 3061
0 3062
0 3063
0 3064
0 3065
0 3066
0 3067
0 3068
0 3069
0 3070
0 3071
0 3072
0 3073
0 3074
0 3075
0 3076
0 3077
0 3078
0 3079
0 3080
0 3081
0 3082
0 3083
0 3084
0 3085
0 3086
0 3087
0 3088
0 3089
0 3090
0 3091
0 3092
0 3093
0 3094
0 3095
0 3096
0 3097
0 3098
0 3099
0 3100
0 3101
0 3102
0 3103
0 3104
0 3105
0 3106
0 3107
0 3108
0 3109
0 3110
0 3111
0 3112
0 3113
0 3114
0 3115
0 3116
0 3117
0 3118
0 3119
0 3120
0 3121
0 3122
0 3123
0 3124
0 3125
0 3126
0 3127
0 3128
0 3129
0 3130
0 3131
0 3132
0 3133
0 3134
0 3135
0 3136
0 3137
0 3138
0 3139
0 3140
0 3141
0 3142
0 3143
0 3144
0 3145
0 3146
0 3147
0 3148
0 3149
0 3150
0 3151
0 3152
0 3153
0 3154
0 3155
0 3156
0 3157
0 3158
0 3159
0 3160
0 3161
0 3162
0 3163
0 3164
0 3165
0 3166
0 3167
0 3168
0 3169
0 3170
0 3171
0 3172
0 3173
0 3174
0 3175
0 3176
0 3177
0 3178
0 3179
0 3180
0 3181
0 3182
0 3183
0 3184
0 3185
0 3186
0 3187
0 3188
0 3189
0 3190
0 3191
0 3192
0 3193
0 3194
0 3195
0 3196
0 3197
0 3198
0 3199
0 3200
0 3201
0 3202
0 3203
0 3204
0 3205
0 3206
0 3207
0 3208
0 3209
0 3210
0 3211
0 3212
0 3213
0 3214
0 3215
0 3216
0 3217
0 3218
0 3219
0 3220
0 3221
0 3222
0 3223
0 3224
0 3225
0 3226
0 3227
0 3228
0 3229
0 3230
0 3231
0 3232
0 3233
0 3234
0 3235
0 3236
0 3237
0 3238
0 3239
0 3240
0 3241
0 3242
0 3243
0 3244
0 3245
0 3246
0 3247
0 3248
0 3249
0 3250
0 3251
0 3252
0 3253
0 3254
0 3255
0 3256
0 3257
0 3258
0 3259
0 3260
0 3261
0 3262
0 3263
0 3264
0 3265
0 3266
0 3267
0 3268
0 3269
0 3270
0 3271
0 3272
0 3273
0 3274
0 3275
0 3276
0 3277
0 3278
0 3279
0 3280
0 3281
0 3282
0 3283
0 3284
0 3285
0 3286
0 3287
0 3288
0 3289
0 3290
0 3291
0 3292
0 3293
0 3294
0 3295
0 3296
0 3297
0 3298
0 3299
0 3300
0 3301
0 3302
0 3303
0 3304
0 3305
0 3306
0 3307
0 3308
0 3309
0 3310
0 3311
0 3312
0 3313
0 3314
0 3315
0 3316
0 3317
0 3318
0 3319
0 3320
0 3321
0 3322
0 3323
0 3324
0 3325
0 3326
0 3327
0 3328
0 3329
0 3330
0 3331
0 3332
0 3333
0 3334
0 3335
0 3336
0 3337
0 3338
0 3339
0 3340
0 3341
0 3342
0 3343
0 3344
0 3345
0 3346
0 3347
0 3348
0 3349
0 3350
0 3351
0 3352
0 3353
0 3354
0 3355
0 3356
0 3357
0 3358
0 3359
0 3360
0 3361
0 3362
0 3363
0 3364
0 3365
0 3366
0 3367
0 3368
0 3369
0 3370
0 3371
0 3372
0 3373
0 3374
0 3375
0 3376
0 3377
0 3378
0 3379
0 3380
0 3381
0 3382
0 3383
0 3384
0 3385
0 3386
0 3387
0 3388
0 3389
0 3390
0 3391
0 3392
0 3393
0 3394
0 3395
0 3396
0 3397
0 3398
0 3399
0 3400
0 3401
0 3402
0 3403
0 3404
0 3405
0 3406
0 3407
0 3408
0 3409
0 3410
0 3411
0 3412
0 3413
0 3414
0 3415
0 3416
0 3417
0 3418
0 3419
0 3420
0 3421
0 3422
0 3423
0 3424
0 3425
0 3426
0 3427
0 3428
0 3429
0 3430
0 3431
0 3432
0 3433
0 3434
0 3435
0 3436
0 3437
0 3438
0 3439
0 3440
0 3441
0 3442
0 3443
0 3444
0 3445
0 3446
0 3447
0 3448
0 3449
0 3450
0 3451
0 3452
0 3453
0 3454
0 3455
0 3456
0 3457
0 3458
0 3459
0 3460
0 3461
0 3462
0 3463
0 3464
0 3465
0 3466
0 3467
0 3468
0 3469
0 3470
0 3471
0 3472
0 3473
0 3474
0 3475
0 3476
0 3477
0 3478
0 3479
0 3480
0 3481
0 3482
0 3483
0 3484
0 3485
0 3486
0 3487
0 3488
0 3489
0 3490
0 3491
0 3492
0 3493
0 3494
0 3495
0 3496
0 3497
0 3498
0 3499
0 3500
0 3501
0 3502
0 3503
0 3504
0 3505
0 3506
0 3507
0 3508
0 3509
0 3510
0 3511
0 3512
0 3513
0 3514
0 3515
0 3516
0 3517
0 3518
0 3519
0 3520
0 3521
0 3522
0 3523
0 3524
0 3525
0 3526
0 3527
0 3528
0 3529
0 3530
0 3531
0 3532
0 3533
0 3534
0 3535
0 3536
0 3537
0 3538
0 3539
0 3540
0 3541
0 3542
0 3543
0 3544
0 3545
0 3546
0 3547
0 3548
0 3549
0 3550
0 3551
0 3552
0 3553
0 3554
0 3555
0 3556
0 3557
0 3558
0 3559
0 3560
0 3561
0 3562
0 3563
0 3564
0 3565
0 3566
0 3567
0 3568
0 3569
0 3570
0 3571
0 3572
0 3573
0 3574
0 3575
0 3576
0 3577
0 3578
0 3579
0 3580
0 3581
0 3582
0 3583
0 3584
0 3585
0 3586
0 3587
0 3588
0 3589
0 3590
0 3591
0 3592
0 3593
0 3594
0 3595
0 3596
0 3597
0 3598
0 3599
0 3600
0 3601
0 3602
0 3603
0 3604
0 3605
0 3606
0 3607
0 3608
0 3609
0 3610
0 3611
0 3612
0 3613
0 3614
0 3615
0 3616
0 3617
0 3618
0 3619
0 3620
0 3621
0 3622
0 3623
0 3624
0 3625
0 3626
0 3627
0 3628
0 3629
0 3630
0 3631
0 3632
0 3633
0 3634
0 3635
0 3636
0 3637
0 3638
0 3639
0 3640
0 3641
0 3642
0 3643
0 3644
0 3645
0 3646
0 3647
0 3648
0 3649
0 3650
0 3651
0 3652
0 3653
0 3654
0 3655
0 3656
0 3657
0 3658
0 3659
0 3660
0 3661
0 3662
0 3663
0 3664
0 3665
0 3666
0 3667
0 3668
0 3669
0 3670
0 3671
0 3672
0 3673
0 3674
0 3675
0 3676
0 3677
0 3678
0 3679
0 3680
0 3681
0 3682
0 3683
0 3684
0 3685
0 3686
0 3687
0 3688
0 3689
0 3690
0 3691
0 3692
0 3693
0 3694
0 3695
0 3696
0 3697
0 3698
0 3699
0 3700
0 3701
0 3702
0 3703
0 3704
0 3705
0 3706
0 3707
0 3708
0 3709
0 3710
0 3711
0 3712
0 3713
0 3714
0 3715
0 3716
0 3717
0 3718
0 3719
0 3720
0 3721
0 3722
0 3723
0 3724
0 3725
0 3726
0 3727
0 3728
0 3729
0 3730
0 3731
0 3732
0 3733
0 3734
0 3735
0 3736
0 3737
0 3738
0 3739
0 3740
0 3741
0 3742
0 3743
0 3744
0 3745
0 3746
0 3747
0 3748
0 3749
0 3750
0 3751
0 3752
0 3753
0 3754
0 3755
0 3756
0 3757
0 3758
0 3759
0 3760
0 3761
0 3762
0 3763
0 3764
0 3765
0 3766
0 3767
0 3768
0 3769
0 3770
0 3771
0 3772
0 3773
0 3774
0 3775
0 3776
0 3777
0 3778
0 3779
0 3780
0 3781
0 3782
0 3783
0 3784
0 3785
0 3786
0 3787
0 3788
0 3789
0 3790
0 3791
0 3792
0 3793
0 3794
0 3795
0 3796
0 3797
0 3798
0 3799
0 3800
0 3801
0 3802
0 3803
0 3804
0 3805
0 3806
0 3807
0 3808
0 3809
0 3810
0 3811
0 3812
0 3813
0 3814
0 3815
0 3816
0 3817
0 3818
0 3819
0 3820
0 3821
0 3822
0 3823
0 3824
0 3825
0 3826
0 3827
0 3828
0 3829
0 3830
0 3831
0 3832
0 3833
0 3834
0 3835
0 3836
0 3837
0 3838
0 3839
0 3840
0 3841
0 3842
0 3843
0 3844
0 3845
0 3846
0 3847
0 3848
0 3849
0 3850
0 3851
0 3852
0 3853
0 3854
0 3855
0 3856
0 3857
0 3858
0 3859
0 3860
0 3861
0 3862
0 3863
0 3864
0 3865
0 3866
0 3867
0 3868
0 3869
0 3870
0 3871
0 3872
0 3873
0 3874
0 3875
0 3876
0 3877
0 3878
0 3879
0 3880
0 3881
0 3882
0 3883
0 3884
0 3885
0 3886
0 3887
0 3888
0 3889
0 3890
0 3891
0 3892
0 3893
0 3894
0 3895
0 3896
0 3897
0 3898
0 3899
0 3900
0 3901
0 3902
0 3903
0 3904
0 3905
0 3906
0 3907
0 3908
0 3909
0 3910
0 3911
0 3912
0 3913
0 3914
0 3915
0 3916
0 3917
0 3918
0 3919
0 3920
0 3921
0 3922
0 3923
0 3924
0 3925
0 3926
0 3927
0 3928
0 3929
0 3930
0 3931
0 3932
0 3933
0 3934
0 3935
0 3936
0 3937
0 3938
0 3939
0 3940
0 3941
0 3942
0 3943
0 3944
0 3945
0 3946
0 3947
0 3948
0 3949
0 3950
0 3951
0 3952
0 3953
0 3954
0 3955
0 3956
0 3957
0 3958
0 3959
0 3960
0 3961
0 3962
0 3963
0 3964
0 3965
0 3966
0 3967
0 3968
0 3969
0 3970
0 3971
0 3972
0 3973
0 3974
0 3975
0 3976
0 3977
0 3978
0 3979
0 3980
0 3981
0 3982
0 3983
0 3984
0 3985
0 3986
0 3987
0 3988
0 3989
0 3990
0 3991
0 3992
0 3993
0 3994
0 3995
0 3996
0 3997
0 3998
0 3999
0 4000
0 4001
0 4002
0 4003
0 4004
0 4005
0 4006
0 4007
0 4008
0 4009
0 4010
0 4011
0 4012
0 4013
0 4014
0 4015
0 4016
0 4017
0 4018
0 4019
0 4020
0 4021
0 4022
0 4023
0 4024
0 4025
0 4026
0 4027
0 4028
0 4029
0 4030
0 4031
0 4032
0 4033
0 4034
0 4035
0 4036
0 4037
0 4038
0 4039
0 4040
0 4041
0 4042
0 4043
0 4044
0 4045
0 4046
0 4047
0 4048
0 4049
0 4050
0 4051
0 4052
0 4053
0 4054
0 4055
0 4056
0 4057
0 4058
0 4059
0 4060
0 4061
0 4062
0 4063
0 4064
0 4065
0 4066
0 4067
0 4068
0 4069
0 4070
0 4071
0 4072
0 4073
0 4074
0 4075
0 4076
0 4077
0 4078
0 4079
0 4080
0 4081
0 4082
0 4083
0 4084
0 4085
0 4086
0 4087
0 4088
0 4089
0 4090
0 4091
0 4092
0 4093
0 4094
0 4095
0 4096
0 4097
0 4098
0 4099
0 4100
0 4101
0 4102
0 4103
0 4104
0 4105
0 4106
0 4107
0 4108
0 4109
0 4110
0 4111
0 4112
0 4113
0 4114
0 4115
0 4116
0 4117
0 4118
0 4119
0 4120
0 4121
0 4122
0 4123
0 4124
0 4125
0 4126
0 4127
0 4128
0 4129
0 4130
0 4131
0 4132
0 4133
0 4134
0 4135
0 4136
0 4137
0 4138
0 4139
0 4140
0 4141
0 4142
0 4143
0 4144
0 4145
0 4146
0 4147
0 4148
0 4149
0 4150
0 4151
0 4152
0 4153
0 4154
0 4155
0 4156
0 4157
0 4158
0 4159
0 4160
0 4161
0 4162
0 4163
0 4164
0 4165
0 4166
0 4167
0 4168
0 4169
0 4170
0 4171
0 4172
0 4173
0 4174
0 4175
0 4176
0 4177
0 4178
0 4179
0 4180
0 4181
0 4182
0 4183
0 4184
0 4185
0 4186
0 4187
0 4188
0 4189
0 4190
0 4191
0 4192
0 4193
0 4194
0 4195
0 4196
0 4197
0 4198
0 4199
0 4200
0 4201
0 4202
0 4203
0 4204
0 4205
0 4206
0 4207
0 4208
0 4209
0 4210
0 4211
0 4212
0 4213
0 4214
0 4215
0 4216
0 4217
0 4218
0 4219
0 4220
0 4221
0 4222
0 4223
0 4224
0 4225
0 4226
0 4227
0 4228
0 4229
0 4230
0 4231
0 4232
0 4233
0 4234
0 4235
0 4236
0 4237
0 4238
0 4239
0 4240
0 4241
0 4242
0 4243
0 4244
0 4245
0 4246
0 4247
0 4248
0 4249
0 4250
0 4251
0 4252
0 4253
0 4254
0 4255
0 4256
0 4257
0 4258
0 4259
0 4260
0 4261
0 4262
0 4263
0 4264
0 4265
0 4266
0 4267
0 4268
0 4269
0 4270
0 4271
0 4272
0 4273
0 4274
0 4275
0 4276
0 4277
0 4278
0 4279
0 4280
0 4281
0 4282
0 4283
0 4284
0 4285
0 4286
0 4287
0 4288
0 4289
0 4290
0 4291
0 4292
0 4293
0 4294
0 4295
0 4296
0 4297
0 4298
0 4299
0 4300
0 4301
0 4302
0 4303
0 4304
0 4305
0 4306
0 4307
0 4308
0 4309
0 4310
0 4311
0 4312
0 4313
0 4314
0 4315
0 4316
0 4317
0 4318
0 4319
0 4320
0 4321
0 4322
0 4323
0 4324
0 4325
0 4326
0 4327
0 4328
0 4329
0 4330
0 4331
0 4332
0 4333
0 4334
0 4335
0 4336
0 4337
0 4338
0 4339
0 4340
0 4341
0 4342
0 4343
0 4344
0 4345
0 4346
0 4347
0 4348
0 4349
0 4350
0 4351
0 4352
0 4353
0 4354
0 4355
0 4356
0 4357
0 4358
0 4359
0 4360
0 4361
0 4362
0 4363
0 4364
0 4365
0 4366
0 4367
0 4368
0 4369
0 4370
0 4371
0 4372
0 4373
0 4374
0 4375
0 4376
0 4377
0 4378
0 4379
0 4380
0 4381
0 4382
0 4383
0 4384
0 4385
0 4386
0 4387
0 4388
0 4389
0 4390
0 4391
0 4392
0 4393
0 4394
0 4395
0 4396
0 4397
0 4398
0 4399
0 4400
0 4401
0 4402
0 4403
0 4404
0 4405
0 4406
0 4407
0 4408
0 4409
0 4410
0 4411
0 4412
0 4413
0 4414
0 4415
0 4416
0 4417
0 4418
0 4419
0 4420
0 4421
0 4422
0 4423
0 4424
0 4425
0 4426
0 4427
0 4428
0 4429
0 4430
0 4431
0 4432
0 4433
0 4434
0 4435
0 4436
0 4437
0 4438
0 4439
0 4440
0 4441
0 4442
0 4443
0 4444
0 4445
0 4446
0 4447
0 4448
0 4449
0 4450
0 4451
0 4452
0 4453
0 4454
0 4455
0 4456
0 4457
0 4458
0 4459
0 4460
0 4461
0 4462
0 4463
0 4464
0 4465
0 4466
0 4467
0 4468
0 4469
0 4470
0 4471
0 4472
0 4473
0 4474
0 4475
0 4476
0 4477
0 4478
0 4479
0 4480
0 4481
0 4482
0 4483
0 4484
0 4485
0 4486
0 4487
0 4488
0 4489
0 4490
0 4491
0 4492
0 4493
0 4494
0 4495
0 4496
0 4497
0 4498
0 4499
0 4500
0 4501
0 4502
0 4503
0 4504
0 4505
0 4506
0 4507
0 4508
0 4509
0 4510
0 4511
0 4512
0 4513
0 4514
0 4515
0 4516
0 4517
0 4518
0 4519
0 4520
0 4521
0 4522
0 4523
0 4524
0 4525
0 4526
0 4527
0 4528
0 4529
0 4530
0 4531
0 4532
0 4533
0 4534
0 4535
0 4536
0 4537
0 4538
0 4539
0 4540
0 4541
0 4542
0 4543
0 4544
0 4545
0 4546
0 4547
0 4548
0 4549
0 4550
0 4551
0 4552
0 4553
0 4554
0 4555
0 4556
0 4557
0 4558
0 4559
0 4560
0 4561
0 4562
0 4563
0 4564
0 4565
0 4566
0 4567
0 4568
0 4569
0 4570
0 4571
0 4572
0 4573
0 4574
0 4575
0 4576
0 4577
0 4578
0 4579
0 4580
0 4581
0 4582
0 4583
0 4584
0 4585
0 4586
0 4587
0 4588
0 4589
0 4590
0 4591
0 4592
0 4593
0 4594
0 4595
0 4596
0 4597
0 4598
0 4599
0 4600
0 4601
0 4602
0 4603
0 4604
0 4605
0 4606
0 4607
0 4608
0 4609
0 4610
0 4611
0 4612
0 4613
0 4614
0 4615
0 4616
0 4617
0 4618
0 4619
0 4620
0 4621
0 4622
0 4623
0 4624
0 4625
0 4626
0 4627
0 4628
0 4629
0 4630
0 4631
0 4632
0 4633
0 4634
0 4635
0 4636
0 4637
0 4638
0 4639
0 4640
0 4641
0 4642
0 4643
0 4644
0 4645
0 4646
0 4647
0 4648
0 4649
0 4650
0 4651
0 4652
0 4653
0 4654
0 4655
0 4656
0 4657
0 4658
0 4659
0 4660
0 4661
0 4662
0 4663
0 4664
0 4665
0 4666
0 4667
0 4668
0 4669
0 4670
0 4671
0 4672
0 4673
0 4674
0 4675
0 4676
0 4677
0 4678
0 4679
0 4680
0 4681
0 4682
0 4683
0 4684
0 4685
0 4686
0 4687
0 4688
0 4689
0 4690
0 4691
0 4692
0 4693
0 4694
0 4695
0 4696
0 4697
0 4698
0 4699
0 4700
0 4701
0 4702
0 4703
0 4704
0 4705
0 4706
0 4707
0 4708
0 4709
0 4710
0 4711
0 4712
0 4713
0 4714
0 4715
0 4716
0 4717
0 4718
0 4719
0 4720
0 4721
0 4722
0 4723
0 4724
0 4725
0 4726
0 4727
0 4728
0 4729
0 4730
0 4731
0 4732
0 4733
0 4734
0 4735
0 4736
0 4737
0 4738
0 4739
0 4740
0 4741
0 4742
0 4743
0 4744
0 4745
0 4746
0 4747
0 4748
0 4749
0 4750
0 4751
0 4752
0 4753
0 4754
0 4755
0 4756
0 4757
0 4758
0 4759
0 4760
0 4761
0 4762
0 4763
0 4764
0 4765
0 4766
0 4767
0 4768
0 4769
0 4770
0 4771
0 4772
0 4773
0 4774
0 4775
0 4776
0 4777
0 4778
0 4779
0 4780
0 4781
0 4782
0 4783
0 4784
0 4785
0 4786
0 4787
0 4788
0 4789
0 4790
0 4791
0 4792
0 4793
0 4794
0 4795
0 4796
0 4797
0 4798
0 4799
0 4800
0 4801
0 4802
0 4803
0 4804
0 4805
0 4806
0 4807
0 4808
0 4809
0 4810
0 4811
0 4812
0 4813
0 4814
0 4815
0 4816
0 4817
0 4818
0 4819
0 4820
0 4821
0 4822
0 4823
0 4824
0 4825
0 4826
0 4827
0 4828
0 4829
0 4830
0 4831
0 4832
0 4833
0 4834
0 4835
0 4836
0 4837
0 4838
0 4839
0 4840
0 4841
0 4842
0 4843
0 4844
0 4845
0 4846
0 4847
0 4848
0 4849
0 4850
0 4851
0 4852
0 4853
0 4854
0 4855
0 4856
0 4857
0 4858
0 4859
0 4860
0 4861
0 4862
0 4863
0 4864
0 4865
0 4866
0 4867
0 4868
0 4869
0 4870
0 4871
0 4872
0 4873
0 4874
0 4875
0 4876
0 4877
0 4878
0 4879
0 4880
0 4881
0 4882
0 4883
0 4884
0 4885
0 4886
0 4887
0 4888
0 4889
0 4890
0 4891
0 4892
0 4893
0 4894
0 4895
0 4896
0 4897
0 4898
0 4899
0 4900
0 4901
0 4902
0 4903
0 4904
0 4905
0 4906
0 4907
0 4908
0 4909
0 4910
0 4911
0 4912
0 4913
0 4914
0 4915
0 4916
0 4917
0 4918
0 4919
0 4920
0 4921
0 4922
0 4923
0 4924
0 4925
0 4926
0 4927
0 4928
0 4929
0 4930
0 4931
0 4932
0 4933
0 4934
0 4935
0 4936
0 4937
0 4938
0 4939
0 4940
0 4941
0 4942
0 4943
0 4944
0 4945
0 4946
0 4947
0 4948
0 4949
0 4950
0 4951
0 4952
0 4953
0 4954
0 4955
0 4956
0 4957
0 4958
0 4959
0 4960
0 4961
0 4962
0 4963
0 4964
0 4965
0 4966
0 4967
0 4968
0 4969
0 4970
0 4971
0 4972
0 4973
0 4974
0 4975
0 4976
0 4977
0 4978
0 4979
0 4980
0 4981
0 4982
0 4983
0 4984
0 4985
0 4986
0 4987
0 4988
0 4989
0 4990
0 4991
0 4992
0 4993
0 4994
0 4995
0 4996
0 4997
0 4998
0 4999
0 5000
0 5001
0 5002
0 5003
0 5004
0 5005
0 5006
0 5007
0 5008
0 5009
0 5010
0 5011
0 5012
0 5013
0 5014
0 5015
0 5016
0 5017
0 5018
0 5019
0 5020
0 5021
0 5022
0 5023
0 5024
0 5025
0 5026
0 5027
0 5028
0 5029
0 5030
0 5031
0 5032
0 5033
0 5034
0 5035
0 5036
0 5037
0 5038
0 5039
0 5040
0 5041
0 5042
0 5043
0 5044
0 5045
0 5046
0 5047
0 5048
0 5049
0 5050
0 5051
0 5052
0 5053
0 5054
0 5055
0 5056
0 5057
0 5058
0 5059
0 5060
0 5061
0 5062
0 5063
0 5064
0 5065
0 5066
0 5067
0 5068
0 5069
0 5070
0 5071
0 5072
0 5073
0 5074
0 5075
0 5076
0 5077
0 5078
0 5079
0 5080
0 5081
0 5082
0 5083
0 5084
0 5085
0 5086
0 5087
0 5088
0 5089
0 5090
0 5091
0 5092
0 5093
0 5094
0 5095
0 5096
0 5097
0 5098
0 5099
0 5100
0 5101
0 5102
0 5103
0 5104
0 5105
0 5106
0 5107
0 5108
0 5109
0 5110
0 5111
0 5112
0 5113
0 5114
0 5115
0 5116
0 5117
0 5118
0 5119
0 5120
0 5121
0 5122
0 5123
0 5124
0 5125
0 5126
0 5127
0 5128
0 5129
0 5130
0 5131
0 5132
0 5133
0 5134
0 5135
0 5136
0 5137
0 5138
0 5139
0 5140
0 5141
0 5142
0 5143
0 5144
0 5145
0 5146
0 5147
0 5148
0 5149
0 5150
0 5151
0 5152
0 5153
0 5154
0 5155
0 5156
0 5157
0 5158
0 5159
0 5160
0 5161
0 5162
0 5163
0 5164
0 5165
0 5166
0 5167
0 5168
0 5169
0 5170
0 5171
0 5172
0 5173
0 5174
0 5175
0 5176
0 5177
0 5178
0 5179
0 5180
0 5181
0 5182
0 5183
0 5184
0 5185
0 5186
0 5187
0 5188
0 5189
0 5190
0 5191
0 5192
0 5193
0 5194
0 5195
0 5196
0 5197
0 5198
0 5199
0 5200
0 5201
0 5202
0 5203
0 5204
0 5205
0 5206
0 5207
0 5208
0 5209
0 5210
0 5211
0 5212
0 5213
0 5214
0 5215
0 5216
0 5217
0 5218
0 5219
0 5220
0 5221
0 5222
0 5223
0 5224
0 5225
0 5226
0 5227
0 5228
0 5229
0 5230
0 5231
0 5232
0 5233
0 5234
0 5235
0 5236
0 5237
0 5238
0 5239
0 5240
0 5241
0 5242
0 5243
0 5244
0 5245
0 5246
0 5247
0 5248
0 5249
0 5250
0 5251
0 5252
0 5253
0 5254
0 5255
0 5256
0 5257
0 5258
0 5259
0 5260
0 5261
0 5262
0 5263
0 5264
0 5265
0 5266
0 5267
0 5268
0 5269
0 5270
0 5271
0 5272
0 5273
0 5274
0 5275
0 5276
0 5277
0 5278
0 5279
0 5280
0 5281
0 5282
0 5283
0 5284
0 5285
0 5286
0 5287
0 5288
0 5289
0 5290
0 5291
0 5292
0 5293
0 5294
0 5295
0 5296
0 5297
0 5298
0 5299
0 5300
0 5301
0 5302
0 5303
0 5304
0 5305
0 5306
0 5307
0 5308
0 5309
0 5310
0 5311
0 5312
0 5313
0 5314
0 5315
0 5316
0 5317
0 5318
0 5319
0 5320
0 5321
0 5322
0 5323
0 5324
0 5325
0 5326
0 5327
0 5328
0 5329
0 5330
0 5331
0 5332
0 5333
0 5334
0 5335
0 5336
0 5337
0 5338
0 5339
0 5340
0 5341
0 5342
0 5343
0 5344
0 5345
0 5346
0 5347
0 5348
0 5349
0 5350
0 5351
0 5352
0 5353
0 5354
0 5355
0 5356
0 5357
0 5358
0 5359
0 5360
0 5361
0 5362
0 5363
0 5364
0 5365
0 5366
0 5367
0 5368
0 5369
0 5370
0 5371
0 5372
0 5373
0 5374
0 5375
0 5376
0 5377
0 5378
0 5379
0 5380
0 5381
0 5382
0 5383
0 5384
0 5385
0 5386
0 5387
0 5388
0 5389
0 5390
0 5391
0 5392
0 5393
0 5394
0 5395
0 5396
0 5397
0 5398
0 5399
0 5400
0 5401
0 5402
0 5403
0 5404
0 5405
0 5406
0 5407
0 5408
0 5409
0 5410
0 5411
0 5412
0 5413
0 5414
0 5415
0 5416
0 5417
0 5418
0 5419
0 5420
0 5421
0 5422
0 5423
0 5424
0 5425
0 5426
0 5427
0 5428
0 5429
0 5430
0 5431
0 5432
0 5433
0 5434
0 5435
0 5436
0 5437
0 5438
0 5439
0 5440
0 5441
0 5442
0 5443
0 5444
0 5445
0 5446
0 5447
0 5448
0 5449
0 5450
0 5451
0 5452
0 5453
0 5454
0 5455
0 5456
0 5457
0 5458
0 5459
0 5460
0 5461
0 5462
0 5463
0 5464
0 5465
0 5466
0 5467
0 5468
0 5469
0 5470
0 5471
0 5472
0 5473
0 5474
0 5475
0 5476
0 5477
0 5478
0 5479
0 5480
0 5481
0 5482
0 5483
0 5484
0 5485
0 5486
0 5487
0 5488
0 5489
0 5490
0 5491
0 5492
0 5493
0 5494
0 5495
0 5496
0 5497
0 5498
0 5499
0 5500
0 5501
0 5502
0 5503
0 5504
0 5505
0 5506
0 5507
0 5508
0 5509
0 5510
0 5511
0 5512
0 5513
0 5514
0 5515
0 5516
0 5517
0 5518
0 5519
0 5520
0 5521
0 5522
0 5523
0 5524
0 5525
0 5526
0 5527
0 5528
0 5529
0 5530
0 5531
0 5532
0 5533
0 5534
0 5535
0 5536
0 5537
0 5538
0 5539
0 5540
0 5541
0 5542
0 5543
0 5544
0 5545
0 5546
0 5547
0 5548
0 5549
0 5550
0 5551
0 5552
0 5553
0 5554
0 5555
0 5556
0 5557
0 5558
0 5559
0 5560
0 5561
0 5562
0 5563
0 5564
0 5565
0 5566
0 5567
0 5568
0 5569
0 5570
0 5571
0 5572
0 5573
0 5574
0 5575
0 5576
0 5577
0 5578
0 5579
0 5580
0 5581
0 5582
0 5583
0 5584
0 5585
0 5586
0 5587
0 5588
0 5589
0 5590
0 5591
0 5592
0 5593
0 5594
0 5595
0 5596
0 5597
0 5598
0 5599
