2
2800 2800
1 0 3112 3250 3523 4270 4441 4948
1 1 3951 4839
1 2 2887 3004 3832 4769 4920 5141
1 3 2965 4882
1 4 3246 3747 4146 5312
0 5 4632
0 6 3437 4028 4282 4333 4668 4701 4970
0 7 3506 3933 4357 5012
0 8 2873 3440 3912 4518
0 9 3493 3661 3750 4140 5209
0 10 3340 3542 5213
0 11 5363
0 12 4735 5504
0 13 4649 5098
0 14 3882 4848
0 15 2811 3804 5203
0 16 2902 3630 4766 5132 5165 5589
0 17 4263 4811 4818 5250
0 18 3548 3878 4856
0 19 2833 4485 4974
0 20 2835 2944
0 21 4198 4205 4899 5057 5489
0 22 4543 5196
0 23 2875 3329 4262 5464 5531
0 24 3296 3516 4025 4258 4317 4862
0 25 3040
0 26 2926 3122 3223 3575 4330 4333
0 27 2981 3368 4923 5163
0 28 2993 3077 3139 3374 4146 5108
0 29 2987 3250 3637 4352
0 30 4664
0 31 3346 3739 4471 5020
0 32 2805 3153 4926
0 33 5062 5447 5515
0 34 3277 3568 3968 4716 5226
0 35 2913 3490
0 36 3378 4051 4219
0 37 3077
0 38 2989 3493 3805 4217 4709 5479
0 39 4505 4592 4637 5456
0 40 2850 4798 4830 5381
0 41 4639 5454
0 42 3809 5433 5447 5584
0 43 5199
0 44 4408 4964
0 45 3887 4146 4331 4368 4571 4737 5483
0 46 3526 4405 4669 5392
0 47 4473
0 48 3391 5050
0 49 4374
0 50 3428 3983 4425 4490
0 51 4683 5069 5518
0 52 3741 5589
0 53 3954 4179
0 54 4942
0 55 2956 4000 4218
0 56 4332
0 57 5385 5446 5553
0 58 3104 3386 4039 4563 5000 5485
0 59 2964
0 60 3208 3258 4269 4448 4864
0 61 3886 5169 5442
0 62 5128
0 63 2855 3914 5361 5575
0 64 4093 5568
0 65 2869 3142
0 66 4250 4256 4376 4630 5144
0 67 3611 4439
0 68 4949 5056
0 69 3244 3362
0 70 3789 3990 4377 4473
0 71 3163 3460 4167
0 72 3214 4236 4241 4865 4984
0 73 3195 3612 3771 4185 4745
0 74 3796
0 75 2890 3554 3739 4911 5212
0 76 2927 3042 3339 3480 4734 5065
0 77 4143
0 78 4729 5402 5494 5523
0 79 3951 4883 5232 5412 5432
0 80 3742 4707 4721 5120
0 81 3896
0 82 3491 3753 4102
0 83 5394 5502
0 84 4325 4339 4401 4643 4840 5396
0 85 4712 5128 5187 5188
0 86 2997 3743 4336 4824
0 87 3860 4016 4406 5158 5576
0 88 3026 3883 4943 5429
0 89 4058
0 90 2812 3542 3872 4285
0 91 5061 5185
0 92 4698 5172
0 93 2896 3252 3378 3854 4779 5088
0 94 3539 3813 4454
0 95 3380 3629 4230 5373
0 96 3745 4846 5085
0 97 2815 2916 2944 3675 3895 4715
0 98 4185
0 99 3476
0 100 3523 4687 5086
0 101 3536 3824 4253 4820 5104 5116 5252
0 102 5443
0 103 3255
0 104 3282 4950
0 105 4819 5180
0 106 5023 5265
0 107 3100 5162 5275 5363 5543
0 108 3139 3354 3668 4170 5288
0 109 4389
0 110 2982 3602 4642 5238
0 111 2910 2924 3832 4697 4760 5044
0 112 3560 4107 4169 4189 4368 4615 5008 5592
0 113 3354 4533 4964
0 114 2831 2997 3683 4169 5095
0 115 2879 3496
0 116 2838 3504 3636 4871
0 117 3223
0 118 3674 5122 5451
0 119 4493 5193
0 120 3248 4457 4955 5330
0 121 2889 4437 4761 5067
0 122 3553 3989 4256 4886 5117
0 123 2874 3986 4456 4985
0 124 2934 3355 3735 3946 4507 4755
0 125 2861 3438 5059
0 126 3284 3479 4473 4901 5411 5501
0 127 3431 4650
0 128 4240 4321 4645 4772
0 129 2895 4893 5046
0 130 4302 5431
0 131 3343 3394 3973 4071 4179 4527 5065
0 132 3721 3854
0 133 5207 5297
0 134 2836 3355 4153 4614 5359 5429
0 135 3255 3367 3442 3874 3886 5310
0 136 2894 3374 3866 4043 5331
0 137 3473 3810 4528
0 138 3167 4240
0 139 2833 3373
0 140 3828 4177 4285 5321
0 141 3606 4175
0 142 3901 4035 4283 4291 4911 5479
0 143 3680 3919 4246 4922
0 144 4024 4481 4886 5450
0 145 3144 4294 4608 5241 5539
0 146 4660 5242
0 147 3275 4725 5500
0 148 2946 3657 4128
0 149 2992 3157 3495
0 150 2855 3036 3695 4551 4670
0 151 2819 2895
0 152 2945 3038 3752
0 153 4222
0 154 3409 4058 5434
0 155 3791 4227 4321 4597 5480 5592
0 156 2913 4808 4951 5599
0 157 3298 3985 4316 4402 4742
0 158 2975 3084 3091 4663
0 159 3242 5439
0 160 2872 3773 4126 4384 4703 4757
0 161 3364 3586 4092 5123 5396
0 162 3580 3724
0 163 3405 3809 4455 5274 5482
0 164 3331 3927 4727
0 165 3296 4125 4335 5121 5380
0 166 3821 4821 5523
0 167 3574 4963
0 168 4884
0 169 3808 4794
0 170 3040 4403 5301 5397 5424 5562
0 171 2884 3095 4153 4832 5236 5385
0 172 3232 3319 4553
0 173 3524 3687 3790
0 174 3370
0 175 3274 3887 4503
0 176 3072 4108 4540 5342
0 177 2821 3050 4750 5100
0 178 4029 4656 4717 4994
0 179 3033 3490 4490 5471
0 180 3107 3215 3298 3479 3612 3623 4236
0 181 3662 4071 5187 5200
0 182 3719
0 183 3323 3615 5104
0 184 2970 3757 4240
0 185 3444 3672 4203 4482 5529
0 186 3217 3938 4366 4607 4936 4992
0 187 3932
0 188 3315 4199
0 189 2952 3896 4097 4142 5544
0 190 2926 4221
0 191 4127 5155 5574
0 192 4924
0 193 2817 3210 3675 3869 4908
0 194 3688 3978 4215 5011 5399
0 195 3515 4571 4609 5260 5315 5511 5580
0 196 3247 3590 4304
0 197 3097 4200 4307
0 198 3355 3754 3974 4817 4846 5141
0 199 2849 3736 4864
0 200 2903 3645 3841 4996
0 201 3871
0 202 3723 4451 4507 4763 5471
0 203 3103 4321 5457
0 204 3288 3650 4134 4915
0 205 3846 4025
0 206 3475 3711 3861
0 207 3855 4054 4154 5568
0 208 2969 3009 3659 4294 4971
0 209 2942 3651 3715 4326 4494
0 210 3110 3249 3708 4577
0 211 2895 2988 3296 4000 4397 4485 4693 4828 5452
0 212 3141 3861 4202 4301 4505 5284
0 213 2930 3505 4217
0 214 2975 3137 4442 4642
0 215 3835 3957 3990 4591
0 216 3283 3527 3939 3944 4424
0 217 2939 3680
0 218 4083 4995 5308 5313
0 219 4213
0 220 3624 4747
0 221 3200 3638 3648 4430 4536 5040
0 222 3724 3729
0 223 3257 3628
0 224 4782 5069 5432
0 225 3559 4142
0 226 3895 4159 4455 4575 4944 5311
0 227 3648 4445 4718 4789 5404
0 228 3099 4374 4483 4968 5210
0 229 3198 3363 3906 5449 5492 5512
0 230 2875 3117 3143
0 231 4039 5129 5273 5590
0 232 3321 3660
0 233 5007 5422
0 234 2802 3057 3455
0 235 4563 4938 5001 5577
0 236 2936 3973 4320 4394 4608 5576
0 237 3548 3715 4206 4757 5125
0 238 3330 4623 4921 5047
0 239 3326 5262
0 240 4170 4884
0 241 4324
0 242 3714 4365 4496 5156
0 243 3022 3258 4301
0 244 4317 4543 4569 4988 5366 5458
0 245 3646 3850
0 246 3412 3568 3984 4578
0 247 4569 4815 4820
0 248 3967 4685 4730 5210
0 249 3024 3399 3458 3519 3568 3965 5101 5340
0 250 4811
0 251 4183 4270 5470
0 252 3235 3493 3571 3869 4686 5099 5204 5336
0 253 3822 4602
0 254 2973 4173 4290 4605 5181
0 255 3203 3220
0 256 2858 3717 3874 4244 4920 5230
0 257 3460 4135 4882 4925
0 258 3260
0 259 3743 4168 4551 5597
0 260 3129 3338 3726 3742 4381 4512 4571 4725
0 261 3458 3624 3828 4009 4852
0 262 3746
0 263 3451 4575 4644 4849
0 264 2840 3440 4471 4871 4976
0 265 3552 3717 5490 5579
0 266 2854 3460 3524 3688
0 267 2949 4316 4535 4785 5425
0 268 3344 3479
0 269 3783 4064 4274 5298
0 270 3716 4026 5526
0 271 2964 3395 3558
0 272 2881 3917 4022 5241
0 273 3484 3623 3829 5350
0 274 3138 3253
0 275 2801 5254
0 276 3228 3277 3330
0 277 4041 4403 4991
0 278 2920 2938 4502
0 279 3307 3855 4528 5216
0 280 3567
0 281 3355 3452 3588 4353 4650
0 282 3570 4555
0 283 4222 4778 5045
0 284 3262 4851
0 285 5289 5430
0 286 2926 3877 3890 4058 4411 4528 5051 5151
0 287 3961 5379
0 288 2969 4642
0 289 3667 4845 5346 5364 5543
0 290 3261 3732
0 291 5458
0 292 4949
0 293 4134
0 294 2922 2965 4112
0 295 3030 3478 3629 3928 4049
0 296 3448 4238
0 297 2885 3253 3316 3818 3935 4323 4816 5309
0 298 3193 4932 4968 5040
0 299 3406
0 300 3102 5105
0 301 2906 3331 3662 3727 3851
0 302 3151 3605 3954 5477 5560
0 303 3038 3243 3869 4249 5518
0 304 3128 3355 5463
0 305 3064 3210 3882 4100 4520 5120
0 306 4031 4990 5127
0 307 3389 5166
0 308 2879 3424 4357 5067
0 309 3366 5154 5234 5237
0 310 3378 4966
0 311 3830 4920 5291
0 312 4657 5119 5571 5576
0 313 2828 3125 3410 3787 3918 4836 5277 5337 5565
0 314 4070
0 315 3424 3715 3891 4396
0 316 2912 3079 3529 4379 4743 5074
0 317 3837 4044 4078 4986
0 318 3312 3330 3555 3848 4256 4593
0 319 3304 3406 3903 3962 4035 5501
0 320 5392
0 321 2839 3129
0 322 3296 4891 5560
0 323 3081
0 324 3539 3562 3793 3802 4049 5043 5277
0 325 3096 3706 4310 4510 4708 5286
0 326 5352
0 327 3126 4263 4471
0 328 2955 4392 4808 4888 5427
0 329 3726
0 330 2838 4778 5023
0 331 4565 5168 5471
0 332 3409 4863 5560
0 333 4980 5136 5308
0 334 5042
0 335 2911 3546 3758 4142 4258
0 336 2898 3716 4771
0 337 4101 4352 5021
0 338 2819 3333 3932 5040
0 339 2990 3492 4956 5377
0 340 4196 4496 5160 5578
0 341 4530 4687 5436
0 342 5387 5397
0 343 2871 3789 3894
0 344 3195 3381 3432 5345
0 345 2975 3976
0 346 3073 3298 3877
0 347 3751 4706
0 348 2997 4433 4868 5204
0 349 3076 3579 4254 4345 4405 4460
0 350 2854 3694 4033 4860
0 351 3852 4315
0 352 3239 3830 3929 5170 5304 5512
0 353 3721 5222
0 354 3233 3833 4100 4217 4814 5523
0 355 3120 4355 4774
0 356 2971 5480
0 357 3592 3902 4376 4873
0 358 3073 3150 3204 3329 5528
0 359 3162 3203 3444 3469 3701 4130 4335 5591
0 360 3040 3395 3672 5417 5556
0 361 3068 3425 4449 4605 5165
0 362 3584 4227 4540
0 363 2918 3447 3582 3714 4379 4977 5345
0 364 3363 3417 3439 3821 5368
0 365 3732
0 366 2821 3447 4898 5128 5284
0 367 3612 4349 4512 4779 4935
0 368 3738 5163
0 369 3795 4598 5398
0 370 3718
0 371 3459 4450 4771
0 372 2841 3051 3451 3624 4983
0 373 2848 3257 3365 4221 4561 4697 4964
0 374 3946 4423 5136 5196
0 375 4065 4072 5165 5218
0 376 3293 4391 4555 5317 5444
0 377 2957 2965 4477 4628 4732 5045 5213
0 378 4094
0 379 3133 3361 5196
0 380 3218
0 381 4161 4492 4834 5374
0 382 2888 3729 4240
0 383 3198 3614 4068 5496
0 384 3318 3610 3613 3826 4780 4913 5432
0 385 2809 3735 4437 4479
0 386 4399 5111 5392 5465
0 387 3461 3548
0 388 2873 4175 5170
0 389 3166 3265 3968 4093 4684 5297
0 390 3778 4066 4346 4965 5207
0 391 3048 4408 4574
0 392 4581
0 393 4058 4803 5048 5457
0 394 2875 3559 4738 4769
0 395 4056
0 396 2825 3264 4920
0 397 3137
0 398 3530 5397
0 399 3857 4523 4708 4722 5242 5528
0 400 2849 3161 4397
0 401 2950 2989 3265 3338 3407 3500 3738 4126 4189 4470 4705 5210
0 402 3062 3124 3946 4057 5515
0 403 4540 4649 5033
0 404 2959 4215 4802
0 405 3588 4272 4494 5047
0 406 3102 3212 4172 5103
0 407 3790 4205
0 408 3530 5295
0 409 3135 3319 3565 3759 3969 4028 4579 4593 4680
0 410 2812 3159 3678 4684 5007
0 411 3575 4517
0 412 2926 3965 4056
0 413 3153 5595
0 414 2854 3018 3991
0 415 3934 4095 5193
0 416 3280 4605 4650
0 417 2866 4660
0 418 3150 3181 4257 4612 5399
0 419 4046 4275 5208 5504
0 420 4520 4942
0 421 3265 3268 3952 4993
0 422 4021 4576
0 423 3062 3693 4455 4783 4958 4988 5512
0 424 3001 3692 5099
0 425 3152 3619 3851 4561 4943 5268
0 426 4567
0 427 3273 3445 3470 3661 4272 5406
0 428 2972
0 429 4183
0 430 3778 5233 5249 5287
0 431 2831 4093 5495
0 432 3117 4839 5015
0 433 3216 3697
0 434 3030 4374
0 435 3087 3250 3494 4894 5072
0 436 3051
0 437 3706 4532 5261
0 438 2834 2845 2880 3281 3308 3711 4251
0 439 3251 4374 4654
0 440 3179 3412 4407 5242
0 441 3032 3415 3825 4769 4921
0 442 2826 3140 3396 4436
0 443 3071 4046
0 444 3517 4166 4342 4401 4617 5243
0 445 3279 4170 5181
0 446 3067 3262 3432 4080 4538 5214 5344 5369 5440
0 447 2911 3718 4492 4615 5211 5290 5337 5558
0 448 3591
0 449 3225 3647 4030 4341 4626 5555
0 450 5166
0 451 3644 5285
0 452 3276 5315
0 453 3112
0 454 3487 4126 4267 4886
0 455 4276 4412 5316
0 456 3758 4233 4265 5008 5533
0 457 3010 3355 4401 4649 5343
0 458 3596 3974 4435 4523 4714 4796 4949
0 459 3896 4027 4209 4498 5005
0 460 3095
0 461 3436 3501 3698 4822 4839 4975 5335
0 462 2951 4113 4199 4338 5564
0 463 5149 5591
0 464 5291
0 465 3209 4221
0 466 5062 5403
0 467 3448 3545 3741 3950 4234 5503
0 468 3629 3753 4933 5436
0 469 4978
0 470 3287 3763 4863 5577
0 471 3860 4236 5197 5373
0 472 4411 5157
0 473 2898 3014 4340 4917
0 474 3409 4040 4694 5370 5541
0 475 3569 3715 4082
0 476 3789 3800 4167 4484
0 477 3068 3358 4556 5076 5238
0 478 3163 4787
0 479 4125 4292 4308
0 480 3120 3444 3603 4591 4715 4722 5459 5481 5586
0 481 2886
0 482 3318 3806 3837 4303 4526 4965
0 483 3885 4137 4414 4929
0 484 4106 4548
0 485 3558 4227 5274
0 486 4155 4378 4762 5266 5487
0 487 5182 5415
0 488 3445 3618 3702 3735 4555 5362 5511
0 489 2947 3672 4555 4805
0 490 4566 4666 4725
0 491 2838 2987 3596 3631 4744
0 492 2887 4024
0 493 3729 4215 5254
0 494 3656 4305
0 495 3003 3275 3732 4584 4778 5386
0 496 2865 4864
0 497 3041 5176
0 498 2936 3181 3960 4155 4989
0 499 3234 3502 3662 4480 4797
0 500 3214 3249 3514 3834 4280 5062 5298 5418 5522
0 501 3426 3881 3912 5127
0 502 2895 3547 3774 4816 5194
0 503 2920 3446 4297 4495
0 504 4110 5295 5355
0 505 2823 3954 5573
0 506 4194
0 507 3625 4233 4468 5348
0 508 3279 3304 5096
0 509 4562
0 510 4108 4502 4655 5288 5329
0 511 3750 4160
0 512 3762 4506 4528
0 513 3127 3681
0 514 2949 3222 3751 3755 4490 4655
0 515 2868 3763 5039
0 516 2844 3485 3852 4124 4133 4575 5165
0 517 2973 3686 3911
0 518 3538 3847 4120 4321 4431 4684
0 519 3708 4494 4618
0 520 3559 4329
0 521 3983 4480
0 522 3785 3876 4153 5045 5081
0 523 3048
0 524 5092 5289
0 525 3496 4045 4072
0 526 3551 4037 4209 4516 5537
0 527 3247 3384 3727 4815 5281
0 528 2933 5545
0 529 4321 4433 4801
0 530 2909
0 531 3153 4333 4859
0 532 4647 4886
0 533 3118
0 534 2842 3521 4117
0 535 3156 3903 4252 5409
0 536 4259 4688 4832
0 537 3291 4701 4743 5039
0 538 3429 3905
0 539 3117 4068 4170
0 540 2873 4473
0 541 2879 4382 5387
0 542 3438 3641 3724 3806 4189 4625
0 543 3202 3269 3737 4830 5399
0 544 3167 5085
0 545 3749 5019 5187 5366
0 546 2811 3216 3383 4762
0 547 2844 3900 3908 4998 5059 5190
0 548 3693 4409 4991 5343
0 549 3329
0 550 2927 3467 4715 5046 5091
0 551 2951 4108 4726
0 552 3059 3220 3605 3906 4095 4358 5317
0 553 2980 3478 4056 4687
0 554 3077 3790 4050 5126
0 555 3164 3333 3486 4235
0 556 2949 4264 4723 5492
0 557 3824 4155 5531
0 558 2956 3219 3516
0 559 5595
0 560 3221
0 561 2997 3394 3469 3484 3521 3607 3825 4134 4180
0 562 3011
0 563 4296 4515 4808 5528
0 564 3849
0 565 5042
0 566 2838 3522 4154 4217 4300 4896 5433
0 567 3758 4841 5278
0 568 3106 3390 3760 3813 5015
0 569 4745 5452 5533
0 570 2892 3219 4798 5589
0 571 2919 3462 4371 4736 5513
0 572 3148 3156 3404 3720 3847 4318 5022 5291
0 573 3343 5097 5206
0 574 3744 4566 5542
0 575 3452 4331 4364
0 576 2896 3615 3920 4403 4705
0 577 3203 4000 4016
0 578 3279 3901 4083 5344
0 579 2823 4431
0 580 3134 3501 3965 4444 4574 5564
0 581 4532 5268 5440 5551
0 582 3378 4214
0 583 3562 5000 5044
0 584 3179 5595
0 585 4333 4784 4937
0 586 4316 4853 5302 5463
0 587 2936 3681 4365 5434 5453
0 588 2934 4217 4321 4794 5044 5298
0 589 4109 4499
0 590 2953 3047 4260 4539
0 591 4171 4328 4431 5238 5336
0 592 2923 3596 4040 4069 4277 4799 4960
0 593 3387 3880 4163 5526
0 594 3675 3995 4170 4651
0 595 3019 4426
0 596 5511
0 597 2913 3315 3545
0 598 3466 3552 3722 4551 5034
0 599 3104 4189 4861 5104
0 600 3628 4005 4668 4718 5164 5188
0 601 3589 3594 4226 4431 4487 4764
0 602 3771 4275 4354 5341
0 603 2821 4519 4790
0 604 3700 3852 4742 5298
0 605 3118 3579 3902
0 606 2925 3216 4567 5126
0 607 3368 3605 3826 5083 5582
0 608 3893 4730
0 609 5328 5592
0 610 3608 4055 4544
0 611 3092 3309 3879
0 612 3352 3445 4002
0 613 3240 3587 3750 3807 4851
0 614 2886 5391
0 615 3620 3782
0 616 3580 4409
0 617 4301 4332 4344 4428 5525
0 618 4429 4551 5280
0 619 3336 4103 4232 4341 4738 5006 5336 5503 5514
0 620 3842 4334 4378 5170
0 621 3114 3540 4119 4184
0 622 4951
0 623 2854 2945 3584 4146 4602 4804 5060 5101
0 624 3781 4601
0 625 4416 4473
0 626 3585 4632 4722
0 627 4354 4925 5120 5569
0 628 3163 3290 3338 3572 4829 5090
0 629 3592 3796
0 630 4140 5564
0 631 3240 4311 5233
0 632 4444 5084 5158
0 633 3303 4370 5535
0 634 2905 3000 3202
0 635 4594
0 636 3483 4932 5227
0 637 2847 3885 4406 5537
0 638 3027
0 639 4018 4080 4837 5282 5501
0 640 4872 5033
0 641 3174 5576
0 642 4295
0 643 2855 4039 4329 4372 4645 5337
0 644 3728 4219 4641 4696 5421
0 645 2915 3884
0 646 4056 4427 4848 5574
0 647 3479 3556 3655 4232 4521 4851
0 648 2870 4396 4979
0 649 2945 3201 4259 4598 5575
0 650 2925 3050 4357 4440 4766 5162 5258
0 651 3522 4050 4911 5082
0 652 4229
0 653 3272 4349
0 654 2822 2902 3301 3387 3801 4747
0 655 3307 3368 3567 3762 4167 4599 4882
0 656 4013
0 657 3537 4053 4781 4861
0 658 2800 2909 2946 3063 3851 3972 4147
0 659 2867 3065 3210 4637
0 660 3651 4146 5449 5534
0 661 3117 3984 4119 5154 5265 5394
0 662 4019
0 663 3232 3766 3819 5121 5426 5489
0 664 2842 3084 4112
0 665 3660 3969 4783 4788 5122 5309
0 666 3102 3832 4709 4902
0 667 3083
0 668 3139 5038 5486
0 669 4978
0 670 2814 3031 3904 3916 4055 4290 4300 4404 4509 5538
0 671 2926 3261 3293 3628 3920 3939 4008
0 672 2834 3809 3817 3829 3926 4020 4599 4616 4958 5076
0 673 3838 4075 4641
0 674 3996 4116 4383 4395 4815 5167 5539
0 675 2873 3040 4357 5499
0 676 3363 3995 4811 4960
0 677 2961 4057 4827
0 678 3480 4857
0 679 3068 3382 4193 4631 4848
0 680 3130 3376 3632 4003 5296
0 681 3875 4622
0 682 3784 4707 5208
0 683 4150
0 684 3555 4038 5130 5519
0 685 2961 3245 3350 3886
0 686 3635 4330 5519
0 687 2811
0 688 3116 3318 4102 5016
0 689 4252 4347 4882 5526
0 690 4855
0 691 3222 3517 3966 3985 4073 4462 4543 4614 4716
0 692 2998 3182 3571 4477
0 693 3479 4791
0 694 4083 4394
0 695 2991 4347 4583 4987 5119 5527
0 696 3550 5282
0 697 3190 3259 4443 5047 5311
0 698 5219
0 699 2953 3424 4362 5433
0 700 3402 4258 4282 4928 5288
0 701 3084 4113 4339 4580 4738 5330
0 702 2921 3128 4046
0 703 3421 3488 4480
0 704 4160 5118 5354 5389 5482
0 705 3896 4611
0 706 2874 3283 3295 5447
0 707 2866 3004
0 708 3832 3985 4218
0 709 2841 3247 3962 4498 4962 5159 5342
0 710 2861 2918 4304 4554
0 711 3420 3631 4436
0 712 4172 4182 4387 4456 5288
0 713 3179 3449 4783 4949 5312
0 714 2919 2948 4071 4681 5467
0 715 2947 3785 5326 5375 5513
0 716 2899 4776
0 717 3870 5245 5306 5466
0 718 3045 5363 5513
0 719 3764 3865 4004 4905
0 720 3832 3842 4287
0 721 3788 4541
0 722 3113 3678 5212
0 723 3070 3571 3973 4581 4712 5468
0 724 3117 3373 5354
0 725 3480 3830 4402 4439 4888 5292
0 726 3716 3723 3798 5540
0 727 3061 3226 4310 5279
0 728 3021 3179 4260
0 729 2838 3129 3297 3649 4349 4418
0 730 3574 4391 5453
0 731 4744 5057 5128
0 732 2828 3684 3945 5231
0 733 2858 3233 3808 4391 4432
0 734 3467 4281 4703 4968 5407 5412
0 735 3634
0 736 4047 4353 5282 5396
0 737 3731
0 738 4605 4986
0 739 3857
0 740 2897 3643 3705 3778
0 741 4713 5345
0 742 3691 5191
0 743 5086
0 744 2808 3775 4024 4852
0 745 4793
0 746 2884 2895 2973
0 747 3165 3347
0 748 4397 4641
0 749 4417 4610 4919 5569
0 750 3084 3399 3623 4829 5466
0 751 3102 4927
0 752 3948 4731 4787
0 753 3283 3323 3937 3982 4814 5532
0 754 3829
0 755 3177 4040 5484
0 756 2824 3567 3816
0 757 3184 3447 4575 5560
0 758 3409 3697
0 759 3169 3207 3309 3875 5512
0 760 3256
0 761 3678 4080 4146 4230 4517 4549 4793 4952 5174
0 762 3578 5387
0 763 3150 3954
0 764 3126 4656
0 765 3898 4700 5442
0 766 3631 3996 4526 4672 5355
0 767 3497 3976 4209 4978
0 768 3167 3622 4151 5120 5567
0 769 3288 3816 4090
0 770 2832 3113 3638 4662 4916 4941
0 771 3675 4110 4760 4994
0 772 2904 3489
0 773 3482 3636 3970 4113 4550 4916
0 774 3094 3543 5446
0 775 3090 3167 4953 5089 5577
0 776 3736 4279 5446
0 777 3208 4314
0 778 2924 2956 3791 3797 4061 4192 5119
0 779 3226 3304 3634 3997 4476 5358
0 780 2990 3310 3991 5389
0 781 3687 3829 4593 5476 5509
0 782 3114 3129 3363
0 783 4507 4833
0 784 3170 3344 4995 5030
0 785 2994 3584
0 786 3404
0 787 4752 5437
0 788 2957 3884 4069 4756
0 789 2825 2934 3447 3781 5290
0 790 2879 2968 3220 3571 3578 5005
0 791 4152 5112 5385
0 792 3470 5302
0 793 3226 3258 3437 4300
0 794 3080 3745 4521 5089 5288
0 795 4164 5276
0 796 4441 4650 4922
0 797 3429 3601 3830 4229 4419 4710 5067
0 798 2813 3145 4164 4773 5516
0 799 4041 4042 5129
0 800 3799
0 801 2949 4899
0 802 3444 4458 4971
0 803 3597 4616 4806
0 804 3462 4059 5116 5533
0 805 3471 3546 3814 4099 4330 4514 4544 4896 5484
0 806 3667 3926 4795
0 807 3832 4900 5173
0 808 3311 3639 3893
0 809 3151 4204 4600
0 810 4796
0 811 3291 3689 4340 5300
0 812 4525 5001
0 813 3068 3070 3577 3796 4107 5120 5412
0 814 5460
0 815 3052 3458 3779 3949 4919
0 816 3170 3593 4794 5055
0 817 2893 3454 3757
0 818 2917 2943 4483 4624 4950
0 819 2887 3199
0 820 3387 3446 3947
0 821 3561 4358 4629 4753 5355
0 822 4822 5279 5549
0 823 3174 3241 4331 5344
0 824 3466 3907 4934 5183
0 825 3012 3961 5053
0 826 4650
0 827 3199 4286 4981 5569
0 828 3131 3418 3520 5192 5497
0 829 3548 5168 5236
0 830 3359 4739 4787
0 831 3292 4279
0 832 2812 4634 4886 5266
0 833 3051 3649 4068 4590 5132
0 834 3201 3877 3900 4778 5498
0 835 3763 4111 5554
0 836 3639 4829
0 837 2883 3926 4596 5367
0 838 5423
0 839 3248 3972 4064 4330
0 840 3123 4142 4157 5065
0 841 3809 4579 4648 4857 5524
0 842 3384 3533 4084 5542
0 843 2977 3130 3382 4225 4852 5549
0 844 3777 4190 5492
0 845 3570 3987 4469 4717 4975
0 846 3059 3315 3383 3527 3592 3637 3638
0 847 3192 3494 3763
0 848 3432 3563 3854 4744 4923
0 849 3209 3414 3727 3765 3918 4000 4026 4177 4300 4428 4538 5282
0 850 3990 5082 5167
0 851 3893 4177 4330
0 852 3724 4080 4666
0 853 2807 3604 3879 3894 4648 5022
0 854 2821 2911 5538
0 855 3243 4033 4909
0 856 3168 3750 4514 4892
0 857 3946 4798 4885 5069
0 858 3562 3857 4110 4668 4933 5035 5206
0 859 3386 4805
0 860 2814 3269 4157 5036 5488
0 861 4610 4791
0 862 3148 3442 3612
0 863 3043 3460 4403 4744
0 864 3221 3373
0 865 2871 3399 3557 4835 5538
0 866 3524 3794 4258 4275
0 867 3076 3569 4750
0 868 3764 4269 4853
0 869 3891
0 870 4369 4701
0 871 2888 3007 3524 3775 4664 5481
0 872 2877 3571 3584 5309 5492
0 873 3476
0 874 2891 3303 3928 4059 4129 5032
0 875 3751 4037 4814 5483 5588
0 876 3999 4496 4504 5127
0 877 4842
0 878 2938 3150 3300 4658
0 879 2835 4186 5104
0 880 3173 3977 4676 4875
0 881 3598 4065 4082 4260 4945 5294
0 882 4356 4385
0 883 2821 4372 4648 4747 5534
0 884 2846 3112 4194 4845 4917 5425 5449
0 885 2996 3729 5358 5565
0 886 2973 3016 4052 4175 5021
0 887 3154 3198 3484 3788 4547 5047
0 888 2845 4707 5480
0 889 2843 3055 3193 3743 3795 3864 4201 4841 4877
0 890 3976
0 891 2900 4333 4895
0 892 3504 3844 4410 5127
0 893 2875 3387 4451 5056 5119
0 894 3596 3642 4118 4868 5335 5377 5593
0 895 2854 3524 4355
0 896 3674 5021
0 897 3978 4027 5075 5460
0 898 3304 3831 5093 5555
0 899 3072 3117 3457 4013 4669 4898 5385 5484
0 900 3099 4969 5043
0 901 3350 3902 4141 4441 5303
0 902 3365 3870 5094 5124
0 903 3028 3745 3840 3843 4086 4907
0 904 2851 3191 3399 3521 4546
0 905 2890 3065 3164 4436
0 906 2845 4245 4944 5014 5532
0 907 3403 3419 3718
0 908 3413
0 909 2802 3063 3135 3471 3503 3919 4071 4129 4728
0 910 3488 4405 4477 4597 4631 4716 5247
0 911 2826 3037 3521
0 912 3842 4536
0 913 3116 3591 4375 5174
0 914 3027 3467 4436
0 915 4934
0 916 3710
0 917 3143 3264 3814 4146 5141 5594
0 918 5173
0 919 2862 3778 4683
0 920 3185 3597 4450 4649 4751 5273
0 921 3269 3779 4499
0 922 3105 3232 3258
0 923 3416 3739 4543 5186
0 924 2818 2862
0 925 4692
0 926 2948 3383 4084 4496 5303 5405 5587
0 927 2882 3477 3648 4374 4407 4579 5440 5567
0 928 4576 4986 5006 5183
0 929 2823 4500 4711 5354
0 930 3423 4996
0 931 4150 4493
0 932 2857 2920 3698 4075 4728 5414
0 933 3375
0 934 3536 3779 3815 4047 5163
0 935 3495 4836 5067
0 936 4285 4300 4429 5097 5108
0 937 3255 5083
0 938 4142 4155
0 939 2853 3518 5484 5508
0 940 3181 4462
0 941 3110 5053 5362 5512
0 942 3368 5161
0 943 3383 3568 4704 5188
0 944 3602 4873
0 945 2868 3894 4974 5171
0 946 3759 4053 5399
0 947 3530 5277 5560
0 948 3294 3518 3919
0 949 3154 3349 3921 4517 4682
0 950 3846 4768 5099 5297 5380 5551
0 951 3843 4018 4464 5116
0 952 3589 4535
0 953 3731
0 954 3382 3838 3964 4268 4892 4917 5463
0 955 3098 3109 4248 4920 4991 5042 5070 5142
0 956 3045 3571 5010 5394
0 957 3028 3186 3464 3891 3899 4580 5109 5427
0 958 3046 3810 4744 4981 5445
0 959 3290 3570 4020 4839 4874 5290
0 960 4260
0 961 2815 4282 4881
0 962 4904
0 963 3778 5578
0 964 5283
0 965 4490 5321
0 966 2899 3691 4142
0 967 3454 3581 5215
0 968 3643 4917
0 969 4306 5146 5555
0 970 2962 3028 3272 3773 4251 4382 4618 5254
0 971 4174
0 972 2811 3157 4822
0 973 3046 4669 5115 5141
0 974 3114 3195 4543
0 975 3122
0 976 3751 5515
0 977 3117 4025 4233
0 978 4363 4758 5490
0 979 3038 4085 4308 5060 5281
0 980 2948 4877
0 981 3459 3610 4406
0 982 3640 4359 5548
0 983 4080
0 984 3624 3840 4474 5140
0 985 3510 3985 4549 5061
0 986 2806
0 987 2980 3153 3617 3703
0 988 3045 4541 4624 5261 5307
0 989 3858 4151 4934
0 990 2978 3674 5453
0 991 2977
0 992 3489 4029 4813
0 993 2947 3097 3386 4330 4710 4720
0 994 2997 3208 4884 5546
0 995 2870 5507
0 996 3198 3283 4100 4467
0 997 2924 3148 4474 5044
0 998 4209 4438 4969 5289
0 999 3087 3128 3890 4447 4712 5428
0 1000 3522 3837 3917 3987 5501
0 1001 3181 3589 3841 5536
0 1002 3147 3532 5435
0 1003 3001 3168 3529 3704 4184 5429
0 1004 3583 4739
0 1005 2915 2953 3718 4064 4491
0 1006 3586 4180 4881 5500
0 1007 2958 3413 3539 4872 5377
0 1008 4017 4594 5363
0 1009 3146 3192 3386 4203 4566 5362
0 1010 3421 4326 4942 5197
0 1011 4005 4010 4528 4911 5473
0 1012 3064 3113 3236 3651
0 1013 3910 3987 4882 4893
0 1014 2890 3798 4983 5562
0 1015 3019 3413 3919 5112
0 1016 2884 3575 3765 3846
0 1017 4521 5149 5282 5359
0 1018 2957
0 1019 2822 3757 3791
0 1020 3761 4670 4737 4927 5266
0 1021 2933 3054 4905 5044 5076
0 1022 2914 3745 4150 4491 4543
0 1023 3356 4582 4784 4850 5106 5481
0 1024 3426 3475 3538 4014 4038 4270 4471 4835
0 1025 3106 3318 3585 3877 3953 4215 4769
0 1026 3275 3293 4050
0 1027 3082 4283 5389
0 1028 3132 3503 3677 4041
0 1029 2929 3507 3581 3924 4935
0 1030 2976 3562 4269
0 1031 5021
0 1032 3086 3343 3648
0 1033 3778 4234 4478 4489 5242
0 1034 3237 3521 4917 5092
0 1035 3532 3944 3986 5361 5535
0 1036 2863 3319 3806 4670 4837
0 1037 3755 4869 5193
0 1038 4599 4811 4880 5310
0 1039 3321 4404 5585
0 1040 2801 3202 3990 5527 5565
0 1041 3164 3541 3788 3999
0 1042 3597 3929 4677 4765 5062 5094 5576
0 1043 3881 5346 5413 5583
0 1044 3489 3935 4303 4728
0 1045 3739 4606 4707 4927 4956
0 1046 2998 4500
0 1047 3427 3892 4584
0 1048 3738 4251
0 1049 2805 3444 3557 5124 5423
0 1050 3130 3275 3668 3745 3748 3966 4878 5135 5159 5589
0 1051 2868 2892 3419
0 1052 3009 3526
0 1053 3199 3553 3864 4526 4542
0 1054 3058 4106 4260 5095
0 1055 4049 4598
0 1056 3201 3315 3678 5574
0 1057 3384 3481 5201 5284
0 1058 3706 4211 4352 4963 5176 5346 5373
0 1059 3144 4045 4588 4685 5346
0 1060 3730 5085 5363
0 1061 4046 4527 5517
0 1062 2856 3271 3755 3851 5213
0 1063 2930 3100 3485
0 1064 3101 3371 3533 3876 4289 4710
0 1065 5108
0 1066 3213
0 1067 4052 4657
0 1068 3702 3929
0 1069 3256 3710 4366 4415 4529 4706 4720 5108
0 1070 3935 3945 4666 5501
0 1071 4498 4510 5075
0 1072 3420 4384 4418 5402
0 1073 3771 4038 4790 5183 5525
0 1074 3582 4005 4800 5318 5503
0 1075 4187 5101
0 1076 3013 3122 3548 3594 3712 3770 5099
0 1077 3249 4278 4424 4575 4899 5168
0 1078 3558 3747 4317 4862 5154
0 1079 3310 4214 4930 4974 5377
0 1080 4119 4270 4567
0 1081 3554 3594 5416 5593
0 1082 4744 5044
0 1083 3026 4495 4884
0 1084 3918
0 1085 5301 5352
0 1086 3298 4247 5330
0 1087 2988 3626
0 1088 4262 4744
0 1089 3112 3250 3524 4992
0 1090 2839 3165 3503 4350 4513 5189 5258 5360 5570
0 1091 2872 3561 4900 5343
0 1092 2982 3740 4056
0 1093 3230 3268 4776 5346
0 1094 3627 4735 4870 4983
0 1095 3768 5248 5470
0 1096 4660
0 1097 3070 3283 3436 3461 4101 4124 4151 4679 4805 5008
0 1098 3647 3950 4738 4933
0 1099 2844
0 1100 4021 4107
0 1101 2903 2965 4180 4892
0 1102 3315 3540 4507
0 1103 3808 3834 3936 4871 5103
0 1104 4011 4656 4691 5045 5148 5244 5463
0 1105 3213
0 1106 3607 3721 4067
0 1107 4807 5183 5264
0 1108 3243 3321 4691
0 1109 3200 3533 4335 5345
0 1110 4448
0 1111 3221 3266 3357 4004 4734 5051 5535
0 1112 3170 3451 4294 5218
0 1113 3283 3516 3768 3999 4208 5420
0 1114 2888 3162
0 1115 3332 4120 4497 4757
0 1116 3568 5056 5367 5447 5559
0 1117 3177 3194 5034
0 1118 3060 3702 4880
0 1119 3652 4615 4728 4826 4961 4979 5418
0 1120 2806 3509 4027 4379
0 1121 2836 4178 4221 4911 5373
0 1122 3043 4732
0 1123 3395 3473 4794
0 1124 3445 4568 4704
0 1125 5287
0 1126 4284 4323 5134
0 1127 2919 3452 3769 3846 3872 3929 4095 4221
0 1128 3974 4566 5533
0 1129 3326 4286 4422 4775 5192
0 1130 2875 3156 3351 3884 4471
0 1131 2812 3410 3684 4288 4329 4812 5415
0 1132 2998 3042 3371
0 1133 3818 4155 5151 5158
0 1134 3738 4328 4333 4370 4436 4501 4950
0 1135 3843 4903 5519
0 1136 3071 3953 4201 4321
0 1137 2943 4493
0 1138 2923 3213 3450
0 1139 3431 3601 4084 4227 4534 4971 5011 5142 5207
0 1140 3378
0 1141 2970 2990 3338 3363 4339 4398 4749
0 1142 3996
0 1143 4103
0 1144 3708 4643
0 1145 4681 4768 4821
0 1146 3761 4343 5041
0 1147 2831 3159 3164 4848
0 1148 3358 4094 4473 5023 5239
0 1149 3109 3180 5126 5402
0 1150 3286
0 1151 4126 4183 4303 4737
0 1152 2963 4539 4757 4765 4845 4990
0 1153 2820 3376 3772
0 1154 3085 3447 3632 3661 4277 4405 5115 5550
0 1155 5346
0 1156 4700 4814 5415 5597
0 1157 3374 3807 3906 4613 4832 5084
0 1158 3295
0 1159 3881 4884
0 1160 3040 3353 4027 4213 4915 5587
0 1161 5320
0 1162 2942 4288 4311 5223
0 1163 4259
0 1164 3438 3845 4424
0 1165 3110 3602
0 1166 4017 4147 4652 4715 5413
0 1167 4038 4712 5253
0 1168 2919 3495 3734 4823 5477
0 1169 4126 4196 5421
0 1170 3052 4994 5030
0 1171 3096 3195 3392
0 1172 3412 4033 4081 4562 4675
0 1173 3771 3949
0 1174 2955 3066 3423 4038 4295 5282 5518
0 1175 2881 4102 4898 5028
0 1176 3864
0 1177 3554 4486 4593
0 1178 2874 4103 4702 5029
0 1179 2857 2872 4316 4502 5075
0 1180 3446 3671
0 1181 4677 4734 5028
0 1182 3096 4084 4414 5033 5118
0 1183 3086 3178 5281 5442
0 1184 3830 4273 5406
0 1185 4472 5048
0 1186 3428
0 1187 3490 4766 5549
0 1188 4404 4944 5312 5524
0 1189 3558 3694 4946
0 1190 3706 4385
0 1191 2802 2824 2941 3586 4257
0 1192 3583
0 1193 3300 3700 4280 4513 5410 5455
0 1194 3040 4167 5462
0 1195 4216 5499
0 1196 3036 3328 4045
0 1197 2954 5459
0 1198 3612 4188 4886 5359
0 1199 4192 5517
0 1200 2933 3329
0 1201 3578 4358
0 1202 4028 4622 5073
0 1203 3818 4601
0 1204 2938 4670
0 1205 2881 3826 3854 3940 4825 5089 5480
0 1206 3007 3014 4968 5250
0 1207 3233 3292 4797 4853 5526
0 1208 2954 5332
0 1209 2928 3258
0 1210 3447 4040 4749 4755
0 1211 3567 3932 3965 4632 4768 5198
0 1212 2857 3620
0 1213 4301
0 1214 2927 3429 4239 4388 4896
0 1215 3248
0 1216 3507 3776 4612 5206
0 1217 2887 2902 4392 5205
0 1218 3686 4794 5071 5426 5490 5498
0 1219 2987 3939 4095 4977 4995 5158
0 1220 3455 3576 4531 4724 4991 5262
0 1221 3371 3749
0 1222 3222 4344 4405 5394
0 1223 3649 4009 4017 4602
0 1224 3091 3401 4102 4110 4688 5172
0 1225 3493 3651
0 1226 3372
0 1227 3275
0 1228 3539 4433 4816 5332 5353
0 1229 3159 3535 3541
0 1230 3016 3576 4498 4962 4966 5138 5260
0 1231 4018 4474 4617 5040
0 1232 3008 5165 5239 5253 5346
0 1233 3991 4176 4673 4962
0 1234 3467
0 1235 2976 3049
0 1236 3985 4235 4687 4902
0 1237 3366 4531 4555
0 1238 3098 3121 4029 4116 4766
0 1239 3806 4168 4307 5576
0 1240 2923 3178 4231 4627 4954
0 1241 3669 4148 5590
0 1242 2975 3700 5271 5442 5572
0 1243 4040 5204 5471 5563
0 1244 3298 4321 4471 4686 5513
0 1245 4130 4456
0 1246 2896 2931 3553 3646 5420
0 1247 2926 3392 4191 5407
0 1248 3488 3587 4278 5078
0 1249 2894 2948 4559 5123
0 1250 3015 3949
0 1251 4354 4477 4689 5386
0 1252 4183 4311 5528 5552
0 1253 3723 3763 5113
0 1254 3802 4581
0 1255 2952
0 1256 2938 3874 3950 4821 5124 5262
0 1257 3811 4071 4418 5575
0 1258 5194
0 1259 3654 4116 5184 5445 5466
0 1260 3315 3972 4430 4546
0 1261 3578 4302 5158 5175
0 1262 3533 3785 4174 4586
0 1263 2819 3519 3952 3973 4853
0 1264 3808 4491 5182 5221
0 1265 2927 3575 4455 5400
0 1266 5308
0 1267 3116 3694 3830 4239 4745
0 1268 3215 3388 3683 3906 4576
0 1269 3820 4727 5056
0 1270 2827 3714 4216
0 1271 3625 3889 4376 4470 4583 4712 5008 5370
0 1272 3444 5498
0 1273 3565 4262 4948 5210
0 1274 2839 3973 4060 4307 5210
0 1275 3228 3878
0 1276 2801 3303 3549 3590 4599 5531
0 1277 5541
0 1278 3016 3691 3976 4318 4945
0 1279 2982 4727 5263 5309
0 1280 2870 5316 5377 5572
0 1281 2834 4218 4323 4578 4753 5100 5580
0 1282 2833 3148 3454 4412 5287
0 1283 4369 5061
0 1284 4543 4604 4995 5065
0 1285 2881 3256 3424 4360 5375 5495
0 1286 3608 3670 4302
0 1287 3511 3625 4444 5446
0 1288 3162 3329 4567 4894 5229
0 1289 2951 3418 4050 4175 4738 5258 5282
0 1290 3742 4103 4136 4212
0 1291 3343 4176 4239 4306 4352 4606 4664 5178
0 1292 4613 5414
0 1293 3847 5566
0 1294 2839 3204 3897
0 1295 4894 4914 5055
0 1296 3261 3477 5172
0 1297 3254 3918 4531 4927
0 1298 3264
0 1299 3040 4482 4628
0 1300 3386 4012 5022
0 1301 4734 4886 4955
0 1302 3661 4139 4328 5099 5478
0 1303 3525 4697
0 1304 2848 2873 4284
0 1305 4149
0 1306 3034
0 1307 3768
0 1308 3465 4106 4259 5163
0 1309 3595 3870 4712 4875
0 1310 4416 5197 5290
0 1311 3233 4003 5094
0 1312 3636 3640 4449
0 1313 3729 5486
0 1314 4843 5322 5495
0 1315 4460 5123
0 1316 3072 3354
0 1317 4466 4596 5141
0 1318 3835 4834 4842 5353 5499
0 1319 3706 3886 4719 4887 4888 4962 5180 5527
0 1320 3974
0 1321 3086 4660 4889
0 1322 3036 3231 3564 4315
0 1323 2973 3688 3729 4079 4113 4301
0 1324 2947 3689 4087 4388
0 1325 3294 3527 4733 5100 5407
0 1326 3416 3788 4691 5147
0 1327 5051
0 1328 3989 4433 5303
0 1329 3652 4229 4335 4370
0 1330 4126 4145 4417 4496 4534 5070
0 1331 3010 3144 3562 4906
0 1332 2970
0 1333 4239 4714
0 1334 3961 4890 5007 5549
0 1335 3017 3629 3795 4390 4458
0 1336 4469
0 1337 3336 5569
0 1338 3083 4824 5288
0 1339 2848 3242 4873 5103 5218 5336
0 1340 3599 4914
0 1341 3520 4227 5321
0 1342 4504
0 1343 4068
0 1344 3341 3769 4527 4594 5393
0 1345 3640 5138
0 1346 3161 3341 4105 4131 4411 4944
0 1347 2976 3606 3700 5320
0 1348 3383 4364 4988 5353
0 1349 4520
0 1350 4328 5243
0 1351 3002 4372 5131 5228 5382
0 1352 2938 3486 3675 4266 4315 4717 5393
0 1353 4497 5507
0 1354 3963 4200 4841
0 1355 2832 3888 4056 4432 5120 5209
0 1356 2960 3561
0 1357 3356 4532
0 1358 3388 4007 4903
0 1359 3278 3448
0 1360 4784
0 1361 4326 4361 4569 4659 5310
0 1362 4062 5120 5303
0 1363 2868 3459 4352 4646 4709
0 1364 3733
0 1365 4222 5307
0 1366 3475
0 1367 3834 4354 5069 5209
0 1368 3259 3666 3672 4570
0 1369 4384
0 1370 3730 4244 4437 5068
0 1371 2883 2967 3175 3230 3923 4131 4135 4377 4932
0 1372 3112 3783
0 1373 3960
0 1374 4345
0 1375 3937 4011
0 1376 4790 4850
0 1377 2843 3007 3953 4485 5000 5569
0 1378 2942 4631 5122
0 1379 5273
0 1380 2980 3176 3204 3609 5022
0 1381 3831 3918 4157 4602 5180
0 1382 3316
0 1383 2878 3135 3536 4304 4614 5008 5502
0 1384 2884 2999 3184 3777
0 1385 3695
0 1386 4831
0 1387 3291 3417 4450 5212
0 1388 3213 3254 3580
0 1389 3486 3673 3878 4178 4393 5459
0 1390 3330 4966 4998
0 1391 2978 3620
0 1392 3055 3741 4146 4440 4645 5181
0 1393 3021 3350 3571 4026 4069 4607 4953 5580
0 1394 3926 4669
0 1395 3692 4114 4673 4723 5002
0 1396 4709 4837
0 1397 3361 5176
0 1398 4367
0 1399 2859 3569 4068 4090 4107 5009 5069 5514
0 1400 3200 3499 4266 4492 4695 5546
0 1401 3223 4605 4748 4826 5124
0 1402 4598
0 1403 3572 4878 5319
0 1404 4195 4213 4389
0 1405 2957 3268 3787 4962
0 1406 4672 4742
0 1407 2887 3053 3198 4394
0 1408 4078 4195 4319
0 1409 3383 3456 4423 5111
0 1410 3407 3791 4428 5061
0 1411 2858 3408 3596 3898 4171 5020 5256 5287 5349 5363 5585
0 1412 3795 4356 4540
0 1413 3425 3901 4454 5429
0 1414 3165 3558 3789 4746
0 1415 3696 4550
0 1416 2935 3951 4751 5155
0 1417 2917 3668 4113 4434
0 1418 4793 4985 5070
0 1419 3438 3919 3964 4415 4754
0 1420 3355 4026 4888 5404
0 1421 3961
0 1422 5373
0 1423 3130 3707 4558
0 1424 3028 3780 4732
0 1425 3029 3858 4052 4513 5562
0 1426 3459 3606 4086 4401 5167
0 1427 4190 5128 5398 5445
0 1428 2887 5283 5589
0 1429 3516 4218 4735
0 1430 2903 3208 3824 4867 4986
0 1431 2818 3725 4355 4755
0 1432 2876 5349 5543
0 1433 3049 3194 3325 3786 3832 4136 5521
0 1434 3334 5284
0 1435 4618 4765 4827 5069
0 1436 2855
0 1437 3219 3863 4835 5391
0 1438 4397 4970 5058
0 1439 2933 3223 3355 3750 4082 4698 5021 5046 5271 5384 5418 5421 5534
0 1440 3230 3956
0 1441 3720 3908 4105 4281 5045 5052 5257
0 1442 2859 2913 3219 3306 4157 4952 5318 5444
0 1443 2927 3859 4277
0 1444 2992 3223
0 1445 3581 3708 4255
0 1446 3308 4031 4663 4795 5439
0 1447 3266
0 1448 3088 3330 3531 3821 5532
0 1449 3665 5005 5194
0 1450 2945 3175 3958 4236 4770
0 1451 3126 3289 5152
0 1452 2906 2947 3437 4100 4631 4932 5001
0 1453 4917
0 1454 3725 4445 4500
0 1455 5248
0 1456 3697 3891 4738 5063 5588
0 1457 3487 3579 4105 4965
0 1458 3857 5576
0 1459 3029 5095 5307
0 1460 2855 2858 3589
0 1461 2862 2935 4078 4622 4975
0 1462 3331 4601 4891
0 1463 3839 4495
0 1464 4348 5295
0 1465 2965 4489 4949
0 1466 4429
0 1467 3684 4081 4434 5177
0 1468 3272 3513 4682
0 1469 3691 3912 3986 5088 5229
0 1470 3613 3802 4617 4785 5584
0 1471 3800 3911 3974 4755 5335
0 1472 2879 4143
0 1473 3051 4871 5177
0 1474 3077 5079
0 1475 2902 3011 4008
0 1476 2873 3359
0 1477 3066 3663 3681 4365
0 1478 4300 5074 5269
0 1479 5207
0 1480 4111
0 1481 2899 4345 4547 5483
0 1482 2845 3158 3520 4243 4307 5098
0 1483 2948 3453 3599 3639 4519 4738 5489
0 1484 4242 4954 5333 5522
0 1485 2823 3206 3902 4601 5226
0 1486 3200 4814 4909
0 1487 3507 4751
0 1488 2924 3138 3510 4544 5168
0 1489 3296 3562 4348 5489
0 1490 2846 3065
0 1491 3741 4656
0 1492 3717 5098 5222
0 1493 2859 3425 3487 4803 5052 5591
0 1494 4209 4355 5269
0 1495 3084 4222
0 1496 3509 4064 4650 4658 4824 4900 5022
0 1497 3062 3198 4634 5343 5417
0 1498 3392 3443 4780
0 1499 4275 5030
0 1500 3096 3800 4776
0 1501 3777 5165 5246
0 1502 2987 3045 3624 3634 4065 4482 4647 4980 5028
0 1503 3205 3785 5008 5168
0 1504 3469 3495 4694
0 1505 3095 3607 3978
0 1506 2888 3008
0 1507 2894 3875 4807 5416
0 1508 2868 3405 4079
0 1509 4944 5565
0 1510 2802 3172 3196 5325
0 1511 3324 3512 4067 4082 5568
0 1512 3141 3211 3876 4204 4944 5092 5467
0 1513 3690 3747
0 1514 3192 3909 4345
0 1515 3403 3688 4042 4477 5247
0 1516 3316 3648 5401
0 1517 3364 3367 3421 3660 4633 5375
0 1518 4610 5167
0 1519 3054 3657 4211 4396 5014 5098 5477
0 1520 3341 3429 3497 3532 3980 4677
0 1521 2955 3449 3507 3840 4378 4398 4633
0 1522 3221 3636 3865 4663
0 1523 3396 3592 3881 3940 3979 4000 5383 5472
0 1524 3262 3279 3574 4071 4124 4520 5179
0 1525 4510 4542 4617 4710
0 1526 3899
0 1527 3656 4222 5512 5574
0 1528 3831 4437
0 1529 3842
0 1530 2879 3052 4099 4306 5141 5419
0 1531 2998 3104 3592 3858
0 1532 3868 4520 4780 5345
0 1533 3314 3817 4061 4178
0 1534 4490 5271
0 1535 3841 5534
0 1536 3572 4436
0 1537 4699
0 1538 4399 5401 5407
0 1539 3303 5160 5180 5566
0 1540 3002 4147 4604 5506
0 1541 3620 4872 4921 5148
0 1542 2817 3152 3725 4145 5174
0 1543 2969 3480
0 1544 3933 3954 4343
0 1545 3029 4531 4602 4780 5562
0 1546 4556
0 1547 3281 3344 4353
0 1548 3170
0 1549 3117 4010
0 1550 3366 4567 5087 5137
0 1551 3115 3447 3668 5442 5556
0 1552 2854 3101 3538 4128 4370 4412 4490 5316
0 1553 4415
0 1554 3768 4139 4718
0 1555 4071 4746 5332
0 1556 2960 3703 3858 4283 4537 4725 4769
0 1557 3075 4614
0 1558 3927 5320
0 1559 3930 4142 4309 4951
0 1560 2843 4036 4743
0 1561 2885 5184
0 1562 3684 4325
0 1563 3353 3617
0 1564 4937 5143 5298 5544
0 1565 3595
0 1566 3748 3896 5122
0 1567 3329 3538 3914 4187 4509 5263 5464
0 1568 2810 2833 3392 3729 3863 3932 5454
0 1569 3170 3442
0 1570 3122 3836 4353 5289
0 1571 3739 4140 5137
0 1572 3554 3778 4728 4832 4945
0 1573 3005 4847 5086 5186 5288
0 1574 3050 4204 4768
0 1575 3747 5394 5477 5531
0 1576 3445
0 1577 3139 3465 3556 4203 5588
0 1578 3084 4922 5323 5553
0 1579 3738 4084 4125 4923 5274 5461
0 1580 4739 5307
0 1581 2965 3373 3533 4988
0 1582 2929 3220 3328 3365 5418
0 1583 2904 3716 4437
0 1584 3001 3475 3937
0 1585 3733
0 1586 2978 3650 4233 4972
0 1587 3309 3623 3935 4471 4717 4734 5029 5319
0 1588 2988 3014 4654 5140
0 1589 3329 4089 4150 4348 4883
0 1590 3471 3844 4759 5069 5465
0 1591 3217 3331 3377 3609 3638 3654 4475 4562 4990
0 1592 4840 5414
0 1593 3717 3928 4096 4150
0 1594 3721 4260 5345
0 1595 3204 3312 4158 4235 4658 5417
0 1596 4223 5327 5443
0 1597 2833 3454 3820 4574 4840 4883 5138 5367
0 1598 2802 2842 3006 3553 3803 4533 4652 5530
0 1599 3145 3614 3616 3664 4425 4627 4831 5116 5358
0 1600 2965 3163 3470 3565 3810
0 1601 3226 3348 4597 5302
0 1602 2888 2934 3672 4865
0 1603 3889 5463 5508
0 1604 3369 4120
0 1605 3057 3518
0 1606 5072
0 1607 3536
0 1608 3394 3921 3951 4253 5450
0 1609 2957 4090
0 1610 3977
0 1611 4384 4923 5106
0 1612 5119 5496
0 1613 3351 4053
0 1614 3123 3797 3833 4074
0 1615 3465 3901
0 1616 3335 4908 4925 5066 5350
0 1617 3464 4251 4550 4781 5080 5263
0 1618 2925 3891 4104
0 1619 3240 4949
0 1620 3942 4092 4671 4680 5055 5392
0 1621 3078 3293
0 1622 4231
0 1623 3309 5584
0 1624 3917 4170 5353
0 1625 3011
0 1626 3314
0 1627 2899 3304 3876
0 1628 4648 4946
0 1629 3331 3937 4036 4612 5006
0 1630 3262 4777 5413
0 1631 3490 5302 5322
0 1632 4208 4952 5106
0 1633 3384 3950 5100 5364
0 1634 2988
0 1635 3052 3709 4026
0 1636 3401 3910 5165
0 1637 2947 3329 3810
0 1638 3303 4019 4715 4811 5075
0 1639 2986 3162 3406 3416 3694 4726
0 1640 4226 5447
0 1641 3494 3937
0 1642 2831 3031 3369 5396
0 1643 3799 4619
0 1644 3108 4052 4103 4822
0 1645 4635
0 1646 3288 4460
0 1647 2958 3595 3821
0 1648 3662 4743 5137 5594
0 1649 3633 5054
0 1650 2971 3146 4357
0 1651 4342
0 1652 3772
0 1653 3570 3948 4185 5515
0 1654 2977 3915 4721
0 1655 4683 5249
0 1656 3468 3560 4867 5436
0 1657 3645
0 1658 3360 3466 4534
0 1659 3155 4245
0 1660 2828 3243 3990 4625 4674
0 1661 3111 3152 3619 5089 5203 5576
0 1662 2997 3494 4393 4754 5316
0 1663 3589 5273
0 1664 3357 4560 4826 5178
0 1665 3000 4169 5071 5166
0 1666 3028
0 1667 2959 4343 5110
0 1668 3139 3798
0 1669 2951
0 1670 3248 4425 5028 5049
0 1671 3151 3234 4514 5143
0 1672 3298
0 1673 3589 3952 3973
0 1674 3432 4182 5275 5429
0 1675 3007 3562 4328 4544 5146
0 1676 2804 2940 3649
0 1677 3332
0 1678 3614
0 1679 3780 4585
0 1680 5534
0 1681 3226 3781 3829 3950 4498 5386
0 1682 3058 3232 3352 3551 5298
0 1683 3195 3284
0 1684 3254 3465 4977
0 1685 2812 3524 4017 4160
0 1686 2860 2868 3164 3309 3556 4119 4442 4659 5198
0 1687 3714 3840 4194
0 1688 4119 5588
0 1689 2931 2954 3327 4928
0 1690 2889 4333 5291 5297 5449 5525 5577 5578 5591
0 1691 3391 4158 4616 5236
0 1692 3189 3775 4168 5434 5565
0 1693 4434
0 1694 4043 5221
0 1695 3173 3757 3781 4011 4358 4827 5293 5460
0 1696 2823 3511 4867 5572
0 1697 3538 3547 4419 4537 4828
0 1698 4344
0 1699 3354 4411 4855
0 1700 5112
0 1701 2944 3380 3949 4168 4942 4970
0 1702 3084
0 1703 2896 3418 3915 4892 5018
0 1704 2939
0 1705 5129
0 1706 3005 4956 5067 5390 5402
0 1707 2901 3602 4077 5594
0 1708 4681
0 1709 3755 4128 4841 5249
0 1710 3675
0 1711 3300 3315 4797
0 1712 4753 5243
0 1713 3756 4173 5147
0 1714 4179 4795 5132
0 1715 3199 3900 4350
0 1716 5359
0 1717 3770 3776 4016 5213
0 1718 3331 5041 5146 5151
0 1719 3292 4620 5437
0 1720 3073 4113
0 1721 3428 3733 4580 4769 5150
0 1722 3654 3853 4468 5012 5384
0 1723 3378 4451 5023 5438 5517
0 1724 2839 2939 3867 3987 4564 5106 5300
0 1725 3811
0 1726 3679 4054 4344 5336
0 1727 3423 3814 4271 4738 4962 5103
0 1728 3074 3459 3642 3885 3917 4787
0 1729 3301 3339 4253 5220
0 1730 2870 3368 4823
0 1731 2935 4056
0 1732 3170 4151 5005 5495
0 1733 3294 3400 3693 4505 4699
0 1734 3670 4537
0 1735 3479 5239 5307
0 1736 5260
0 1737 2921 3099 3239 3332 3508 3674 4726
0 1738 3080 4064 4542 4789 4987 5122
0 1739 4163
0 1740 4316
0 1741 2856 3829 4092
0 1742 3144 3177 4221 4350 4542 4725 5055 5065 5183
0 1743 3989 4934
0 1744 2913 3457 3464 4182 4684 5444
0 1745 3218 3538 4022 4770 4838 5093
0 1746 3224 4911 5253
0 1747 2931 3041 4290 5046
0 1748 3329 4638 4951
0 1749 4407
0 1750 3097 3427 4013
0 1751 3583 3852 4376 5490
0 1752 3065 5076 5147 5324
0 1753 3853 3868
0 1754 3739 4116 4449 4631 4848
0 1755 3349 3786 4007 4312 4392 4981 5366
0 1756 3493 4483 5192
0 1757 3101 3230 3261 3626 3717 5006
0 1758 3918 4198 5447
0 1759 3279 3441 3544 3823 3921 4274 4694 4870
0 1760 2886 4868 4903 5346
0 1761 4339 4594 5027 5441
0 1762 2902 4339
0 1763 2845 3906 4283
0 1764 4811
0 1765 2829 3308 4093 4937
0 1766 3866
0 1767 3879 4451 4601
0 1768 4041 4068
0 1769 3848 4543 4932
0 1770 4615
0 1771 2829 2926 3550 3897 4679 4835
0 1772 4261
0 1773 3180 4364 4529 5454 5566
0 1774 3616 3644 3852
0 1775 3040 4846 5463
0 1776 3396 3692 3842 4043
0 1777 3422 3846 5404
0 1778 4462 5437
0 1779 3176 3398 4681 5364
0 1780 4815 4873
0 1781 5220 5300
0 1782 3603 4534
0 1783 3376 4275 4747 5429
0 1784 2973 3524 4391
0 1785 3933 4743 5422
0 1786 3206 3505 5168 5270 5401
0 1787 3212 3310 3639 4460 4846 5152 5194 5313
0 1788 3347 3482 4491 4834 5013 5075 5223 5571
0 1789 3064 3201 3876 4262 5155
0 1790 3415 3619 4889 5072
0 1791 2878 4293
0 1792 2839 3458 4955
0 1793 4033 4441 4472 5005
0 1794 3103 3233 3592 3989 4499 5539
0 1795 2995 3261 4060 4130 4360 4570
0 1796 4955
0 1797 3276 3840 4295 4820 4891 5095 5564
0 1798 2969 3011
0 1799 3383 3889 3902 3951 4678 5498
0 1800 2908 2971 3233 3427 4632 5291
0 1801 3222 3227 3347 3362
0 1802 3175 3540 4940
0 1803 4736 5258 5306
0 1804 3011 3316 3896
0 1805 3459 4197 5443
0 1806 3981 4116 4846
0 1807 4065 4213 5197
0 1808 2908 3973 4654 5031
0 1809 2991 3382 5267 5594
0 1810 3759 4012 5511
0 1811 3885 4180 4300 4877
0 1812 4533
0 1813 2938 3444 4307
0 1814 3029 4532 5312
0 1815 2867 3816 3860 5024
0 1816 3630 3892 4157 4667
0 1817 3080 4127 4621 5177
0 1818 2920 2922 2980 3637 3777
0 1819 3203 3983 4326 4530
0 1820 4206
0 1821 3482 3863
0 1822 3336 3822
0 1823 3207 5172
0 1824 3279 3881 5564
0 1825 2935 3851 4329 5041 5362
0 1826 3528 3604 4229 4421 4923 4944
0 1827 2902 3175 3323
0 1828 3243 3556 3635 4288 5091
0 1829 3249 5415
0 1830 3744
0 1831 3678 4413 4925
0 1832 4112 4521
0 1833 4566 5196 5236
0 1834 5174
0 1835 2812 4196 4423
0 1836 3109 3419 3625 3840 4606 5018
0 1837 3096 3426 3627 4853 5295 5438
0 1838 3433 3964 5510 5534
0 1839 2860 4261 4266 5031
0 1840 3030 4348 5094
0 1841 3779 4979 5372
0 1842 5141
0 1843 2853 2931 4258 4464 5119
0 1844 3371 3455 3984 4469 4794 5180 5537
0 1845 3810 3947 4849
0 1846 4880
0 1847 4883
0 1848 3445 3897 4640 4852 5146 5240 5324
0 1849 3048 4439 4828 4836 5314
0 1850 5026
0 1851 3107
0 1852 3797 4702 5570
0 1853 3311 3841 4081 4540
0 1854 3374 5343
0 1855 3490 4080
0 1856 5579
0 1857 3738 4159 5569
0 1858 3036 4267 4873 5082
0 1859 2988 3174 5080 5455
0 1860 3245 3369 3895 3967 4343 4918 4954
0 1861 2811 2832 4265 4372
0 1862 3871 4152 5145
0 1863 3909 4982
0 1864 2853 3841 4063
0 1865 3222 4824 4834
0 1866 3794
0 1867 3335 3988 4860 4868 4911
0 1868 3231 3454 3788 3983 4650 4963 5093
0 1869 3020 3336 3908 4159
0 1870 3207 4540 5373
0 1871 2854 3115 3637 4635 5329
0 1872 3083 3871 4101 4752
0 1873 3481 4382
0 1874 4167 4782 5058
0 1875 3692 4264 4992
0 1876 3112
0 1877 3816 4271 4982
0 1878 3396 3839 4338 5574 5581
0 1879 3936 4292 4840
0 1880 4219
0 1881 3543 5434
0 1882 3266 3649 3651 4958
0 1883 3281
0 1884 3626 4533
0 1885 3669 4126
0 1886 3524 5043 5222
0 1887 4166 4703
0 1888 4128 4510 4562 4732
0 1889 4835 5394
0 1890 2858 2861 3677 3815 4142 4717
0 1891 3085 3658 3836 4203 4797 4976
0 1892 2935 3688
0 1893 2801 2808 2894 3626 3830 4002 4633 4854
0 1894 3048 3878 4645 5065
0 1895 2862 2962 3635 5567
0 1896 3798 4873
0 1897 2810 3439 3590
0 1898 3126 3196 3441 4297 4736 5270
0 1899 3843 4493 4527 4919 4994 5241
0 1900 2942 3671 5560
0 1901 3030 3854 4006 4680 4701
0 1902 3114 3502 3951 4676
0 1903 4844 5222 5580
0 1904 3814 4199
0 1905 3255 3738 4028 4420
0 1906 3123 3443 4631
0 1907 2918 3042 3436 3589 3968 4891 5083 5465 5546
0 1908 3171 3520 5213
0 1909 3600 3862
0 1910 3411 5340
0 1911 3935
0 1912 2845 3148 3333 3474 4296 4925 5154
0 1913 3140 3658 4971
0 1914 3471 4281 5384
0 1915 3916 4959 5177
0 1916 3702 4495 4686 4896 4928 5223
0 1917 2810 3085 3711
0 1918 3649 3820 4578 4767 5570
0 1919 3028 3439 3448 4562 5065
0 1920 3358 3581 4281 4310 4472 4835 5187 5457
0 1921 3852 5082 5139
0 1922 3134 4203 4354 4449 5116
0 1923 3536 3887 3976 4021 4578 4927
0 1924 3041 3080 5046
0 1925 3363 4132
0 1926 2902 3465 4060 4260 4952
0 1927 2922 3205 3523 4891 5121
0 1928 3608 4396 5139 5307
0 1929 3232 3333 3999 5404
0 1930 2837 2956 3254 3255 3654 5505
0 1931 3007 3954 4890
0 1932 3130 4020 4731 5263
0 1933 3231 4765
0 1934 3556 5120
0 1935 3705 4380 4734 4899 5226
0 1936 3755 4941
0 1937 4020
0 1938 3779 4067 4659 4973 5403
0 1939 2937 4213
0 1940 3162 3257 3513 4897
0 1941 4654 4911
0 1942 3891 4349 5031 5323
0 1943 4090 5447
0 1944 3046 3676 4077 4263 5478
0 1945 3491
0 1946 4126 4177 4554 4658 5389
0 1947 3118 3850 4548 4913
0 1948 3414 4736 4775
0 1949 4096 4259 4816 5076
0 1950 3925 4416 4707 4859
0 1951 3140 3223 3912 4861
0 1952 3674 4993
0 1953 3008 3411 4314 5514 5577
0 1954 4116 4568 5045 5061 5305 5575
0 1955 3564 3758 4995
0 1956 3320 3886 4344 4857 5281
0 1957 3755
0 1958 3041 3351 4347 4408 4546 5407
0 1959 3850 4392 4665
0 1960 2905 3881 5013 5450
0 1961 2809 3020 3211 3372
0 1962 3125 3595 3671 5018 5055
0 1963 3325 3893 5025
0 1964 2993 3106 4013
0 1965 3115 3346 3988
0 1966 3655 4413 4855 5095 5561
0 1967 4099 5378
0 1968 3561
0 1969 3454 4782 4847
0 1970 3092 3699 4554 4976 5229
0 1971 2840 3026 3684 3881 4180
0 1972 5395
0 1973 3327 3503 3652 3944 4206 4562 4911
0 1974 3596 4354 5472
0 1975 3786
0 1976 4619 4805 4931 5099
0 1977 3140 3321 3406 3577 4103 4400 4444 4771
0 1978 3247 4205
0 1979 3177 3653 4103 4217
0 1980 4002 4202
0 1981 3023 3805 3924 4232
0 1982 3372 3533 3726
0 1983 3884 5352
0 1984 4737 4943
0 1985 3140 3424 3944 4459
0 1986 3915 4209 4783 5208
0 1987 3675 4158
0 1988 3263
0 1989 3989 4452
0 1990 3750 4053 4343 5052
0 1991 2812 2825 3193
0 1992 3909 4929
0 1993 3033 3220 3473 3875 4450 4706
0 1994 3318 4680 5333 5587
0 1995 3547
0 1996 4673 4927 5168
0 1997 3694 4442
0 1998 3493 3690 3802 5136
0 1999 4736 5112 5330 5331 5456
0 2000 4031 4771
0 2001 2803 4930
0 2002 3349 4343 4536
0 2003 2973 3213 3590 3944 4007
0 2004 3270 4117 4934 5107 5532
0 2005 3693 4036 4092 5533
0 2006 4153 4541
0 2007 4764 5519
0 2008 3205 4678 5306
0 2009 3270 4248 4252 4524 4994
0 2010 3192 3335 4259 4289
0 2011 3389 3766 4140
0 2012 3002 4503 5499
0 2013 3178 4249 5001 5124 5383 5498
0 2014 3493 4834 5454
0 2015 4204
0 2016 2912 2970 3168 3719 4190 4233 4373 5424 5584
0 2017 3238 4642 4645
0 2018 3209 3771 3772 4856
0 2019 3199
0 2020 2829 3338 3377 3553 3586 3724 3981 5119 5262
0 2021 5278
0 2022 3181 4678 5235
0 2023 3326 4610 5030 5316
0 2024 3113 3794 3828 4037 5027 5098
0 2025 3595 4109 4395
0 2026 3524 3825
0 2027 3740 4736
0 2028 3087 3481 3837 5013 5069
0 2029 3265 3647 3899 4450
0 2030 5342
0 2031 3819 4292 4815 4921
0 2032 3445 3834 4323 5214 5250 5458 5583
0 2033 2957 3883 4384 4901 4910 5539
0 2034 3455 4356 4593 4921
0 2035 4979
0 2036 4106 4130 4585 4589
0 2037 4261 4649 4915 5374
0 2038 4043 4113 5444
0 2039 3669 3864 4363 5179 5539
0 2040 3634 4378 4647
0 2041 3221 3498 3575 3577 4888 5210
0 2042 3382 4279 4636 5053 5521 5546
0 2043 3205 4019 4434 4459 4491 5172
0 2044 4554 4931
0 2045 2889 2934
0 2046 3964 4301 4370 5246
0 2047 3274 3596 5069
0 2048 3482
0 2049 5269
0 2050 5228
0 2051 3416
0 2052 2931 3705 3777 4282 4840 5234 5463
0 2053 5023 5442
0 2054 4316 4322 4554 5207
0 2055 4464
0 2056 2923
0 2057 3512 3607 3874 4433 4520 4853
0 2058 3941 4219 4457 4713 5456
0 2059 2819 3610 3987 5506
0 2060 4407
0 2061 2950 3600 4076 4570 4967 5570
0 2062 2818 2995 3123 3136 3555 3716 4373 4519 4806 4829
0 2063 3789 4650 4801 4969
0 2064 3041 3065 3444 3614 4557
0 2065 3545 3680
0 2066 3047 3057
0 2067 5060
0 2068 2896 3146 3999 5181
0 2069 3349 3888 4488 5292 5480
0 2070 3876 5025 5049 5105
0 2071 3310 3549 5167 5471
0 2072 2996
0 2073 3216 4458
0 2074 4087 4146 4910 5472
0 2075 2819 3477 4217 4972
0 2076 5513
0 2077 3356 3437 4101 5127 5240
0 2078 2885 4550 4553
0 2079 2932 4301 4354
0 2080 2817 3947
0 2081 3752 4361
0 2082 3677 4954
0 2083 4000 5287 5394
0 2084 3598 3858
0 2085 5535
0 2086 4656 4775 5145
0 2087 3225 3314 4429 4775 5259
0 2088 3016 3102 3520 4031 4907
0 2089 2986 3904 5599
0 2090 3173 3189 3690 4344 4390 4732 5504
0 2091 2852 3593 4152 4231 5496
0 2092 3519 4083 4538 5206
0 2093 3890 4369 4509
0 2094 4029 4767
0 2095 2831 3285 3400 4320 5124
0 2096 4415
0 2097 3963
0 2098 3069 3983 4851 5581
0 2099 3221 3260 3559 3862 3891 4340 4530 4666 4837 5517
0 2100 3116 3151 3283 3379 4232 4384
0 2101 3067 3599 3945 5369 5510
0 2102 2922 3164 3651 4424 5372 5513
0 2103 2883 2900 3098 3918 4807
0 2104 3357 3726 4355
0 2105 2870 3208 4314 4461
0 2106 2830 3113 3175 3420 5541
0 2107 3644 4268 4842
0 2108 4166 4670
0 2109 2974 3295 3382 3949 4739 4770
0 2110 3696 3960
0 2111 3230 3436 4123
0 2112 2971
0 2113 3180 4730 4735 5336
0 2114 3183
0 2115 3244 3477 3494 5419 5447
0 2116 3778 4389 5205
0 2117 3014 3572 4133 4872 5367
0 2118 2844 3331 3692 4466
0 2119 3382 4306 4393 4703 5239
0 2120 3256
0 2121 3547
0 2122 3336
0 2123 3633 5069
0 2124 3229 4138 5256
0 2125 3915 4809 5521
0 2126 3751 4446
0 2127 4066 5419
0 2128 3301 4338 4720 5257
0 2129 4050 4204 4341 4910
0 2130 4417 5460
0 2131 3238 4854
0 2132 3477 3624 4110
0 2133 2872 3087 3221 4315 4767 4876
0 2134 3166 3510 3797 4970 5189 5584
0 2135 3519
0 2136 3485 4923 5418
0 2137 3678 3695 4892 5284
0 2138 3306
0 2139 3037 3474 4774 5130
0 2140 2882 4026
0 2141 2854 3762 4276 4316 4319 4644 5123
0 2142 2976 3018 3308 4439 4971 5268
0 2143 3294 3746 4199 4556 4619 4756 5463 5553
0 2144 2980 3048 3387
0 2145 4850 4882 5221
0 2146 3070 3245 4161 4316 4359 4657 5467
0 2147 2800 3005 3303 3402 3647 4681 4959 5060
0 2148 5000
0 2149 2929 3138 3433 3619 5482
0 2150 3696 4884 4933
0 2151 3089 4343 4742 4753 4852 4956
0 2152 4055
0 2153 3311 3584 4220
0 2154 3245 3829 5380
0 2155 5330 5367 5592
0 2156 2896 2985 4705
0 2157 3102 4519 5402
0 2158 3035 3143 3741 3942 5443
0 2159 3026 4324
0 2160 4108
0 2161 3969
0 2162 3379 3434 3714 3814 4120
0 2163 2828 3064 3303 4849
0 2164 3363 3657 5441
0 2165 4367
0 2166 3634 4225 4363
0 2167 2852 3167 3484 4712
0 2168 3760 4327 4433 4604
0 2169 3489 4064 4431 4702 4714 5006
0 2170 3180 3703 4072 4202 4291 4334
0 2171 2991 4315 4602 4690 4702 4909 4951 4985 5539
0 2172 4832
0 2173 2859
0 2174 4486
0 2175 3811 4772 5403
0 2176 3440 3487 3513 3550 5117
0 2177 3160 4697 4968
0 2178 4224 4576 4836 5004
0 2179 2910 4595
0 2180 3865 4929 5045
0 2181 4386 5500
0 2182 2957 4010 4933 5223 5335
0 2183 3413 3718
0 2184 3884 3976 4012 4125 5337
0 2185 3189 3822 4376 4439 5358
0 2186 3517 3939 5247
0 2187 2917 3785 4077 4170 4315 4737 4977
0 2188 3996 4036
0 2189 3373 3598 5329 5594
0 2190 2974 4130 5111
0 2191 5245
0 2192 3020 4114 4358 4980 5019
0 2193 3050 5085 5445 5568
0 2194 2841 2978 3182 3871 4124 4593
0 2195 3845 3924 4419
0 2196 2852 3244 4433 4936
0 2197 3892 4344 4469
0 2198 3120 3896 4221 4236
0 2199 3942 5120
0 2200 2894 3630 4167 4444
0 2201 2861 3443 4096 4702 4994 5052
0 2202 3957 4919
0 2203 3095 3811 4301
0 2204 5536
0 2205 2870 3630 3810 4257 5239
0 2206 3367 4035 4233
0 2207 3712 4142
0 2208 4735 4924 5574
0 2209 4927
0 2210 2874 4645
0 2211 3311 4308 5334
0 2212 3524 3949 4232 4470 4745 4833
0 2213 3141 4451 5401
0 2214 4741 4819 5137
0 2215 2855 4395 4426 4769 5191 5311
0 2216 3040 3937 4403 4792 4967 5253 5445 5504
0 2217 3102 3481 3785 3909 4765 5104
0 2218 3900 4236 4737
0 2219 3707 3756 3960 4737
0 2220 3033 3138 3841 4213 5417
0 2221 3313 4365 5360
0 2222 3034 3456 4517 4601
0 2223 3719 4651 5082
0 2224 3102 3128 4665 4991 5019 5421
0 2225 3725 5375
0 2226 2905 3420 3597 4056 4464 4719 5006
0 2227 5387
0 2228 2812 3000 3199 3530 5053
0 2229 3260 3290 3417 3586 3830 4211 4216 4910 4994 5347
0 2230 2900 5168 5310 5323
0 2231 3163 3589 4023 4298 4607 4899 5388
0 2232 4933 4999 5174 5360 5509
0 2233 3054 3496 3534 3629 3857 3977 5049
0 2234 3736 4561 4682
0 2235 3835 4099 4445 4654 5451
0 2236 3023 3536 4017 4468 5374 5577
0 2237 2947 2949 2950 2982 3573 3981 4439
0 2238 3850
0 2239 3285 3967 4517 5007
0 2240 3317 3833
0 2241 3415 4282 4601 4686 5153
0 2242 3499 4401 4964 5382
0 2243 3321 3483 4581 4687 4730 4979
0 2244 3542
0 2245 2909 3134 3292 3638 4574 5240
0 2246 4044 4155 4356 5028
0 2247 4513 4610 4633 4773 4815 5366
0 2248 3964 5260 5274
0 2249 2829 4565 4650
0 2250 3361 3652 3785 4504
0 2251 2827 3655 4516
0 2252 3750 4796 5455
0 2253 2949 5161 5349
0 2254 3690 4707
0 2255 3132 3691 4301 4311 4674 5518
0 2256 4916
0 2257 3392 4340 5305
0 2258 2835 3859 4086 4605 5002
0 2259 2916 3489 5495 5500
0 2260 2986 3920 5173 5486
0 2261 2920 3703 4498
0 2262 2892 3152 4094 4389 4920 5307 5516
0 2263 2868 3315 3843 3929 4799 5216
0 2264 3035 3095 3424 3630 4826 5177
0 2265 3423 5073
0 2266 3237 3265 4551
0 2267 3631
0 2268 2813
0 2269 3038 3687 4033
0 2270 2813 3573 3832 4165
0 2271 2940 3185 3458 3982 4939 5123
0 2272 2800 3624 4613 4759 4887
0 2273 3186 3349 4180
0 2274 3017 3833 4508 5007
0 2275 3917
0 2276 3885 5542
0 2277 3009 4906 4957 5142 5506
0 2278 4411
0 2279 4148 5062 5446
0 2280 3453
0 2281 3235 3541 3690 4363 4556
0 2282 2881 3451 3453 3481 4137 5227
0 2283 3993 5390
0 2284 3166 3583 3801 3879 4543 4749
0 2285 2864 5058 5489
0 2286 3218 4617 5320
0 2287 4827
0 2288 3222 4043 4476 4735
0 2289 3507 3848 4163 4527 5299
0 2290 3370 3916 4424
0 2291 4418 4843 4947
0 2292 2898 2917 3586 4258 4465
0 2293 3265 3882 4272 4331 4525 5195 5557
0 2294 3583 3662
0 2295 3593 3776 4415 4970 5156 5597
0 2296 3452
0 2297 3124 5542
0 2298 2915 3373
0 2299 3481
0 2300 4211 4713 5106 5380
0 2301 2854 2919 3030 3386 3970 4592 4628 5003 5161
0 2302 3284 3383 4503 5093
0 2303 3734 4109 4115 4611
0 2304 2917 3084 3088 4175 4797
0 2305 4029 4098 4134 4819 5513
0 2306 4836 4845
0 2307 4210
0 2308 3116 3242 5208 5444 5563
0 2309 3223 3447 5006 5097
0 2310 3859
0 2311 2997 4544
0 2312 3089 4395 5565
0 2313 3578 4183 4212 5447
0 2314 2974 4716 5158 5553
0 2315 4069 4213 4980 5053
0 2316 2862 4869
0 2317 3008 3413 3570 3868 4042 4911 5175 5564
0 2318 3784
0 2319 2975 3307 3473 4313 4512 4914
0 2320 3631 3951 4205 5250 5590
0 2321 3161
0 2322 3115 3312 3528 4151 4753
0 2323 2814 4024 4845 5092
0 2324 4120
0 2325 3171 3332 3797 4421
0 2326 4076 4524 4924
0 2327 2999 3073 4624 4654 4700
0 2328 3260 4351 5332
0 2329 4634 4895
0 2330 4551 5193
0 2331 3065 3724 4239 5543
0 2332 3258 3689 3856 4201 4664 4800
0 2333 3898 5345
0 2334 4716 5052
0 2335 3541 3563 3931 5495
0 2336 3776 5356
0 2337 3831 4712 5593
0 2338 4942
0 2339 2878 3659 3728 4263 5236
0 2340 3291 4358 4706 4872 5078
0 2341 2874 3000 3698 4194
0 2342 3150 5267 5454 5568
0 2343 4115 4688
0 2344 3226 4177 4662
0 2345 2950 3367
0 2346 2821 3259 3341 3451 4225 4229 4274 4511 5005
0 2347 4893 5018
0 2348 3309 3533 3680 4055 4728 4956
0 2349 4196
0 2350 4001 4221 4570
0 2351 4094 4617 5206
0 2352 3901 4164 5587
0 2353 4354 4583 5045 5130
0 2354 2907 3528
0 2355 3154 3531 3844 4147 5172
0 2356 2832 3026 3906 3971 4134 4253 4397 4699 4895 5065 5177
0 2357 4592 5235
0 2358 2968 3733 3909 4862 4863 5473
0 2359 2866 2986 4122 4451 4749 5581
0 2360 3317 3537 3990
0 2361 3742 4074 4245
0 2362 4271 4844 4922
0 2363 4808
0 2364 2834 3175 4510
0 2365 2956 3193 5301 5419
0 2366 4525 5501
0 2367 3392 3481 4048 5574
0 2368 3052 3087 5358
0 2369 3112 3147 3585 3854 4893 5573
0 2370 3700 4785 5202
0 2371 4623 4680 5372
0 2372 3972 4031
0 2373 3011 3430 3960 4197
0 2374 3302
0 2375 4340 4938 5006 5054
0 2376 3321 3896 5189
0 2377 2882 4324 4489 5485
0 2378 3071 4791 5549
0 2379 2937 4401 4826
0 2380 3081 4873 5513
0 2381 2949 3098 3269 3302 3445 5461
0 2382 2974 3408 5332
0 2383 4169 4369
0 2384 2819 3036 3277 3718 4669 5297
0 2385 3495 4009 5128 5383 5514
0 2386 2890 5155
0 2387 3261 4555 5072 5593
0 2388 3086 3768 5394 5494
0 2389 4119 4124
0 2390 2843 3483 3819 4619 4843
0 2391 4472 5031 5285
0 2392 3003
0 2393 3170 3443 3588 5099
0 2394 2801 3523
0 2395 3552 4544 5251
0 2396 2870 3446 4795 4867 5088 5534
0 2397 3575 5282
0 2398 3156 3572 4556 5169 5513
0 2399 4168 4596 4713
0 2400 3915 4727 4947
0 2401 3313 3954 4387
0 2402 2939
0 2403 4865
0 2404 3121 3850 5264
0 2405 3508 3623
0 2406 2863 4102
0 2407 3459
0 2408 3520 4139
0 2409 2966 3297 3368 3695 3778 4997
0 2410 3093 3568 3602 3685 4175 4428 4736 5406
0 2411 3464
0 2412 3024 4570
0 2413 3563 3998 4687 5580
0 2414 4702
0 2415 2969
0 2416 5091
0 2417 2939 4055 4165
0 2418 3323 5466
0 2419 3075 4083
0 2420 4138 4236 4990 5037 5333
0 2421 4779
0 2422 2977 2999 4183 4216
0 2423 3127 4735
0 2424 2844 3158 3786 5035
0 2425 4965 5239
0 2426 4142 4272 5463
0 2427 3091 3488 3595 3960 4338 5045 5072
0 2428 4614
0 2429 4796 4978 5502 5520
0 2430 2836 2914 3296 5502
0 2431 3127 4809
0 2432 3855 4291 4667 4788 5282
0 2433 3264 3561 3604 3718
0 2434 5596
0 2435 4656 4951 4990
0 2436 2909 3151 3306 5114
0 2437 2845 3585 5236
0 2438 4479 5215 5431
0 2439 3474 4174 5370 5517
0 2440 3057 3962 3994 4018 4146 4322 4979 5015
0 2441 3356 3615 4015
0 2442 3426 3477 3503 3919 4312
0 2443 3366 3937
0 2444 3302 3397 3803 4479 5324 5470 5578
0 2445 3395 4183 4877 5405
0 2446 3078 3382 3530 4417 4527 4721 4795
0 2447 2841 3410
0 2448 3795 5072 5184 5263
0 2449 3224 4305
0 2450 4189
0 2451 3569 3635 3673 5569
0 2452 3086 3140 3907 4519
0 2453 2878 3522 3768 4267 5325
0 2454 4889
0 2455 4021 4291 4375 4615
0 2456 3877 4345 4610 5388
0 2457 3632 4639 4693 5227
0 2458 4954
0 2459 3425 4176 4316 4836
0 2460 3361
0 2461 5558
0 2462 2902
0 2463 4203 4981 5215
0 2464 2854 2863
0 2465 2911 3031 3111 4484 5186 5406
0 2466 4095 5105
0 2467 2846 5171 5424 5516
0 2468 4052 4597 5145 5344
0 2469 3435 3710 3728 4989 5256
0 2470 3968 4597 4668 5160
0 2471 4000 5367 5590
0 2472 4065 4549 5212
0 2473 3209 3383 3783
0 2474 3491 4242 5574
0 2475 3878 4106 5563
0 2476 4204
0 2477 3326 3398 4033
0 2478 2834 3397 3802 4129 4293 4995
0 2479 2980 3467 4520
0 2480 3245 4111 4917 5564
0 2481 3139 3470 3664 4584 4640 5385 5542 5564
0 2482 3772 4083 4989
0 2483 3262 3499 5329
0 2484 3815 4163 4964
0 2485 3047 3112 3697 4613 4974
0 2486 4376 4505 5546 5583
0 2487 3797 5061 5435
0 2488 2842 4202 4929
0 2489 5191 5325
0 2490 3862 3881 4503 4556 5359
0 2491 3226 4117 4173 4719
0 2492 3476 3951 4466
0 2493 2950 4298 5033 5392 5459 5517
0 2494 3317 3528 3998 4234 4416 5309
0 2495 3120 3582 4814 5238 5508
0 2496 4082 5264 5502
0 2497 3371 4891
0 2498 3397 3426 3699 5471
0 2499 3098 3745 4267 5017 5127
0 2500 4914 5496
0 2501 4004 4573 4625 4875 5043
0 2502 3372 3593 4398 4681 4946 5315 5456
0 2503 2857 2986 3204 3681 5071
0 2504 3056 4303 4575
0 2505 3244 3821 5180 5556
0 2506 3650
0 2507 3654 4895 5369
0 2508 3382 3686 4032
0 2509 5408
0 2510 3213 3239 4073 4114 4658 5006
0 2511 2817 5009
0 2512 2900 3056 3322 3402 3412 3856 5503
0 2513 3594 3782 3865 4422 4953 5402
0 2514 3577 3751 4356 4383 4467 4894
0 2515 3408 4652
0 2516 3052 3290 5007 5213 5386
0 2517 2959 3418 3432 3706 3764 4740 5222
0 2518 4098 4155 5040
0 2519 3033 3301 3794 4403 4674 4725 5148
0 2520 5503
0 2521 4154 4270 4793
0 2522 5201
0 2523 2871 4286 4710 4897 5022 5180 5360 5543
0 2524 3450 3605 3667 3878 4579
0 2525 3031 4274 4504 4755 4822 5252
0 2526 3320 4277
0 2527 3421 3716 4282 5529
0 2528 3228 3646 3702 3708 4753 5311
0 2529 3419 3774 3870 4219 4483 4998
0 2530 2988 3224 4059 5038 5318 5348
0 2531 3370 3887 4264 4654 5348
0 2532 3154 4024 4381
0 2533 3590 3832 5091 5558
0 2534 2903 3528 3639 4770 4953
0 2535 3084 4443 4726
0 2536 4772
0 2537 2979 4360 4754
0 2538 3170 3438 3947 4322 5228
0 2539 2877 3081 4288 4843 5439
0 2540 3187 4074 4413
0 2541 4670 4729 5586
0 2542 2963 3574
0 2543 3694 4437 4483
0 2544 4151
0 2545 3025 3867 4027 5347 5464
0 2546 5316
0 2547 2907 3007 3500 5315 5385 5421
0 2548 3059 3436 3999 4847 5287
0 2549 4242 4447 4936
0 2550 3633
0 2551 2984 4051
0 2552 3805 3855 5581
0 2553 4398 5016
0 2554 3718 5081
0 2555 3032 3839 4400 5267
0 2556 3615
0 2557 3884 5014 5415
0 2558 4048
0 2559 4729 4942 5147
0 2560 5402 5583
0 2561 3495
0 2562 3535 4499 5305 5543
0 2563 2945 3351 3551 3604 5259
0 2564 3907 4843 5579
0 2565 3212 3451 3486 5054
0 2566 4513 5386
0 2567 3616 4217
0 2568 3416 4890
0 2569 2852 4825 5374
0 2570 3944 4770 5091
0 2571 3356 4022
0 2572 3146 3787 3992 4602 4830 5316
0 2573 3237 4376 4433 4591 4910
0 2574 3353 3690 3964 4250 4262 4698 5005
0 2575 3086 3927 4178 4268 5343
0 2576 4846
0 2577 3470 4580 4643 4659
0 2578 4356
0 2579 5140
0 2580 4015
0 2581 3126 3187 4272 5572
0 2582 3357
0 2583 3593
0 2584 3707 4789
0 2585 2971 3864 5144
0 2586 3268 3365 4024 4395 5100 5136
0 2587 3742 3986
0 2588 3407 4384
0 2589 2978 3076 3181 5335 5467
0 2590 3450 4400 4565 4798 4878
0 2591 2890 3026 3617 4856 5560
0 2592 3237 3512 4516
0 2593 3095 3336 3891 5250 5455
0 2594 3368 4177 5545
0 2595 3277 4216 4250 4744 5405
0 2596 3515 3797 4779
0 2597 2884
0 2598 2913 3898 3998 4466 5117
0 2599 4772 4968
0 2600 3297 4784 4949 5307
0 2601 3059 3779 4462 5164 5518
0 2602 2827
0 2603 3839 4293 4761 5479
0 2604 3373 3580 4872 5113 5549 5582
0 2605 3236 4800
0 2606 3364 3731 3961 5156
0 2607 5517
0 2608 3017 4761 5417
0 2609 4633 4809 4890 5479
0 2610 4203 4554 4718 5103 5398
0 2611 2996 3012 3555
0 2612 2858 3492 3510 5204
0 2613 3192 3717 5213
0 2614 2856 3940
0 2615 2974 5410 5529
0 2616 3167 3199 3791 4012 4759
0 2617 3399 4540 5113
0 2618 3158 3819 4587 4604
0 2619 2860 3784 4141 4604
0 2620 2831
0 2621 3423 4073
0 2622 2849 3232 4118 5263 5485
0 2623 3727 5556
0 2624 3885 3999 4632 4641 4775
0 2625 3205 3367 3637
0 2626 2881 4781
0 2627 2895 3474 4257 4395 4629 4858
0 2628 3578
0 2629 2851 2959 3669 3690
0 2630 3061 3242 3372 5466
0 2631 3730
0 2632 5140
0 2633 3518 3534 4236 4866
0 2634 2806 3587 4042
0 2635 3037 4753
0 2636 3112 3183 3976
0 2637 4186
0 2638 3122 3786 4008 4795 5572
0 2639 5542
0 2640 3387 3431 4264 4586 4856 5575
0 2641 2893 3523 4597 4611 5591
0 2642 3697 4169 5103
0 2643 3135 3163 3311 3579 3968 4380 4607 4692
0 2644 3312 3721 4709 4744 5219
0 2645 3969 5244
0 2646 4174 4944 5080
0 2647 3116 3164 3231 3696 4680 4752 5536
0 2648 3895
0 2649 4989 5414
0 2650 3266 3426
0 2651 4408
0 2652 4226
0 2653 2878 3793 3918 3947 5065
0 2654 3252 3467 3638 5240
0 2655 4438 5255 5261 5366
0 2656 5027 5119 5326
0 2657 3136 3196 4297 4766 4788
0 2658 3246 4924
0 2659 4661
0 2660 3028 3107 4038 5057 5251
0 2661 3472 5218
0 2662 3188 5395
0 2663 4124
0 2664 3454 3863 4140 4469 5178 5398
0 2665 3590 4798 5340
0 2666 3179 4254 5495
0 2667 3159 3994 4273 4580 5303 5528 5571
0 2668 4093
0 2669 3177 3263 4259
0 2670 2967 3016 4245 4771 4836
0 2671 2999 3424 3591 4136 4549 4817 5094 5537
0 2672 3354 5001 5150 5204 5254
0 2673 2822 3307 3629 3783 5325
0 2674 3488 4699
0 2675 3933 4960
0 2676 2926 3386 3940 4051 4313 4557 4563 4570 4772
0 2677 3282 3480 4553
0 2678 3940 4713
0 2679 2926 2983 3287 3317 5140
0 2680 3794 4910
0 2681 3404 3577 4855 5194
0 2682 3265 3713 5449
0 2683 2938 3154 3330 3475 3584 4779
0 2684 3657 4551 4982 5046
0 2685 3646 3941 4313 4591 4826 4924 5443
0 2686 3856 4672 5468
0 2687 2856 3510 3776 3893 4147 5470 5588
0 2688 2902 3925 4451 4507 5196
0 2689 2912 4080 4569 4914 5239
0 2690 2933 2986 4097 5133 5427
0 2691 2913 5061 5348 5433
0 2692 3941
0 2693 5142 5303
0 2694 3509 4215
0 2695 4712 4835 5413
0 2696 2829 3250 3441 4607
0 2697 2806 3793 3955 4880 5494
0 2698 3015 3082 3110 3388 3892 5089 5577
0 2699 5090
0 2700 3303
0 2701 2833 3782 4569 4743 4910 5003 5398
0 2702 3879 4186
0 2703 5556
0 2704 3689 3821 3961 4760 5430
0 2705 4228 5008
0 2706 2865 3013 3447 4122 4657 4797 5554
0 2707 3933 5443 5465
0 2708 3663 4492 4845
0 2709 2980 3740 4294 4448 4976 5085
0 2710 2849 3943
0 2711 2883 3008 3615
0 2712 3227 3523 3934 4551
0 2713 3638 3734 4427 4902 4981 4983
0 2714 3393 4007 5008
0 2715 3397 3490 3934 4390 5055
0 2716 3380 3417 5348
0 2717 3603
0 2718 3391 4189 5094
0 2719 4083 4119 4473 4603
0 2720 3411 3633 4066 4603
0 2721 3994 4074 4194 4402 4804 5036 5451
0 2722 3467
0 2723 3396 3862 4759 4804
0 2724 3363 4394
0 2725 3158 3548 3990 3994 4202 4380 5559
0 2726 4543 4710 5239
0 2727 2815 3256 4243
0 2728 3539 3721 3826 4076 5147
0 2729 3492 3963 4239 4511 4647 5230 5325
0 2730 2859 4765
0 2731 3467 3632 4147
0 2732 2953 3615 5158
0 2733 3054 4437 4729
0 2734 3435 3840 4299
0 2735 3495 4145 4228 4353 4616 5123
0 2736 2845 4785 5234 5546
0 2737 3423 4228 4850 5002 5419 5475
0 2738 3248 4353
0 2739 3228 3563 4375 4393 5325 5418 5517
0 2740 4096 5283
0 2741 3414 3970 5280 5323
0 2742 3286 4120 5466
0 2743 3621
0 2744 3093 4382 4920 5523
0 2745 3626 5188
0 2746 3831 3979
0 2747 2905 2967 3330 3939 5171
0 2748 3288 4832
0 2749 4751
0 2750 2826 3476
0 2751 2805 2924 4129
0 2752 3481 3497 4164 5263
0 2753 3009 3149 3616 4133 4723
0 2754 3134 3263 3295 3422 4520 5159
0 2755 2871 3545 5251
0 2756 3016 3349 3914 4480 5212
0 2757 3117 3466 4223
0 2758 3211 5147
0 2759 3186 3247 4000 5583
0 2760 3039 4828 5082 5194 5553
0 2761 3438 3441 4963 5016 5283 5551
0 2762 3248 4688 4837
0 2763 3189 3234 4368 4608
0 2764 3039 3227 3588 4136 4685
0 2765 3112 3286 4575 4741 5415
0 2766 2871 4139
0 2767 4435 5222
0 2768 3740
0 2769 4723 5321
0 2770 2823 3395 4551 5187
0 2771 2900
0 2772 3125 3517 4970
0 2773 3800 3981 4791 4826
0 2774 4234 4305 4806 4844 4888
0 2775 4852 5095
0 2776 4208 5218 5242
0 2777 3208 4278 4846 4887
0 2778 2937 3054 3219 4250 4615 4937 5379 5392 5475
0 2779 3019 3986 4147 4382 5366
0 2780 3002 3645 4167 4197
0 2781 4456 5257
0 2782 3524 5267 5415
0 2783 4362 4979
0 2784 3825
0 2785 2814 3886 5073
0 2786 3626 4310 4826 5518 5583
0 2787 3103 3295 3328 3561 3928 4738 5445
0 2788 3555 4492 4924 5514
0 2789 3305 4669 4694 4777
0 2790 3650 5113
0 2791 4182 4283 4820 5167 5219
0 2792 3355 3757 3967 4048 4292 4694 5314
0 2793 3093 4048 4712 5353
0 2794 3739 3771 4304 4508
0 2795 3947 4197 4816
0 2796 3255 3267 3423 3909 4033
0 2797 2834 3100 4116 4574 4616 4626 4952 4974 5238 5254 5529
0 2798 2995 4020 4221 4449 5593
0 2799 3343 3685 4912 4970 5254 5300
1 0
1 1
1 2
1 3
1 4
0 2805
0 2806
0 2807
0 2808
0 2809
0 2810
0 2811
0 2812
0 2813
0 2814
0 2815
0 2816
0 2817
0 2818
0 2819
0 2820
0 2821
0 2822
0 2823
0 2824
0 2825
0 2826
0 2827
0 2828
0 2829
0 2830
0 2831
0 2832
0 2833
0 2834
0 2835
0 2836
0 2837
0 2838
0 2839
0 2840
0 2841
0 2842
0 2843
0 2844
0 2845
0 2846
0 2847
0 2848
0 2849
0 2850
0 2851
0 2852
0 2853
0 2854
0 2855
0 2856
0 2857
0 2858
0 2859
0 2860
0 2861
0 2862
0 2863
0 2864
0 2865
0 2866
0 2867
0 2868
0 2869
0 2870
0 2871
0 2872
0 2873
0 2874
0 2875
0 2876
0 2877
0 2878
0 2879
0 2880
0 2881
0 2882
0 2883
0 2884
0 2885
0 2886
0 2887
0 2888
0 2889
0 2890
0 2891
0 2892
0 2893
0 2894
0 2895
0 2896
0 2897
0 2898
0 2899
0 2900
0 2901
0 2902
0 2903
0 2904
0 2905
0 2906
0 2907
0 2908
0 2909
0 2910
0 2911
0 2912
0 2913
0 2914
0 2915
0 2916
0 2917
0 2918
0 2919
0 2920
0 2921
0 2922
0 2923
0 2924
0 2925
0 2926
0 2927
0 2928
0 2929
0 2930
0 2931
0 2932
0 2933
0 2934
0 2935
0 2936
0 2937
0 2938
0 2939
0 2940
0 2941
0 2942
0 2943
0 2944
0 2945
0 2946
0 2947
0 2948
0 2949
0 2950
0 2951
0 2952
0 2953
0 2954
0 2955
0 2956
0 2957
0 2958
0 2959
0 2960
0 2961
0 2962
0 2963
0 2964
0 2965
0 2966
0 2967
0 2968
0 2969
0 2970
0 2971
0 2972
0 2973
0 2974
0 2975
0 2976
0 2977
0 2978
0 2979
0 2980
0 2981
0 2982
0 2983
0 2984
0 2985
0 2986
0 2987
0 2988
0 2989
0 2990
0 2991
0 2992
0 2993
0 2994
0 2995
0 2996
0 2997
0 2998
0 2999
0 3000
0 3001
0 3002
0 3003
0 3004
0 3005
0 3006
0 3007
0 3008
0 3009
0 3010
0 3011
0 3012
0 3013
0 3014
0 3015
0 3016
0 3017
0 3018
0 3019
0 3020
0 3021
0 3022
0 3023
0 3024
0 3025
0 3026
0 3027
0 3028
0 3029
0 3030
0 3031
0 3032
0 3033
0 3034
0 3035
0 3036
0 3037
0 3038
0 3039
0 3040
0 3041
0 3042
0 3043
0 3044
0 3045
0 3046
0 3047
0 3048
0 3049
0 3050
0 3051
0 3052
0 3053
0 3054
0 3055
0 3056
0 3057
0 3058
0 3059
0 3060
0 3061
0 3062
0 3063
0 3064
0 3065
0 3066
0 3067
0 3068
0 3069
0 3070
0 3071
0 3072
0 3073
0 3074
0 3075
0 3076
0 3077
0 3078
0 3079
0 3080
0 3081
0 3082
0 3083
0 3084
0 3085
0 3086
0 3087
0 3088
0 3089
0 3090
0 3091
0 3092
0 3093
0 3094
0 3095
0 3096
0 3097
0 3098
0 3099
0 3100
0 3101
0 3102
0 3103
0 3104
0 3105
0 3106
0 3107
0 3108
0 3109
0 3110
0 3111
0 3112
0 3113
0 3114
0 3115
0 3116
0 3117
0 3118
0 3119
0 3120
0 3121
0 3122
0 3123
0 3124
0 3125
0 3126
0 3127
0 3128
0 3129
0 3130
0 3131
0 3132
0 3133
0 3134
0 3135
0 3136
0 3137
0 3138
0 3139
0 3140
0 3141
0 3142
0 3143
0 3144
0 3145
0 3146
0 3147
0 3148
0 3149
0 3150
0 3151
0 3152
0 3153
0 3154
0 3155
0 3156
0 3157
0 3158
0 3159
0 3160
0 3161
0 3162
0 3163
0 3164
0 3165
0 3166
0 3167
0 3168
0 3169
0 3170
0 3171
0 3172
0 3173
0 3174
0 3175
0 3176
0 3177
0 3178
0 3179
0 3180
0 3181
0 3182
0 3183
0 3184
0 3185
0 3186
0 3187
0 3188
0 3189
0 3190
0 3191
0 3192
0 3193
0 3194
0 3195
0 3196
0 3197
0 3198
0 3199
0 3200
0 3201
0 3202
0 3203
0 3204
0 3205
0 3206
0 3207
0 3208
0 3209
0 3210
0 3211
0 3212
0 3213
0 3214
0 3215
0 3216
0 3217
0 3218
0 3219
0 3220
0 3221
0 3222
0 3223
0 3224
0 3225
0 3226
0 3227
0 3228
0 3229
0 3230
0 3231
0 3232
0 3233
0 3234
0 3235
0 3236
0 3237
0 3238
0 3239
0 3240
0 3241
0 3242
0 3243
0 3244
0 3245
0 3246
0 3247
0 3248
0 3249
0 3250
0 3251
0 3252
0 3253
0 3254
0 3255
0 3256
0 3257
0 3258
0 3259
0 3260
0 3261
0 3262
0 3263
0 3264
0 3265
0 3266
0 3267
0 3268
0 3269
0 3270
0 3271
0 3272
0 3273
0 3274
0 3275
0 3276
0 3277
0 3278
0 3279
0 3280
0 3281
0 3282
0 3283
0 3284
0 3285
0 3286
0 3287
0 3288
0 3289
0 3290
0 3291
0 3292
0 3293
0 3294
0 3295
0 3296
0 3297
0 3298
0 3299
0 3300
0 3301
0 3302
0 3303
0 3304
0 3305
0 3306
0 3307
0 3308
0 3309
0 3310
0 3311
0 3312
0 3313
0 3314
0 3315
0 3316
0 3317
0 3318
0 3319
0 3320
0 3321
0 3322
0 3323
0 3324
0 3325
0 3326
0 3327
0 3328
0 3329
0 3330
0 3331
0 3332
0 3333
0 3334
0 3335
0 3336
0 3337
0 3338
0 3339
0 3340
0 3341
0 3342
0 3343
0 3344
0 3345
0 3346
0 3347
0 3348
0 3349
0 3350
0 3351
0 3352
0 3353
0 3354
0 3355
0 3356
0 3357
0 3358
0 3359
0 3360
0 3361
0 3362
0 3363
0 3364
0 3365
0 3366
0 3367
0 3368
0 3369
0 3370
0 3371
0 3372
0 3373
0 3374
0 3375
0 3376
0 3377
0 3378
0 3379
0 3380
0 3381
0 3382
0 3383
0 3384
0 3385
0 3386
0 3387
0 3388
0 3389
0 3390
0 3391
0 3392
0 3393
0 3394
0 3395
0 3396
0 3397
0 3398
0 3399
0 3400
0 3401
0 3402
0 3403
0 3404
0 3405
0 3406
0 3407
0 3408
0 3409
0 3410
0 3411
0 3412
0 3413
0 3414
0 3415
0 3416
0 3417
0 3418
0 3419
0 3420
0 3421
0 3422
0 3423
0 3424
0 3425
0 3426
0 3427
0 3428
0 3429
0 3430
0 3431
0 3432
0 3433
0 3434
0 3435
0 3436
0 3437
0 3438
0 3439
0 3440
0 3441
0 3442
0 3443
0 3444
0 3445
0 3446
0 3447
0 3448
0 3449
0 3450
0 3451
0 3452
0 3453
0 3454
0 3455
0 3456
0 3457
0 3458
0 3459
0 3460
0 3461
0 3462
0 3463
0 3464
0 3465
0 3466
0 3467
0 3468
0 3469
0 3470
0 3471
0 3472
0 3473
0 3474
0 3475
0 3476
0 3477
0 3478
0 3479
0 3480
0 3481
0 3482
0 3483
0 3484
0 3485
0 3486
0 3487
0 3488
0 3489
0 3490
0 3491
0 3492
0 3493
0 3494
0 3495
0 3496
0 3497
0 3498
0 3499
0 3500
0 3501
0 3502
0 3503
0 3504
0 3505
0 3506
0 3507
0 3508
0 3509
0 3510
0 3511
0 3512
0 3513
0 3514
0 3515
0 3516
0 3517
0 3518
0 3519
0 3520
0 3521
0 3522
0 3523
0 3524
0 3525
0 3526
0 3527
0 3528
0 3529
0 3530
0 3531
0 3532
0 3533
0 3534
0 3535
0 3536
0 3537
0 3538
0 3539
0 3540
0 3541
0 3542
0 3543
0 3544
0 3545
0 3546
0 3547
0 3548
0 3549
0 3550
0 3551
0 3552
0 3553
0 3554
0 3555
0 3556
0 3557
0 3558
0 3559
0 3560
0 3561
0 3562
0 3563
0 3564
0 3565
0 3566
0 3567
0 3568
0 3569
0 3570
0 3571
0 3572
0 3573
0 3574
0 3575
0 3576
0 3577
0 3578
0 3579
0 3580
0 3581
0 3582
0 3583
0 3584
0 3585
0 3586
0 3587
0 3588
0 3589
0 3590
0 3591
0 3592
0 3593
0 3594
0 3595
0 3596
0 3597
0 3598
0 3599
0 3600
0 3601
0 3602
0 3603
0 3604
0 3605
0 3606
0 3607
0 3608
0 3609
0 3610
0 3611
0 3612
0 3613
0 3614
0 3615
0 3616
0 3617
0 3618
0 3619
0 3620
0 3621
0 3622
0 3623
0 3624
0 3625
0 3626
0 3627
0 3628
0 3629
0 3630
0 3631
0 3632
0 3633
0 3634
0 3635
0 3636
0 3637
0 3638
0 3639
0 3640
0 3641
0 3642
0 3643
0 3644
0 3645
0 3646
0 3647
0 3648
0 3649
0 3650
0 3651
0 3652
0 3653
0 3654
0 3655
0 3656
0 3657
0 3658
0 3659
0 3660
0 3661
0 3662
0 3663
0 3664
0 3665
0 3666
0 3667
0 3668
0 3669
0 3670
0 3671
0 3672
0 3673
0 3674
0 3675
0 3676
0 3677
0 3678
0 3679
0 3680
0 3681
0 3682
0 3683
0 3684
0 3685
0 3686
0 3687
0 3688
0 3689
0 3690
0 3691
0 3692
0 3693
0 3694
0 3695
0 3696
0 3697
0 3698
0 3699
0 3700
0 3701
0 3702
0 3703
0 3704
0 3705
0 3706
0 3707
0 3708
0 3709
0 3710
0 3711
0 3712
0 3713
0 3714
0 3715
0 3716
0 3717
0 3718
0 3719
0 3720
0 3721
0 3722
0 3723
0 3724
0 3725
0 3726
0 3727
0 3728
0 3729
0 3730
0 3731
0 3732
0 3733
0 3734
0 3735
0 3736
0 3737
0 3738
0 3739
0 3740
0 3741
0 3742
0 3743
0 3744
0 3745
0 3746
0 3747
0 3748
0 3749
0 3750
0 3751
0 3752
0 3753
0 3754
0 3755
0 3756
0 3757
0 3758
0 3759
0 3760
0 3761
0 3762
0 3763
0 3764
0 3765
0 3766
0 3767
0 3768
0 3769
0 3770
0 3771
0 3772
0 3773
0 3774
0 3775
0 3776
0 3777
0 3778
0 3779
0 3780
0 3781
0 3782
0 3783
0 3784
0 3785
0 3786
0 3787
0 3788
0 3789
0 3790
0 3791
0 3792
0 3793
0 3794
0 3795
0 3796
0 3797
0 3798
0 3799
0 3800
0 3801
0 3802
0 3803
0 3804
0 3805
0 3806
0 3807
0 3808
0 3809
0 3810
0 3811
0 3812
0 3813
0 3814
0 3815
0 3816
0 3817
0 3818
0 3819
0 3820
0 3821
0 3822
0 3823
0 3824
0 3825
0 3826
0 3827
0 3828
0 3829
0 3830
0 3831
0 3832
0 3833
0 3834
0 3835
0 3836
0 3837
0 3838
0 3839
0 3840
0 3841
0 3842
0 3843
0 3844
0 3845
0 3846
0 3847
0 3848
0 3849
0 3850
0 3851
0 3852
0 3853
0 3854
0 3855
0 3856
0 3857
0 3858
0 3859
0 3860
0 3861
0 3862
0 3863
0 3864
0 3865
0 3866
0 3867
0 3868
0 3869
0 3870
0 3871
0 3872
0 3873
0 3874
0 3875
0 3876
0 3877
0 3878
0 3879
0 3880
0 3881
0 3882
0 3883
0 3884
0 3885
0 3886
0 3887
0 3888
0 3889
0 3890
0 3891
0 3892
0 3893
0 3894
0 3895
0 3896
0 3897
0 3898
0 3899
0 3900
0 3901
0 3902
0 3903
0 3904
0 3905
0 3906
0 3907
0 3908
0 3909
0 3910
0 3911
0 3912
0 3913
0 3914
0 3915
0 3916
0 3917
0 3918
0 3919
0 3920
0 3921
0 3922
0 3923
0 3924
0 3925
0 3926
0 3927
0 3928
0 3929
0 3930
0 3931
0 3932
0 3933
0 3934
0 3935
0 3936
0 3937
0 3938
0 3939
0 3940
0 3941
0 3942
0 3943
0 3944
0 3945
0 3946
0 3947
0 3948
0 3949
0 3950
0 3951
0 3952
0 3953
0 3954
0 3955
0 3956
0 3957
0 3958
0 3959
0 3960
0 3961
0 3962
0 3963
0 3964
0 3965
0 3966
0 3967
0 3968
0 3969
0 3970
0 3971
0 3972
0 3973
0 3974
0 3975
0 3976
0 3977
0 3978
0 3979
0 3980
0 3981
0 3982
0 3983
0 3984
0 3985
0 3986
0 3987
0 3988
0 3989
0 3990
0 3991
0 3992
0 3993
0 3994
0 3995
0 3996
0 3997
0 3998
0 3999
0 4000
0 4001
0 4002
0 4003
0 4004
0 4005
0 4006
0 4007
0 4008
0 4009
0 4010
0 4011
0 4012
0 4013
0 4014
0 4015
0 4016
0 4017
0 4018
0 4019
0 4020
0 4021
0 4022
0 4023
0 4024
0 4025
0 4026
0 4027
0 4028
0 4029
0 4030
0 4031
0 4032
0 4033
0 4034
0 4035
0 4036
0 4037
0 4038
0 4039
0 4040
0 4041
0 4042
0 4043
0 4044
0 4045
0 4046
0 4047
0 4048
0 4049
0 4050
0 4051
0 4052
0 4053
0 4054
0 4055
0 4056
0 4057
0 4058
0 4059
0 4060
0 4061
0 4062
0 4063
0 4064
0 4065
0 4066
0 4067
0 4068
0 4069
0 4070
0 4071
0 4072
0 4073
0 4074
0 4075
0 4076
0 4077
0 4078
0 4079
0 4080
0 4081
0 4082
0 4083
0 4084
0 4085
0 4086
0 4087
0 4088
0 4089
0 4090
0 4091
0 4092
0 4093
0 4094
0 4095
0 4096
0 4097
0 4098
0 4099
0 4100
0 4101
0 4102
0 4103
0 4104
0 4105
0 4106
0 4107
0 4108
0 4109
0 4110
0 4111
0 4112
0 4113
0 4114
0 4115
0 4116
0 4117
0 4118
0 4119
0 4120
0 4121
0 4122
0 4123
0 4124
0 4125
0 4126
0 4127
0 4128
0 4129
0 4130
0 4131
0 4132
0 4133
0 4134
0 4135
0 4136
0 4137
0 4138
0 4139
0 4140
0 4141
0 4142
0 4143
0 4144
0 4145
0 4146
0 4147
0 4148
0 4149
0 4150
0 4151
0 4152
0 4153
0 4154
0 4155
0 4156
0 4157
0 4158
0 4159
0 4160
0 4161
0 4162
0 4163
0 4164
0 4165
0 4166
0 4167
0 4168
0 4169
0 4170
0 4171
0 4172
0 4173
0 4174
0 4175
0 4176
0 4177
0 4178
0 4179
0 4180
0 4181
0 4182
0 4183
0 4184
0 4185
0 4186
0 4187
0 4188
0 4189
0 4190
0 4191
0 4192
0 4193
0 4194
0 4195
0 4196
0 4197
0 4198
0 4199
0 4200
0 4201
0 4202
0 4203
0 4204
0 4205
0 4206
0 4207
0 4208
0 4209
0 4210
0 4211
0 4212
0 4213
0 4214
0 4215
0 4216
0 4217
0 4218
0 4219
0 4220
0 4221
0 4222
0 4223
0 4224
0 4225
0 4226
0 4227
0 4228
0 4229
0 4230
0 4231
0 4232
0 4233
0 4234
0 4235
0 4236
0 4237
0 4238
0 4239
0 4240
0 4241
0 4242
0 4243
0 4244
0 4245
0 4246
0 4247
0 4248
0 4249
0 4250
0 4251
0 4252
0 4253
0 4254
0 4255
0 4256
0 4257
0 4258
0 4259
0 4260
0 4261
0 4262
0 4263
0 4264
0 4265
0 4266
0 4267
0 4268
0 4269
0 4270
0 4271
0 4272
0 4273
0 4274
0 4275
0 4276
0 4277
0 4278
0 4279
0 4280
0 4281
0 4282
0 4283
0 4284
0 4285
0 4286
0 4287
0 4288
0 4289
0 4290
0 4291
0 4292
0 4293
0 4294
0 4295
0 4296
0 4297
0 4298
0 4299
0 4300
0 4301
0 4302
0 4303
0 4304
0 4305
0 4306
0 4307
0 4308
0 4309
0 4310
0 4311
0 4312
0 4313
0 4314
0 4315
0 4316
0 4317
0 4318
0 4319
0 4320
0 4321
0 4322
0 4323
0 4324
0 4325
0 4326
0 4327
0 4328
0 4329
0 4330
0 4331
0 4332
0 4333
0 4334
0 4335
0 4336
0 4337
0 4338
0 4339
0 4340
0 4341
0 4342
0 4343
0 4344
0 4345
0 4346
0 4347
0 4348
0 4349
0 4350
0 4351
0 4352
0 4353
0 4354
0 4355
0 4356
0 4357
0 4358
0 4359
0 4360
0 4361
0 4362
0 4363
0 4364
0 4365
0 4366
0 4367
0 4368
0 4369
0 4370
0 4371
0 4372
0 4373
0 4374
0 4375
0 4376
0 4377
0 4378
0 4379
0 4380
0 4381
0 4382
0 4383
0 4384
0 4385
0 4386
0 4387
0 4388
0 4389
0 4390
0 4391
0 4392
0 4393
0 4394
0 4395
0 4396
0 4397
0 4398
0 4399
0 4400
0 4401
0 4402
0 4403
0 4404
0 4405
0 4406
0 4407
0 4408
0 4409
0 4410
0 4411
0 4412
0 4413
0 4414
0 4415
0 4416
0 4417
0 4418
0 4419
0 4420
0 4421
0 4422
0 4423
0 4424
0 4425
0 4426
0 4427
0 4428
0 4429
0 4430
0 4431
0 4432
0 4433
0 4434
0 4435
0 4436
0 4437
0 4438
0 4439
0 4440
0 4441
0 4442
0 4443
0 4444
0 4445
0 4446
0 4447
0 4448
0 4449
0 4450
0 4451
0 4452
0 4453
0 4454
0 4455
0 4456
0 4457
0 4458
0 4459
0 4460
0 4461
0 4462
0 4463
0 4464
0 4465
0 4466
0 4467
0 4468
0 4469
0 4470
0 4471
0 4472
0 4473
0 4474
0 4475
0 4476
0 4477
0 4478
0 4479
0 4480
0 4481
0 4482
0 4483
0 4484
0 4485
0 4486
0 4487
0 4488
0 4489
0 4490
0 4491
0 4492
0 4493
0 4494
0 4495
0 4496
0 4497
0 4498
0 4499
0 4500
0 4501
0 4502
0 4503
0 4504
0 4505
0 4506
0 4507
0 4508
0 4509
0 4510
0 4511
0 4512
0 4513
0 4514
0 4515
0 4516
0 4517
0 4518
0 4519
0 4520
0 4521
0 4522
0 4523
0 4524
0 4525
0 4526
0 4527
0 4528
0 4529
0 4530
0 4531
0 4532
0 4533
0 4534
0 4535
0 4536
0 4537
0 4538
0 4539
0 4540
0 4541
0 4542
0 4543
0 4544
0 4545
0 4546
0 4547
0 4548
0 4549
0 4550
0 4551
0 4552
0 4553
0 4554
0 4555
0 4556
0 4557
0 4558
0 4559
0 4560
0 4561
0 4562
0 4563
0 4564
0 4565
0 4566
0 4567
0 4568
0 4569
0 4570
0 4571
0 4572
0 4573
0 4574
0 4575
0 4576
0 4577
0 4578
0 4579
0 4580
0 4581
0 4582
0 4583
0 4584
0 4585
0 4586
0 4587
0 4588
0 4589
0 4590
0 4591
0 4592
0 4593
0 4594
0 4595
0 4596
0 4597
0 4598
0 4599
0 4600
0 4601
0 4602
0 4603
0 4604
0 4605
0 4606
0 4607
0 4608
0 4609
0 4610
0 4611
0 4612
0 4613
0 4614
0 4615
0 4616
0 4617
0 4618
0 4619
0 4620
0 4621
0 4622
0 4623
0 4624
0 4625
0 4626
0 4627
0 4628
0 4629
0 4630
0 4631
0 4632
0 4633
0 4634
0 4635
0 4636
0 4637
0 4638
0 4639
0 4640
0 4641
0 4642
0 4643
0 4644
0 4645
0 4646
0 4647
0 4648
0 4649
0 4650
0 4651
0 4652
0 4653
0 4654
0 4655
0 4656
0 4657
0 4658
0 4659
0 4660
0 4661
0 4662
0 4663
0 4664
0 4665
0 4666
0 4667
0 4668
0 4669
0 4670
0 4671
0 4672
0 4673
0 4674
0 4675
0 4676
0 4677
0 4678
0 4679
0 4680
0 4681
0 4682
0 4683
0 4684
0 4685
0 4686
0 4687
0 4688
0 4689
0 4690
0 4691
0 4692
0 4693
0 4694
0 4695
0 4696
0 4697
0 4698
0 4699
0 4700
0 4701
0 4702
0 4703
0 4704
0 4705
0 4706
0 4707
0 4708
0 4709
0 4710
0 4711
0 4712
0 4713
0 4714
0 4715
0 4716
0 4717
0 4718
0 4719
0 4720
0 4721
0 4722
0 4723
0 4724
0 4725
0 4726
0 4727
0 4728
0 4729
0 4730
0 4731
0 4732
0 4733
0 4734
0 4735
0 4736
0 4737
0 4738
0 4739
0 4740
0 4741
0 4742
0 4743
0 4744
0 4745
0 4746
0 4747
0 4748
0 4749
0 4750
0 4751
0 4752
0 4753
0 4754
0 4755
0 4756
0 4757
0 4758
0 4759
0 4760
0 4761
0 4762
0 4763
0 4764
0 4765
0 4766
0 4767
0 4768
0 4769
0 4770
0 4771
0 4772
0 4773
0 4774
0 4775
0 4776
0 4777
0 4778
0 4779
0 4780
0 4781
0 4782
0 4783
0 4784
0 4785
0 4786
0 4787
0 4788
0 4789
0 4790
0 4791
0 4792
0 4793
0 4794
0 4795
0 4796
0 4797
0 4798
0 4799
0 4800
0 4801
0 4802
0 4803
0 4804
0 4805
0 4806
0 4807
0 4808
0 4809
0 4810
0 4811
0 4812
0 4813
0 4814
0 4815
0 4816
0 4817
0 4818
0 4819
0 4820
0 4821
0 4822
0 4823
0 4824
0 4825
0 4826
0 4827
0 4828
0 4829
0 4830
0 4831
0 4832
0 4833
0 4834
0 4835
0 4836
0 4837
0 4838
0 4839
0 4840
0 4841
0 4842
0 4843
0 4844
0 4845
0 4846
0 4847
0 4848
0 4849
0 4850
0 4851
0 4852
0 4853
0 4854
0 4855
0 4856
0 4857
0 4858
0 4859
0 4860
0 4861
0 4862
0 4863
0 4864
0 4865
0 4866
0 4867
0 4868
0 4869
0 4870
0 4871
0 4872
0 4873
0 4874
0 4875
0 4876
0 4877
0 4878
0 4879
0 4880
0 4881
0 4882
0 4883
0 4884
0 4885
0 4886
0 4887
0 4888
0 4889
0 4890
0 4891
0 4892
0 4893
0 4894
0 4895
0 4896
0 4897
0 4898
0 4899
0 4900
0 4901
0 4902
0 4903
0 4904
0 4905
0 4906
0 4907
0 4908
0 4909
0 4910
0 4911
0 4912
0 4913
0 4914
0 4915
0 4916
0 4917
0 4918
0 4919
0 4920
0 4921
0 4922
0 4923
0 4924
0 4925
0 4926
0 4927
0 4928
0 4929
0 4930
0 4931
0 4932
0 4933
0 4934
0 4935
0 4936
0 4937
0 4938
0 4939
0 4940
0 4941
0 4942
0 4943
0 4944
0 4945
0 4946
0 4947
0 4948
0 4949
0 4950
0 4951
0 4952
0 4953
0 4954
0 4955
0 4956
0 4957
0 4958
0 4959
0 4960
0 4961
0 4962
0 4963
0 4964
0 4965
0 4966
0 4967
0 4968
0 4969
0 4970
0 4971
0 4972
0 4973
0 4974
0 4975
0 4976
0 4977
0 4978
0 4979
0 4980
0 4981
0 4982
0 4983
0 4984
0 4985
0 4986
0 4987
0 4988
0 4989
0 4990
0 4991
0 4992
0 4993
0 4994
0 4995
0 4996
0 4997
0 4998
0 4999
0 5000
0 5001
0 5002
0 5003
0 5004
0 5005
0 5006
0 5007
0 5008
0 5009
0 5010
0 5011
0 5012
0 5013
0 5014
0 5015
0 5016
0 5017
0 5018
0 5019
0 5020
0 5021
0 5022
0 5023
0 5024
0 5025
0 5026
0 5027
0 5028
0 5029
0 5030
0 5031
0 5032
0 5033
0 5034
0 5035
0 5036
0 5037
0 5038
0 5039
0 5040
0 5041
0 5042
0 5043
0 5044
0 5045
0 5046
0 5047
0 5048
0 5049
0 5050
0 5051
0 5052
0 5053
0 5054
0 5055
0 5056
0 5057
0 5058
0 5059
0 5060
0 5061
0 5062
0 5063
0 5064
0 5065
0 5066
0 5067
0 5068
0 5069
0 5070
0 5071
0 5072
0 5073
0 5074
0 5075
0 5076
0 5077
0 5078
0 5079
0 5080
0 5081
0 5082
0 5083
0 5084
0 5085
0 5086
0 5087
0 5088
0 5089
0 5090
0 5091
0 5092
0 5093
0 5094
0 5095
0 5096
0 5097
0 5098
0 5099
0 5100
0 5101
0 5102
0 5103
0 5104
0 5105
0 5106
0 5107
0 5108
0 5109
0 5110
0 5111
0 5112
0 5113
0 5114
0 5115
0 5116
0 5117
0 5118
0 5119
0 5120
0 5121
0 5122
0 5123
0 5124
0 5125
0 5126
0 5127
0 5128
0 5129
0 5130
0 5131
0 5132
0 5133
0 5134
0 5135
0 5136
0 5137
0 5138
0 5139
0 5140
0 5141
0 5142
0 5143
0 5144
0 5145
0 5146
0 5147
0 5148
0 5149
0 5150
0 5151
0 5152
0 5153
0 5154
0 5155
0 5156
0 5157
0 5158
0 5159
0 5160
0 5161
0 5162
0 5163
0 5164
0 5165
0 5166
0 5167
0 5168
0 5169
0 5170
0 5171
0 5172
0 5173
0 5174
0 5175
0 5176
0 5177
0 5178
0 5179
0 5180
0 5181
0 5182
0 5183
0 5184
0 5185
0 5186
0 5187
0 5188
0 5189
0 5190
0 5191
0 5192
0 5193
0 5194
0 5195
0 5196
0 5197
0 5198
0 5199
0 5200
0 5201
0 5202
0 5203
0 5204
0 5205
0 5206
0 5207
0 5208
0 5209
0 5210
0 5211
0 5212
0 5213
0 5214
0 5215
0 5216
0 5217
0 5218
0 5219
0 5220
0 5221
0 5222
0 5223
0 5224
0 5225
0 5226
0 5227
0 5228
0 5229
0 5230
0 5231
0 5232
0 5233
0 5234
0 5235
0 5236
0 5237
0 5238
0 5239
0 5240
0 5241
0 5242
0 5243
0 5244
0 5245
0 5246
0 5247
0 5248
0 5249
0 5250
0 5251
0 5252
0 5253
0 5254
0 5255
0 5256
0 5257
0 5258
0 5259
0 5260
0 5261
0 5262
0 5263
0 5264
0 5265
0 5266
0 5267
0 5268
0 5269
0 5270
0 5271
0 5272
0 5273
0 5274
0 5275
0 5276
0 5277
0 5278
0 5279
0 5280
0 5281
0 5282
0 5283
0 5284
0 5285
0 5286
0 5287
0 5288
0 5289
0 5290
0 5291
0 5292
0 5293
0 5294
0 5295
0 5296
0 5297
0 5298
0 5299
0 5300
0 5301
0 5302
0 5303
0 5304
0 5305
0 5306
0 5307
0 5308
0 5309
0 5310
0 5311
0 5312
0 5313
0 5314
0 5315
0 5316
0 5317
0 5318
0 5319
0 5320
0 5321
0 5322
0 5323
0 5324
0 5325
0 5326
0 5327
0 5328
0 5329
0 5330
0 5331
0 5332
0 5333
0 5334
0 5335
0 5336
0 5337
0 5338
0 5339
0 5340
0 5341
0 5342
0 5343
0 5344
0 5345
0 5346
0 5347
0 5348
0 5349
0 5350
0 5351
0 5352
0 5353
0 5354
0 5355
0 5356
0 5357
0 5358
0 5359
0 5360
0 5361
0 5362
0 5363
0 5364
0 5365
0 5366
0 5367
0 5368
0 5369
0 5370
0 5371
0 5372
0 5373
0 5374
0 5375
0 5376
0 5377
0 5378
0 5379
0 5380
0 5381
0 5382
0 5383
0 5384
0 5385
0 5386
0 5387
0 5388
0 5389
0 5390
0 5391
0 5392
0 5393
0 5394
0 5395
0 5396
0 5397
0 5398
0 5399
0 5400
0 5401
0 5402
0 5403
0 5404
0 5405
0 5406
0 5407
0 5408
0 5409
0 5410
0 5411
0 5412
0 5413
0 5414
0 5415
0 5416
0 5417
0 5418
0 5419
0 5420
0 5421
0 5422
0 5423
0 5424
0 5425
0 5426
0 5427
0 5428
0 5429
0 5430
0 5431
0 5432
0 5433
0 5434
0 5435
0 5436
0 5437
0 5438
0 5439
0 5440
0 5441
0 5442
0 5443
0 5444
0 5445
0 5446
0 5447
0 5448
0 5449
0 5450
0 5451
0 5452
0 5453
0 5454
0 5455
0 5456
0 5457
0 5458
0 5459
0 5460
0 5461
0 5462
0 5463
0 5464
0 5465
0 5466
0 5467
0 5468
0 5469
0 5470
0 5471
0 5472
0 5473
0 5474
0 5475
0 5476
0 5477
0 5478
0 5479
0 5480
0 5481
0 5482
0 5483
0 5484
0 5485
0 5486
0 5487
0 5488
0 5489
0 5490
0 5491
0 5492
0 5493
0 5494
0 5495
0 5496
0 5497
0 5498
0 5499
0 5500
0 5501
0 5502
0 5503
0 5504
0 5505
0 5506
0 5507
0 5508
0 5509
0 5510
0 5511
0 5512
0 5513
0 5514
0 5515
0 5516
0 5517
0 5518
0 5519
0 5520
0 5521
0 5522
0 5523
0 5524
0 5525
0 5526
0 5527
0 5528
0 5529
0 5530
0 5531
0 5532
0 5533
0 5534
0 5535
0 5536
0 5537
0 5538
0 5539
0 5540
0 5541
0 5542
0 5543
0 5544
0 5545
0 5546
0 5547
0 5548
0 5549
0 5550
0 5551
0 5552
0 5553
0 5554
0 5555
0 5556
0 5557
0 5558
0 5559
0 5560
0 5561
0 5562
0 5563
0 5564
0 5565
0 5566
0 5567
0 5568
0 5569
0 5570
0 5571
0 5572
0 5573
0 5574
0 5575
0 5576
0 5577
0 5578
0 5579
0 5580
0 5581
0 5582
0 5583
0 5584
0 5585
0 5586
0 5587
0 5588
0 5589
0 5590
0 5591
0 5592
0 5593
0 5594
0 5595
0 5596
0 5597
0 5598
0 5599
