2
2800 2800
1 0 2897 2970 4256 4959 5322
1 1 3188 3305 3689 5339
1 2 3475 3822 4046 4483
1 3 5332
1 4 3720 4195 5301 5506
0 5 5112
0 6 4901
0 7 2881 3063 3182 4252 4273 5101 5473
0 8 2866 3025 4484 4926 5138 5158
0 9 3123 4127 4186 4914 5165
0 10 2848 3709 3729 4543 4573 5027
0 11 3386 3817 4440
0 12 3075 4708 5510
0 13 3182 4633 5103 5558
0 14 3020 4085 5061
0 15 2805 3392
0 16 2884 3803 4232 4852 4915 5505
0 17 3030 3364 3696 3947 4095 4796
0 18 3038 3626 3699
0 19 3216 3481 4861 5159
0 20 2830 5200
0 21 4172
0 22 3400 4085 4362 4832
0 23 3361 4795
0 24 3172 3611 4459
0 25 3257 4430 4877
0 26 5037
0 27 4725
0 28 3048 3299 4406 5014
0 29 3019 3796 4782 4829
0 30 2960 3626 3638 3913 5212
0 31 4135 4136 5125
0 32 2808 3978 4109 4340 5503
0 33 3495 3699 4097 4187 4274 5178 5197
0 34 4198
0 35 2824 3208 5157 5175
0 36 4238 4580
0 37 2986 3660
0 38 3737 3769 4085 4997
0 39 3522 4704
0 40 5038
0 41 2890 3797 4731 5566
0 42 4628 5007
0 43 3375 3998 4095 5008 5370
0 44 4497 5212
0 45 2895 3105 3820 4810 5548 5568
0 46 4117 4679 5199 5468
0 47 2820 3431 3853 4722
0 48 3029 3572 3620 4899 5323
0 49 3472 3802
0 50 3071 3132 3709 3819 5260
0 51 2929 3530 4133 5194
0 52 3921
0 53 2832 3124 3735 3937 5358
0 54 3406 3672
0 55 2842 2899 3613 3876 5215
0 56 5231 5283 5365
0 57 3296 4227
0 58 3531 3578 3719 3856 5248 5329
0 59 3964 4314 4451 5292 5315 5386
0 60 2804 2859 3965 4576 5014 5343
0 61 3453 4076 4543 4563
0 62 3510 4800 4882
0 63 3130 4123
0 64 3284 3465
0 65 3181 3626 3836
0 66 2925 3755
0 67 4070 4969
0 68 3624 4142 4565 5025 5169
0 69 3598 4203 4289 4290
0 70 3688 3749 4796
0 71 3296 4784 5048 5143 5421
0 72 2826 2894 3196 3338 4100 4587 5012 5039 5164
0 73 2876 3299 4495 4972
0 74 3635 4635
0 75 3174 3486 4242
0 76 4347 5352
0 77 2912
0 78 3004 4378
0 79 3201 3818 4032 4717 4918
0 80 3307 4584
0 81 3134 3197 3301 4844 5050 5337
0 82 3435 4072 4381 5256 5458
0 83 3798
0 84 2936
0 85 3683 5037
0 86 4043 4104 5128 5382
0 87 3377 3762 4201 4778
0 88 4575 4713 4721
0 89 3583 4255
0 90 3748 3756 3890 4376 4821 5264
0 91 2961 3219 3925 4627
0 92 3032 3610 4075 4306 4387 4929 5091
0 93 3292 4300 4389
0 94 3319
0 95 3561 3933
0 96 3922 4248 4487 5554
0 97 3588 5304
0 98 4460 5266
0 99 2995 3211 3616 4068 5148 5533
0 100 3812 4499 4595
0 101 5538
0 102 3516 3540 3922 4147 4150 4515 4786 4787 4905 5359
0 103 2899 3067 3194 3741 4043 4692
0 104 3007 3116 3144 4183 4443
0 105 3115 3453 3831 4476 4867 5199
0 106 2825 3687 4444
0 107 3421 3874 3940 4227 4300 5044
0 108 3128 3332 3569 4494 4803 5472
0 109 3939 4262 4322 5152 5510
0 110 4818
0 111 3736 3771 3799 4822 5196 5286 5599
0 112 2981 3309 3817 3900 4132
0 113 2855 3690 4046 4074 4220 4562
0 114 2876 3919 4949 4996
0 115 3832 4135
0 116 3253 3928 4756 5531
0 117 4664 5066 5465
0 118 3794 4458 4642
0 119 2895 2915 3766 4520 4605 5122 5380
0 120 2873 3722 3927 4566 5202
0 121 2838 3126 3494 4591 4601 4614
0 122 3328 4777
0 123 3423 3931 3963 5029 5395
0 124 3478 3989 4013 4935 5078 5476
0 125 5156
0 126 2830 4409 4651
0 127 3092 3139 3572 3974 4576 5583
0 128 3275 3632 5116 5244
0 129 4029 5074 5246 5266
0 130 3014 3243 3300 4108 4885
0 131 3230 5070 5388
0 132 3921 4101 5519
0 133 3323 3825 3901 3910 4814 5323 5589
0 134 2829 4205 4219 4527 5286 5389
0 135 4184
0 136 3249 4864
0 137 2894 3637 4262 4301 5081
0 138 3071 5439
0 139 2912 4459
0 140 4435 4928
0 141 3880
0 142 2944 3293 4633 4937
0 143 2884 3316 3891 4874 5024 5308 5497
0 144 2918 5343
0 145 4456
0 146 3111 3251 3729 4890 5515
0 147 3423 3658 4466 4833
0 148 4060 4405 5245 5562
0 149 3288 3552 4276 5384
0 150 3444 3718 5213
0 151 5387
0 152 4142
0 153 3361
0 154 3624 4317 5322 5541
0 155 2976 3377 3593 3996 5238 5568
0 156 3166 3415 3873 5388
0 157 4145 4215
0 158 3346 3376 5252
0 159 3361 3696 4795
0 160 2970 4325 4950
0 161 3004 3172 3511 3562 3845 4028 4233 4354 4395 5387
0 162 3334 4525 4866 5283
0 163 3372 3619 3885 4370
0 164 4686
0 165 2981 3037 3125 4268 4334
0 166 2840 2855 5083
0 167 3446 4612 5111 5508
0 168 2963 4005 4506 4728 5026 5132
0 169 2951 4063 4441 4934 5156
0 170 2947 4844
0 171 2875 4064 4339
0 172 3299 4149 4752
0 173 2822 3151 3398 5505
0 174 3825
0 175 4465 4808
0 176 2825 2966 5561
0 177 4238 4770 5255
0 178 3354 3481 4994
0 179 2952 3381 3919
0 180 2853 3089 3323 4900
0 181 3123 3646 3782 4107
0 182 3003 3024 3166 3170 3265 4222 5318
0 183 4352 5086
0 184 4007 4409 4939
0 185 3166 5522 5542
0 186 3104 3975 4089 4331 4888
0 187 3318 3398 4487 4897
0 188 5474
0 189 3325 3426 4862 4880 4894
0 190 3122 3751 3823 4475 5003 5221
0 191 3102 3507 3516 5028 5248 5598
0 192 4206 4476
0 193 3004 3440 4021 4141 4988 5361
0 194 3056 3825 3975 4047 5103
0 195 3523 3983
0 196 3078 3084 3499 3998 5252 5303
0 197 4100 4517 5359
0 198 3465 3648 4232
0 199 3387 3793 3928 4254 4334 5254 5556
0 200 2837
0 201 3767 3778
0 202 2824 3199 3290 5435
0 203 2853 4293 4658
0 204 3225 3973 4199 4424 4490 5250
0 205 3420 4740 4924 5312
0 206 4113 4134 5031 5200
0 207 3967 4467
0 208 3037 3046 3074 3232 3775 3968 4458 4690
0 209 2911 3051 3189 4882 5558
0 210 3362 4554 4596 5233
0 211 3789 4449 5219
0 212 3897 4679 5214
0 213 3618 3649 4613 5533
0 214 4981 5067 5566
0 215 2933 3763 4828 4837 5198 5235
0 216 3438 3636 4996 5407
0 217 2850 3733 4452 5557
0 218 3302
0 219 3482 3839
0 220 3248 3494 4125 4173 4249 4584 5210
0 221 3213
0 222 2883 4757 5344
0 223 3727 5081
0 224 3031 3136 3191 3369 4774 4971 5558
0 225 3451 4343 4495 5422
0 226 4874
0 227 2835 3654 3805 4148 4541 5573
0 228 3165 3167 4437
0 229 4071 4294 4615 5261
0 230 4083 4379
0 231 2948 3186 4191 4202 5245
0 232 3171 4086 4600 5280
0 233 3612 3807 5048 5242 5430
0 234 2825
0 235 3174 4549 4683 5049
0 236 2973 3499 4055
0 237 3707 3863 4175 4564
0 238 2850 3679
0 239 4713
0 240 4422 5235 5339
0 241 2846 2932 3426
0 242 3054 3202 5049 5266
0 243 3039 4246 4749 5158 5510
0 244 2884
0 245 3498 3911 4472 5342 5405
0 246 2970 3115 3884
0 247 4272 4382 4957 5135
0 248 4861
0 249 4757 5170 5188 5304
0 250 2940 3471 3863
0 251 3279
0 252 4601
0 253 3249 4068 4167 4561 4570
0 254 2930 3450 3631 3820 3898 4692 5400
0 255 3028 4158 4832
0 256 4140 4741 5050 5232
0 257 3168 5175
0 258 3071 3941
0 259 2906 3850 5009
0 260 3240 3366 4470
0 261 3951 4288
0 262 2868 3085 4087 4469 4548 4713
0 263 2865 3107 3596 3640 4338 4549
0 264 4613 4634 4822
0 265 3009 4281
0 266 2845 4708 4818
0 267 2946 3224 3908 4569 5172
0 268 3122 3523 4524 4546 4792 5203
0 269 3482 3783 4716 5116 5286
0 270 3228 3240 5337 5405
0 271 3381 4160 4687 4865 5036
0 272 3454 4116 4298 4390 5567
0 273 2834 2913 3994
0 274 4381
0 275 3770
0 276 3580 4176
0 277 4334 4496 4659 5506 5543
0 278 4057 4225
0 279 2905 4334 4348 4872 5101 5494
0 280 3602 3720
0 281 3120 3399 3405 3503 3663 4844 5088 5110 5472
0 282 3178 4668 5577
0 283 4568 5256
0 284 2898 4145 4634 5491
0 285 3312 3505 3588 3808 3854 4457 4863
0 286 3129 4085 4462 4765
0 287 3745 3914 5090 5155 5356
0 288 4033 4534 4608 4889
0 289 3428 5210 5404 5462 5483 5566
0 290 4606
0 291 2953 3114 4170 4210 5129
0 292 2874 3233 3599
0 293 2837
0 294 3318 3538 3926 4036 5111
0 295 3691 4227
0 296 3314 3590 4455 4507 5481
0 297 4733 4813
0 298 3791 3904 4131 4945
0 299 4434 4952
0 300 4621 4637 4664 4706
0 301 4191 4853
0 302 4144
0 303 4387 4494 4878 4922 5056 5425
0 304 3996 4152 4759
0 305 2868 2945 2970 3268 5275 5312
0 306 3040 3602 4058 5188
0 307 3598 4589 4692 5499
0 308 2882 4340 4708 5440
0 309 3109 3954 4615 4966
0 310 3184 4714 5203
0 311 2897 2898 3074 3607
0 312 4364 4851 4868 4977 5329 5463
0 313 3524 4137 4629
0 314 3005 3656 4861 4978 5343
0 315 3391 3651 5007 5168
0 316 2923 3933 4122 4432
0 317 4136 4423
0 318 2919 3378 3501 3946 4221
0 319 2887 3565 4665
0 320 4088 5111
0 321 3854 4175 4326 5063
0 322 3041 3054 3874
0 323 4468 5469
0 324 5254
0 325 3458 4206
0 326 2804 2838 3420 4441 4715 4716 5327
0 327 2828 4432 4888 5553
0 328 3477 4652 5139 5196
0 329 2925
0 330 3224 4244 5285
0 331 3068 3848 4061 4693 5426
0 332 3214 4437
0 333 3108 3270 3398 3895 5066
0 334 3430 3710 4237
0 335 3435 4010 4443 5497
0 336 3044 4079 5411
0 337 4495 5300
0 338 4041 5096
0 339 4065 4130 4375 5006
0 340 3664 4616 5044 5499
0 341 3086 4871
0 342 3068 3587 3946 5326 5367
0 343 3410
0 344 3574 4134 4910
0 345 3524 4619 5407
0 346 2932 2935 4271 5552
0 347 3653 3817 4018 4051
0 348 3331 4117 4131 4289 5370
0 349 3650 4117 4799 4830 5370 5507
0 350 3704 4531
0 351 5409
0 352 3187 3220 3889 5225
0 353 3897
0 354 2817 5189
0 355 3355 3511 3668
0 356 4152 4526 4751 4796 5199 5395 5487
0 357 3607 4919 5012
0 358 3120 3939 4751 5331
0 359 3704 4331 4980 5536
0 360 3754 3976 5387
0 361 3623 5193
0 362 3382 3724 3805 4370 4706
0 363 4266 4318 5575
0 364 2914 3718 5041
0 365 3351 3428 3826 3983 4896 5300 5373 5393
0 366 2830 2994 4186 5324 5351 5420
0 367 3745 4378 4588
0 368 2849 3877 3989 4486 4591 5008
0 369 2886 3286 3857 3869 4187 4855 5053
0 370 3685 4525 4567 4928
0 371 3939 4741 5128 5337
0 372 3287 3492 3495 3621
0 373 2855 4154
0 374 3166 3577 3950
0 375 3077 5288
0 376 4099 4416 5081 5451
0 377 4731 5272
0 378 3410 4352
0 379 2896 4366 4438 4518 4655 5584
0 380 3670 3945 5437
0 381 3669 5019 5387
0 382 3196 3283 3996 4199
0 383 2823 2989 3900 5424 5477
0 384 2865 4056
0 385 3193 3758 4471 4666 5471
0 386 2870 4394 4840 5248
0 387 3226 5266
0 388 3199 3796 4484
0 389 3163 3792 5594
0 390 2882 3260 3747 4202 4272 4834 4965
0 391 3601 3861
0 392 2823 3396 4945 5384
0 393 2922 3717 4110 4368 4444 5166 5374 5462
0 394 3635 4616 4979
0 395 3158 4943
0 396 4273 4744
0 397 2918 3506 5223
0 398 3675 3841 3860 4237 5120 5139
0 399 4176 4783
0 400 2926
0 401 4353 4367
0 402 3186 3612 3707 5193
0 403 5040
0 404 4952
0 405 3482 3606 4043 5027 5096
0 406 3715 3793 3944 4204 4307 4432
0 407 3756 3817 3900 4448
0 408 4570
0 409 2897 3485 4196 4553 5384
0 410 3854 3937 5134
0 411 3348 3706 4661 5137
0 412 2997 3689 4343 4534 5300 5559
0 413 3307 3657 4232 5377
0 414 3860 4828 5302
0 415 3982 4182 4998 5003 5165
0 416 3798 3937 4869 5093 5473
0 417 3958 4439 5197 5234 5427
0 418 2945 3135 4740
0 419 2825 3052 3360 3699 4712 4931
0 420 3397 3556 3697 3849 4852 4945
0 421 3994 4276 5465
0 422 3784 3789 4394
0 423 3973 5143
0 424 3340 4013
0 425 3061 4928 5561
0 426 2887 3066 3242 3246 4673 5374
0 427 3412 4384 4800
0 428 2847 3094 3263 3457
0 429 3083 3298 4461 5536
0 430 2948 3698 3913 4405 5571 5596
0 431 3201 4273 4378
0 432 3145 3668 3954 4566 4702
0 433 3288 4991 5429
0 434 3547 3919
0 435 3481 3764 4585
0 436 3133 4288 4993
0 437 3357 3731 4549
0 438 3534
0 439 2993 3695 4440
0 440 2820 3303 3845 4137 5190
0 441 3642 3865 5063 5185
0 442 4319 5186
0 443 2850 2899 3950 4201
0 444 3368 3796 4577 4762 5271
0 445 4123 4311 4449 5585
0 446 2892 3495 4695 4801
0 447 2850 4270
0 448 3132 5059
0 449 3207 4601 4793 4950 5048
0 450 3250 4211 4878
0 451 3906 3911 4644 5044 5291
0 452 2940 3040 3604 3640 4171 4349 5238
0 453 3147 3352 3447 4494 4940
0 454 3333 3682 4416 5111
0 455 3313 3601 3854 3860 3873 4498 5069 5164 5491
0 456 3474 4686 4794
0 457 4301
0 458 4881
0 459 3476 5217
0 460 3604 4120
0 461 3494 3616 4081 4119 4746 4911
0 462 3134 4034 4231 4266 4667 4690 5245
0 463 3865 3887 4783 5342 5453
0 464 2904 3047 3054 4591 5050 5570
0 465 3744 4215 4828 5099
0 466 2829 3528 3939 4345 4441 4593 4899 5104
0 467 4367 5285
0 468 3140 5025 5252 5442 5585
0 469 2919 4515 5470
0 470 3265 3778 3839 4192 4874
0 471 2910 3186 3732 4425
0 472 3321 5518
0 473 2812 3579 3966
0 474 3682
0 475 4215 4230 4432 4987 5165
0 476 2985 4447
0 477 4749
0 478 4453
0 479 2942 4975
0 480 3086 3246 3847 4410 4934 5584
0 481 2999 3142 4803 5457
0 482 2831 2968 3592 4684
0 483 3777 3809 3912 4601
0 484 3152 3861 3988 5237 5299
0 485 3120 3252 3356 5319
0 486 3335 4469 4563
0 487 2853 3874 4363
0 488 2893 3531
0 489 2974 3268 3971 4503 4587
0 490 2819 2839 3099 3271 3629 4345 5127 5597
0 491 4384 5254
0 492 3772 5524
0 493 2924 5142
0 494 4308 4646
0 495 3011
0 496 4194
0 497 3278 5413 5590
0 498 4558 4575 5306
0 499 3189
0 500 3277 3413 3545 3708 4294 5239 5469
0 501 3030 3212 4139 5577
0 502 2928 4056
0 503 3823
0 504 3046 3243 4068 4855 5179 5368
0 505 3876 4355 4826 4900
0 506 5305
0 507 3592 3645 4167 4344 4730 4877
0 508 3135 4717 4842
0 509 2801 4045 4121 4142 4178 4840 5057
0 510 3541 4219 4637 4897
0 511 5020
0 512 2897 4824 5329
0 513 3612 4244 4468 4477 5013 5167
0 514 3570 4617
0 515 3752 4013 4072
0 516 3588 4387 4621 5265
0 517 3973 5495
0 518 3382 4882
0 519 3433 4266 4703 5236
0 520 3141 4076
0 521 3915 4044 4778 5582
0 522 2887 2956 3151 3949 5491
0 523 3243 3715 4080 5397
0 524 4125 5431
0 525 2955 3303 4776
0 526 2982 3391 4013 4642
0 527 2804 3205 3451 3745 3754
0 528 2808 3029 3931 4649 5456
0 529 3448 4518 4706 5273
0 530 3298 3673 4495 5168
0 531 3368 3565 4162 4662 4974
0 532 3509
0 533 3269 3739 3866 3923 4192 4270 5308
0 534 2877 5581
0 535 2899 3158 3658 3960 3972 4951
0 536 3010 4807 5089 5562
0 537 3500 4380
0 538 3712 4586 4599 5086
0 539 4201 4991 5596
0 540 3192 3265 3779 4196
0 541 4135 5313 5395
0 542 3160 3947 4441 4634
0 543 3328 3556 3773 3945 4530 4986
0 544 2816 4877 4953 5192
0 545 3490 4014 4772 4841
0 546 3571 3588 3782 4350 4841 4960
0 547 3526 5151
0 548 3001 3325 3560 5036 5455
0 549 3458 4623 5204 5282
0 550 2914 2989
0 551 3534 3958 4012 4659 4973
0 552 3210 4017 4141 4180 4317 4760 5370
0 553 3413 3570
0 554 5120 5134 5411
0 555 3129
0 556 2895 2958 3283 3383 3388 3414 4437
0 557 3320 4397 4407 4803
0 558 3604 4527 4571 4734 5317 5478
0 559 3000 5333
0 560 3600 4140 4760 5269
0 561 3101 3394
0 562 3332 3903
0 563 4485
0 564 2842 4032 4574 5451
0 565 3036 4374 4774 5116 5331
0 566 4255 4278
0 567 2986 3029 3911 4189 4833
0 568 3075 3993 5232 5402
0 569 3505 3698 3961
0 570 3136 3237 5083
0 571 3151
0 572 4592
0 573 3972 4050
0 574 3434 4657 5179 5431
0 575 3076 3891 4121 4125 4921 5055
0 576 3443
0 577 3259
0 578 3343 4042 4299 4753 5201 5282 5499
0 579 3052 3425
0 580 3038 4855
0 581 3322 4831 5407
0 582 4031 5509
0 583 2883 3023 3764 4069 4401 4466 5299
0 584 4256 5431
0 585 4614
0 586 2821 3448 4695 5138
0 587 3305 3575 3882 4826 5054 5237
0 588 3315 4774 5062 5309
0 589 3584 4094 4825 5130
0 590 4683 5257
0 591 3208 4324 4539 4675 5168
0 592 3193 3425 3989 4874 5321 5404
0 593 2999 4287 4350 4960 5501
0 594 3007 4322 4589 5503
0 595 4606 4782
0 596 3105 3777 3792 4161
0 597 3076 3240 3891 3920 4390 4661 4677 4901 5370
0 598 3728 4730 4953 5455
0 599 2947 3279
0 600 2953 4422 5053
0 601 3191 4110 4260 4314 4330 4702 4724 5367
0 602 3028 4730 4768
0 603 2825 2945 3561 5287
0 604 4149 4957
0 605 3116 3263 4088 4485
0 606 3787 5109 5555
0 607 3773 4895 5411
0 608 3567 4078 5021 5191 5223 5431
0 609 4621
0 610 3611 3674 3882 4263 5490 5527
0 611 4018 4154 5305
0 612 3365 3461 4029 4934 5499
0 613 2966 3992 4415 5133 5182
0 614 3629 3938 4139 5287
0 615 3486
0 616 2970 3272 3425 4594 5171 5442 5455 5479
0 617 3058 3607 4721
0 618 2990 3005
0 619 2844 3297 3520 3590 3681 4277 4949
0 620 3716 4199 4683
0 621 4376 4498 5376
0 622 2820 3901 3991 4255 4845
0 623 3127 4259
0 624 2823 3218 3807 3837 3917 4176 4692 5178 5479
0 625 3017 4385
0 626 2827 3874 4587 5419
0 627 4144
0 628 3178 3235 5146 5406
0 629 3829 4713 5569
0 630 2846 3150 3202 3232 4346 4792
0 631 4005 4453 4549 5101
0 632 3968 4670 4692 4729 4877
0 633 2816 3172 3307 3787 3872 4809 4941 5206
0 634 3442 5212
0 635 2978 3107 3396 5503
0 636 2837 4071 4114 4127 4128 4203 4284 4694 4912
0 637 3363 3980
0 638 3376 3528 5218
0 639 2953 3677 5490
0 640 3524 3733 3956 4420 4815 4913 5261
0 641 4017 4607 5328 5566
0 642 3472 3792 5489
0 643 3328 3462 4100 4243
0 644 3038 3628 4684 5119
0 645 3227 4271
0 646 5116
0 647 2976 5576
0 648 2985 5172 5403
0 649 3414 5524
0 650 2800 2837 3456 3616 4217 4582
0 651 2830 3460 3650 4104 4496 4848 5063
0 652 3381 3610 3733 5127 5216 5362
0 653 4053 4384
0 654 2831 3531 4101 4712 4902 5068
0 655 3755 5150
0 656 4178 5592
0 657 4141 4710 5235 5545
0 658 3121 3199 3635 5479
0 659 2892 3204 4213 5444
0 660 3016 4206 4444 4587 5349
0 661 2878 3931 3976 4002 4347 5271
0 662 3212 4262 4424 5048
0 663 3673 4034 4355 5142
0 664 3445
0 665 2804 3611 3878 4862
0 666 2863 3787 4465 4560 5170 5533
0 667 3848 4801 4929
0 668 3467 5149 5594
0 669 2970 3345 3967 4301
0 670 2931 4024 4757 5037 5126
0 671 3102 3252 3645 3865 4437 4562 5089 5433
0 672 4483 4851
0 673 5348
0 674 3280 3650 3676 3899 4943 5149 5553
0 675 5362
0 676 3051 3795 4129 4890 4906 5091
0 677 3696 3779 3899 4670 5417
0 678 3278
0 679 3553 3835 5291
0 680 2866 5182
0 681 3295 4502 4682 4991
0 682 5172 5237
0 683 3331 4398 4459
0 684 2978 3558 3657 3936 4063 4715 5105 5284
0 685 3400 4337 5261 5522
0 686 2975 4899
0 687 3061 5103 5413
0 688 2841 3135 3722 3953 4094 4289 4758
0 689 2826 4810 5152 5167 5234
0 690 3964 5078
0 691 4059
0 692 3632 4479 4942 4988 5376 5411
0 693 2810 3739 3935 4499 4679 4751
0 694 2893 3858 3985 4044 5425
0 695 3597 3938 4319 4760
0 696 3492 4204 4973 4987 5410 5537
0 697 3845 3901 4492 4843 5471 5511
0 698 3712 5153
0 699 3930 4332 4655 4823
0 700 3073 3139 3683 4353 4490
0 701 2903 4670 4804
0 702 3181 4389 4678
0 703 3188 4462 5256
0 704 3260 3556 3699 5203 5287
0 705 3289 3630 4021 4585 4867 5499
0 706 5207
0 707 2914 4392 4528 4857 5565
0 708 4119 4290 4917 5204 5489 5598
0 709 3527 3554 4345 4727 5196
0 710 3300 4273 5499
0 711 3547 5127 5561 5574
0 712 2899 2913 3202 5383
0 713 3107 3476 3696 3885 4113 5084 5264 5270
0 714 2980 3910 4841
0 715 3415 4310 4720 5088
0 716 3684 5220 5587
0 717 3548 3803 5292
0 718 3781 4540 4708 5377 5458
0 719 3048 3125 3645 3886 3983 4723
0 720 5204
0 721 3339 4115 4401 4441 5252 5275
0 722 3048 3109 3292 4077 4286
0 723 2911 4972 5150
0 724 3821 4825
0 725 2843 3278 5192
0 726 3045 3325 4223
0 727 4338
0 728 4334 5370
0 729 4036
0 730 3841 4220
0 731 3263 3618
0 732 3162 3764 4061 5343
0 733 3470 4009 4609 4758 4761
0 734 3670 4100 4241 5444
0 735 2950 4058 4134 4629
0 736 3076 3297 3742 4807 4897 5021
0 737 3400 3750 3972
0 738 3112 3202 3620 4684
0 739 3772 3876 4629
0 740 2875 3066 3528 3564 3724 4519 4822 5291 5546
0 741 3707 3985 4168 5147 5392 5464
0 742 3109 3858 3868 4606 4995 5465
0 743 2838 3756
0 744 3298 3629 4537 4710 5355
0 745 2810 3131 3619 3668 3971 4198
0 746 3274 4481 4579
0 747 3237 3944 5369
0 748 3582 4205 4525 4833 4966 5285 5535 5556
0 749 3170 4274
0 750 3973 4342 5168
0 751 4340 4454 4482 4828
0 752 3559 4091 4393 4554
0 753 3086 3743 4609
0 754 2948 4955 5530
0 755 2951 3594 3804 3873 4056 5467
0 756 3703 4028 4133 4596 5162 5330
0 757 3132 3451 4496 5039 5348
0 758 3386 4730
0 759 2960 3695
0 760 2898 2981 3003 3337 3560 4639 4781 4809
0 761 4526 5284
0 762 3411 4262 4760 5187 5374
0 763 2922 3107 3589 4083 4090 4762 5570
0 764 4036 4469
0 765 3102 3400 3407 4844 5273
0 766 3454 3750 4854 4963
0 767 2941 3774
0 768 3810
0 769 3365 3510 3664 4313 4760 5383
0 770 3032 3051 3505 3948 4566 5110
0 771 4031 4144 4275 4640
0 772 3283 3464
0 773 4841 4958
0 774 3617 3702 3860 5585
0 775 5303
0 776 3166 4350 4628
0 777 2803 3048 3176 4318 5180 5402 5493
0 778 3958 4549
0 779 5359 5503
0 780 3565 5226
0 781 5242
0 782 3528 3832 4536
0 783 3941 5077
0 784 3495 4402 5391
0 785 3707 4157 5327 5597
0 786 5084 5144
0 787 4707 4870
0 788 4150
0 789 3036 3341 3406 3542 4676
0 790 3182 4390 4877 4888 5019
0 791 3717 4929
0 792 3120 3898 4367 4591 5092 5194
0 793 3296 3439
0 794 2817 2871 4361 4897
0 795 3244 4324 4955
0 796 2815 2866 2965 3203 3855 4170 4978 5443 5593
0 797 4618 5064 5512
0 798 4705
0 799 2814 4752 5061 5594
0 800 3631 5296
0 801 2954 3316 3409 4470 5084
0 802 3239
0 803 2930 4405 4527 4557 5326
0 804 2956 3176 4918 5050
0 805 2995 3476 4058 5021 5046
0 806 2957 4302 5318
0 807 2986 3353 3483 4148 4240 5200 5317 5318 5409 5553
0 808 4197 4209 4290 5442
0 809 2997 3295
0 810 3129 3355 4376 4861
0 811 3378 3567
0 812 3598 3620 3845 4034 4960 5140
0 813 2936 3535
0 814 3113 4629 5065 5279
0 815 4969 5088 5105 5270
0 816 3138 4526
0 817 3256 3600 4939
0 818 3749 5089 5256
0 819 2866 4502 5014 5298
0 820 2936 3082 4112 4325 4669 4790
0 821 2871 3351 3885 5102 5583
0 822 3055 3361 4622 5065 5253 5427
0 823 3621 3804 4034 4062 5206
0 824 3957 4886 5069 5327
0 825 2887 3707 4156 4496 4871
0 826 3142 3305 4606
0 827 3071 3707 4200 4529 4561 4817
0 828 2872 3750 4619 4705 4857 5390
0 829 3081 5442 5488
0 830 4732
0 831 3682 4631 4888
0 832 5352
0 833 2983 3632 4016 4222 4563 4937 5151 5275 5495 5545
0 834 3784 4910
0 835 3071 3254 5167
0 836 2828 4464 4856 5170
0 837 2827 4615 4639
0 838 5432
0 839 3022 3863 4813
0 840 3901 4336 4600 5051
0 841 3188 5317
0 842 3036 4502 5367
0 843 3844 4667
0 844 2919 4018 4334 4574 4589
0 845 3579 3883
0 846 3533 3544 3796 3911 5067
0 847 3496
0 848 2942 3380 5445 5497
0 849 2910 3134 3409 3725 4503 4845
0 850 4034 4686 4808
0 851 2835 3335 5450
0 852 3330 3717 3942 4004 4055 4474 5097 5418
0 853 4159 4502 4834
0 854 3735 5108
0 855 3650 4806
0 856 3238 4489 4811 5208
0 857 2893 3906 4155 4858
0 858 4203 4400 4675
0 859 3635 5304
0 860 3185 4316 4388 4613 4763 4776
0 861 2837 4494 5548
0 862 4206 4553 4624
0 863 3885 4000 4271 4569 4661 5521
0 864 3074 4168
0 865 3109 3329 3403 4757 5078
0 866 3191 4099 5128
0 867 2903 3058 3072 3197 5328
0 868 4390 4995 5410 5546
0 869 3526 3736 3871 4918 5258 5365
0 870 3077 3457 4723
0 871 3369 4117 4417 4582 4803 5583
0 872 4414 4487 5297 5436
0 873 3531 4027 4783 5004 5445 5456
0 874 3515 3566 4323 5466
0 875 3022 3260 4004 5014
0 876 3720 3911 4579 4641 5131 5556
0 877 3566 4199 4273 4315 4904 5297 5372
0 878 5388
0 879 3720 4019 4601
0 880 3522
0 881 2973 4372 5431
0 882 3184 3669
0 883 2882 3965 4218 4657 5492
0 884 2901 3487 4144 4719 5298
0 885 3808 4387 4770 5285
0 886 5000
0 887 3065 4514
0 888 3099 3221 3780 5077
0 889 3224
0 890 2980 3343 3580 4176
0 891 3157 4822
0 892 4074 4250 4298
0 893 4200 4219 5390
0 894 3920 3939 4884 5213
0 895 2800
0 896 3679 3881 4183
0 897 3517 4033 4126 4282 4641 4833 5005 5114
0 898 3508 3746 4017 4291 4993 5518
0 899 3800 3984 4974
0 900 3257 3713 5470
0 901 3041 4074 4811 5457
0 902 3251 5518
0 903 3641 3669 4015 4188
0 904 3904
0 905 2868 4292 5264
0 906 3572 3595 5548
0 907 4359
0 908 2825 3462 3932 4263 4853 5265
0 909 3501 4831
0 910 3384 4415
0 911 3131 3917 4084
0 912 3185 3619 3709 3819 4346 4570 5123
0 913 2908 5286
0 914 3314 4082
0 915 2833 3262 4218
0 916 3370 3628 3920 4008 4373 4797 4930
0 917 3292 3595 4950
0 918 3115 3652 4464 4861 5122 5220 5338
0 919 2908 3696 3799 4239 4465
0 920 3882 4698
0 921 3712 4367 4690
0 922 2899 3318 4106
0 923 3251 3711 4436 5566
0 924 3639 3886 4712 5026
0 925 2963 3229 3754
0 926 3617 3727 3805 4570
0 927 3602 3639
0 928 3336
0 929 3097 3816 4192
0 930 4044 4925 5416
0 931 3233 3376 3633 4236
0 932 2827 3997 4462 5119 5426
0 933 3230 3489 4088 5157
0 934 3436 3769 4140 5285
0 935 3223
0 936 3919 4004 4389 4880
0 937 3339 3763 3873 4331
0 938 4797 5578
0 939 3205 3515 3567 3986 5372
0 940 5595
0 941 3795 4375 4419 4462 4610
0 942 3147 3182 4220 4651 4732 5274
0 943 3129 4350 4709 4720 5191 5581
0 944 4141
0 945 4420 5278
0 946 2958 3105 3905
0 947 3901 4428 5023
0 948 4747 5166
0 949 3407 4187 4424
0 950 3323 4047 4589 4634 4713 4716 5022
0 951 3163 4674 4929 5163 5198
0 952 3541 3622 3636 4642 4848 5299
0 953 2909 3449 3456 3631 3671 5027
0 954 3329 4964 4988 5584
0 955 3149 3537 4080 4145 5049 5245
0 956 3112 3174 4258 4983 5172 5286
0 957 4830 4878 4879
0 958 3116 4469 5466
0 959 3031 3829 5408
0 960 2833 4626 5021
0 961 3371 3495 5303 5579
0 962 3208 3396 4575
0 963 3995 4846 4989
0 964 3345 3434 3768 4751 5135 5290
0 965 4711
0 966 3229 3259 4020 4969 5141 5397 5400
0 967 3364 3514 3663 3910
0 968 3485 4136 4844
0 969 3303 3635 4441 4621 4629 5142 5458
0 970 3115 4094 4097
0 971 3070 3560 3713 4851
0 972 2878 3624 4751
0 973 2946 3074 3101 3441 3890 4097 4147 4373
0 974 4035 5072
0 975 3637 4811 4904 5116
0 976 3398 4119 4225 4778
0 977 3136 5394 5532
0 978 2944 3343 3662 5384
0 979 3677 4771
0 980 2939 3269 3926 5039 5419
0 981 4081 4108 4876 4941 5228
0 982 4510
0 983 3376 4367 5208 5338
0 984 2997 3356 4289 5111
0 985 5200
0 986 3674 4983 5035
0 987 3127 4090 4518 5382
0 988 3266 3372 4639
0 989 4068 4757 4763 5004 5388
0 990 4255
0 991 3940 4135 5530
0 992 3420 4492 4737 4820
0 993 4555 4635 5171
0 994 3214 3923 4081
0 995 2930 3165 4905 5409
0 996 3079 5523
0 997 2850 3232 4653
0 998 4083 4279 5496
0 999 5000
0 1000 3962 4516 4780 4865 4877
0 1001 3040 4676 5175
0 1002 3920 4383 4804
0 1003 2944 3853 3892 3968 3969 4595 5504
0 1004 3112 3477 4704 5384
0 1005 2947 3003 3609 4740 4933 5052 5261 5589
0 1006 3254 4499 4620 4632
0 1007 3478 3975 4011 4813 5424 5569
0 1008 2928 3152 4259
0 1009 4035 4533 5497
0 1010 3064 4970
0 1011 4300 4967
0 1012 3374 3654 5222
0 1013 3831 4860 4935
0 1014 4830
0 1015 3966 4028
0 1016 3215 4168 4900
0 1017 3016 5022 5205
0 1018 3681 4426 4583 4798 5155 5229
0 1019 4195 4610 4908 4945 5417
0 1020 3580 3713 4310 4716 4880
0 1021 3458 3468 4219 4582 5211
0 1022 2824
0 1023 5198
0 1024 2860 2982 3025 3076 3709 4355
0 1025 3604 3821 4429 4625 5166 5221
0 1026 2823 4369 4753
0 1027 2915 3352 4266 4459 4886 5391
0 1028 3594 4597
0 1029 4158 5404
0 1030 3631 4311
0 1031 4062 5235
0 1032 3171 3746 4042 4165 4338 4512 5159
0 1033 3321 3407 3755 4595 4792 4944 5163 5251 5338
0 1034 3204 3845 3886 4710 5413
0 1035 2906 4403 4866
0 1036 2906
0 1037 3727 4560 4608 4858 5561
0 1038 3558 4883
0 1039 3389
0 1040 3867 4463 4938 5058
0 1041 3037
0 1042 5023
0 1043 3065 4149 4694
0 1044 3746 3888
0 1045 3449 4158
0 1046 3712 4550
0 1047 3132 5229 5498
0 1048 3203 5036 5152 5373
0 1049 3612 3668 4558 4833
0 1050 3973 4336 4767
0 1051 2988 3184 3827 4075 5583
0 1052 5008
0 1053 2847 2855 3296 3797 5159
0 1054 2876 3110 3257 3691 4170 4484 5192
0 1055 2853 3874 5504
0 1056 3032 3237 4072
0 1057 4225 4600
0 1058 3071 3259 3669 3879 5168
0 1059 3469 3497 3798 5439 5577
0 1060 3167 3761 5059
0 1061 2817 3191 3242 3817 4528 4770
0 1062 3194 3491 3879 4781 5131
0 1063 3154 3615 3671 3845 4768
0 1064 3680 4059 5523
0 1065 3165 3262
0 1066 4489 4580 4828 4833
0 1067 3366 3462 5369
0 1068 4303 4311 4981
0 1069 2862 3546 4610 5225
0 1070 3514 3747 5002
0 1071 3425 3899 4221
0 1072 3230 3511 3717 4364
0 1073 3707 4019 4491 4547 4582
0 1074 4674 5258 5580
0 1075 3379 3470 3728 5144
0 1076 3277 3373 3639 4343
0 1077 2930 3838 3880 4582 4850
0 1078 2977 3604 3665 4558 4756
0 1079 2999 3003 3460 4992
0 1080 3480 3593 5186
0 1081 2857 3197 5335 5378
0 1082 3717 4537
0 1083 3198 4386 4781 5210 5585
0 1084 3134 3470 3919 4597 5049 5171
0 1085 4025 4558 4799 4879 5113
0 1086 3117 3346 4467 4576
0 1087 2823 3077 3221 3953 4686
0 1088 3611 4523 4587 4971
0 1089 4183 4214 4358
0 1090 4464
0 1091 5369
0 1092 3545
0 1093 3854 4529 4697
0 1094 2828 5455 5493
0 1095 2880 3165 4607
0 1096 2837 3028 3882 4068
0 1097 4330
0 1098 3140 3239 4003 4180 4893
0 1099 2875 3113 3731 4969 5529
0 1100 3652 4184 4243 5241
0 1101 4116 4256 5054
0 1102 2847 4265
0 1103 2800 3250 4397 5066 5260
0 1104 3007 3178 3907 3915 5395
0 1105 4779 5136
0 1106 3092 3189 3567 3907 4832 5154 5280 5444
0 1107 3356
0 1108 3120 3242
0 1109 3152 3411 5099
0 1110 3012 3476 4529 5304
0 1111 3193 3275 3731 4662
0 1112 3154 3182 4324 4494 4594 4644 5515
0 1113 2830 3886 4506 4542 5584
0 1114 3082 3316 4774
0 1115 3996 4181 4209 4480 4626
0 1116 3869 4680 4819
0 1117 3463 4459 5460
0 1118 2896 3074 4346 4391 5197 5396
0 1119 2982 3091 3212 3572 4736
0 1120 3176 3195 4778
0 1121 2889 4372 5212 5391 5466
0 1122 4298 4370 5113 5359
0 1123 3296 4564 4796 5161
0 1124 3218 3475 3504 3996 4481 4779 5247
0 1125 3396 3948 4810 5217
0 1126 4562
0 1127 3623 3708 4224 4436
0 1128 3325 4215 4560 4709 4865
0 1129 2913 4804
0 1130 4219 4945 5356
0 1131 2961 3437 3684 5458
0 1132 3498 4435 4632
0 1133 2875
0 1134 4487
0 1135 3012 3033 3739 4229 4434 4519 4654 5543
0 1136 3082 3714 4410
0 1137 2910 3144
0 1138 3023 3192 4116 5071 5181
0 1139 3364 4632 5019 5048 5522
0 1140 5481
0 1141 5154
0 1142 2873 4760 5534
0 1143 2961 5364
0 1144 2857 5031 5121
0 1145 4072 4174 4192 4248 4264
0 1146 3118 4971 4999 5023 5212
0 1147 2833 3700
0 1148 3646 4139 5218
0 1149 4188
0 1150 3207 4061 4338 4382
0 1151 2872 3660 3932 4974
0 1152 2908 4621 4707
0 1153 3185 4801
0 1154 3014 3065 4018 4051
0 1155 4107 4565 4822 5427
0 1156 3085 4257 4293 5423
0 1157 3332
0 1158 3046 3481 5092 5481
0 1159 3021 3980 4211
0 1160 5365
0 1161 5482
0 1162 2916 3266 3984
0 1163 4462 4914 5187
0 1164 4921 5427
0 1165 3563 3707 4153 5303
0 1166 4908 5081
0 1167 3751 4268 4529 4917 4919 4941 4973 5165 5175
0 1168 4017
0 1169 3108 4927 4952 5046 5374 5571
0 1170 2965 3803 5420
0 1171 2827 5037 5540
0 1172 3330
0 1173 3685 4010
0 1174 3045 4575 5347
0 1175 3635 4232 5206
0 1176 2948 3168 3497 5455
0 1177 5242 5380
0 1178 3276
0 1179 4721 4820 5100 5476
0 1180 4341 4786 4851
0 1181 3416 3701 4215 4727
0 1182 3010 3456 3654 3830 4391 4577 4915 5060
0 1183 3252
0 1184 2857 4058 4947
0 1185 2896 3157 3600 4644 5295
0 1186 3168 3246 5097
0 1187 2819 3013 3464 3559 4613
0 1188 4298 4398 4617
0 1189 4962
0 1190 3851 4080 4090 5120 5496
0 1191 5410
0 1192 4229 4382 4424 4685 5189
0 1193 3175 3804 4211 4618 4917 5125
0 1194 3533 3941
0 1195 2969 3407 3824 4248 4775
0 1196 3111 4355 4916
0 1197 4527 4830 5185 5398
0 1198 4486
0 1199 3019 3442 4082 4641
0 1200 4330 4665 5200
0 1201 4416 4926 5081
0 1202 3382 4443 4991
0 1203 2939 3351
0 1204 2867 2928
0 1205 3562 4093
0 1206 2964 5391
0 1207 3437 3595 4481
0 1208 3614
0 1209 2922 2935 4070 4346 4569 4821 5136 5484
0 1210 2960 3027 4054 5438
0 1211 3094 3155 3219 3984 4349
0 1212 3091 3642 4195
0 1213 3087 3489 4040
0 1214 3533 3928 4237 4776
0 1215 3491
0 1216 4075 4690 5458 5496
0 1217 3128 3243 3912 4396 4863
0 1218 3558 3618 3930
0 1219 2834 3107 4161 4235
0 1220 3677 4007 4246 4977
0 1221 4308 5063
0 1222 4090 5102
0 1223 3427 3577 4035
0 1224 5118
0 1225 3026 3947 5500
0 1226 2979 3478 3973
0 1227 3557
0 1228 4664 4771 4868
0 1229 4747 4926 4979
0 1230 3256 3992 4430 5574
0 1231 3273 4919
0 1232 3093 4043 4449 4583 4870 4948
0 1233 2942 5220 5453 5521
0 1234 2812 3164 3371 4903 5036 5048 5510
0 1235 4494 4812 5009
0 1236 3851
0 1237 3088 3769 4206 4544 4988 5262 5284
0 1238 4624 5499
0 1239 2859 3158 3436 4468 4509 4819 4976 4978 5470
0 1240 3911 4131 4762 4923 5229 5459
0 1241 2954 4880 5250
0 1242 3033 3386 4503 5381
0 1243 2920 3074 4161 5170 5218
0 1244 2843 3587 3661 3903 4227
0 1245 2869 3550 4065 4935 5338
0 1246 3312 3635 4954
0 1247 3691 3930 3943 4889
0 1248 4410 4902
0 1249 3457 4249 4962 5298
0 1250 2947 3060 3579
0 1251 2817 3319
0 1252 3822
0 1253 3336 4603 4954 5506
0 1254 4148 4240 4454 4973
0 1255 3013 4106 4325 4496 4830
0 1256 3060 3082 3941 5326
0 1257 3903 4945
0 1258 3413 3476 3727 3730 4720 4865
0 1259 5467 5493 5581
0 1260 3961 4794 4864 5397
0 1261 2819 3207 3510 4473
0 1262 3020 3040 3404 3956 4584 4842
0 1263 3470 4024 5402
0 1264 4390 4832 5462 5479
0 1265 3702 3706
0 1266 3414 4321 4361 4774 5099 5105
0 1267 4288 4973 5599
0 1268 3523 4415 4521 4647
0 1269 4153
0 1270 3166 3764 4013 4052 4483 4725 5019
0 1271 4722 4811 4872
0 1272 4314
0 1273 3443 3741 3885 4124
0 1274 2968 3617 4539 5563
0 1275 4032 4351 4646
0 1276 2801 3859 4030
0 1277 3223 4198 5395 5514
0 1278 3170 3356 3582 4871 5437
0 1279 3986 4501
0 1280 3097 3496 3672 4970
0 1281 3114 4455
0 1282 4003 4592 4731 5033
0 1283 3491 3692 4413
0 1284 2950 3636 4312
0 1285 2927 3616 3706 3799 5137
0 1286 3350 3793
0 1287 2917 3672 3884 4535 4817 5174
0 1288 3499 4400 4509 4611 4929
0 1289 3283 4747
0 1290 4751
0 1291 4723 4753
0 1292 2944 3962 4193
0 1293 5211
0 1294 4767
0 1295 4425
0 1296 3202 3243 4294
0 1297 2883 3842
0 1298 2924 3283 3764 4818 5362
0 1299 3005 3610 4270 5102
0 1300 3684 3689 5038
0 1301 4305 5083 5184
0 1302 4323 4347 4904
0 1303 3023 5272
0 1304 4967
0 1305 2979 3552 3751 3871 3873
0 1306 3054 3794 3813 4389 5289 5378
0 1307 3145 3507 4576 4701
0 1308 3057 3408 4329 4516
0 1309 4327
0 1310 2870 3076 3433 5241
0 1311 3412 3480 3901 4027 4729
0 1312 3577 3732 4320 5363
0 1313 3448 3827 3993 4587 4725
0 1314 3001 3136 3220 5474
0 1315 3280 4214 4266
0 1316 2974 3294 3888
0 1317 5126
0 1318 2934 3823 5064
0 1319 3222 3691 4523 5023
0 1320 5052
0 1321 3811 4136 4188 4751 5100
0 1322 3238 5064
0 1323 2997 3328 4360
0 1324 3066 3102 3736 4916
0 1325 3320 3915 4232 4444 4750 5593
0 1326 3227 3256 4429
0 1327 3016 4996
0 1328 3856 4343
0 1329 4180 4248 4982
0 1330 4176 4863 5316
0 1331 3480 4427
0 1332 3633 3672 3721 4572 5594
0 1333 3529 5131
0 1334 4681
0 1335 3628 4721
0 1336 2937 3069 4485 4531 4906
0 1337 3202 3373 3808 4218 4760
0 1338 3140 4005 4300
0 1339 3191 3443 3993 4340
0 1340 3542 4181
0 1341 3990 5357 5472 5518
0 1342 2857 3101 5447
0 1343 2900 3346 4070 4104 4405 5366
0 1344 2974 4286 4642
0 1345 5316
0 1346 4612
0 1347 3016 3696 3698
0 1348 2942
0 1349 3930 4968
0 1350 2822 3626 3771
0 1351 3350 3847 4136 5168
0 1352 4598
0 1353 3218 3608 3770 4537 5443
0 1354 3285 3662 4007 5326 5595
0 1355 2834 5289
0 1356 2976 3126 5112
0 1357 4012 4299 5518
0 1358 3524 3832 5082
0 1359 3633 3685 5115 5252
0 1360 3998 4112 4256 4891
0 1361 3714 4242 4664 4843 5126
0 1362 3118 4580 4685 5043 5068
0 1363 4670 4794 4811 5209
0 1364 3602 4655 5548
0 1365 3851 5496
0 1366 3460 3570 3613 4312 5588
0 1367 3333 3532 3949 4045 4447 4489
0 1368 4500 4624 4644 4661
0 1369 4238 5469
0 1370 3648 4122 5475 5506
0 1371 3541 4215 4467
0 1372 3538 3584 3597
0 1373 3629 4113 4575
0 1374 4878
0 1375 3101 3278 3980 4466 4856 5018
0 1376 3199 3987 4709 4797 4895 5295
0 1377 3339 3929 4562 4767 5387
0 1378 2804 2896 4017 4286
0 1379 3210 4115 4776
0 1380 4064
0 1381 4349 4462 5248
0 1382 4105 4469 4509 4629 5111
0 1383 4455 5413
0 1384 3996 4723
0 1385 4249 5118 5364
0 1386 2822 3136 3198 3368 4128 4129 4337 5092
0 1387 2945 3857 3980 4372 4758 5196 5462 5475
0 1388 3584 3634 3780
0 1389 3072 4226
0 1390 3711 3737 4051
0 1391 2821 3683 4086
0 1392 4238 4685 5015
0 1393 2804 4319 5278
0 1394 3441 4548 5169 5430
0 1395 3013 5509
0 1396 3106 4481
0 1397 4150 4884
0 1398 3199 4242 4838
0 1399 3168 3332 4677 5038 5228
0 1400 4850
0 1401 3200 3890 5170
0 1402 3032 3215 5214
0 1403 3280 3387 4069 4550 4866 5162 5473
0 1404 2818 2950 3252 3647 4084 4645 4768
0 1405 3733 3883
0 1406 3340 3476 4062 4866
0 1407 3141 3278 3385 5025
0 1408 3622 4513 5061
0 1409 3047 4050 4986 5299
0 1410 4220 4275 5365
0 1411 3135 3222 3581 5040
0 1412 3392 3450 3509 4656
0 1413 3923 4826
0 1414 2954 3002 4117
0 1415 3138 3159 5238
0 1416 4706 5395 5410 5431
0 1417 4095
0 1418 5407
0 1419 3956 4082 4185 4438 5016 5271
0 1420 3242 4211
0 1421 4315
0 1422 3318 3476
0 1423 3597 4377 4590
0 1424 4399 4730
0 1425 3376 4237
0 1426 3285 3287 3783 3908
0 1427 2854 4907 5140
0 1428 3041 3458 4287
0 1429 2818 3026 3346 5285
0 1430 2959 3143 3621 4853
0 1431 3567 3640 4037 4203 4813 4998
0 1432 4014 4941 5115 5202
0 1433 3198 4689 4860
0 1434 2875 3321 3882 4394 4437
0 1435 4299 4548 4784 4801 5063
0 1436 3076 4149 4260 5353
0 1437 3012 3552 3769 3826 5508
0 1438 2994 3659 3969 5201 5551
0 1439 3380 3791 4084
0 1440 4920 5089 5276
0 1441 2864
0 1442 3254 3768 3773 4146 5197
0 1443 4234 5321
0 1444 2821 3554 4480 4617
0 1445 3128 3964 4161 5419
0 1446 2833 3068 3408 4015
0 1447 3352 3545 3590 4806
0 1448 3128 3295 4221 4515 4998
0 1449 3295 3864 4194 4198 5056
0 1450 3281 3434 3468 4380 4690 5463
0 1451 3264 3917 5362
0 1452 3016 3151 3714 3721 3836 5173
0 1453 3558 3638 3655 5067
0 1454 4308 4549 4912 5465
0 1455 3010 4358 5212 5492
0 1456 3474 5230 5483
0 1457 3992 4348 4805 5178
0 1458 3271 3611 3972 5433
0 1459 2808 4463
0 1460 2897 3025 3087 3287 3306 3663 3825 4298 5179 5203
0 1461 3321 3831 4021 4723 4940
0 1462 2949 3083 3102 3901 4040 4551
0 1463 3409 3502 3568 3812 4357 4695 5297
0 1464 3049 3259 3530 3592
0 1465 2924
0 1466 3012 3033 3038
0 1467 3329 4658 4857 5033
0 1468 2837 4393
0 1469 3150
0 1470 5009 5156 5459
0 1471 4944
0 1472 2914 3915 3993 5581
0 1473 2854 2938 4447 5567
0 1474 3303 3433
0 1475 3161 3854 5256
0 1476 4185 4293 4303 4950 5232
0 1477 3984 4337 4572 4658 4856 5106
0 1478 3555
0 1479 3217 4179 4332 5011 5468 5493
0 1480 3666 4352
0 1481 3863 4192 4365
0 1482 3714
0 1483 3330 3985 4401 4856 5432
0 1484 3940 4243 4526 4971 5381
0 1485 3057 3486 3740 4246 5020
0 1486 3254 3982 5242
0 1487 3167 3600
0 1488 3279
0 1489 3053 3061 3701 4155 4200
0 1490 2886 3770 4950 5081
0 1491 2882 3230 4763
0 1492 3030 3888 4638 5164 5397
0 1493 3111 4169 5002
0 1494 2813 3212 3235 3657 3821 4274 5208
0 1495 4502
0 1496 3312 3787 4096 4199 4605 4822 4996 5023
0 1497 5162
0 1498 3911 4327 5416 5526
0 1499 3312 3931 4042 4275
0 1500 2971 4482 4630 5322
0 1501 3393 3462 4107 4362 5354
0 1502 3178 3880 5145
0 1503 3038 4322 4581 4855 5476
0 1504 2971 5071 5476
0 1505 3779 5114
0 1506 3561 3667 3903 4589 4725 4732 4883 5542 5558
0 1507 3375 3634 3980 4320 4989 5191
0 1508 3024 3603 4465 4537 4787
0 1509 4596 4678 4997
0 1510 3972
0 1511 3880 4206 4525
0 1512 2819
0 1513 3014 3567 4520
0 1514 2911 3000 3055 3770 4553 5517
0 1515 3406 4686
0 1516 3163 3400 4840 5177
0 1517 3661 4141 4755
0 1518 3200 4576 4760
0 1519 2927 2974
0 1520 3426 3593
0 1521 3075 3445 3800 4746 5408
0 1522 4413 4917
0 1523 4862
0 1524 4130
0 1525 3038 4547 4905 5589
0 1526 3032 3476 3728
0 1527 3239 3568 3586 3708 5371
0 1528 3854 4656 4711
0 1529 3589 4203
0 1530 3140 3469 4576 4918 5510 5592
0 1531 3036 3518 3822
0 1532 2840 2887 3149 3572 4130 4222 5459
0 1533 3132 3760 4817
0 1534 4376 4962
0 1535 3102 3438 3658 4679 5538
0 1536 5179 5545 5566
0 1537 4995 5431 5530
0 1538 2891 2957 3382 4160
0 1539 4673 4726
0 1540 3600 4384 5436
0 1541 2963 2984 3218 4279 4423 5127 5478
0 1542 3341
0 1543 3130 3458 5376
0 1544 4094 4671 4881 5191
0 1545 3857 4409 4842
0 1546 3655 4582 5021
0 1547 2972 4395 4725 4840 5052 5130
0 1548 3078 4466 4852 5151
0 1549 2801 4238 4467 5540
0 1550 3823 4187 4587
0 1551 3367 3404 3688
0 1552 4035 4239 4295
0 1553 3253 3382
0 1554 3204 5358 5440
0 1555 3367 3495 3698 3801 4578 5591
0 1556 2868 3429
0 1557 4946
0 1558 4298 5187 5595
0 1559 3743 4049 4833
0 1560 2916 3408 3533 4650 4652 4988
0 1561 3118 3937
0 1562 3371 3987 4387 5011 5164
0 1563 4488 4684 5571
0 1564 2966 4145 4767 5225
0 1565 2811 3499 4125 4464 4685 4719 4811 4966 5418
0 1566 2926 3002 4763 4789 4896 5562
0 1567 3820 4601 4769 4811 4859
0 1568 3128 4448
0 1569 2865 3640 5171 5541
0 1570 3040 3799 4075 5158
0 1571 2996 3380 4423 4840 5011 5020 5456
0 1572 3869 4457
0 1573 3044
0 1574 3154 3781 5492
0 1575 3280 4882 4961
0 1576 4743 5107
0 1577 2946 3869 4041 4884 5214 5325
0 1578 4975
0 1579 3775
0 1580 3546 4032 4513 4527
0 1581 3761 4228 5504
0 1582 2811 3088 4857 5015 5212
0 1583 4428 4898 5077
0 1584 2935 3199 4092 4111 4669 4884
0 1585 3469 3562 3856 4842
0 1586 2821 3044 3988 4446 4612 5353
0 1587 3363 3629
0 1588 3729 5593
0 1589 3455 3837 5143 5538
0 1590 3400 3460 3696 4110
0 1591 3451 3899 4236 5152
0 1592 3271 4165
0 1593 4424 4521 5529
0 1594 3347 5296
0 1595 4115 4358 4630 5159
0 1596 3499 4564
0 1597 3516 4076 4493 5315
0 1598 4316 5011 5049 5241 5481
0 1599 3517 5571
0 1600 3443 4505
0 1601 2872 3541 3842 3897 4694 4745 4882 5480
0 1602 3884 5230
0 1603 3315 4220 5534
0 1604 3091 3884 5469
0 1605 3631 5146
0 1606 3283 4328 5532
0 1607 3161 3973 4208 4777 5127 5207
0 1608 3544 4084 4323 5052 5171
0 1609 3006 3495 3933 4402
0 1610 3649 4046 4138 5172
0 1611 3268 3555 3604 4289 4705
0 1612 5445
0 1613 2869
0 1614 3129
0 1615 3452 4169 4455 5175
0 1616 4289 4551 4570 4719
0 1617 2931 4297 4378 5411
0 1618 3395 4812
0 1619 3100 3605 4307 4898
0 1620 3178 4646 4770
0 1621 3141 4012 5358
0 1622 2923 2969 3856 5046 5398
0 1623 3370 4971
0 1624 3473 4199 4743
0 1625 2941
0 1626 2981
0 1627 3926
0 1628 4277 5444
0 1629 4954
0 1630 4061 5420
0 1631 4261
0 1632 2824 3688 4465 4562
0 1633 3043 3623 3624 4767
0 1634 3265 3339 3919 4359 4803
0 1635 2933
0 1636 3636 4602 5143
0 1637 3046 3228 3640 4359 4860
0 1638 5497
0 1639 2843 3257 3765 5274 5463
0 1640 3619 4210 5053
0 1641 5194 5433
0 1642 3701 4693 5022 5547
0 1643 3602
0 1644 2974 4394
0 1645 2997 3214 3903 3927 4466 4560 4868
0 1646 3644 3860
0 1647 3089
0 1648 3361 3479
0 1649 2877 3337 4064 4953 5264
0 1650 3910
0 1651 4371 4529
0 1652 2873 3025 4104 4658
0 1653 3815 3927 4189 4522 4729
0 1654 3008 4124
0 1655 2989 3568 3961 5341
0 1656 3913 4318 4704
0 1657 3185 5579
0 1658 4972 5570
0 1659 4252 4478 4830 5499
0 1660 3226 3489 3754 4162 4658 4700 5315 5332
0 1661 3316
0 1662 2997 4623 4673
0 1663 3203
0 1664 3903 4716
0 1665 3711 4009 4580
0 1666 3422 3989 4592
0 1667 5554
0 1668 2898 4577 4832 5446
0 1669 3428
0 1670 3650 3854 3901 4855
0 1671 3523 4067 4840 5324
0 1672 3283 3888 4274 4631
0 1673 3179
0 1674 3179 3311 3349 3717 4135 5489
0 1675 4571 5077 5480 5548
0 1676 2932 4112 4499 5594
0 1677 3895 4842 5060
0 1678 5192
0 1679 3147 3239 3711 3984 4172 4750
0 1680 3781 5537
0 1681 2972 3223 4401 4413 5009 5233
0 1682 3336 4654 4900 5533
0 1683 3110 3419 3497 3579 4234 4800
0 1684 3659 3970 4326 4738
0 1685 4331 5035 5038
0 1686 4622 4968
0 1687 2835 2928 2965 4967 5182
0 1688 3089 4271 4427 4467
0 1689 3810 4112 4214 5404
0 1690 3725 4063 4679 4784
0 1691 5270
0 1692 2802 2981 4240 5541
0 1693 3169 4232 5218
0 1694 3525 3780 4451 5199
0 1695 2920 5314
0 1696 3965 4373 5132 5191
0 1697 3225 4625 5364 5389
0 1698 3845 4122 4463 5017
0 1699 2909 3380 3691 3981 5402
0 1700 2918 3278 3286 3711 4258 5103
0 1701 2923 5171
0 1702 3779 4264 5181 5328 5525
0 1703 4141 5227 5358 5554
0 1704 4331 5261 5377
0 1705 2837 4206 4784
0 1706 2928
0 1707 3017 3445 5128 5276
0 1708 3546 4502 4611 4867 5126 5383 5388
0 1709 2843 2932 4152 4809 4895
0 1710 3327 3687 4390
0 1711 3842 4242 5307 5358 5562
0 1712 3064 4680
0 1713 3402 3410 3754
0 1714 3590
0 1715 3437 4041 4925 4962
0 1716 3083 4432 5421
0 1717 4023 4039 4428
0 1718 4068 4224 4369 5082 5341
0 1719 4538 4583 4672 5072 5236
0 1720 2929 3756 4512 5210
0 1721 2944 3350 5408
0 1722 3004 3363 4879 5088
0 1723 4023 4282
0 1724 4266
0 1725 4204 4817
0 1726 3133 3859 4131 5534
0 1727 3672 5440
0 1728 3996 4291 4536
0 1729 4957
0 1730 3979 5051
0 1731 3293 3498 4067 4194 4237 4690 4794 5166 5209
0 1732 3818 3872 4557 4807 5363 5395
0 1733 3812 3844 5428
0 1734 2861 4633
0 1735 3476 3682 4562 4594 4731
0 1736 2891 2940 4004 4789 4815 5582
0 1737 3217 3646 4224 4660 4743 4843 5403
0 1738 3931 5371
0 1739 4453 5004
0 1740 2898 3282 4554 4882 5151
0 1741 3122 3209 5013
0 1742 2913 3060 3359 3718 4540 5439
0 1743 3406 3659
0 1744 3080 3408 3482 3634 4126 4297
0 1745 3086 3111 3623 4701 5497
0 1746 3444 3869 5493
0 1747 3200 4793
0 1748 3165 3568 4349 5149
0 1749 3001 3280 3596 3682 4989 5078
0 1750 2909 4322 4902
0 1751 4115 4319
0 1752 3931 5254
0 1753 2873 2979 3144 4053 4843
0 1754 3575 4167 4239 4772
0 1755 3134 3458 3603 4542 5031
0 1756 2823 4136 4383 5433
0 1757 4813 4966
0 1758 3031 3072 3250 4977 5183 5333
0 1759 3009 3573 4181 4214 4340 4519 4578 4607 4903
0 1760 3324 4009 4224 4623 5204
0 1761 4260 5381
0 1762 2909 2984 3534 5369
0 1763 2862 3570 3819 4188 4388 4609 5236
0 1764 4774 4787
0 1765 2843 2959 4235
0 1766 3099 3238 3759 4285 4344 5079
0 1767 3150 3760 4028
0 1768 3423 3836 5194
0 1769 3648 3887 3935 4048 4799 4996 5594
0 1770 2855 3610 3806 4834
0 1771 2833 4022 5240
0 1772 3704 4469
0 1773 3368 3559 5537
0 1774 2996 4269 4527 4664 4912
0 1775 3270 3359 3549 3781
0 1776 3486 3638 4645
0 1777 4195 4550
0 1778 3144 3386 4045 4200 5023
0 1779 2947 3262 3867 3916
0 1780 2921 4320 5179 5507
0 1781 3451 4391 4686 4714 4809
0 1782 4155 4427
0 1783 3306 3730 4006 4180 4387 5401
0 1784 2893 4496
0 1785 5088
0 1786 3151 3171 3523 3667 3782 3925
0 1787 3782 4018 4243 5219
0 1788 3090 3789 5037
0 1789 2827 2942 4397
0 1790 3065 3138 3401 3827 5357
0 1791 3053 3351 3595 3906 4019 4068 4260 4271 4356 4575
0 1792 5002
0 1793 3670 5585
0 1794 3275 4910
0 1795 3834 5486
0 1796 2899 4733 4921
0 1797 3983
0 1798 4641 5302 5376
0 1799 3323 3406 4683 4803
0 1800 3699 5056 5542
0 1801 2842 3583 4223
0 1802 4129 4732 4995 5089
0 1803 4028 4874 4882
0 1804 2915 3219 3561 4975
0 1805 2809 2884 3902
0 1806 4433
0 1807 3258 3321 3516 4245 5376
0 1808 4111 4216
0 1809 2920 3890 4151 4468
0 1810 2849 2947 3915 4285
0 1811 4061
0 1812 3804 3961 4182
0 1813 4716
0 1814 2985 3290 3344 3908 4409 4540 5067
0 1815 2925
0 1816 3409 4110 4756
0 1817 3002 4005 4176 4206 4528
0 1818 2963 3101 4335 4392 5385
0 1819 2875
0 1820 3642 3684 4096 4326 5148
0 1821 3312 3682 3971 4598
0 1822 3654 4491
0 1823 3218 4992 5160
0 1824 5229
0 1825 3024 3788 4544 4814
0 1826 2859 3438 5184
0 1827 3332
0 1828 3784 4049 4478 5368 5532
0 1829 5216
0 1830 3129 4878 5356
0 1831 4378 4505 4879
0 1832 2849 4075 4788 5102
0 1833 3326 3518 4744 5132 5364
0 1834 3411 3795 4626 4878 5240
0 1835 3736
0 1836 5046 5344 5447
0 1837 3899 5034 5400
0 1838 2886 3225 3442 5542
0 1839 2927 3578 5089 5184
0 1840 2938 4540 5229
0 1841 3042 3393 4248 4647 4761 5136
0 1842 2813 3194 3651 4291
0 1843 4376 4444 4661
0 1844 3548 4087 4524 5102 5181 5326
0 1845 3526 3934 5449
0 1846 3684 4463
0 1847 3117 3802 4907
0 1848 3623 4804
0 1849 3070 4316 5348
0 1850 3236 4070
0 1851 5585
0 1852 3497 4049
0 1853 2970 3008 3504 4037 4241
0 1854 2932 4272 4379 4884
0 1855 3177 3271 4590
0 1856 3194 3503 3703 3868 4043 4153 4628
0 1857 3033 3104 5410
0 1858 2821 2848 4351
0 1859 3584 4786
0 1860 3474 4523 4672
0 1861 3324 3687 4234 4727 5207
0 1862 2867 3760 3826 3931 4193
0 1863 2988 3362 3589 4044 4336 5237 5524
0 1864 4655 4810 5251 5566
0 1865 3285 4821 5205
0 1866 3197 3910 3936 4309 4316
0 1867 5576
0 1868 3509 5451
0 1869 4887 5099 5382
0 1870 3520 4607 4613 5093 5113
0 1871 2821 3572 3980 5501 5535
0 1872 5465 5588
0 1873 4128
0 1874 3458 3591 3836 4242
0 1875 3785 4406 4459 4528 5263
0 1876 3323 4583
0 1877 4809 4967 5493
0 1878 3062 3113 3351 3906 4527 4601
0 1879 3391 4222 4225 4677
0 1880 4150 4998
0 1881 3690
0 1882 3207
0 1883 3411 3441 3911 5322
0 1884 4650 5339
0 1885 2819 4965 5012 5032 5221
0 1886 3002 3012 3086 3088 3497 4340 4372 5110
0 1887 3786 4063 4821 4981 5189 5395
0 1888 3208 4548
0 1889 3744 4769 4795
0 1890 3468 4063 5241
0 1891 5205 5489
0 1892 4154 4518
0 1893 3180 3194 3944 4376 4647 4696 4971 5018 5434
0 1894 2880 4749
0 1895 3259 3405
0 1896 3265 4317 4495 5444
0 1897 2852 3307 4610
0 1898 3137 3253 3655 4268 4629 4778
0 1899 4221
0 1900 3700 5012 5559
0 1901 4731 5018 5521
0 1902 4488 4598 4713 4980 5574
0 1903 2858 3944 3973
0 1904 3837 4388 4945 5334 5341
0 1905 2916 5170 5498
0 1906 5372
0 1907 3237 3241 3643 5025 5418
0 1908 3379 3668 4112 4624
0 1909 4019 5017 5220
0 1910 2990 3166 4364 4883 5485
0 1911 2899 4910 5551
0 1912 4241 4447 5593
0 1913 3081
0 1914 3122 4196 5190
0 1915 3358 4126
0 1916 2971 3402 4800
0 1917 4867 5408 5424 5441
0 1918 3002 3171 3681 3767 4020 4365 4561
0 1919 3621 4125 4681 5589 5599
0 1920 2960 3844 3977 4150 4298
0 1921 3642 4406 4953 5395 5585
0 1922 2974 3939 4676
0 1923 3480 4084 5016 5108
0 1924 3222 4773 4928
0 1925 3997 5345
0 1926 2929 3033 3559 3989 4374 4844 5390
0 1927 3438 4052 5206 5498
0 1928 3990
0 1929 4462 4517 4778
0 1930 2888 3070 3466 4406
0 1931 3021 4637
0 1932 2839 3127 3290
0 1933 4025 4254
0 1934 4752
0 1935 5091 5212
0 1936 5283
0 1937 3249 4882 4926 5305
0 1938 3335 3961
0 1939 4505
0 1940 2927 3005 3206 3593 4067
0 1941 2883 4858 4933 4988 5143
0 1942 4249 4840
0 1943 2813 3848 4784 5098 5127 5264
0 1944 2999 4982 5497
0 1945 3053 5427
0 1946 2811 4449
0 1947 2975 3187 3552 4743 5077
0 1948 3711 4788 5025 5102 5275 5347
0 1949 3163 4360 4701 4790 4884
0 1950 2856 3331 4161 4708
0 1951 3433 4353 4992
0 1952 3073 3135
0 1953 3210 3520 3608 3979 4349 4721 5237
0 1954 3980 4875 4973
0 1955 2984
0 1956 2896 3523 3565 3768 4776 5543
0 1957 3040 5232
0 1958 3001
0 1959 4724
0 1960 3276 3472 4362
0 1961 3189 3356 4277 5029 5082
0 1962 4657 4784 5036 5052
0 1963 5593
0 1964 2923 2926 4148 4743 5021 5271
0 1965 3751 3830 3959 4221 4897 4951 5026
0 1966 4201 4410 4527 4617 5417
0 1967 4202 5501 5578
0 1968 3370 4467 5474 5577
0 1969 2922 4045 4659 4735
0 1970 2882 3333 3912 4622
0 1971 3759 4607 5541
0 1972 3681 3793 4379
0 1973 3119
0 1974 4243 4421 4827 5455
0 1975 4683
0 1976 3056 3510 3628 3893 4611 5114 5226
0 1977 2877 3251 3857 4285
0 1978 3130 3719 4024 4709 5227
0 1979 3259 5093 5344 5586
0 1980 3008 3275 3522 3602 5308
0 1981 3843 4327 5557
0 1982 3552 4398
0 1983 2966 3469 3834
0 1984 3260 5158 5171
0 1985 3762
0 1986 3018 3329 3896 4652 5042 5074 5155 5330
0 1987 2930 3698 4557 5474
0 1988 4589
0 1989 3404 3954 4104 5373 5397 5583
0 1990 3004 3496 3736 5400
0 1991 2903 4752
0 1992 4483 4498 4657 5432 5476
0 1993 3278 3336 3650 3780 3880 4990
0 1994 3035 3706 4206
0 1995 3573 4805 5455
0 1996 3309 4764
0 1997 4363 5134 5421
0 1998 4231 4250 4745 4911
0 1999 5108 5494
0 2000 5251
0 2001 2947 3279
0 2002 4897 5008 5341 5422
0 2003 3147
0 2004 3902 4487
0 2005 3228 4828
0 2006 3314 3708 4371 5089
0 2007 4675 5001 5411
0 2008 2906 3088 4375 4686 5538
0 2009 2848 3807 5161 5339
0 2010 4238 4567 5356
0 2011 3440 3622 4955 5293
0 2012 3456 3572 4752 4856 5154
0 2013 3655 4491 4706
0 2014 4552 4593 4732
0 2015 3382 4875 5391
0 2016 3012 3464 4299 5438
0 2017 3479 3934 4387 5011 5261 5467
0 2018 2815 4368 5531
0 2019 3373 3423
0 2020 3812 4976 5076
0 2021 3037 3204 3732
0 2022 3094 3198
0 2023 5003 5554
0 2024 3352 3669 3701 3849 4641 4842
0 2025 3023 3150 3198 4575 4927 5330
0 2026 4480 4692
0 2027 3935 4935 4949 5283
0 2028 4253 4343 4359
0 2029 3779 3952 4055
0 2030 2992 3733 4475 4786 5273
0 2031 3021 3849 4412 5429
0 2032 4161 4937 5152
0 2033 3250 3542 4099 4922 5539
0 2034 3417 3591 3653 4347 5060
0 2035 3455 4722 4786
0 2036 2952 4154 4480 4613 4804 5231
0 2037 2975 3245 3745 4185 4413
0 2038 2886 3368
0 2039 3645 4129
0 2040 2946 3697 4570 4649
0 2041 3271 4894 5466
0 2042 3337 5024
0 2043 2997 3909 4358 4415 5102
0 2044 3576 3896 4804
0 2045 4434
0 2046 3671 4467 4856
0 2047 3159 3392 4742 5285 5415
0 2048 3602 4189 5075 5289
0 2049 5178
0 2050 2918 3200 4437 4462 4988 5107
0 2051 2812 4799
0 2052 3781 4232 5569
0 2053 3617 4836
0 2054 2806 3475 4980 5567
0 2055 2844 4095 5198
0 2056 2963 3232 4280 5297
0 2057 2841 3171 4094 4543 4674 5044
0 2058 3944
0 2059 2923 3436 4361 4385
0 2060 3901
0 2061 3437 3699 4420 4656 4873 5466
0 2062 3071 3228 3475 4272 4527 5474
0 2063 4379 5030 5170
0 2064 2844 3327
0 2065 3743 4274 5030 5284 5527 5529
0 2066 3211 4752
0 2067 3953
0 2068 2944
0 2069 4065 4798 4833 5501
0 2070 4449 4485 4648 5494
0 2071 3978 4932
0 2072 3096 4561
0 2073 3025 4284 4839 4848
0 2074 3407 3821 3913 4254
0 2075 3030 4018 4238
0 2076 4135 5016
0 2077 3076 3255 3849 3860 3924 4741 4754
0 2078 4629 4765 5322
0 2079 2807 3146 3545 4434 4437 5468
0 2080 4573 4783 5216
0 2081 3821 4806 5393
0 2082 3912 4418 4850 4989 5375
0 2083 4414 5425
0 2084 3605 4182
0 2085 3932 4006 4919 5594
0 2086 2952 3693 3772
0 2087 2939 3398 3566
0 2088 3724 4307 5590
0 2089 4292 4540 5349
0 2090 3943 5070 5389
0 2091 3279 3707 3962 4951 5269
0 2092 3028 4496 5593
0 2093 3239 3435 3617 3789 4371 5089 5405
0 2094 2823 2829 2863 3528
0 2095 2903 3401 4478 4967 5331
0 2096 2959 3267 3813 4109 4617
0 2097 4476 5016
0 2098 3417 4707 5168 5199
0 2099 4502 4711 4793 5048 5072
0 2100 3585 3678 3839 4111 4616 5153
0 2101 2845 3122 3814 5178
0 2102 3742
0 2103 3454 4641
0 2104 3516
0 2105 2859 3140 4493 5240
0 2106 2996 3908 4689
0 2107 3655 4185 4456
0 2108 4155 4255 5184
0 2109 4796 5287
0 2110 2822 3452 3898 4560
0 2111 3556 4860 4950 5386 5521
0 2112 3244 3453 4522 5474
0 2113 4062 4264
0 2114 2939 2967 4254 5037 5196 5510
0 2115 2901 4259 4538 5340
0 2116 3222 3330 3452 5095 5431
0 2117 3007 3141 3440 3891 4610 5347 5350
0 2118 3727 4378 5585
0 2119 2849 3081 3771 4274 4709 5425
0 2120 2934 2965
0 2121 3009 3774 4408 5231
0 2122 2811 2838
0 2123 4263 4368 5364
0 2124 2931 3313 3651 3907 4393
0 2125 4252 4286 5425
0 2126 3220 3275 4369 5151 5572
0 2127 3139
0 2128 2833 2874 4178 4322
0 2129 2849 3478 3933 5136
0 2130 3655 5209
0 2131 2837 3488 4534 4978
0 2132 3720 4484 5126
0 2133 2997
0 2134 3424 3762 4760 5150
0 2135 2974 3063 4535 4804
0 2136 3856 5471 5572
0 2137 3069 3543 4712 5168
0 2138 3367
0 2139 4039 4777 5310 5419
0 2140 3042
0 2141 2802 2817 3912 4890 5262
0 2142 3133 3437 5063 5591
0 2143 2990 3198 3789 4105 4205 4403 4591
0 2144 4139 4180 4674 4756 5002 5047
0 2145 3276 3985 4019 5293 5587
0 2146 2828 3227 3393 3409 4816
0 2147 3596
0 2148 3718 4203
0 2149 3583 3752 5581
0 2150 2827 2850 3223 3501 4909 5529 5590
0 2151 2839 3886 3891 4497
0 2152 2977 3653 4709
0 2153 2868 3911 4231 5257 5572
0 2154 3162 4847 5127
0 2155 2863 3290 4362
0 2156 3296 3478 3953 5425
0 2157 2920
0 2158 3558 4808
0 2159 3329 3657 3738 4510 5556
0 2160 4157 5386
0 2161 3186 3670 3720 3762 4951
0 2162 3382 3384 4216 4589 4970 5173
0 2163 3152 3922 5377
0 2164 4797
0 2165 3110 3978 4129
0 2166 3688 4856 5313
0 2167 2898 3207 3526 4280 4608
0 2168 3231 5228 5427
0 2169 3327
0 2170 4672
0 2171 4837 5249
0 2172 2921 2947 4271 4845 5117
0 2173 3019 3482 4041
0 2174 3416 3873 4287
0 2175 3056 5077
0 2176 3102 3919 4635 4956
0 2177 3995 4510 4532 5156
0 2178 3082 3323 4239 4287 4992
0 2179 3635 4196 4671 5389
0 2180 2964 3619 3848 4203 4531 5316
0 2181 2848 3855 4244 5244 5479 5595
0 2182 4605 4777 5093
0 2183 5531
0 2184 3742 4062 5327
0 2185 2828 3187 3935 4214
0 2186 2964 3569 3882 4170 4491 5301
0 2187 3796 5066 5187
0 2188 3645 4789
0 2189 3993 4471 4863 5270
0 2190 2927 4156 4742 5412
0 2191 4493 4567 4843 4849 5261 5359
0 2192 3292 3478 3491 3720 4036 4113 5366
0 2193 3150 4192 5434
0 2194 3365 4954 5305 5516
0 2195 2884 3443 4455
0 2196 3929 5189 5370 5471
0 2197 3041 3542 5407
0 2198 3504 3579 3732 4612
0 2199 3384 4738 4930 5458
0 2200 3354 3380 4192 4426 4625 5258
0 2201 4359
0 2202 2863 3448 3732 3981 5031
0 2203 4740
0 2204 4162 4303 4423 4517 5131
0 2205 4611
0 2206 5172 5367 5390
0 2207 4397
0 2208 3661 5123
0 2209 3287 3550 3954 4047 4566
0 2210 4291 4351 5165 5287 5326
0 2211 3751 3993
0 2212 3422
0 2213 3229 3430 3576 3829 3843 3858 4014 4120 4851 5004
0 2214 2902 3370 4028 5290
0 2215 2806
0 2216 3816 4620 5377
0 2217 2870 2972 3064 3504 5071
0 2218 3673 5496
0 2219 3917 4031 4204 5244
0 2220 4669
0 2221 3777 3958 4628
0 2222 4570
0 2223 3047 3380 4632 4853
0 2224 5478
0 2225 3257 3535 3653 3906 3972 4413
0 2226 2918 4467
0 2227 3349 3750 5499
0 2228 3002 3055 5538
0 2229 3174 4294 5202 5427
0 2230 3932 4004 4431
0 2231 4224 4514 4688 4699
0 2232 5019
0 2233 3339 4303 5258
0 2234 2895 3020 3953 4641
0 2235 3102 3977 4175 4441 4785
0 2236 3883 4765
0 2237 3355 3655 5301
0 2238 3110 3715 3775 4133 4453 4904 4993
0 2239 3557 4880
0 2240 3907 4523
0 2241 3015 3374 3759
0 2242 3740 4702 5428 5494
0 2243 3247 3282 3674 3800 4800
0 2244 3606 3652 4423 4513
0 2245 4593 4733
0 2246 3023 4735 4812
0 2247 2940 2972 4636 4682 5124
0 2248 4123 5170
0 2249 3377 4373 5566
0 2250 3483 3791 4296 4311 5185 5384
0 2251 2832 2954 4541 4766
0 2252 2882 4546 5126 5573
0 2253 4010 5185
0 2254 4203 5280 5342 5425
0 2255 3388 3855 3937 4105 4624 4746 4875
0 2256 3507
0 2257 3552 3878 4183 4433
0 2258 2960 2999 3682 4471
0 2259 3382 4400 4880
0 2260 3222 4650 4685 4866 5167 5437
0 2261 2815 4454 4907
0 2262 3344 3629 5082
0 2263 4168 5142
0 2264 3221 3806 4624 5121 5253
0 2265 2890 3360 3473 4105 4873
0 2266 3004 4245 5173
0 2267 2864 2962 3695 5141
0 2268 3301 4107 4742
0 2269 2983 5009 5082 5591
0 2270 3304 3342 4312
0 2271 3079 4174
0 2272 4610 5081
0 2273 4705 4798
0 2274 3518 3871 5191 5207
0 2275 4645 5104 5217 5327
0 2276 3271
0 2277 3414 3521 3958
0 2278 3037
0 2279 3009 3070 4200 4445
0 2280 3586 4424 4718 5126 5218 5244 5378 5466
0 2281 3401 4699 5042
0 2282 3166 3382 3399 3747 5404 5518
0 2283 3033 3062 3306 3402 4131 5431
0 2284 2847 2949 3868 4117 4224 5429
0 2285 4023 4145
0 2286 3807 4432
0 2287 2901 4679 4774 5388
0 2288 4993
0 2289 3661
0 2290 2927 3140 3170 4585
0 2291 4184 5089
0 2292 2860 3348 3479 3572 3767 4720 4875
0 2293 2960 3335 3351 4288 4891
0 2294 2829 2930 3979 4303 5513 5575
0 2295 2857 3189 3443 4050
0 2296 3934
0 2297 4971 5338
0 2298 4567 4661 4831 5386
0 2299 2893 4892 5588
0 2300 3466 3899
0 2301 2897 3001 3052 3391 3639 4571 4813 5334
0 2302 2867 3775 3990 4115 5000 5516
0 2303 4551 4555
0 2304 3068 3187 3210 3546
0 2305 2823
0 2306 4257 5284
0 2307 3119 3570 3572 3684 3975 4266 4356 5064
0 2308 4046 4305 4642 5199
0 2309 2851 3441 5074 5514
0 2310 3075
0 2311 3107 3518 3584
0 2312 2827 3491 3917 4187 4454 4982 5009
0 2313 3998 5225 5237 5593
0 2314 3090 3196 3562 4045 4220 5439
0 2315 4422
0 2316 3693
0 2317 2816 3333 3335 4125 5110 5112 5213
0 2318 4944
0 2319 3103 3273
0 2320 2900 3432 4661
0 2321 3622 4010 4396 4491 4773
0 2322 3001 3604 3799 5067 5181
0 2323 2842
0 2324 3044 3362 4802 5327
0 2325 3276 4307 5584
0 2326 3609 4214 4451
0 2327 3548 4041 4052 4200 4525 4633 4639 4949
0 2328 3169 4409 4465 5520
0 2329 4616 4776 5199 5360
0 2330 2892 2928 3188 3739 4041 4123 4597 5186
0 2331 2846 4663 5428 5591
0 2332 2853 3368 4686 4738 5317 5391
0 2333 4429 4445 4924 5214
0 2334 4058 4371 4914
0 2335 3981 4416 4969 5451
0 2336 2917 3850
0 2337 3376 3498 3892 4461 4485
0 2338 3460 3478 4184 4266
0 2339 3373 3590 4103 5111 5352
0 2340 3592 4441 4442 4982
0 2341 3799 4710 4967
0 2342 3109 5170
0 2343 3126 3969 5345
0 2344 3409 4048 4442 4541 4851 4987 5003
0 2345 3052 3320 5339 5511
0 2346 2881 3358
0 2347 4175 5035 5102
0 2348 2858 5101
0 2349 4390
0 2350 4599 5362
0 2351 3216 3331 3706 4260 5328
0 2352 2832 3684 4906
0 2353 2968 3330 4362 4658
0 2354 2978 4972 5387 5497
0 2355 3824 3908 4350 5338 5348
0 2356 2928 3498 4586 5392
0 2357 3101 3447
0 2358 3399 4666 4948 5097
0 2359 3511 4622 4852 5491
0 2360 3436 5085 5282
0 2361 3659 3862 4940
0 2362 2860 2945 3534
0 2363 2850 3013 3123 4103 4970
0 2364 4240
0 2365 3057 3293 4111 4717 5462
0 2366 3038 4085 5233
0 2367 3156 4193 4758 5262
0 2368 3774 5304
0 2369 2993 3400 3596 4444
0 2370 3119 3913 3916 4269 4978
0 2371 3647 5123
0 2372 3289 3636
0 2373 5526
0 2374 5020
0 2375 3589 3611 4226 4963 5584
0 2376 3149
0 2377 3004 3511 3576 3930 4131 4285 4585 5266
0 2378 3948 5412
0 2379 3591 5233 5422
0 2380 3127 4210 4373 5301
0 2381 3046 3440 4807 5184 5512
0 2382 3720 3864
0 2383 3057 3170 3213 3294 3430 4343 4384 4638 5257
0 2384 3748 3764
0 2385 3022 4853
0 2386 2980 5134 5547
0 2387 3282 3535 4163 4498
0 2388 3487 4049 4923
0 2389 3595 4137
0 2390 2938 3700 5358 5437
0 2391 4289 5029
0 2392 2904 4446 5120
0 2393 4562 4618 4705 4964 5530
0 2394 3632 4001 4990 5030
0 2395 3310 4764 5204 5577
0 2396 3919 4071 4341 4477 4781 5570 5572
0 2397 3078 3981 4860
0 2398 3291 5450
0 2399 4801 5432
0 2400 3145 5008 5449 5594
0 2401 3551 3744 4613
0 2402 4516 5546
0 2403 4001 4082 4482 4886
0 2404 4929
0 2405 3868 3983
0 2406 3578 3589 3816 4072 4300 4323 5030
0 2407 2835 3243 4178 4218 4833 5208
0 2408 2874 3158 5196
0 2409 3085 4535 5164 5222
0 2410 5533
0 2411 5208 5464
0 2412 5284 5586
0 2413 5257
0 2414 3746 3930 4357 4857 5110
0 2415 3536 4718
0 2416 3646 3653 3716
0 2417 3533 4001 5286 5381
0 2418 3054 4265 4495 4957
0 2419 3933 3997 5119 5583
0 2420 3680 5063
0 2421 2892 4130 4449 5467
0 2422 3116 3625 3663 3788 4024 4152 4957
0 2423 4150 4155
0 2424 3103 4062 4404 4643
0 2425 3057 3973 5114 5360
0 2426 3281 3557 5001
0 2427 2975 3309 4408 4646 5008 5258
0 2428 3181 3275 3998 4464
0 2429 3888 4174 4827
0 2430 3736 4225 4828 4937 5059
0 2431 2998 3902 4130 4284 4354 5177
0 2432 2889 5528
0 2433 3168 3870 3913
0 2434 3309
0 2435 3341 3541 3821 4234 5073
0 2436 3275
0 2437 3318 3641 4407 4496 4762 5202
0 2438 2931 3046 3969 4033 5544
0 2439 3292 3358 3916 4151 5392
0 2440 3607 3643 4886 5332
0 2441 4027 4251
0 2442 4166 5160
0 2443 3141 4139 4668 5110
0 2444 3031 3172 3494 3777 5144
0 2445 3625
0 2446 3621 4649 5497
0 2447 2881 3308 3993 4204 5281
0 2448 4994
0 2449 3762 4187
0 2450 3826 4302 4866 5292
0 2451 3931 4740 5379
0 2452 3863
0 2453 3150 3670 3820 4083
0 2454 4816
0 2455 3229 4301 4496 5526
0 2456 4541 5110 5240
0 2457 5464
0 2458 3296 4553 5109 5538
0 2459 3058 3089 3242 3576
0 2460 4935
0 2461 3202 3580 4749 4801 5317 5463
0 2462 3492 3568 4495 4581 4730
0 2463 3572 4660 4981
0 2464 3164 3659 3680 3718 4282 4449
0 2465 3494 3846 4204 5490
0 2466 3122 3205 3647 4724 5099 5272 5300
0 2467 3465 4517 4576 5270
0 2468 3596 4231 4907
0 2469 4576 4591 4610 4699 5093
0 2470 2803 2849 5342
0 2471 3273 3951 5080 5453
0 2472 4367 4595
0 2473 2845 3312 4242 4291 4360 5119 5267 5317 5414
0 2474 2837 3690 4992
0 2475 5194
0 2476 3249 3760 4359 4773
0 2477 3506 3540 3622
0 2478 4676 4757
0 2479 3256 3281 4186 5385
0 2480 2923 3415 3724 4887 5009
0 2481 3325 3824 4138 4402 4978 5032 5165 5205 5233
0 2482 3736 4594
0 2483 3140 3278 4296 4374 4491 4852 5394
0 2484 2969 4220
0 2485 4083 4166
0 2486 2961 3517 4162 4188 4876 4922 5015 5328
0 2487 2886 3584 4651 5344 5346
0 2488 2957 3154 4614
0 2489 2960 3211 4389 4473 5003 5433
0 2490 3358 3815 4831 5053 5201 5335
0 2491 2805 2820 4421 4724
0 2492 2923 4252 4278 4617
0 2493 4085 4183 5426
0 2494 2978 3469 3933 4511
0 2495 2971 3001 3213 4318 4438 4732
0 2496 3040 3620 4286
0 2497 3212 4443 4454
0 2498 3245 3757 4586 4858
0 2499 4471 4708 5073
0 2500 2874 2892 3150 3522 3865 4958 5350 5571
0 2501 3688 3811 4704
0 2502 3365 4560 5397
0 2503 2846 4551 4974
0 2504 3397 3863 4512 4833
0 2505 4791
0 2506 3813 4701 4869
0 2507 3993 4187 4672 4718 4720 5477
0 2508 3319 3770 5385 5464
0 2509 2909 2916 3765 3823 5038
0 2510 2919 3122 3431 3433 3598 4447 5142
0 2511 3681 4296 4321 4864 5247
0 2512 3432 3944 5430
0 2513 3276 4153 4823 5125
0 2514 3140
0 2515 2938 3038
0 2516 3426 4155 4294 4326 5400
0 2517 2830 3165 5407
0 2518 2840 3779 4019 4633 4677
0 2519 3205 3770
0 2520 2909 3654 4110 5183 5582
0 2521 3724 4599 4936 5275
0 2522 3158 3170 3960 4481 5394
0 2523 2865 2935 2961 2986 2993 3575
0 2524 2983 3581 5436
0 2525 3694
0 2526 3129 3373 3699 3815 3948 4623
0 2527 3141 3321 3561 4006
0 2528 3355 4241 4515
0 2529 3361 4490 4817 4888 5077
0 2530 2847 3770 3815
0 2531 4806
0 2532 4189 5209
0 2533 4303 4884
0 2534 3136 3274 3695 4321 4456 4807
0 2535 5518
0 2536 3074 4125 5283 5512
0 2537 3424 3442
0 2538 3051
0 2539 3422 3905 4002 4821 5071 5379
0 2540 2965 3107 4064 4160 4334 5057
0 2541 3088 4735 5072 5392
0 2542 3274 3834 4404 5035 5158
0 2543 3151 4211
0 2544 3092 3499 4686 4733 4867 4929 5313
0 2545 3828 4209 4229 4943
0 2546 3070 4421 5304
0 2547 3740 3980 4087 4238 4433 4639 5143 5332
0 2548 3036 4565 4642 5253 5257 5590
0 2549 2992 3504 3506 3678 4498
0 2550 3117 3230 3476 3755 4167 4642
0 2551 3767 4127 4568
0 2552 3517 5491 5578
0 2553 2962 4703 5144
0 2554 2921 3677 4276 5151 5165
0 2555 3927 4333 4375 4837
0 2556 3418 4731 5280 5512
0 2557 3213 3562 4161 4418 5013
0 2558 2826 3196 3901 5025
0 2559 2994 4387 4417 5294
0 2560 3388 3842 4705 4807 4961
0 2561 4320 4522 5157 5351
0 2562 2982 3510 4197 5009
0 2563 3341 3369 4027 4456 4932 4969
0 2564 3949 4198 4380 5312
0 2565 2868 3863 3986 4056 4934 5011 5254
0 2566 2864 3316 4100 4804
0 2567 2861
0 2568 3299 3317 3885 4045 4105
0 2569 4017 4466 4755 4887
0 2570 5441
0 2571 2801 4847
0 2572 3066 3264 3706 4389 5347
0 2573 4634
0 2574 3226 5306 5568
0 2575 3709 3824 4623 5039
0 2576 3431 3564 4559
0 2577 3049 3200 3851 4933
0 2578 3739 4414 4696
0 2579 3343 4462 5017 5388
0 2580 3299 3394
0 2581 4330 4829
0 2582 5347
0 2583 3015 3043 4698 5418
0 2584 4081 4244
0 2585 2976 3432 3691 5299
0 2586 3497 4061 4289 4597 4828 5592
0 2587 3292 3687 4021 4483 4802 4939
0 2588 3063 3277 3311 4212 4475 4583 4592 4812 4988
0 2589 3193 5019
0 2590 2992 3654 3838
0 2591 2928 3293 3476 3512 3662 5149 5482
0 2592 3540 3913
0 2593 3693
0 2594 3257 3742
0 2595 2983 3287 3939 4109
0 2596 4487
0 2597 3876 3886 3966
0 2598 2932 4993
0 2599 2834 3188 3208 3886 3968 4695 5460
0 2600 3172 3851 3927 5006
0 2601 5272 5483
0 2602 3119 3948 4064
0 2603 3090 3675 3928 3945 4159 4663
0 2604 4852 5107 5159 5222
0 2605 3032 3526 4833 5173 5250 5336
0 2606 3613 4619 4933 5034
0 2607 4338 4435 4862 5268
0 2608 3339 4839 5308
0 2609 3365 3489 4122 4499 5567
0 2610 3147 3357 3980 4116 4228 4557 5075
0 2611 3080 3309 3789 4278 4317 5472 5476
0 2612 4666
0 2613 2954 3176 3886 4244 4255 5249 5586
0 2614 3559 3699 4091 4702
0 2615 4136
0 2616 3429 4041 4522
0 2617 3170 3457
0 2618 3059 3797 4872 5221
0 2619 3180 3539
0 2620 3874 4067 4650 4823
0 2621 2825 3510 4595
0 2622 2910 2932 5063
0 2623 4315 4489 5519
0 2624 2825 3926 4886
0 2625 2968 3550 3608
0 2626 2908 5256
0 2627 3378
0 2628 2836 3163 3186 4718 4998 5287
0 2629 3143
0 2630 3453 4580 5298
0 2631 3409 3586 3853 4105 4128 4203
0 2632 3737 3866 4524
0 2633 3131 4221 4905
0 2634 4049 4362 5147
0 2635 3163 4933
0 2636 3077 3195 3321 3690 4295 5270 5418
0 2637 4696
0 2638 3533 3917 4630
0 2639 4780 4855 5064 5219
0 2640 5383
0 2641 3010 3080 3477 4188 4717 4763
0 2642 3009 4852 4966 5225 5230 5569
0 2643 2888 3168 3194 3573 4636 4775 5108 5278 5589
0 2644 2917 3628 4206
0 2645 3409 3536 4126 4461 5479
0 2646 3099 3451 3702 4219 4792
0 2647 3422 4713 4963
0 2648 3222 4444 4761
0 2649 3015 4605 5202
0 2650 3086 3818 4269 4797
0 2651 3555 4617 5028
0 2652 3439 4288
0 2653 3878 5232
0 2654 2906 3586 4670 4894 5142 5518
0 2655 4250 4921 5408
0 2656 3439 3627
0 2657 2805 3879 4308 4869 4942 5047 5130
0 2658 2991 3991 4551 4696
0 2659 3425
0 2660 4141 4461 5362
0 2661 2812 2973 3480 3686 4648 4883 5502
0 2662 3351 3680 4278 5227
0 2663 3215 3260 3350 4298 4802 4957 5339 5451
0 2664 4690
0 2665 3300
0 2666 4959
0 2667 3215 3786
0 2668 5280
0 2669 2908 3633 4983
0 2670 3875 4209
0 2671 4157 4654
0 2672 2813
0 2673 3192 3630 3639
0 2674 3722 3764
0 2675 2813 2852 3079 3613 4397 4935 5324 5336
0 2676 3698 4065 4374 4721
0 2677 2829 3043 4586 5226
0 2678 3242 3335 4228 5236 5305 5503
0 2679 3383 4035
0 2680 4719 5010 5254 5335 5551
0 2681 3011 3121 3172 3412 4175 4244 5413
0 2682 3319 3731 4519 4714 5209 5412
0 2683 3017 3494 3619 3806 5138 5593
0 2684 5148
0 2685 3117 4029 5192
0 2686 4732 5056
0 2687 4985 4988 4995 5257
0 2688 2949 4625 4853 4971
0 2689 3828 4239 4324
0 2690 2932 4496
0 2691 3412 3734 4206 4305 4554 5098
0 2692 3029 4127 4563 4610 5154
0 2693 4347 5323
0 2694 3014 4156 4262 4631 4917
0 2695 3477 4234 4968
0 2696 3221 3354 5081 5201 5463
0 2697 3297
0 2698 3082 4229 5434
0 2699 4879
0 2700 3219 4222 5243 5569
0 2701 3012 3156 3602 4664 4826 4912
0 2702 3056 3990 4656
0 2703 3963 4693
0 2704 3301 4071 4343 4508 5154 5306 5550
0 2705 3257 4861 4910
0 2706 2849 3720 4659
0 2707 3294 4132 5140
0 2708 2975 3968 5132
0 2709 4075 4123 5550
0 2710 2833 3593 3741 3996 4612 5009 5057
0 2711 3204 3831 3995 5459
0 2712 3053 4554 5021
0 2713 3088 3846 4140 4657 4895 5049
0 2714 3860 5059 5269
0 2715 3073 4778
0 2716 2807 2832 3174 4474 4612
0 2717 3708
0 2718 4435 4483
0 2719 3433 4307 4618 5090
0 2720 3054 3447 3486 4204 4506 5441
0 2721 3160 3171 3370 4795
0 2722 4022 4075 4191 5221 5384 5530
0 2723 3201 3384 3574
0 2724 2833 4860 5250 5282
0 2725 3208 3695 3718 4842 5436
0 2726 3200 3342 3874 4537 4919
0 2727 4271 5260
0 2728 2885 2977 2993 3510 3869
0 2729 2814
0 2730 3768 3785 4280 4474
0 2731 2900 3815 4139 4751 5279 5453
0 2732 3103 4132 4344 4514
0 2733 4962 5064
0 2734 2810 2813 3144 4087 4953 5248
0 2735 3042 3959 4256
0 2736 3015 3453 3561 4200 4519 5045 5578
0 2737 3656 5198 5498
0 2738 4346 5429
0 2739 3068 3198 3423 4173 5244 5480
0 2740 2947 3443
0 2741 4641 5236
0 2742 2955 3877
0 2743 3347 4250 4427 4511 4747
0 2744 4852 5122 5320
0 2745 3641 3851 5105
0 2746 2913 3478 4064 4447 4999
0 2747 4289
0 2748 3096 4226 5465
0 2749 2915 3941 4017 4268 4280 5244
0 2750 3822 4455 5258
0 2751 3338 3371 3821 5525
0 2752 5114
0 2753 3256 3901 4591
0 2754 3205 3300 4421 4714
0 2755 3668 4548 4819
0 2756 3131 3718 3821 3934
0 2757 3122 3601 4258
0 2758 3026 4014 4312 4607 5227
0 2759 3205 4261 4643 4915
0 2760 2906 4000 5219
0 2761 3513 3577 4483 4502
0 2762 3584 4049 4684 5033 5074 5119 5199
0 2763 3938 4280 4305 4389 4578
0 2764 3106 3810 3912 4743
0 2765 3324 3458 4399 4559
0 2766 3262 3331 4697 5290
0 2767 3650 4334 5201 5403
0 2768 3158 3336 3404 3411 3788 4808
0 2769 2989 3475 4488 5009 5112 5305
0 2770 4070 4540 5275 5374 5437
0 2771 3430
0 2772 4295
0 2773 2862 4544 4866 5310
0 2774 3265 3294 3654 4665
0 2775 3016 3134 3850 3935
0 2776 3256 4321
0 2777 2833 3045 3831 5065
0 2778 3192 3787 4043 4315 5128 5241 5544
0 2779 3458 4577 5014 5111 5542
0 2780 2910 2914 4230 4708
0 2781 3129 3664 4073 4368 4434 5019
0 2782 5411 5414 5469
0 2783 3646 3973 5207 5462
0 2784 2821 3243 3854 4685 4701 5113
0 2785 3691 3830 4464 4683 5415
0 2786 2805 4529
0 2787 4829 5183
0 2788 2880 2954 3037 3112 3636 5066 5441
0 2789 3581 5344
0 2790 2941 5267
0 2791 3419 3536 3785 4150
0 2792 4006 4306
0 2793 3735 4169
0 2794 3385 4343 4595
0 2795 3824 4286 4823 5346
0 2796 2987 3222 4914
0 2797 2947 4123 4808 5169 5190
0 2798 3000 4966
0 2799 4011 4512 5002 5101
1 0
1 1
1 2
1 3
1 4
0 2805
0 2806
0 2807
0 2808
0 2809
0 2810
0 2811
0 2812
0 2813
0 2814
0 2815
0 2816
0 2817
0 2818
0 2819
0 2820
0 2821
0 2822
0 2823
0 2824
0 2825
0 2826
0 2827
0 2828
0 2829
0 2830
0 2831
0 2832
0 2833
0 2834
0 2835
0 2836
0 2837
0 2838
0 2839
0 2840
0 2841
0 2842
0 2843
0 2844
0 2845
0 2846
0 2847
0 2848
0 2849
0 2850
0 2851
0 2852
0 2853
0 2854
0 2855
0 2856
0 2857
0 2858
0 2859
0 2860
0 2861
0 2862
0 2863
0 2864
0 2865
0 2866
0 2867
0 2868
0 2869
0 2870
0 2871
0 2872
0 2873
0 2874
0 2875
0 2876
0 2877
0 2878
0 2879
0 2880
0 2881
0 2882
0 2883
0 2884
0 2885
0 2886
0 2887
0 2888
0 2889
0 2890
0 2891
0 2892
0 2893
0 2894
0 2895
0 2896
0 2897
0 2898
0 2899
0 2900
0 2901
0 2902
0 2903
0 2904
0 2905
0 2906
0 2907
0 2908
0 2909
0 2910
0 2911
0 2912
0 2913
0 2914
0 2915
0 2916
0 2917
0 2918
0 2919
0 2920
0 2921
0 2922
0 2923
0 2924
0 2925
0 2926
0 2927
0 2928
0 2929
0 2930
0 2931
0 2932
0 2933
0 2934
0 2935
0 2936
0 2937
0 2938
0 2939
0 2940
0 2941
0 2942
0 2943
0 2944
0 2945
0 2946
0 2947
0 2948
0 2949
0 2950
0 2951
0 2952
0 2953
0 2954
0 2955
0 2956
0 2957
0 2958
0 2959
0 2960
0 2961
0 2962
0 2963
0 2964
0 2965
0 2966
0 2967
0 2968
0 2969
0 2970
0 2971
0 2972
0 2973
0 2974
0 2975
0 2976
0 2977
0 2978
0 2979
0 2980
0 2981
0 2982
0 2983
0 2984
0 2985
0 2986
0 2987
0 2988
0 2989
0 2990
0 2991
0 2992
0 2993
0 2994
0 2995
0 2996
0 2997
0 2998
0 2999
0 3000
0 3001
0 3002
0 3003
0 3004
0 3005
0 3006
0 3007
0 3008
0 3009
0 3010
0 3011
0 3012
0 3013
0 3014
0 3015
0 3016
0 3017
0 3018
0 3019
0 3020
0 3021
0 3022
0 3023
0 3024
0 3025
0 3026
0 3027
0 3028
0 3029
0 3030
0 3031
0 3032
0 3033
0 3034
0 3035
0 3036
0 3037
0 3038
0 3039
0 3040
0 3041
0 3042
0 3043
0 3044
0 3045
0 3046
0 3047
0 3048
0 3049
0 3050
0 3051
0 3052
0 3053
0 3054
0 3055
0 3056
0 3057
0 3058
0 3059
0 3060
0 3061
0 3062
0 3063
0 3064
0 3065
0 3066
0 3067
0 3068
0 3069
0 3070
0 3071
0 3072
0 3073
0 3074
0 3075
0 3076
0 3077
0 3078
0 3079
0 3080
0 3081
0 3082
0 3083
0 3084
0 3085
0 3086
0 3087
0 3088
0 3089
0 3090
0 3091
0 3092
0 3093
0 3094
0 3095
0 3096
0 3097
0 3098
0 3099
0 3100
0 3101
0 3102
0 3103
0 3104
0 3105
0 3106
0 3107
0 3108
0 3109
0 3110
0 3111
0 3112
0 3113
0 3114
0 3115
0 3116
0 3117
0 3118
0 3119
0 3120
0 3121
0 3122
0 3123
0 3124
0 3125
0 3126
0 3127
0 3128
0 3129
0 3130
0 3131
0 3132
0 3133
0 3134
0 3135
0 3136
0 3137
0 3138
0 3139
0 3140
0 3141
0 3142
0 3143
0 3144
0 3145
0 3146
0 3147
0 3148
0 3149
0 3150
0 3151
0 3152
0 3153
0 3154
0 3155
0 3156
0 3157
0 3158
0 3159
0 3160
0 3161
0 3162
0 3163
0 3164
0 3165
0 3166
0 3167
0 3168
0 3169
0 3170
0 3171
0 3172
0 3173
0 3174
0 3175
0 3176
0 3177
0 3178
0 3179
0 3180
0 3181
0 3182
0 3183
0 3184
0 3185
0 3186
0 3187
0 3188
0 3189
0 3190
0 3191
0 3192
0 3193
0 3194
0 3195
0 3196
0 3197
0 3198
0 3199
0 3200
0 3201
0 3202
0 3203
0 3204
0 3205
0 3206
0 3207
0 3208
0 3209
0 3210
0 3211
0 3212
0 3213
0 3214
0 3215
0 3216
0 3217
0 3218
0 3219
0 3220
0 3221
0 3222
0 3223
0 3224
0 3225
0 3226
0 3227
0 3228
0 3229
0 3230
0 3231
0 3232
0 3233
0 3234
0 3235
0 3236
0 3237
0 3238
0 3239
0 3240
0 3241
0 3242
0 3243
0 3244
0 3245
0 3246
0 3247
0 3248
0 3249
0 3250
0 3251
0 3252
0 3253
0 3254
0 3255
0 3256
0 3257
0 3258
0 3259
0 3260
0 3261
0 3262
0 3263
0 3264
0 3265
0 3266
0 3267
0 3268
0 3269
0 3270
0 3271
0 3272
0 3273
0 3274
0 3275
0 3276
0 3277
0 3278
0 3279
0 3280
0 3281
0 3282
0 3283
0 3284
0 3285
0 3286
0 3287
0 3288
0 3289
0 3290
0 3291
0 3292
0 3293
0 3294
0 3295
0 3296
0 3297
0 3298
0 3299
0 3300
0 3301
0 3302
0 3303
0 3304
0 3305
0 3306
0 3307
0 3308
0 3309
0 3310
0 3311
0 3312
0 3313
0 3314
0 3315
0 3316
0 3317
0 3318
0 3319
0 3320
0 3321
0 3322
0 3323
0 3324
0 3325
0 3326
0 3327
0 3328
0 3329
0 3330
0 3331
0 3332
0 3333
0 3334
0 3335
0 3336
0 3337
0 3338
0 3339
0 3340
0 3341
0 3342
0 3343
0 3344
0 3345
0 3346
0 3347
0 3348
0 3349
0 3350
0 3351
0 3352
0 3353
0 3354
0 3355
0 3356
0 3357
0 3358
0 3359
0 3360
0 3361
0 3362
0 3363
0 3364
0 3365
0 3366
0 3367
0 3368
0 3369
0 3370
0 3371
0 3372
0 3373
0 3374
0 3375
0 3376
0 3377
0 3378
0 3379
0 3380
0 3381
0 3382
0 3383
0 3384
0 3385
0 3386
0 3387
0 3388
0 3389
0 3390
0 3391
0 3392
0 3393
0 3394
0 3395
0 3396
0 3397
0 3398
0 3399
0 3400
0 3401
0 3402
0 3403
0 3404
0 3405
0 3406
0 3407
0 3408
0 3409
0 3410
0 3411
0 3412
0 3413
0 3414
0 3415
0 3416
0 3417
0 3418
0 3419
0 3420
0 3421
0 3422
0 3423
0 3424
0 3425
0 3426
0 3427
0 3428
0 3429
0 3430
0 3431
0 3432
0 3433
0 3434
0 3435
0 3436
0 3437
0 3438
0 3439
0 3440
0 3441
0 3442
0 3443
0 3444
0 3445
0 3446
0 3447
0 3448
0 3449
0 3450
0 3451
0 3452
0 3453
0 3454
0 3455
0 3456
0 3457
0 3458
0 3459
0 3460
0 3461
0 3462
0 3463
0 3464
0 3465
0 3466
0 3467
0 3468
0 3469
0 3470
0 3471
0 3472
0 3473
0 3474
0 3475
0 3476
0 3477
0 3478
0 3479
0 3480
0 3481
0 3482
0 3483
0 3484
0 3485
0 3486
0 3487
0 3488
0 3489
0 3490
0 3491
0 3492
0 3493
0 3494
0 3495
0 3496
0 3497
0 3498
0 3499
0 3500
0 3501
0 3502
0 3503
0 3504
0 3505
0 3506
0 3507
0 3508
0 3509
0 3510
0 3511
0 3512
0 3513
0 3514
0 3515
0 3516
0 3517
0 3518
0 3519
0 3520
0 3521
0 3522
0 3523
0 3524
0 3525
0 3526
0 3527
0 3528
0 3529
0 3530
0 3531
0 3532
0 3533
0 3534
0 3535
0 3536
0 3537
0 3538
0 3539
0 3540
0 3541
0 3542
0 3543
0 3544
0 3545
0 3546
0 3547
0 3548
0 3549
0 3550
0 3551
0 3552
0 3553
0 3554
0 3555
0 3556
0 3557
0 3558
0 3559
0 3560
0 3561
0 3562
0 3563
0 3564
0 3565
0 3566
0 3567
0 3568
0 3569
0 3570
0 3571
0 3572
0 3573
0 3574
0 3575
0 3576
0 3577
0 3578
0 3579
0 3580
0 3581
0 3582
0 3583
0 3584
0 3585
0 3586
0 3587
0 3588
0 3589
0 3590
0 3591
0 3592
0 3593
0 3594
0 3595
0 3596
0 3597
0 3598
0 3599
0 3600
0 3601
0 3602
0 3603
0 3604
0 3605
0 3606
0 3607
0 3608
0 3609
0 3610
0 3611
0 3612
0 3613
0 3614
0 3615
0 3616
0 3617
0 3618
0 3619
0 3620
0 3621
0 3622
0 3623
0 3624
0 3625
0 3626
0 3627
0 3628
0 3629
0 3630
0 3631
0 3632
0 3633
0 3634
0 3635
0 3636
0 3637
0 3638
0 3639
0 3640
0 3641
0 3642
0 3643
0 3644
0 3645
0 3646
0 3647
0 3648
0 3649
0 3650
0 3651
0 3652
0 3653
0 3654
0 3655
0 3656
0 3657
0 3658
0 3659
0 3660
0 3661
0 3662
0 3663
0 3664
0 3665
0 3666
0 3667
0 3668
0 3669
0 3670
0 3671
0 3672
0 3673
0 3674
0 3675
0 3676
0 3677
0 3678
0 3679
0 3680
0 3681
0 3682
0 3683
0 3684
0 3685
0 3686
0 3687
0 3688
0 3689
0 3690
0 3691
0 3692
0 3693
0 3694
0 3695
0 3696
0 3697
0 3698
0 3699
0 3700
0 3701
0 3702
0 3703
0 3704
0 3705
0 3706
0 3707
0 3708
0 3709
0 3710
0 3711
0 3712
0 3713
0 3714
0 3715
0 3716
0 3717
0 3718
0 3719
0 3720
0 3721
0 3722
0 3723
0 3724
0 3725
0 3726
0 3727
0 3728
0 3729
0 3730
0 3731
0 3732
0 3733
0 3734
0 3735
0 3736
0 3737
0 3738
0 3739
0 3740
0 3741
0 3742
0 3743
0 3744
0 3745
0 3746
0 3747
0 3748
0 3749
0 3750
0 3751
0 3752
0 3753
0 3754
0 3755
0 3756
0 3757
0 3758
0 3759
0 3760
0 3761
0 3762
0 3763
0 3764
0 3765
0 3766
0 3767
0 3768
0 3769
0 3770
0 3771
0 3772
0 3773
0 3774
0 3775
0 3776
0 3777
0 3778
0 3779
0 3780
0 3781
0 3782
0 3783
0 3784
0 3785
0 3786
0 3787
0 3788
0 3789
0 3790
0 3791
0 3792
0 3793
0 3794
0 3795
0 3796
0 3797
0 3798
0 3799
0 3800
0 3801
0 3802
0 3803
0 3804
0 3805
0 3806
0 3807
0 3808
0 3809
0 3810
0 3811
0 3812
0 3813
0 3814
0 3815
0 3816
0 3817
0 3818
0 3819
0 3820
0 3821
0 3822
0 3823
0 3824
0 3825
0 3826
0 3827
0 3828
0 3829
0 3830
0 3831
0 3832
0 3833
0 3834
0 3835
0 3836
0 3837
0 3838
0 3839
0 3840
0 3841
0 3842
0 3843
0 3844
0 3845
0 3846
0 3847
0 3848
0 3849
0 3850
0 3851
0 3852
0 3853
0 3854
0 3855
0 3856
0 3857
0 3858
0 3859
0 3860
0 3861
0 3862
0 3863
0 3864
0 3865
0 3866
0 3867
0 3868
0 3869
0 3870
0 3871
0 3872
0 3873
0 3874
0 3875
0 3876
0 3877
0 3878
0 3879
0 3880
0 3881
0 3882
0 3883
0 3884
0 3885
0 3886
0 3887
0 3888
0 3889
0 3890
0 3891
0 3892
0 3893
0 3894
0 3895
0 3896
0 3897
0 3898
0 3899
0 3900
0 3901
0 3902
0 3903
0 3904
0 3905
0 3906
0 3907
0 3908
0 3909
0 3910
0 3911
0 3912
0 3913
0 3914
0 3915
0 3916
0 3917
0 3918
0 3919
0 3920
0 3921
0 3922
0 3923
0 3924
0 3925
0 3926
0 3927
0 3928
0 3929
0 3930
0 3931
0 3932
0 3933
0 3934
0 3935
0 3936
0 3937
0 3938
0 3939
0 3940
0 3941
0 3942
0 3943
0 3944
0 3945
0 3946
0 3947
0 3948
0 3949
0 3950
0 3951
0 3952
0 3953
0 3954
0 3955
0 3956
0 3957
0 3958
0 3959
0 3960
0 3961
0 3962
0 3963
0 3964
0 3965
0 3966
0 3967
0 3968
0 3969
0 3970
0 3971
0 3972
0 3973
0 3974
0 3975
0 3976
0 3977
0 3978
0 3979
0 3980
0 3981
0 3982
0 3983
0 3984
0 3985
0 3986
0 3987
0 3988
0 3989
0 3990
0 3991
0 3992
0 3993
0 3994
0 3995
0 3996
0 3997
0 3998
0 3999
0 4000
0 4001
0 4002
0 4003
0 4004
0 4005
0 4006
0 4007
0 4008
0 4009
0 4010
0 4011
0 4012
0 4013
0 4014
0 4015
0 4016
0 4017
0 4018
0 4019
0 4020
0 4021
0 4022
0 4023
0 4024
0 4025
0 4026
0 4027
0 4028
0 4029
0 4030
0 4031
0 4032
0 4033
0 4034
0 4035
0 4036
0 4037
0 4038
0 4039
0 4040
0 4041
0 4042
0 4043
0 4044
0 4045
0 4046
0 4047
0 4048
0 4049
0 4050
0 4051
0 4052
0 4053
0 4054
0 4055
0 4056
0 4057
0 4058
0 4059
0 4060
0 4061
0 4062
0 4063
0 4064
0 4065
0 4066
0 4067
0 4068
0 4069
0 4070
0 4071
0 4072
0 4073
0 4074
0 4075
0 4076
0 4077
0 4078
0 4079
0 4080
0 4081
0 4082
0 4083
0 4084
0 4085
0 4086
0 4087
0 4088
0 4089
0 4090
0 4091
0 4092
0 4093
0 4094
0 4095
0 4096
0 4097
0 4098
0 4099
0 4100
0 4101
0 4102
0 4103
0 4104
0 4105
0 4106
0 4107
0 4108
0 4109
0 4110
0 4111
0 4112
0 4113
0 4114
0 4115
0 4116
0 4117
0 4118
0 4119
0 4120
0 4121
0 4122
0 4123
0 4124
0 4125
0 4126
0 4127
0 4128
0 4129
0 4130
0 4131
0 4132
0 4133
0 4134
0 4135
0 4136
0 4137
0 4138
0 4139
0 4140
0 4141
0 4142
0 4143
0 4144
0 4145
0 4146
0 4147
0 4148
0 4149
0 4150
0 4151
0 4152
0 4153
0 4154
0 4155
0 4156
0 4157
0 4158
0 4159
0 4160
0 4161
0 4162
0 4163
0 4164
0 4165
0 4166
0 4167
0 4168
0 4169
0 4170
0 4171
0 4172
0 4173
0 4174
0 4175
0 4176
0 4177
0 4178
0 4179
0 4180
0 4181
0 4182
0 4183
0 4184
0 4185
0 4186
0 4187
0 4188
0 4189
0 4190
0 4191
0 4192
0 4193
0 4194
0 4195
0 4196
0 4197
0 4198
0 4199
0 4200
0 4201
0 4202
0 4203
0 4204
0 4205
0 4206
0 4207
0 4208
0 4209
0 4210
0 4211
0 4212
0 4213
0 4214
0 4215
0 4216
0 4217
0 4218
0 4219
0 4220
0 4221
0 4222
0 4223
0 4224
0 4225
0 4226
0 4227
0 4228
0 4229
0 4230
0 4231
0 4232
0 4233
0 4234
0 4235
0 4236
0 4237
0 4238
0 4239
0 4240
0 4241
0 4242
0 4243
0 4244
0 4245
0 4246
0 4247
0 4248
0 4249
0 4250
0 4251
0 4252
0 4253
0 4254
0 4255
0 4256
0 4257
0 4258
0 4259
0 4260
0 4261
0 4262
0 4263
0 4264
0 4265
0 4266
0 4267
0 4268
0 4269
0 4270
0 4271
0 4272
0 4273
0 4274
0 4275
0 4276
0 4277
0 4278
0 4279
0 4280
0 4281
0 4282
0 4283
0 4284
0 4285
0 4286
0 4287
0 4288
0 4289
0 4290
0 4291
0 4292
0 4293
0 4294
0 4295
0 4296
0 4297
0 4298
0 4299
0 4300
0 4301
0 4302
0 4303
0 4304
0 4305
0 4306
0 4307
0 4308
0 4309
0 4310
0 4311
0 4312
0 4313
0 4314
0 4315
0 4316
0 4317
0 4318
0 4319
0 4320
0 4321
0 4322
0 4323
0 4324
0 4325
0 4326
0 4327
0 4328
0 4329
0 4330
0 4331
0 4332
0 4333
0 4334
0 4335
0 4336
0 4337
0 4338
0 4339
0 4340
0 4341
0 4342
0 4343
0 4344
0 4345
0 4346
0 4347
0 4348
0 4349
0 4350
0 4351
0 4352
0 4353
0 4354
0 4355
0 4356
0 4357
0 4358
0 4359
0 4360
0 4361
0 4362
0 4363
0 4364
0 4365
0 4366
0 4367
0 4368
0 4369
0 4370
0 4371
0 4372
0 4373
0 4374
0 4375
0 4376
0 4377
0 4378
0 4379
0 4380
0 4381
0 4382
0 4383
0 4384
0 4385
0 4386
0 4387
0 4388
0 4389
0 4390
0 4391
0 4392
0 4393
0 4394
0 4395
0 4396
0 4397
0 4398
0 4399
0 4400
0 4401
0 4402
0 4403
0 4404
0 4405
0 4406
0 4407
0 4408
0 4409
0 4410
0 4411
0 4412
0 4413
0 4414
0 4415
0 4416
0 4417
0 4418
0 4419
0 4420
0 4421
0 4422
0 4423
0 4424
0 4425
0 4426
0 4427
0 4428
0 4429
0 4430
0 4431
0 4432
0 4433
0 4434
0 4435
0 4436
0 4437
0 4438
0 4439
0 4440
0 4441
0 4442
0 4443
0 4444
0 4445
0 4446
0 4447
0 4448
0 4449
0 4450
0 4451
0 4452
0 4453
0 4454
0 4455
0 4456
0 4457
0 4458
0 4459
0 4460
0 4461
0 4462
0 4463
0 4464
0 4465
0 4466
0 4467
0 4468
0 4469
0 4470
0 4471
0 4472
0 4473
0 4474
0 4475
0 4476
0 4477
0 4478
0 4479
0 4480
0 4481
0 4482
0 4483
0 4484
0 4485
0 4486
0 4487
0 4488
0 4489
0 4490
0 4491
0 4492
0 4493
0 4494
0 4495
0 4496
0 4497
0 4498
0 4499
0 4500
0 4501
0 4502
0 4503
0 4504
0 4505
0 4506
0 4507
0 4508
0 4509
0 4510
0 4511
0 4512
0 4513
0 4514
0 4515
0 4516
0 4517
0 4518
0 4519
0 4520
0 4521
0 4522
0 4523
0 4524
0 4525
0 4526
0 4527
0 4528
0 4529
0 4530
0 4531
0 4532
0 4533
0 4534
0 4535
0 4536
0 4537
0 4538
0 4539
0 4540
0 4541
0 4542
0 4543
0 4544
0 4545
0 4546
0 4547
0 4548
0 4549
0 4550
0 4551
0 4552
0 4553
0 4554
0 4555
0 4556
0 4557
0 4558
0 4559
0 4560
0 4561
0 4562
0 4563
0 4564
0 4565
0 4566
0 4567
0 4568
0 4569
0 4570
0 4571
0 4572
0 4573
0 4574
0 4575
0 4576
0 4577
0 4578
0 4579
0 4580
0 4581
0 4582
0 4583
0 4584
0 4585
0 4586
0 4587
0 4588
0 4589
0 4590
0 4591
0 4592
0 4593
0 4594
0 4595
0 4596
0 4597
0 4598
0 4599
0 4600
0 4601
0 4602
0 4603
0 4604
0 4605
0 4606
0 4607
0 4608
0 4609
0 4610
0 4611
0 4612
0 4613
0 4614
0 4615
0 4616
0 4617
0 4618
0 4619
0 4620
0 4621
0 4622
0 4623
0 4624
0 4625
0 4626
0 4627
0 4628
0 4629
0 4630
0 4631
0 4632
0 4633
0 4634
0 4635
0 4636
0 4637
0 4638
0 4639
0 4640
0 4641
0 4642
0 4643
0 4644
0 4645
0 4646
0 4647
0 4648
0 4649
0 4650
0 4651
0 4652
0 4653
0 4654
0 4655
0 4656
0 4657
0 4658
0 4659
0 4660
0 4661
0 4662
0 4663
0 4664
0 4665
0 4666
0 4667
0 4668
0 4669
0 4670
0 4671
0 4672
0 4673
0 4674
0 4675
0 4676
0 4677
0 4678
0 4679
0 4680
0 4681
0 4682
0 4683
0 4684
0 4685
0 4686
0 4687
0 4688
0 4689
0 4690
0 4691
0 4692
0 4693
0 4694
0 4695
0 4696
0 4697
0 4698
0 4699
0 4700
0 4701
0 4702
0 4703
0 4704
0 4705
0 4706
0 4707
0 4708
0 4709
0 4710
0 4711
0 4712
0 4713
0 4714
0 4715
0 4716
0 4717
0 4718
0 4719
0 4720
0 4721
0 4722
0 4723
0 4724
0 4725
0 4726
0 4727
0 4728
0 4729
0 4730
0 4731
0 4732
0 4733
0 4734
0 4735
0 4736
0 4737
0 4738
0 4739
0 4740
0 4741
0 4742
0 4743
0 4744
0 4745
0 4746
0 4747
0 4748
0 4749
0 4750
0 4751
0 4752
0 4753
0 4754
0 4755
0 4756
0 4757
0 4758
0 4759
0 4760
0 4761
0 4762
0 4763
0 4764
0 4765
0 4766
0 4767
0 4768
0 4769
0 4770
0 4771
0 4772
0 4773
0 4774
0 4775
0 4776
0 4777
0 4778
0 4779
0 4780
0 4781
0 4782
0 4783
0 4784
0 4785
0 4786
0 4787
0 4788
0 4789
0 4790
0 4791
0 4792
0 4793
0 4794
0 4795
0 4796
0 4797
0 4798
0 4799
0 4800
0 4801
0 4802
0 4803
0 4804
0 4805
0 4806
0 4807
0 4808
0 4809
0 4810
0 4811
0 4812
0 4813
0 4814
0 4815
0 4816
0 4817
0 4818
0 4819
0 4820
0 4821
0 4822
0 4823
0 4824
0 4825
0 4826
0 4827
0 4828
0 4829
0 4830
0 4831
0 4832
0 4833
0 4834
0 4835
0 4836
0 4837
0 4838
0 4839
0 4840
0 4841
0 4842
0 4843
0 4844
0 4845
0 4846
0 4847
0 4848
0 4849
0 4850
0 4851
0 4852
0 4853
0 4854
0 4855
0 4856
0 4857
0 4858
0 4859
0 4860
0 4861
0 4862
0 4863
0 4864
0 4865
0 4866
0 4867
0 4868
0 4869
0 4870
0 4871
0 4872
0 4873
0 4874
0 4875
0 4876
0 4877
0 4878
0 4879
0 4880
0 4881
0 4882
0 4883
0 4884
0 4885
0 4886
0 4887
0 4888
0 4889
0 4890
0 4891
0 4892
0 4893
0 4894
0 4895
0 4896
0 4897
0 4898
0 4899
0 4900
0 4901
0 4902
0 4903
0 4904
0 4905
0 4906
0 4907
0 4908
0 4909
0 4910
0 4911
0 4912
0 4913
0 4914
0 4915
0 4916
0 4917
0 4918
0 4919
0 4920
0 4921
0 4922
0 4923
0 4924
0 4925
0 4926
0 4927
0 4928
0 4929
0 4930
0 4931
0 4932
0 4933
0 4934
0 4935
0 4936
0 4937
0 4938
0 4939
0 4940
0 4941
0 4942
0 4943
0 4944
0 4945
0 4946
0 4947
0 4948
0 4949
0 4950
0 4951
0 4952
0 4953
0 4954
0 4955
0 4956
0 4957
0 4958
0 4959
0 4960
0 4961
0 4962
0 4963
0 4964
0 4965
0 4966
0 4967
0 4968
0 4969
0 4970
0 4971
0 4972
0 4973
0 4974
0 4975
0 4976
0 4977
0 4978
0 4979
0 4980
0 4981
0 4982
0 4983
0 4984
0 4985
0 4986
0 4987
0 4988
0 4989
0 4990
0 4991
0 4992
0 4993
0 4994
0 4995
0 4996
0 4997
0 4998
0 4999
0 5000
0 5001
0 5002
0 5003
0 5004
0 5005
0 5006
0 5007
0 5008
0 5009
0 5010
0 5011
0 5012
0 5013
0 5014
0 5015
0 5016
0 5017
0 5018
0 5019
0 5020
0 5021
0 5022
0 5023
0 5024
0 5025
0 5026
0 5027
0 5028
0 5029
0 5030
0 5031
0 5032
0 5033
0 5034
0 5035
0 5036
0 5037
0 5038
0 5039
0 5040
0 5041
0 5042
0 5043
0 5044
0 5045
0 5046
0 5047
0 5048
0 5049
0 5050
0 5051
0 5052
0 5053
0 5054
0 5055
0 5056
0 5057
0 5058
0 5059
0 5060
0 5061
0 5062
0 5063
0 5064
0 5065
0 5066
0 5067
0 5068
0 5069
0 5070
0 5071
0 5072
0 5073
0 5074
0 5075
0 5076
0 5077
0 5078
0 5079
0 5080
0 5081
0 5082
0 5083
0 5084
0 5085
0 5086
0 5087
0 5088
0 5089
0 5090
0 5091
0 5092
0 5093
0 5094
0 5095
0 5096
0 5097
0 5098
0 5099
0 5100
0 5101
0 5102
0 5103
0 5104
0 5105
0 5106
0 5107
0 5108
0 5109
0 5110
0 5111
0 5112
0 5113
0 5114
0 5115
0 5116
0 5117
0 5118
0 5119
0 5120
0 5121
0 5122
0 5123
0 5124
0 5125
0 5126
0 5127
0 5128
0 5129
0 5130
0 5131
0 5132
0 5133
0 5134
0 5135
0 5136
0 5137
0 5138
0 5139
0 5140
0 5141
0 5142
0 5143
0 5144
0 5145
0 5146
0 5147
0 5148
0 5149
0 5150
0 5151
0 5152
0 5153
0 5154
0 5155
0 5156
0 5157
0 5158
0 5159
0 5160
0 5161
0 5162
0 5163
0 5164
0 5165
0 5166
0 5167
0 5168
0 5169
0 5170
0 5171
0 5172
0 5173
0 5174
0 5175
0 5176
0 5177
0 5178
0 5179
0 5180
0 5181
0 5182
0 5183
0 5184
0 5185
0 5186
0 5187
0 5188
0 5189
0 5190
0 5191
0 5192
0 5193
0 5194
0 5195
0 5196
0 5197
0 5198
0 5199
0 5200
0 5201
0 5202
0 5203
0 5204
0 5205
0 5206
0 5207
0 5208
0 5209
0 5210
0 5211
0 5212
0 5213
0 5214
0 5215
0 5216
0 5217
0 5218
0 5219
0 5220
0 5221
0 5222
0 5223
0 5224
0 5225
0 5226
0 5227
0 5228
0 5229
0 5230
0 5231
0 5232
0 5233
0 5234
0 5235
0 5236
0 5237
0 5238
0 5239
0 5240
0 5241
0 5242
0 5243
0 5244
0 5245
0 5246
0 5247
0 5248
0 5249
0 5250
0 5251
0 5252
0 5253
0 5254
0 5255
0 5256
0 5257
0 5258
0 5259
0 5260
0 5261
0 5262
0 5263
0 5264
0 5265
0 5266
0 5267
0 5268
0 5269
0 5270
0 5271
0 5272
0 5273
0 5274
0 5275
0 5276
0 5277
0 5278
0 5279
0 5280
0 5281
0 5282
0 5283
0 5284
0 5285
0 5286
0 5287
0 5288
0 5289
0 5290
0 5291
0 5292
0 5293
0 5294
0 5295
0 5296
0 5297
0 5298
0 5299
0 5300
0 5301
0 5302
0 5303
0 5304
0 5305
0 5306
0 5307
0 5308
0 5309
0 5310
0 5311
0 5312
0 5313
0 5314
0 5315
0 5316
0 5317
0 5318
0 5319
0 5320
0 5321
0 5322
0 5323
0 5324
0 5325
0 5326
0 5327
0 5328
0 5329
0 5330
0 5331
0 5332
0 5333
0 5334
0 5335
0 5336
0 5337
0 5338
0 5339
0 5340
0 5341
0 5342
0 5343
0 5344
0 5345
0 5346
0 5347
0 5348
0 5349
0 5350
0 5351
0 5352
0 5353
0 5354
0 5355
0 5356
0 5357
0 5358
0 5359
0 5360
0 5361
0 5362
0 5363
0 5364
0 5365
0 5366
0 5367
0 5368
0 5369
0 5370
0 5371
0 5372
0 5373
0 5374
0 5375
0 5376
0 5377
0 5378
0 5379
0 5380
0 5381
0 5382
0 5383
0 5384
0 5385
0 5386
0 5387
0 5388
0 5389
0 5390
0 5391
0 5392
0 5393
0 5394
0 5395
0 5396
0 5397
0 5398
0 5399
0 5400
0 5401
0 5402
0 5403
0 5404
0 5405
0 5406
0 5407
0 5408
0 5409
0 5410
0 5411
0 5412
0 5413
0 5414
0 5415
0 5416
0 5417
0 5418
0 5419
0 5420
0 5421
0 5422
0 5423
0 5424
0 5425
0 5426
0 5427
0 5428
0 5429
0 5430
0 5431
0 5432
0 5433
0 5434
0 5435
0 5436
0 5437
0 5438
0 5439
0 5440
0 5441
0 5442
0 5443
0 5444
0 5445
0 5446
0 5447
0 5448
0 5449
0 5450
0 5451
0 5452
0 5453
0 5454
0 5455
0 5456
0 5457
0 5458
0 5459
0 5460
0 5461
0 5462
0 5463
0 5464
0 5465
0 5466
0 5467
0 5468
0 5469
0 5470
0 5471
0 5472
0 5473
0 5474
0 5475
0 5476
0 5477
0 5478
0 5479
0 5480
0 5481
0 5482
0 5483
0 5484
0 5485
0 5486
0 5487
0 5488
0 5489
0 5490
0 5491
0 5492
0 5493
0 5494
0 5495
0 5496
0 5497
0 5498
0 5499
0 5500
0 5501
0 5502
0 5503
0 5504
0 5505
0 5506
0 5507
0 5508
0 5509
0 5510
0 5511
0 5512
0 5513
0 5514
0 5515
0 5516
0 5517
0 5518
0 5519
0 5520
0 5521
0 5522
0 5523
0 5524
0 5525
0 5526
0 5527
0 5528
0 5529
0 5530
0 5531
0 5532
0 5533
0 5534
0 5535
0 5536
0 5537
0 5538
0 5539
0 5540
0 5541
0 5542
0 5543
0 5544
0 5545
0 5546
0 5547
0 5548
0 5549
0 5550
0 5551
0 5552
0 5553
0 5554
0 5555
0 5556
0 5557
0 5558
0 5559
0 5560
0 5561
0 5562
0 5563
0 5564
0 5565
0 5566
0 5567
0 5568
0 5569
0 5570
0 5571
0 5572
0 5573
0 5574
0 5575
0 5576
0 5577
0 5578
0 5579
0 5580
0 5581
0 5582
0 5583
0 5584
0 5585
0 5586
0 5587
0 5588
0 5589
0 5590
0 5591
0 5592
0 5593
0 5594
0 5595
0 5596
0 5597
0 5598
0 5599
