2
2800 2800
1 0 3289
1 1 5244
1 2 3298 4184 4483 4664
1 3 2984 3223 3747 4195 4702
1 4 5422
0 5 3157 3419 4497 4894 5295 5344
0 6 2931 2950 3066 4105 4108 4302 4550 4835 5254
0 7 4601 5000
0 8 3532 4924 5121
0 9 3752 4724 5025
0 10 3229 3272 3756 3922 4655 4758 5142
0 11 2990 3365 3766 4160 4686 5343
0 12 2859 3319 3681 4709 4710 5326 5418
0 13 3817 4277 5136
0 14 3718 3828 4940
0 15 2901
0 16 3997
0 17 4077 4172 4289
0 18 3040 3620 3977 4322 4860
0 19 3778 3897 4676 5032 5109
0 20 4489 5271
0 21 3843 4036 4218 5512
0 22 3106 3259
0 23 3419 5109
0 24 3971 4300 4912 5366 5440
0 25 2921 3259 4584
0 26 5408
0 27 3568 4313
0 28 2807 3634 4439 5537
0 29 4277 5484
0 30 4204 5085
0 31 3219
0 32 2956 3212
0 33 3994 4918 5055
0 34 3072 3108 4507 4860 4895
0 35 2806 3975 4682
0 36 3217 3796
0 37 3663 4625 4791
0 38 3897 4431
0 39 3861 5370
0 40 2861 4838 4892 4995
0 41 3171 4289 5039 5390 5584
0 42 3316 3501 5463
0 43 2988 3738
0 44 3641 4523
0 45 3342 3632 4443 4668
0 46 3895 4060
0 47 3268 3277 3475 5003 5012 5127 5377
0 48 3789 4510 4679 4711 5045
0 49 4054 5405
0 50 3804 4148 4231 4588 4678
0 51 2849 3120 4223 4720
0 52 4641
0 53 2817 2834 3059 3355 4128 5299
0 54 2898 4795
0 55 2854 4060 4762
0 56 3304 3520 3757 3820 3839 4034 4043 4937 5100
0 57 4332 4340 4377 4749
0 58 2833 3005 4158 5168 5258 5505
0 59 5529
0 60 3034 3331 3927 4709
0 61 3111 3216 3762
0 62 3132 4531 4978
0 63 3080 4096 4287 4711 5205
0 64 4098 5400
0 65 4739 4742 5227
0 66 3511 5362
0 67 4496 5332
0 68 3805
0 69 4190 4623 4813 5370
0 70 4731 4778 5159
0 71 4059 4852
0 72 3091 3525 4853 5187
0 73 3810 4446 4506 5347
0 74 2938 3193 3603 4498 4642 4775
0 75 2847 2925 4343 4683 4808 4907
0 76 3186
0 77 5215 5353
0 78 2902 4430 4822 4895
0 79 2873
0 80 2997 3591 3642 5171 5243
0 81 3367 4949
0 82 2870 3910 4563 5403 5574
0 83 3297 3336 3360 3921 5367
0 84 5243
0 85 2872 3940 4225 4592 5355 5439
0 86 3524 3718 5061 5372
0 87 3164 4628 5542
0 88 4075 4213 4233 4360 4977
0 89 3836 4030 4309 4319 5560
0 90 2879 3783 4045 4116 4765 4955 5347
0 91 4141
0 92 3254 4577
0 93 2837 3413 3450 3672 4310 4367 4516 4978 4990 5298
0 94 3591 3754 3869 4005 5360 5389
0 95 4575 5042
0 96 4032
0 97 2816 2992 3095 3623 4090 5407
0 98 3266 5291
0 99 4484
0 100 3014 3418 3912 3957 4369 5514
0 101 4106 4690 5501
0 102 2844 4207 4987 5004 5401 5436
0 103 2817 3109 3304 4981
0 104 4278
0 105 2979 3309 3916 4554 4946
0 106 3683 5455 5504
0 107 3556 3605 3919 3992 5083 5518
0 108 3307 3988
0 109 4725 5200 5267
0 110 3132 3490 4402 4928
0 111 2874 3093 3427 4250 4774 5198
0 112 2921 3636 3808 3885 3973 4932
0 113 2893 4189 4194 4431
0 114 5145 5491
0 115 3734 5129
0 116 2909 3383 4643 5034
0 117 3463 3582 4163 4353 4594 5132 5170 5263
0 118 3397 3436 4285
0 119 2837 2950 5085
0 120 3527 5031 5065 5164 5168
0 121 2978 3324 5054 5498
0 122 3874
0 123 3583 3641 4497
0 124 3250 3989 4145 4901 5226
0 125 2944 3737 4824 5318
0 126 3581 4598 4898
0 127 3064 4321 4741 4999 5383 5539
0 128 2877 3019 3401 3592 3747 5241
0 129 3188 5019
0 130 4406 4582 4999 5309
0 131 2883 3440 4938 4977
0 132 3897 4440
0 133 3608 3891 4174 4415 5199 5285 5470 5530
0 134 4771 5136
0 135 3079 5376 5383
0 136 4259 4302 4797
0 137 5496
0 138 5361
0 139 3187 4702 5412
0 140 4156 4669 4685
0 141 4108 5351 5389 5415
0 142 4723 4955
0 143 3781 3932 5094
0 144 3213 3316 3662 5310
0 145 3910 4201 5147
0 146 3101 5453
0 147 4632
0 148 4016 4208
0 149 2998 3867 4177 4412 4972 5138
0 150 3158 3194 3246 3554 4338 4977
0 151 3154 3279 3412 4186 5036 5314
0 152 2989 3395 3752 4457
0 153 3349 4147 5012 5279 5297
0 154 3363
0 155 4043 5097 5298
0 156 3102
0 157 4456
0 158 2854 3119 3802 4914 5226
0 159 4015 4248 4518 4699
0 160 4074 4818 5030 5297 5494
0 161 3955 4172 4412 4477
0 162 3613 4116 4593
0 163 3914
0 164 2807 3466 4475 4652 4888 5064 5213
0 165 3096 3762 4556 5180 5407
0 166 2930 3641 4794
0 167 2928 5047
0 168 2802 3859 4874
0 169 2871 3365
0 170 3906 4871
0 171 5218
0 172 3444 4572 4969 5102
0 173 4609 4729
0 174 3532 4210 5114 5215
0 175 2808 3086 3914 4399 4643 4888 5122
0 176 4132 4393 4687 4968
0 177 3145 3502 4470 4593 4992 5349 5358
0 178 2802 2838 5104 5379
0 179 3129 3635 3942 4161 5065 5364
0 180 3153 3583 3840 5337
0 181 4156
0 182 3777 4121
0 183 3273 3839 5093
0 184 3144 3558 4301
0 185 5164
0 186 3078 3289 4661 5232
0 187 3247 4117 4837 5267 5481 5524
0 188 5228
0 189 3199 3491 4177 5545
0 190 3198 4745 4883 5581
0 191 3004 3705 4003 4508 4857
0 192 3127 3663 5293 5483
0 193 3491
0 194 3429 5063 5284 5322
0 195 2965 3718 4130 4379 4575
0 196 4039 4168 4351 4905 5318
0 197 2853 3849 5349
0 198 3755 3935
0 199 2903 2998 4563
0 200 3405 4034 5046 5577
0 201 2951 3712 4140 5587
0 202 3178 3953 4115 4209 4626
0 203 4582 4630 5242
0 204 4090 4282 4592 4874 5593
0 205 2910 3918 4089 4520 4593 4843 5542
0 206 3621 3959 4384 4913 5382
0 207 3939 4604 5372
0 208 3615 5140 5439
0 209 3880 4875 5097
0 210 4247 4281 4321 4713 4733 4817 5554
0 211 2906 3286 3365 4008 5341
0 212 4219
0 213 4234 4959 5126
0 214 2963 3733 4137 4179 4283 4414 4538
0 215 4259 5403
0 216 3105 3418 3818 3835 4822
0 217 4218
0 218 3778
0 219 4394
0 220 3044 3278 3473 4498 5239 5295
0 221 3491 4973 5119
0 222 3639 5338
0 223 3714 4755 5313
0 224 3257 3974 4356 4483 4513 5539
0 225 2911 3475
0 226 3637 4065 4723 4865 5070 5577
0 227 2908 3996 4088 4332 5170 5234 5332
0 228 3509 3663 4632 4910 5406
0 229 3539 4344 5136 5372
0 230 2937 2985 3030 3775 3850 4488
0 231 3133 5110
0 232 4222 4549
0 233 3331 3909 4621 5270
0 234 2848 3241 4168 4372 4931
0 235 3886
0 236 3113 3907 4349 5156 5263 5436 5578
0 237 3891 4969
0 238 4664 4798
0 239 4278 4387 5234
0 240 5018
0 241 2869 3141 3179 3286 3434 3580 3912 4975 5025
0 242 5298
0 243 2853 2931 3628 4375 4658
0 244 3120 3347 3510 3923 4561 5561
0 245 2974 3044 4125 4325 4721
0 246 4334 5171
0 247 3972
0 248 3065 4947
0 249 3291 3787 4459
0 250 3632 3890 4966 5206 5232
0 251 3850
0 252 3000 3374 3506 4208 4880 4894
0 253 4383
0 254 5226
0 255 4305 4331 4668
0 256 3400 4456 5568
0 257 4495 4665 4673
0 258 3161 5184
0 259 4568
0 260 2835 3403 4534 5456
0 261 3955 4446 4754 5469
0 262 3961 5262
0 263 3215 4109 4309 4416 4465 5222
0 264 4444 5238
0 265 3906 4544 4674
0 266 4539 4583 5212
0 267 4546 4709 5581
0 268 2897 3378 3834 4886 4934
0 269 2930 3417 3587 5082 5134
0 270 3027 4644
0 271 3632 4595
0 272 2973 3995
0 273 3392 4400 5088
0 274 2921 3206 4034 5549
0 275 4475 4989
0 276 3470 3988
0 277 2988 3918 4047 4243 5025 5507
0 278 4027 5186 5231 5582
0 279 3545 3566 4817
0 280 3400 3682 4382 4543
0 281 4889
0 282 3341 3665
0 283 3024 3258 3488 3626 4102 4915
0 284 3900 5569
0 285 2886 4089
0 286 3875 4214 4759
0 287 3803 4537 4647 5281
0 288 5237 5251
0 289 2960 3036 4049 5286
0 290 3332 4327 5252
0 291 4599 5235
0 292 4715
0 293 4106
0 294 3006
0 295 5275
0 296 4220 4328
0 297 3274 4171 4239 4401 5431
0 298 4305 4341
0 299 3428 4114 5153 5538
0 300 3455 3583 3734 4490
0 301 3402 4002 5369 5422
0 302 5025 5156
0 303 4276 5137 5323 5355
0 304 3015 3061 5046 5469 5595
0 305 5291 5449
0 306 4201 5463
0 307 2968 3327 3596 4446 4637 4815
0 308 2935 3154 3642 3686 3692
0 309 5534
0 310 2895 3111 4241 4588
0 311 3948 4295 4729 4856 5065
0 312 4207 4871
0 313 2955 3591 3715
0 314 3331 3451 4095 4291 4346 4407
0 315 3087 5145 5393 5578
0 316 3682 4400 5536 5561
0 317 3573 3818 3836 4784
0 318 3665 4069
0 319 4286 4318 4347 5157 5375
0 320 2855 4935 5171 5339
0 321 2987 3993 4559 4976
0 322 2806 5244
0 323 2956 4200 4514
0 324 4384
0 325 3116 3337 3824 4867 4906 4954 5193
0 326 3719 4956
0 327 3868 4329 5162 5508
0 328 4030
0 329 3399 4168 4170 4656 4713 5445
0 330 4737 5003 5019 5567
0 331 2819 3096 4109 5466 5533
0 332 2931 3340 3460 3715 4484 4614 4915 5342
0 333 3119 3999 4398 5529
0 334 3638 3773 4379 5542
0 335 5154 5320
0 336 4345 4649 5045 5083
0 337 4537 5357
0 338 2925 3525 4584 4640 4712 4918 5166
0 339 5119
0 340 3391 3703 3920 4225
0 341 2901 2971 3357
0 342 3875 4209 4623 4812 5513
0 343 3143 3975 4287 4566 4791 5080 5106 5215 5467
0 344 3680 4317 4540
0 345 3060 4955
0 346 3437 4307
0 347 3001 3492 3873 4007 5159 5335
0 348 3337 4160 4292 5225
0 349 3027 3375 3487
0 350 4579
0 351 3335 3826 4235 5542
0 352 4123 4173 4194 4803
0 353 3841
0 354 3323 3712 4439 4539 5034 5583
0 355 3413 4348 4944 5030
0 356 3470 3634 5347
0 357 3673 4351 4443 5277
0 358 2802 2836 2955 3771 4137 4358 5154
0 359 3741 4281
0 360 3060 3501 3970 4237 4287 4933 5135 5187 5273
0 361 3296 3597 4081
0 362 3441 3736 4556 4799
0 363 2991 3212 3926 4522 5344
0 364 2887 2966 3638 3936 4665
0 365 5087
0 366 2838 3266 3938 4268 5134 5188 5349
0 367 3704 4192 4884 5298 5539
0 368 3111 3211 3238 3269 3480 5519
0 369 3306 4883
0 370 3477 3496 3593 4029 4769 4858
0 371 4788 5221 5231
0 372 3328 3907 4804 5281
0 373 3371 4190 4614 5251
0 374 3166 4440
0 375 3258 3320 3322 3430
0 376 4692
0 377 3030 3197 3410 4672
0 378 2859 3568 3703 4608 5522
0 379 4327 5462
0 380 2950 4598 4812
0 381 3512 3572 4200 4653 5294 5585
0 382 3154 5480
0 383 4298 5083
0 384 5090 5095
0 385 2927 3934 4253 4379 4592 5101
0 386 3619 4248 4275 4897
0 387 2827 3048 3710 4379 4748 4785 5081 5527
0 388 3162 3706 4059 4331 4415 4932 5388
0 389 3516 4101 4560 4692 4975
0 390 3403 4485 5367
0 391 3056 3873 4649
0 392 4079 4642
0 393 3079 3193 3471 3760 5003 5575
0 394 2823 2893 3032 3147
0 395 4715 5154 5256 5371 5436
0 396 5515
0 397 3204 3930 4174
0 398 3143 4436
0 399 3525 3538 3811 5206
0 400 3920 3948 3951 4068 4119 4145 5375 5408
0 401 4169 4412 4470 5118
0 402 3390
0 403 3412 4519 5334
0 404 2881 4104 4211 5504
0 405 2977 5508 5539
0 406 3488 3692 4367
0 407 3231 3592 4614 4741
0 408 5010 5525
0 409 3296 3820 4476 5472
0 410 2930 3419 3479 4148 4485 5077
0 411 3673 4372 4893 4993 5040
0 412 3553 3620 4509 4827 5131 5361
0 413 3103 4198
0 414 5527
0 415 2858 3535 3868 4644 5287
0 416 2867 2977 3932 5361
0 417 3050 3349 4014
0 418 3050 3125 3993 4693
0 419 3281 4705 5179 5526
0 420 2910 4291 4320 5400
0 421 4022 4721 5070 5400 5450
0 422 3152 3661 3989 4628 5544
0 423 3926 4242 4733
0 424 3189 3248 3934 4277
0 425 5205
0 426 3085 3482 4077 5228
0 427 2941 3133 3857 4132 4195 4201 5182 5184 5345
0 428 3606 4080 5559
0 429 2956 3122 3634 5059 5163
0 430 3239 3413 3833 3985
0 431 3683 3816
0 432 4156 4319 4624 5044 5590
0 433 3316 3672 3720 4242 4345 4988 5056
0 434 2895 3007 4620 4964
0 435 4586 5024
0 436 4109 4218 4405 4704 5227
0 437 4691 4828 5069 5355 5524 5571 5573
0 438 3861 5102
0 439 3535 3592 3771 4393 4749 5274
0 440 4200
0 441 3350 3415
0 442 3302 3394 4738
0 443 2893 3714 4379 5070 5313
0 444 3260 3395 3914 4005 5113 5286
0 445 3727 4267 4474 5563
0 446 3170 3220 4802 4830
0 447 4106 4545 4994 5347
0 448 2848 3935 4515 4956
0 449 3012 3742 4123 4548 5547
0 450 3379
0 451 3626 4581 4968 5225 5556
0 452 3217 3969 4141 4450 4714
0 453 3570 4728 5005 5246 5562
0 454 3706
0 455 4260 5454
0 456 3228 4043 4788 5200
0 457 3464 3514 3819 5222
0 458 4017 4828 4925
0 459 2960 3215 3328 3545 3939 4148 4347 4534 4702 5283
0 460 3599 3774 4167 4888
0 461 2973 3168 4769
0 462 4005 4583 5501 5573
0 463 3073 3319 3807 4423 4596 5168
0 464 3253 3558 4577
0 465 2887 3940 5385
0 466 3194 4949 5427
0 467 2816 3645
0 468 3903
0 469 2878 3652 5269
0 470 4251 4409 4663
0 471 2862 3422 3532 3714 4167 4229
0 472 3584 4210
0 473 5016
0 474 2949 3327 4904 5171 5345 5566
0 475 3909
0 476 3528
0 477 4592
0 478 3113 3518 3997 4191 5493
0 479 3201 5098
0 480 4302 4524 5084
0 481 3227 3744 5295
0 482 2911 4068 5083
0 483 3176 3732 4271 4560 4922
0 484 3718 3731 4109
0 485 5151
0 486 4951
0 487 2817 4217 4474 5453
0 488 3059 3149 3645 4779
0 489 2943 3829 4060 4905
0 490 3678 4052 5219
0 491 4144 4472 4610
0 492 3058 3514 4002 4277
0 493 3802 3914 4253 4315 4519 5404
0 494 4391 5203
0 495 4575
0 496 3338 4042 4760 4924 5022
0 497 2871 3553
0 498 5402
0 499 4073 4877 5482
0 500 2870 3877
0 501 3711 4050 4449 5083 5563
0 502 3047
0 503 3268 3406 5239
0 504 3480
0 505 4281 4444 5370
0 506 2933 3127 3290 3513 4014 4083 5207
0 507 2894 3177
0 508 3681 5030 5207 5301
0 509 3074 3081 4311 5128 5539
0 510 3523 4119 4894
0 511 3431 3750 4644 5070
0 512 2888 3623 4159 5042
0 513 4107
0 514 4135
0 515 3306 3333 3517 3579 3680 3730 5219
0 516 3113
0 517 3886 4049 4504 5153
0 518 4294
0 519 2878 3056 3874 4528
0 520 4140
0 521 4096
0 522 3173 3979 4081 4659
0 523 3271 4018
0 524 3148 3976 4802 5174
0 525 5016
0 526 4355
0 527 3297 3501
0 528 3048 3334 4547 5287 5375
0 529 3571 3614 4167
0 530 3596 3697 3799 4130
0 531 3064 3417 3570
0 532 3324 3567 3846 3974 5022 5459
0 533 4624 4705 5137
0 534 3852 4783 4838 5147 5339
0 535 3842 3921 4030 5113
0 536 2897 4394 4954
0 537 2915 3607 3835 4451
0 538 3364 3635 5094
0 539 2946 4331 4567 5416
0 540 3189 3794 4187 4387 4918 4929 5002
0 541 3154 4835
0 542 4635 5107 5394
0 543 3750 5272
0 544 2870 3625 3967 4037 4190 4334 4930 5144 5189
0 545 3808 4547 5594
0 546 3785
0 547 3501 3760 3952 5568
0 548 3634 4332 4912 5029 5186 5273 5289
0 549 3081 3248 3852 4268 5433
0 550 2986 3393 4707
0 551 4773
0 552 2873 3326 3371 3742 4104 4923
0 553 3131 3162 3757 3796 4448 4491 4549 5059
0 554 3004 3293 3753 4022 5039 5477
0 555 2866
0 556 3967 4306 5436 5532
0 557 3307
0 558 3236 3656 3805 4846
0 559 3537 4052 4071 4167
0 560 4735 5506
0 561 3563 4300 4303 4927
0 562 3066 3116 5083 5535
0 563 3564 3683 4169 4317 4540 5477
0 564 3801 3851 5012 5118
0 565 3424 4204 4559
0 566 3102 3145 5267 5512
0 567 4315 5169 5535
0 568 3754 5090
0 569 2902 2912 2981 3005 3365 3461 3769 4049 4724
0 570 2873 3573 4286
0 571 2879 2902 3174 5127
0 572 3253 3625
0 573 3000 4656 4693 5331
0 574 3061 4202 4463
0 575 3277 3490 4096
0 576 2929 5587
0 577 5188
0 578 4419 5538
0 579 2966 3093 3547 4583 4604 4766 4910
0 580 3818 4092 4304 4348 4708 4888 5410
0 581 3796
0 582 3011
0 583 5310
0 584 4023 4982 5320
0 585 2927 5000 5321 5423
0 586 2850 4071 5149
0 587 2801 2937 3630 5134 5174
0 588 4562 4703
0 589 4665 5268 5486
0 590 3186 3323 3964 3981 4186 4342 4470
0 591 3643 3897 4021 4030 4440 4874 4894 5105
0 592 3702 4836 5323
0 593 3464 4469 4861 5053 5143
0 594 3439 4120 4611
0 595 3069 3221 3697 4373 4901
0 596 3418
0 597 3525 4015 4037
0 598 2813 3114 4772 4873
0 599 2927 3410 4433 5593
0 600 3030 3293 3747 4060
0 601 2931 3911 4236 4670 5262
0 602 3100 3419 3666 4717
0 603 2912 2931 3314 4143 4195 4275 4323 4406
0 604 3315 3867 4241 4622 5210
0 605 4021 4184 5295
0 606 2873 4042
0 607 3255 3794 4414 4745 5497
0 608 2872 3152
0 609 2883 3050 3076 4280
0 610 2946 3056 3373 3625 4051 5157
0 611 3310 3515 4089 4157 5496
0 612 3493 4034 4871 4874 4922 5333
0 613 3576 4311 4364
0 614 3293 5196 5282 5294
0 615 3313 4723 5345 5408 5452
0 616 3428 4155
0 617 3029 3062 5129
0 618 4131 4696 5034 5174
0 619 2826 3138 3555 4765 5438
0 620 2998 3039 3854 5281
0 621 4183 4781 5205
0 622 5039
0 623 2845 3824 4519 4602
0 624 4080 4537 4697 4778
0 625 2980 3663 4009 4122 4377 4403 4977
0 626 4457 5527
0 627 3106 3236 3775 4146 4639
0 628 3037 3577 5142 5323
0 629 3275 3369 5569
0 630 3721 5127 5295 5306 5349
0 631 2864 3773
0 632 3731
0 633 3496 4126 4158 4186 4213 5225
0 634 3393 4300
0 635 3826 5344
0 636 3081 3472
0 637 2982 3122 4370
0 638 3892 5437
0 639 2822 3853 4842 5133 5241 5247
0 640 4335
0 641 3208 3329 5164 5437
0 642 4264 4952 4985
0 643 3794 3966 5424
0 644 2972 3438 3921 5323
0 645 4213 4410 4764 4879
0 646 3053 3858 4284 4391 5067
0 647 3076 3084 3164 5361
0 648 3586 3689 3735 3974 4012 4454 5087 5152 5413
0 649 3135
0 650 3608 3681 4431 4505 4586
0 651 3931 4329
0 652 3336 4370 4499 4738
0 653 2950 3509 4586
0 654 4103 4569
0 655 4938 5049
0 656 2925 3635 3712 5331
0 657 3794 4415 4465 4492 5163 5276
0 658 3066 3973 4573 5170 5181
0 659 2899 3742
0 660 3060 4085 4371 4534 5595
0 661 3347 4059 4529 5553
0 662 3026 3355 3489
0 663 2953 3160 3412 3518 4770
0 664 2951 3203 3275 5226 5457
0 665 2812 3089 3825 4505 4698 4923 5035 5074 5086 5412 5495
0 666 2978 3256 3566 4909 4925
0 667 3777 4131 4596
0 668 3967 4456
0 669 3041 5340
0 670 4075 5312
0 671 3104
0 672 3150 3708 4631 4847 5145
0 673 2825 2831 2878 3173 4180 4718 5536
0 674 3670 3929 4087 4588 5348 5397
0 675 4503 5072
0 676 2826 2877 4913 5446
0 677 2852 3521 5248 5252
0 678 2838 3116 3371 3723
0 679 2998 3924 4234 5254
0 680 5545
0 681 3977 4815 4961 5147
0 682 5208
0 683 3124 3358
0 684 3976 4038 5111 5437
0 685 2987 3047 3296 3699 4404 5146 5365
0 686 2877 3677 4493 4962 5194 5323
0 687 3704 3797 3993 4406 5561
0 688 3064 3191 4716 4820
0 689 3027 4672 5299
0 690 3587 3950 4457
0 691 3097 3128 4007
0 692 2912 5594
0 693 4938
0 694 3057 4390 5110
0 695 3034 3318 3895 4021
0 696 2952 3052 4507 4890 5234 5358
0 697 2875 3722 4778
0 698 2804 3141 3371 3828 4047 4298 4867 5582
0 699 5365
0 700 2854 3581 5023 5583
0 701 4877
0 702 2912 3367 3499 3533
0 703 5462
0 704 2953 4980
0 705 2939 4721 4788 5006 5243
0 706 2852 5206
0 707 2905 3849 4033 4364 5071
0 708 4308
0 709 3933 3943 4187 4346
0 710 5315 5533
0 711 3896 4357 5441
0 712 3656 4396 4622 4842 5355
0 713 2879 3130 3940 4085 5492
0 714 3392 5276 5448 5556
0 715 3090 5118 5438
0 716 5044
0 717 3019
0 718 3797 3913 5332 5591
0 719 2888 3106 3109 3519 4021 4496
0 720 3406 3457 4168 5164 5337 5565
0 721 4222 4835
0 722 2826 4251 5141 5453
0 723 4119 4410 4890 5277
0 724 3565 3596 4770
0 725 2871 3283 5277
0 726 3194 3476 4510 4568 4811 5238
0 727 2931 3056 3083 3779 4953
0 728 3078 4490
0 729 2913 3306 4003 4094 4711
0 730 2974 4632
0 731 2825 3365 3778 3885 4173 4407
0 732 3860 4230 5047
0 733 3331 4536 5059 5168 5297
0 734 3158 3659 4546 4560 4620 4852 4957 5092 5397 5469
0 735 3110 3383
0 736 3122
0 737 3498 4183 4373 5530
0 738 2864 3533 3684 3985 4338
0 739 3199 3241 4195 4905
0 740 3627
0 741 2988
0 742 5298
0 743 3202 3503 3715 5091 5357
0 744 3029 4012 5591
0 745 3706 5546
0 746 2956 3067 5552
0 747 4401 4833
0 748 5365
0 749 4152 4618
0 750 3577 4745
0 751 3003 3525 3568 4345 4717
0 752 3225 4011 4593
0 753 3317 5533
0 754 4217 4831
0 755 3324 4337 5301
0 756 3862
0 757 4417 4749 4975 5047
0 758 3179 3953 4486 4496 4773 4941
0 759 3576 3823
0 760 3201 3320 4875
0 761 3309 3656 4883 4924
0 762 2902 3645 3803 4934 5123 5308
0 763 5304
0 764 3106 3156 3270 3877 4329
0 765 5457
0 766 3259 3938 4397
0 767 2972 3521 3602 3704 5156
0 768 3118 3659 3901
0 769 4394 5173
0 770 3574 4608 4908
0 771 3054 4073 4286
0 772 3325 3725
0 773 4796
0 774 3102 3681 4191 5143
0 775 3900 3939 4399 4897 5316
0 776 3499 3697 4910
0 777 2892
0 778 3700 3810 3880 4804
0 779 3703 3907 4322 5507
0 780 2822 3383 3446 4081 4151
0 781 3244 5022 5055
0 782 3443 4987 5042 5047 5579
0 783 3861 4522 5196
0 784 3208 3893 5119 5349 5359
0 785 2912 2936 2939 3399 3582 4220 4904 5512
0 786 4751 4786 5469 5596
0 787 2901 4882 5193 5491
0 788 4982 5193
0 789 3524 4515 5562
0 790 2885 3661 5024 5283
0 791 3713 4609 5135
0 792 2817 4253 5571
0 793 4312 5211 5237
0 794 3667 3774
0 795 2946 3252
0 796 3439 4054 4633 4874 5441
0 797 3087 4231 5398
0 798 4060 4752 5052
0 799 3210 3622 3642 4778
0 800 3651 4477 4664 5454
0 801 3115 3495 4690
0 802 2879 4350 5459
0 803 4149 4858 4930
0 804 2892 4151 4967 5056
0 805 3038 3899 4084 5204 5226 5386
0 806 3151 3402 3697 4193 5088
0 807 3218 5236 5430
0 808 3180 3284 3660 4046 4750 5347 5378 5573
0 809 3898 3934 4019 4844 5043 5218 5451
0 810 3207 5097
0 811 3739 3843 3921 4192 4550
0 812 3647 4165
0 813 2937 3217
0 814 3003 3572 4126 5426
0 815 3464 3737 5178
0 816 3378 4012 4454 4861
0 817 3460 5096 5189
0 818 2822 4376 4811
0 819 3070 3188 4026 4489 4721 5453
0 820 2807 3454 3656 4850 5187
0 821 3327 3444 3552 4059 4107 5379
0 822 3185 4055
0 823 3203
0 824 2837 3606 3698 4593
0 825 2924 3901
0 826 3053 3511 4945 5450
0 827 2935 2967 3427 3699 4471 4619
0 828 3214 3456 4055
0 829 3796 3827 5076
0 830 2942 3014 3304 5043 5076
0 831 4435 4636 5502
0 832 2811 4034 4416 4867
0 833 3654 4087
0 834 3013 4046 4636 4889
0 835 3723
0 836 4035 4482 4515 4580 5083
0 837 3776 3853 4134
0 838 4340 5241
0 839 3968 4152 4429 4525 5216 5231 5566
0 840 3114
0 841 4462
0 842 2888 3317
0 843 4038 4670 4691 5146
0 844 3679 4551 4744 5040 5593
0 845 2932 3193 3360 3743 4623 4655 5111
0 846 3510 3536 4613 5133 5147
0 847 3221 3395 4089
0 848 3093 4377 4482 4485 4515 4636
0 849 3664 4599
0 850 3694 4668 5153
0 851 3492 3663 4709 5177
0 852 2855 3269 3508 3661 4168 4237
0 853 2854 3447 3457 4548
0 854 3073 3931 5159 5168
0 855 3165 3876 4375 4812 5214
0 856 3145 3329
0 857 2932
0 858 3049 3323 3903 4772 4991 5227
0 859 2871 2996 3235 3265 4184 4492
0 860 4167 4966
0 861 4124 4643 5172 5480
0 862 3128 3312 3508 5455 5559
0 863 5560
0 864 3963
0 865 3360 3580 4815 5491
0 866 2822 3647 3763 3807 4218 4280 4781
0 867 3451
0 868 3638 5149
0 869 3419 3557 5107
0 870 2930 3195 4035 4871 5081 5191 5204
0 871 3846
0 872 3082 3311 3937 4251 4383
0 873 3112 5457 5558
0 874 4866 5380
0 875 3295 3867 4578 4989
0 876 3371 3764 3871 4587 5160
0 877 4133
0 878 3963 4200 4541 4807 5037
0 879 3007 5276 5441
0 880 3043 3539 3644 5068 5424 5426
0 881 2872
0 882 2939 3281 3994 4417 4725 5266
0 883 3345
0 884 3605 3716 4538 5450
0 885 3057 5204
0 886 3888
0 887 3884 4906 5518
0 888 4164
0 889 3418 3814 5191
0 890 2845 3605 3871
0 891 2986 3099 3649 4443 4472 4752 5498 5583
0 892 2807 2827 2950 4200 4339 4454 4627 4636
0 893 2802 4725 4772
0 894 3207 3443 4522 4737 5098
0 895 3696 4906 5122 5262
0 896 3936 4146 4499 5093 5356
0 897 3892 3955 4197 4955 5458
0 898 3874 4745 4759 5029
0 899 3436 4657 5555
0 900 2814 2939 3526 4053 5216 5326 5501
0 901 3279 3340 4740 5454
0 902 3268 4122 4215 4565 5015 5548
0 903 3248 3281 4013 4340 5414
0 904 4093 4504 5361
0 905 5419
0 906 3499 3685 4600 5523
0 907 3408 3459 4361 4362
0 908 3611 3866 4171 4736
0 909 2849 3057 4731
0 910 3209 4523 5573
0 911 3592 4551
0 912 2853 3845 4083 5010 5125 5374
0 913 5249
0 914 2989 3547 3548 4265 5513
0 915 4222 4228
0 916 4557 5040
0 917 3774 3868 4242 4467 4594 5172
0 918 3468 3536 4220 4406 4526 4535
0 919 4343 4570 4831
0 920 4659
0 921 3411 3568 3943 4023 5525
0 922 2985 3859 4905
0 923 3350 3605
0 924 3313 3594 5233 5568
0 925 3487 3886 4127
0 926 3847 4725 4960
0 927 3351 3934
0 928 3584 4637 4861 5039
0 929 3296
0 930 3258 5006
0 931 3279 3309 3313 5153
0 932 3455 4525 4564 4635 5109 5489
0 933 3353 4444 5058 5459
0 934 4262 5036 5596
0 935 3431 4144 5398 5570
0 936 3006 3583 4023
0 937 3587 4562 4781 4912
0 938 4744 4832 5045 5585
0 939 3000 3510 3661 3865 4350 5568
0 940 5449
0 941 4874
0 942 5309
0 943 3101 3117 3529
0 944 3601 3616 3752 3931 5593
0 945 3003 3315 3325 4218
0 946 2888 3668 4080 4594 5253
0 947 4662 5284 5301
0 948 5054
0 949 2981 4332 4519 5071
0 950 3733 3871
0 951 3159 3433 3587 4431
0 952 3283 3367 3971 4105 4545 4772 5277 5468 5553
0 953 3069 4748
0 954 3107 4368 4685 4712 4764
0 955 3803 4302 5390
0 956 3265
0 957 2879 3145 3746 4127 5344
0 958 2890 3446 3482 3830 3992 4709 5455 5537 5563
0 959 5273
0 960 3307 3639 4089 4316
0 961 3415 3496 4812 5045 5284
0 962 3389 4498 4935 5097
0 963 3575 5053 5397 5566
0 964 2814 3746 4191 4549 4607
0 965 2993 4665
0 966 3362 4881 5061 5382 5473
0 967 3390 3640 4335 4584
0 968 3164 4156 4999
0 969 3417 3433 3460 4683 5573
0 970 3548 3797 3801 4487 5098
0 971 2815 3694 4795 5032 5073
0 972 4168 4846
0 973 3008 3790 3940 4465
0 974 2863 2950 2978 3014 4812 5103 5288 5373
0 975 3378 3685 3875 4370 4494 4660 5125
0 976 2891 2996 3130 4213 4558
0 977 3388 3984 4730 4874 5025 5204
0 978 5152 5206
0 979 3418
0 980 3232 4005 5236 5373
0 981 3697 3792 3995 4458
0 982 2960 2986 3450 4394 4658
0 983 2844
0 984 3080 5467
0 985 3445
0 986 3273 4483
0 987 3645 3845 4461 4842
0 988 2902 5187 5361
0 989 3699 3820 5314 5483
0 990 3483
0 991 2813
0 992 3265 3670 4078
0 993 3489 4367 4645 5019 5092 5468 5590
0 994 3340 3396 3803 5339
0 995 2964 3190 3963 4021 4045 4382
0 996 4522 4783
0 997 3114 4997 5495
0 998 4945 5264 5580
0 999 2978 3226 3792 3886 4382 4759 4883 5252
0 1000 4437
0 1001 3208 3715 3786 3791 4172
0 1002 3270 3329 4814 5005 5578
0 1003 3083 3389 3458 3673 4063
0 1004 3573 3727
0 1005 3412 3567 4998 5193
0 1006 3554 5387 5439
0 1007 4411 5110
0 1008 4476
0 1009 3132 3766 4179 4744
0 1010 3925 4554 5475
0 1011 3656 4044 4582
0 1012 3847 4922
0 1013 3806 4699 4726 4997
0 1014 4046 4717 5078
0 1015 3191 4155 4331 5491
0 1016 2957 2963
0 1017 4958
0 1018 3162 3398 3447 4141 4951 5396
0 1019 3835 5278 5593
0 1020 3442 3621
0 1021 2902 3442 3673 3832 4444 4725 5011 5242
0 1022 3302 5123
0 1023 2939 2987 3402 3497 3936 4136 4282
0 1024 3930 3967 4506 5579
0 1025 3181 4167 5275 5301 5488
0 1026 3695 4695
0 1027 3747 4787 4872 5462
0 1028 4688
0 1029 2881 4131 4465
0 1030 2982 3248 4568 5505
0 1031 3846 4029 5039
0 1032 2824 2861 3033 3136 4986
0 1033 3074 4848 5257
0 1034 3070 3772 4537 5025 5201 5247 5393 5507
0 1035 3549 5111 5209
0 1036 4222
0 1037 3429 3539 4735 5115
0 1038 3956 4837
0 1039 3246 3732 4240
0 1040 3014 3222 3504 3939
0 1041 4231 5082
0 1042 3187 3417 4297
0 1043 5535
0 1044 3314 3581 3871 4718 4771 5021
0 1045 4918
0 1046 4421 4588 4662 4729 5508
0 1047 4683
0 1048 3098 3385
0 1049 4795
0 1050 3451 3487 3495 4112 5385 5432 5495 5533 5557
0 1051 4095 4176 5120 5535
0 1052 3714 4412 4905 5299
0 1053 4292
0 1054 3545 3936 4468 4506 5515
0 1055 3953 4842 5051
0 1056 5229 5291
0 1057 4309 4652 5113 5176
0 1058 3401 4139 5070 5341 5424 5519 5524
0 1059 3967 5080 5511
0 1060 3259 3744 4647 4690
0 1061 3236 3565 4075 5546
0 1062 2998 3333 5099
0 1063 2903 3078 3282 3959 4112
0 1064 2973 2985 3522 4344 4415 5272
0 1065 4396 5362
0 1066 3361 3794
0 1067 3033 3048
0 1068 4453 4618
0 1069 3393 5502
0 1070 3874
0 1071 3811 4337 4508 4617
0 1072 3387 4172 4448 4709 4795 4948
0 1073 3518 3965 4658
0 1074 2868 3477 3813 4180 4707
0 1075 2845 2969 4806
0 1076 3243 4259 4701 5347
0 1077 2831 3802 4093 4817 5276
0 1078 3887 5118
0 1079 3985 4477 4481
0 1080 2807
0 1081 4068 4196 4617 5530
0 1082 3529 4119 5464
0 1083 2858 3442 3857 4200 4839
0 1084 3067 3172 3247 3553 3902 4154 4507
0 1085 2873 4700
0 1086 3261 4641 4931 5284
0 1087 3678 4016 4244 5068
0 1088 2821 3995 4764 5085
0 1089 3422 4097 4975 5425 5575
0 1090 3813 4017
0 1091 2994 3412 3560 4672
0 1092 2822 4055
0 1093 4288
0 1094 3959 4027 5562
0 1095 3218 3449 3599 3674 4615
0 1096 3857 4242 4275
0 1097 3162 3268 3289 3664 4093 5090
0 1098 2971
0 1099 4207
0 1100 2801 2829 2938 4039 4046 4904 5070
0 1101 3741 5359
0 1102 3258 3605 3657 3971 4360 4789 4978 5341
0 1103 2899 3284 4237
0 1104 2955 3308 3810 4215 4779 5187
0 1105 2950 3349 3421 3861 4637 5368
0 1106 3492 4346 4477 4692
0 1107 3388 4305 4634 4751 4891
0 1108 3803 3886 4840 4973
0 1109 3910 4172 5452
0 1110 2820 4174 5309
0 1111 2836 3612 3827 4509 5204 5571
0 1112 3321 4038 4399 5127
0 1113 2902 3593 4165 4633 4790
0 1114 3607 3666 4612 5179 5310 5360
0 1115 5335 5453
0 1116 2866 3009 3273 3781 4835 5540
0 1117 4622 4688 5366
0 1118 3842 4844
0 1119 3534 4423 4600
0 1120 3386 5394 5419
0 1121 4413
0 1122 3480 3488 3677 3811 4068 4435
0 1123 3173 3763 5422
0 1124 4364 5036 5558
0 1125 2919 2951 3431 3834 5375
0 1126 3873 3895 4087 4251 4396 4592
0 1127 2993 4471 5388 5523
0 1128 2965 3801 4161 4979
0 1129 2861 3064 3430 3675 4793
0 1130 2968 3052 4267 4281
0 1131 3596 3877 4375 4577 4689 5296
0 1132 3139 3282 5248
0 1133 3435 4169 4645 5018 5276
0 1134 3243 4325 4416 5061 5334 5478
0 1135 3466 4470 5107
0 1136 2959 3414 3766 4761
0 1137 3240 3380 3765 4312 4337 5415
0 1138 2876 3470 4063 4265 5310 5380
0 1139 3677 4817
0 1140 3513 4038 4376
0 1141 2866 3358 3723
0 1142 3536 3661 4227 4354 4419 4548 5261
0 1143 2841 3345 3785 4148 4434 4848 5001 5145
0 1144 3031 4117 4201
0 1145 3524 4139 4296 4505
0 1146 3581 4816
0 1147 3553 4369 4859
0 1148 3538 3633 4779 4843
0 1149 3167 3380 3403 3774 5358
0 1150 3658 4086 4582 5200 5406
0 1151 4244
0 1152 2861 2886 2924 3288 3764 3894 4690 5506
0 1153 3166 3235 3264 3291 3308 5138 5397
0 1154 3553 4607
0 1155 3396 3727 3798 3834
0 1156 2914 4204 4497 5432 5516
0 1157 3839 3872 4607 4763 5433
0 1158 2976 3018 3132 3158 3401 3508 4236 5392 5584
0 1159 3947
0 1160 5036 5182 5369 5389
0 1161 3585 4158 4193 5355 5496
0 1162 3716 3779 4155 4468 5159
0 1163 3116 5527
0 1164 5437
0 1165 3943
0 1166 5434
0 1167 3728 5239 5461
0 1168 4607 5565
0 1169 3062 4261 4441 5182
0 1170 3894 4037 4101 4149 4825
0 1171 3410 4754 4806 5315
0 1172 4959 5295
0 1173 4101 4450 4578 5281
0 1174 4680 4775
0 1175 3214 5111 5521
0 1176 3779 5017 5464
0 1177 3751 4394 4464
0 1178 3370 3445 4125 4187 4470 4625 4679
0 1179 4317
0 1180 4364 5215
0 1181 3167 3232 4624 4680 5540
0 1182 4048
0 1183 3567 5373
0 1184 3834 3866 5177
0 1185 3228 3882 5287
0 1186 4214 4530 4974
0 1187 2986 3681 4348
0 1188 3626 4253
0 1189 3450 4034 4528 4609 5238
0 1190 3058
0 1191 4468 5527
0 1192 2988 3112 3173 3783 4410 4996 5181 5464
0 1193 2884 3217 3278 3532
0 1194 2800 3576 4560
0 1195 4080 5365
0 1196 3773 3824 4265 4630
0 1197 3664 3738 4490 5344
0 1198 3153
0 1199 3223 3525 4450 4494 4566
0 1200 2918 3536 4212 5251 5427
0 1201 2996 3023 5416
0 1202 4237 4699
0 1203 3152 3403 3669 4719 5001 5024 5385
0 1204 3098 3327 3362 4791 5229 5434
0 1205 3100 3112 3621 5268
0 1206 3357 3974 4886 5240
0 1207 2915 3573
0 1208 3046 3655 5013 5495
0 1209 3345 3594 3840 4245 4312 4391 4918
0 1210 5441 5485 5558
0 1211 3137 3200 4808 4819 5476
0 1212 3818 4828 4940
0 1213 2846 3681 4088 4415 5288 5557
0 1214 5431
0 1215 3442 3650 3835 3871 4536 4774 4909
0 1216 4861 5571
0 1217 3462 4520
0 1218 2852 4104
0 1219 2951 3323 4483
0 1220 3175 3700 3790 3904 4252 4884
0 1221 3331 3476 3706 4423 5582
0 1222 4161 4225 4962 5156 5337 5499
0 1223 3957 3986 5433
0 1224 3856 4248 5134 5548
0 1225 3009 4319 4896 5313
0 1226 3080 3478 3717 5187
0 1227 3875
0 1228 2965 3618 5413
0 1229 2978 3024 3275 4462 4759 5345
0 1230 3411 4631 4637 5252
0 1231 2808 3465 4567 4930
0 1232 2832 3353 3697 4543
0 1233 3214 3305 3374 3675 4171 4819
0 1234 3406 3722 4409 4441
0 1235 3078
0 1236 3869 3874 4186 4719
0 1237 3955 4076 4836 5111
0 1238 5478
0 1239 3219 4426 4675 4824 4869
0 1240 2883 5026 5544
0 1241 3736 3997 4065 4194 4269 4651 4869 5462
0 1242 3661 4603
0 1243 3728 4197 5285
0 1244 2959 4016 4031 4220 4772
0 1245 2804 3581 4376 4918
0 1246 3403 4526 4900 4950
0 1247 3656 4199 4498 4656 5146
0 1248 2806
0 1249 3251 3289 3461 3477
0 1250 4391
0 1251 2915 3021 3666 4342 4687 5402
0 1252 5023 5490
0 1253 3205 4377 5220 5594
0 1254 3850 4895 5342 5453
0 1255 3541
0 1256 3034 3423
0 1257 3048 4667
0 1258 3615 4534 4679 4727 4729 4773 5312
0 1259 4060
0 1260 3634 4374 4900
0 1261 4802 5511
0 1262 3135 4255 4476 4570 5461
0 1263 3071 4661 5409
0 1264 3099 4120 4169 4571 4639
0 1265 3747 4041 4093 4619 5580
0 1266 3452 3509 5045
0 1267 3579 3714
0 1268 2841 3301 3381 3626 3983 4250 4725
0 1269 3431 3940
0 1270 3963 4060 5396 5400 5451
0 1271 2946 2973 3950 4249 4960
0 1272 3030 3310 4055 4508 4561 4660
0 1273 5325 5539
0 1274 3093 4245 5174 5526
0 1275 3171 3367 4699 5121 5181 5478
0 1276 3255 3702 5300
0 1277 3610 4524 4800
0 1278 2871 3830 3853 4113 5118 5474
0 1279 4412
0 1280 3690 4234
0 1281 2818 3397 4610 4771 4990
0 1282 3421 3893 4336 5227
0 1283 4347 5350 5533
0 1284 3524 3724
0 1285 3087 3451 3973 4230
0 1286 3218 4228
0 1287 2803 3845 3982 4974 5397 5584
0 1288 3052 3228
0 1289 3812
0 1290 4754
0 1291 3244 4148 4521 5077 5199 5510
0 1292 3431
0 1293 4270
0 1294 4033
0 1295 3292 4463 4919 5503
0 1296 3416 4222 4563
0 1297 4179 4354 4487 5497
0 1298 2849 3323 3890 4012 4540 4776 5287
0 1299 5221
0 1300 3893 4078 4695 4825 5398
0 1301 3172 3829 4694
0 1302 3389
0 1303 3181 3323 3619 3701 3791 4425 4717 4876 5450
0 1304 3085
0 1305 2868 3329 3361 4513 4852
0 1306 3235 3256 3503 4418
0 1307 4778
0 1308 3596 3682 3747 4078 4374 4746 5167 5484
0 1309 3374 4199 4362 4828 4838
0 1310 4051 4564 5027 5319
0 1311 4223 5090 5323 5343
0 1312 3040 4086 4469 5421
0 1313 2987 4303 4342 4348 5088
0 1314 2928 3041 3441 4420 5022 5356
0 1315 3367 4397 4678 4707 5073
0 1316 4101 4738 4944
0 1317 3443 4149 5023
0 1318 2857 3086 3732
0 1319 2954 4375 4546
0 1320 4161 4995 5274 5318 5443
0 1321 4432
0 1322 5366
0 1323 2917 4245 4411 4504 5467
0 1324 3997 4379 4972 5443
0 1325 2828 3169 3480 3599 3625 4368 4919 5051
0 1326 3198 4174 4689 5340 5582
0 1327 3169 3347 4427 4573 4912 4998 5126
0 1328 3231 3728 3845 5503
0 1329 4004 4099 4692 5461
0 1330 4091 4190 4572
0 1331 2955
0 1332 4220 5093
0 1333 3539 4418 4473 5432
0 1334 3783 4547 5071
0 1335 3726 3849 4295 4931 5028 5158
0 1336 5138
0 1337 3045 3350 4400 4908 5275
0 1338 3283 3651 3668 4287 4499
0 1339 3337 4971
0 1340 4896
0 1341 4152
0 1342 3416 4128
0 1343 3262 3597 3728 4416 5177
0 1344 2818 3143 3784 3916 4792
0 1345 2990 2993 5164
0 1346 2970 4461 5342 5422
0 1347 3398 4418 4868 5488
0 1348 2941 3458 3918 5297 5539
0 1349 3103 5094 5408
0 1350 2940 3113 4369 4781
0 1351 3114 3207 3597
0 1352 4078 5543
0 1353 3147 3760 4259 4887 5065 5197
0 1354 2802 3965 5128 5150
0 1355 3796 3953
0 1356 3588 3694 4607
0 1357 3192 3356 3666 4671
0 1358 3518 4264 4490 5152
0 1359 2997 3124 3667 4068 4109 4269 4376 5039
0 1360 4710 5588
0 1361 4384 4929 5343
0 1362 3460 3811 4466 5033 5407 5418
0 1363 3586 4539 4838
0 1364 2805 4798 4886 5050 5342
0 1365 3321 3796 4641 5583
0 1366 3179 3275 4852 5157
0 1367 4074 4142 4278 4464 4566 5286 5552
0 1368 3805 4265 5264 5326
0 1369 2809 2837 3807
0 1370 2858 3574 4228 4625
0 1371 2955 4531
0 1372 3466 3498 3586 3879 4159 4620 4727 5082
0 1373 3369 3958 4477
0 1374 4360 4533 4576 5011
0 1375 3926 4158 5463
0 1376 3196 4201 4716 5396 5418
0 1377 3601
0 1378 4249 4443 4744 5150 5507
0 1379 5261
0 1380 2887 2959 3777 4424 4449 4511
0 1381 3427
0 1382 2996 3313 3485 4992
0 1383 2920 3650 3651
0 1384 3230
0 1385 5147 5330
0 1386 3049 3712
0 1387 3311 3680
0 1388 3500 3735 3970 4206 4685 4761 4764 5236
0 1389 2953 3524 3856 3902 5034 5232 5342 5356
0 1390 2955 3511 4239 4317
0 1391 3147 4477 4605
0 1392 2833 4717 4807 4912
0 1393 3474 4844 5383
0 1394 3143 5515
0 1395 3297 4828 4945
0 1396 2981 3047 3511 5090
0 1397 3066 3369 4031 4282
0 1398 2867 3077 4025 4319 4540 4643 4646 5182
0 1399 4617
0 1400 4820
0 1401 2911
0 1402 3795 4483 5246 5572
0 1403 3830 4655 5559 5561
0 1404 2938 2980
0 1405 2997 3219 3430 5263
0 1406 3178 3360 3543
0 1407 3422 4672
0 1408 3638 3779 5106 5261
0 1409 2852
0 1410 3075 3637 4536 4683 5396
0 1411 5270
0 1412 3062 3422 4192 4734 5056 5215 5599
0 1413 4900 5097 5200
0 1414 2957 4094 4728 5278
0 1415 3893 4066 4524 4739 5089 5409
0 1416 4954 5263
0 1417 3280 3562 4509 5455
0 1418 3876 3920 4671 5221 5500
0 1419 4040
0 1420 3491 3535 4618 4908
0 1421 3732 3958 4533 4535
0 1422 3716 4206 4336
0 1423 3125 3936 3941 5429
0 1424 3332 3614 3701 5198
0 1425 4097 4591 5513
0 1426 3472 3519 3624 4294 5234
0 1427 5323
0 1428 5079 5506
0 1429 5153
0 1430 4120 5073
0 1431 3475 3743 4068 4162 4711 5344 5405 5484 5594 5599
0 1432 3642 4089 4492 4585 5344 5399
0 1433 2992 3774 5014 5532
0 1434 3229 3268 4145 4146 5239
0 1435 3058 3786 5229
0 1436 3209 3698
0 1437 3549 3843 4740 4893 4972 5178
0 1438 3068 3673 5153
0 1439 3940 4714 4940 5050 5469
0 1440 4584 4880
0 1441 3531
0 1442 3937
0 1443 5541
0 1444 2802 3247 4004 4407 4648
0 1445 3915 4996 5478
0 1446 3090 5439
0 1447 2917 4457 4571 4710 5360
0 1448 3693 4369 4567 4569 4782 5068 5127
0 1449 2852 3598 3604 3791 4389 4408
0 1450 3197 5149
0 1451 3208 3764
0 1452 3574 3604 3656 3942 4334 4407 5276 5582
0 1453 4866
0 1454 3337 5557
0 1455 3279 5573
0 1456 4401 5529
0 1457 2808 3216 4483 4630
0 1458 2849 3201 3618 4535 4997 5093 5511
0 1459 3201
0 1460 3362 3746 5437
0 1461 3541 4407 4653 5047 5256 5366 5404
0 1462 3199 3592 4554 5562
0 1463 3053 5375
0 1464 4495 4704 4754 5102 5112 5191
0 1465 3336 3342 4167 4285
0 1466 3134 3324 3946 4231 4352 4417 5028 5421
0 1467 5563
0 1468 3919
0 1469 3616 4332
0 1470 3110 4123 4573 5188
0 1471 3432 3525 4268 4275
0 1472 2802 2859 3198 3222 4263 5428
0 1473 3288 3548 4640
0 1474 3392 3861 4185 4435 5558
0 1475 4121 4297 4765 4823 4908
0 1476 3297 3452 4181 4999 5061
0 1477 3386 3422 3606 3669 4053 4813 5428
0 1478 2975 4598 5172
0 1479 3306 3825 4181 4580 4992 5482
0 1480 4331 4931
0 1481 2989 3160 5269
0 1482 2958 3577 4875 5056 5094 5444
0 1483 3581 4443
0 1484 2955 3242 4323
0 1485 3340 3499 3855 3985 5037 5134 5144 5280 5407
0 1486 3211 5311 5479
0 1487 3264 5208
0 1488 3408 4160 4475
0 1489 3042 5422
0 1490 3154 5347 5389
0 1491 2876 4566 5445 5530
0 1492 3015 3139
0 1493 2987 3165 4312 5138
0 1494 3157 4161 4409 5017
0 1495 2953 5418
0 1496 3234 3927 4360 4832
0 1497 3084 4256
0 1498 2816 3693
0 1499 3238 3927 4965
0 1500 3767 4659
0 1501 2858 3178
0 1502 3307 4339 5303
0 1503 4895 5505 5555
0 1504 3241
0 1505 2866 2970 4178
0 1506 4449 5303
0 1507 4042 4458 4700 5460 5592
0 1508 3005 5532
0 1509 4263 5061
0 1510 3090 3345 4036 4466 4858 5200 5400
0 1511 3405 3563 4050 4588 5285
0 1512 4023 5297 5594
0 1513 4225 4889
0 1514 3037 3163 3318 3639 4099 5594
0 1515 3288 3911 3978
0 1516 3328 4783 4928 5105
0 1517 4072 4179 4234 4496
0 1518 2847 3005 3480 4649
0 1519 2925 3245 5005 5065
0 1520 2935 3206 3822 4260 4966
0 1521 3008 3436 4705
0 1522 4606 5356
0 1523 4228 5147 5317
0 1524 4033 4240 4289
0 1525 3081
0 1526 2973 3865 4715 5566
0 1527 3189 3417 4472 5185 5471
0 1528 4408 4864 5101 5146 5329
0 1529 3032 3126 4455 4836 5194 5290
0 1530 3534 4386
0 1531 3255 4408
0 1532 2870 3381 3627 3725 3938 4004 4822 5527
0 1533 3101 4138 5370
0 1534 3016 4516 4633 4732 4970 5218
0 1535 4916 5129
0 1536 3080 3572 4664
0 1537 3168 3477 4397 4669 5373 5497
0 1538 4091 4329 4827
0 1539 4677
0 1540 3742 4298 4617 5592
0 1541 3873 4379 4435 5044 5514
0 1542 2814 2865 3629 4376 4407
0 1543 4035 4051 5069
0 1544 3567 4063 4424 5451
0 1545 2987 3115 4504 4613 5538
0 1546 2957 4700 4799
0 1547 4021 5150 5277
0 1548 4021 4153
0 1549 3316 3586 4096 5521
0 1550 4474 4735
0 1551 4282 4690 4977
0 1552 3446
0 1553 3979 4418 4935 5570
0 1554 3442 3772 3789
0 1555 3042 5135 5406
0 1556 4023
0 1557 4704 5032 5112 5147 5214
0 1558 3555 4582 4964 5047
0 1559 3289 4491 5280
0 1560 4265
0 1561 2975 3054 4417 5462 5520 5575
0 1562 5529
0 1563 4465
0 1564 2965
0 1565 3376 4261 5352
0 1566 5095
0 1567 3006 3672 4104 4582
0 1568 2900 4127 4206 4938
0 1569 3594 3695 4876 5439
0 1570 3896
0 1571 3977 4222 4513 4627
0 1572 2993 4573
0 1573 4246
0 1574 4943 5262
0 1575 4476 5080
0 1576 3171 4204 5044
0 1577 3393 3651 4166
0 1578 4512 4850
0 1579 2822 3031 3238 4612
0 1580 3133 3683 4800
0 1581 3537 3985 5262 5420
0 1582 2810 3511 4159 4423 5506
0 1583 3105 5458
0 1584 2839 2877 4215 4636 5118 5526
0 1585 4660
0 1586 3565
0 1587 2866 3370 3398 3958 4856 5575
0 1588 4952
0 1589 5563
0 1590 3270 3694 4100 4282 4471 4724 5148 5272
0 1591 3414 4021 4358 4939
0 1592 4114 4384 5344 5416
0 1593 4613 5138 5158
0 1594 3410 4397
0 1595 3766 4393 4931
0 1596 4707 4802
0 1597 3162 4824
0 1598 4340 4863
0 1599 2933 4217 4297 4369 4491
0 1600 2834 3388 3627 4366 5589
0 1601 3962 5053
0 1602 2950 3047 3331 3782 4877 5493
0 1603 2939 3627 3756 5200
0 1604 3284 3313 3541 4108 4492 4897
0 1605 2998 5081 5430
0 1606 2914 3631 4040 4086
0 1607 2900 4169 4718 4830 4960
0 1608 2924 3381 5401
0 1609 3591 5169
0 1610 3289 5199 5569
0 1611 4189 5023
0 1612 2813 3896 4747 4954
0 1613 3690 3697 3799 4010 4523
0 1614 3343 3506
0 1615 3302 3741 5428 5594
0 1616 3950
0 1617 3281 3303 4347
0 1618 3960 4500
0 1619 4088 4313 5338
0 1620 3244 3293 3547 3629 3902 3926 4051 4955
0 1621 3677 4806 4954 5126
0 1622 5012 5049
0 1623 2998 3364 3941 4410 5115 5126
0 1624 3747 4652
0 1625 3410 4998
0 1626 2917 3697 3751 4920 5231
0 1627 4138 5165 5354
0 1628 2931 3077 3532 4411 5392
0 1629 4243 5354 5379 5587
0 1630 2908 3049 3847 4605
0 1631 4163 4398
0 1632 3265 3663 3745 4814
0 1633 3053 4470 4709
0 1634 4442 5082 5340
0 1635 3679 4092 5081 5255 5419
0 1636 3162 3450 4543 5406
0 1637 4042 4054 4139 4362
0 1638 3476 4761 4911
0 1639 3839 3947 4545 4864 5222
0 1640 3213 3350 3668 4291 5416
0 1641 4791
0 1642 2955 3639 3788 3883 3999 4122 4593
0 1643 4177 5156 5188
0 1644 4736
0 1645 3189 3502 3562 4894 5193
0 1646 3913 4404
0 1647 2810 3235 3858 3963
0 1648 3058 4319
0 1649 3119 3696 4356 4889 5150 5203
0 1650 3253 4076 4097 5088
0 1651 2852 3690 4118 4381 4679 5586
0 1652 2969 3324 3664 3917 4205 4284
0 1653 2935 3239 3252 5448
0 1654 4467 4510 4517 4542 5010
0 1655 3363 3714
0 1656 3020 3307 4311 4511
0 1657 4391 5008
0 1658 3308 3701 4012
0 1659 2845 3253 3597 4026 4488 4531
0 1660 3142 3209 3330 4117 4674 4898 5555
0 1661 4250 4527 5430
0 1662 3188 3226 4321 4394 5081
0 1663 3476 3751 5499
0 1664 3179 3924 4279 4318 5047
0 1665 3279 3674 3942 4742
0 1666 4746
0 1667 4609 4827 4975 5053
0 1668 4820 4982 5002
0 1669 3240 3774 3980
0 1670 3038 4310 5129 5444
0 1671 2808 3451 4674
0 1672 2878 3125 3311 4067 4354 4537 4838 4845 5519 5578
0 1673 3427 4786 5276 5399
0 1674 3405 4030 4466 4487 4811 5556
0 1675 2845 3640 4301 4483 4823 4852 5072
0 1676 3788 3938 3958 4040 4316 4737 4912
0 1677 3859 3926 4475 5105 5390
0 1678 4647
0 1679 3137 3288 3503 3842 3863 4929 5167
0 1680 3068 3281
0 1681 4429 4817
0 1682 3944 4114 4474 5023
0 1683 3233 4938 5351
0 1684 4012 4919
0 1685 3270 4060 4308 4417
0 1686 4070 4181 4840
0 1687 3122 3287 4416 4486 4850 4990 5298
0 1688 3083 3123 3822 5062
0 1689 3019 3394 3617 4609 4810
0 1690 3147 3776 3803 5361 5414
0 1691 2939 4300 5534
0 1692 3388 4272 4609 4688 4744 4911 4923
0 1693 5271
0 1694 3291 3470 3515 3725 3745 3754 4162 4675
0 1695 2964 4085 4270 4932
0 1696 2900 3075 3128 3132 3593 4337 5268 5338
0 1697 3241 3435 3923 4913
0 1698 3366 3430 3445 4233 4363 5338
0 1699 4434
0 1700 3339 3637 4882 5343
0 1701 2938 3330 4136 4552
0 1702 3052 3561 4128 4736 4959
0 1703 3773
0 1704 3629 3750
0 1705 4092 5089 5448
0 1706 2811 2926 3495 3802 3973 5338
0 1707 3509 3962 4405 5285
0 1708 3566 3625 4117 4696 4778 4819
0 1709 3404 4247 5136
0 1710 3003 3622 4465 4563 5312 5422
0 1711 4419 5418
0 1712 2976 3579 3670 4360 4437 5404 5519
0 1713 4044 4788 5505
0 1714 2986 3124 4015 4515 4586 5015
0 1715 3252 3272 3779 5085
0 1716 3355 5111 5260 5460
0 1717 3160 4257
0 1718 3196 3596 5215
0 1719 4598 4863 5095 5483
0 1720 2905 4481 5164 5496
0 1721 2843 3076
0 1722 3749 4655 4982 5095 5279
0 1723 3392 3719 4715
0 1724 3643 5523
0 1725 3121 3189 4777 5587
0 1726 2884 3543 4088
0 1727 3938
0 1728 4461 5161 5240
0 1729 3886 4566 5342
0 1730 2810 3180 3613 5109
0 1731 3462 3766
0 1732 3744 4345 5170
0 1733 3020
0 1734 5040
0 1735 3523 4951 5237 5515
0 1736 2894 3010 3988 4092 5587
0 1737 3467 3924 4515 4597 4674 5186 5541
0 1738 3853
0 1739 3950
0 1740 3393 4082
0 1741 3616 3749 4764 4773 5517
0 1742 3076 3429 3838
0 1743 3962 4174
0 1744 2861 3751
0 1745 2989 3725 4122 4195 5384 5556
0 1746 4739
0 1747 2911 2953 3388 3794 4026 5365
0 1748 2926 5038
0 1749 3584 3932 4072 5270
0 1750 3174 3769 3800 5203
0 1751 3249 4410 4503 4551 4730 4914
0 1752 2950 3554 3566 4827 5546
0 1753 2864 3360
0 1754 3217 3387
0 1755 2811 2927 3025 3344 3819 3981 4611 4719 5374
0 1756 3822 3836 4473 5113 5175 5318
0 1757 4752 4759
0 1758 3186 3454 3531 3616 3633 4011 4784
0 1759 2800 3315 3891 4044 5337
0 1760 3834 4169 4456 4538
0 1761 3487 3585 4596
0 1762 2999 3735 4089 4770 5152 5278 5462
0 1763 3232 5256
0 1764 2906 3184 4098 4225
0 1765 4192 4234 4510 5065
0 1766 3717 4718 4824 4889
0 1767 3160 3211 3615 3768 3787
0 1768 2914 3027 3586 4396 5179
0 1769 3036
0 1770 4561 5172 5585
0 1771 3904 4151 4217
0 1772 3516 4467 5111 5307 5480
0 1773 3741 4734 4886 5198
0 1774 3266
0 1775 2845
0 1776 4888
0 1777 3083 3244 3794 3840 3919
0 1778 2935 3181 5155 5263
0 1779 4190 5455
0 1780 3580 4371 5529
0 1781 3068 3635 3796 4201 5500
0 1782 4126 4369 5366
0 1783 3029 3400 4904
0 1784 3997 5096 5410
0 1785 4196 4594 5152 5399
0 1786 3959 4271 4666 5482
0 1787 4848
0 1788 2905 4047 5547
0 1789 2960 4120 4197 4709
0 1790 3431 4471 4513 4829 4882
0 1791 3005
0 1792 4183 4683 4795 5297
0 1793 3080 3873
0 1794 2943 5576 5586
0 1795 3946 4591
0 1796 3328 5052
0 1797 3750 3956 3970 4279 4351 5081
0 1798 3219 3534 4061 4800 4933 5345
0 1799 2831 3875 5112
0 1800 3521 5325 5339 5466
0 1801 3213 3978 3980
0 1802 3774 4282 5407
0 1803 3622 4770
0 1804 5293 5373 5515 5581
0 1805 3482 4810 5128 5254
0 1806 3382
0 1807 3035 4769 5340 5427
0 1808 4220 4334 5362
0 1809 4161
0 1810 3292 4343 4579 4820 5338
0 1811 3185 3283 5370
0 1812 3139 4018 4674 4852 5370
0 1813 3467 3537 4952
0 1814 4717 5184
0 1815 3046 3331 4010 5007 5169 5427 5496
0 1816 2825 2988 3071 3269 5503
0 1817 2997 3302 3318 3819 4425 5210 5265
0 1818 3423 3445 3455 3518 3834 4216 4596 5297 5553
0 1819 3198 3235 3770 4609 4790 4951 5298
0 1820 3164 3574 3815 3936 4485 4646
0 1821 3410 3947 4251
0 1822 3894 4278 4768
0 1823 4729 4805 4865
0 1824 3348
0 1825 2865 3296 4903
0 1826 3198 4171
0 1827 3915
0 1828 4870 4979
0 1829 3648 4050 4127 4379 5177 5522
0 1830 3198 3775 3875 4082 5257 5277
0 1831 3034 4852
0 1832 3106 3307 4644 5266
0 1833 2891 3145 3842 3893 4336 4773
0 1834 3353 4948
0 1835 3670 4356 4886
0 1836 3661 4168 5001 5398
0 1837 2885 4898 5067
0 1838 4789 4901 5206
0 1839 3048 3301 4124 4175 5405
0 1840 2913 3331 3945 5174
0 1841 4630 5362
0 1842 3633 5519
0 1843 3631 4953 5474
0 1844 3613 3972 4109
0 1845 2817 3321 3606 5162
0 1846 2867 3335 3689 3976 4422
0 1847 3308 3408 3495
0 1848 5045
0 1849 3713 3962 5171 5191 5352
0 1850 2804 3034 3360 4155 4900 5052
0 1851 2863 2996 4848 5409
0 1852 4931 5523
0 1853 3336
0 1854 3648 3818 3880 4271
0 1855 3154
0 1856 3733 4000 5053
0 1857 3132 3940 4511 5097 5392 5537
0 1858 2958 3159 3628 3725 5273
0 1859 5503
0 1860 2899 3728
0 1861 3448 3932 4960
0 1862 2840 2956 2978 3945 4662 4973
0 1863 2936 4009 4632 4748 4964 5234
0 1864 5277
0 1865 3492 4491 4555 5546
0 1866 2996 3232 4506
0 1867 3566 3725 4766
0 1868 2890 4171 4442
0 1869 3107 3496 3691 3885
0 1870 3404 5109
0 1871 4427 4558 5476
0 1872 3023 3424 4629 5585
0 1873 3559 4006 4166 4486 4995
0 1874 3755 4433
0 1875 3448 4104 4209 4843
0 1876 3967
0 1877 2816 3060 3536 3990 4318 5451
0 1878 3662 4645 5361
0 1879 4631 5121 5228
0 1880 2897 3751 4940
0 1881 2936 4762 4826 5393
0 1882 3082 3947 4611
0 1883 3116 3210 3515 4278 5126
0 1884 2995 4800
0 1885 3171 3204 4081 4967 5174 5186
0 1886 3396 3671 3986 4184 5039 5107 5233 5262
0 1887 2998 3127 3655 5159
0 1888 3001 4776 5106
0 1889 3719 4088 4627 4765 4965
0 1890 3704 4309 4822 4861
0 1891 3156 3274 3651 3699 4186 4246 5581
0 1892 3415 3478 3678 4153
0 1893 3314 3729 5096 5434
0 1894 4334
0 1895 3183 3391 3813 4252
0 1896 3481 4484
0 1897 3012 3486 3666 3801 4673 4955
0 1898 4273 4320 4767
0 1899 2964 3273 4292 4468
0 1900 3735 4316 5461
0 1901 3222 4092 4652 4722
0 1902 3422 3430 4105 5328
0 1903 3227 4067 5148 5177
0 1904 3318 4402 4569
0 1905 4161 4355 4421 4609 5465
0 1906 2860 3424 3628 4574
0 1907 3769 3897 4819
0 1908 3145 4327 4441 4615 5513
0 1909 2935 3515 3903 4175 4633 5425
0 1910 4091
0 1911 3021 3965 4728 5275 5427
0 1912 3407 3543 4237
0 1913 3663 5293 5371
0 1914 4474 4544 4869
0 1915 2945 3442 4122
0 1916 3243 3276 3455 4650 5103
0 1917 3900 4087 4337 4717 4831 5018
0 1918 3654 4588 4915
0 1919 2885 3577 3855 5580
0 1920 4768 4797
0 1921 4180 5245 5269 5395
0 1922 3080 3864 3920 4297
0 1923 2845 3267 3420 4724 4848
0 1924 2830 2982 3670 3881
0 1925 3305 4449 5232 5351
0 1926 2901 4728 5257
0 1927 3038 3078 3505 4606 4904 5027
0 1928 3180 3433 3538 3788 4635 5326
0 1929 3308 5365 5508
0 1930 3448 4303 5204
0 1931 4307 4400 4805 5020
0 1932 3427
0 1933 3069
0 1934 2836 3563 4571 4787
0 1935 3621 5057
0 1936 3093 4321
0 1937 3293 4590 5093
0 1938 4393 5309
0 1939 3268 3303 5041
0 1940 3962
0 1941 5006
0 1942 3413 3818 4159
0 1943 4860
0 1944 3371
0 1945 5103 5130 5265
0 1946 3456 3993 4605
0 1947 2829 3664 3999 5188 5257
0 1948 3668 3895 5502
0 1949 3028 3033 3677 4083 4617 5338
0 1950 4264 4764
0 1951 2888 3067 3630 4854 5110
0 1952 2895 3108 3750 3908
0 1953 3425 3670 5271
0 1954 5369
0 1955 2932 3096 4531 4874 4916 4930 5296
0 1956 3007 4902
0 1957 4491 4631 4950
0 1958 3037 3326 3406 4532 4576
0 1959 2808 2853 2916 5111 5178 5285 5499 5528
0 1960 3054 3929 3990 4593 5095 5463
0 1961 3533 4578 4802 5451
0 1962 2953 3781 5175 5319 5347
0 1963 2827 4824
0 1964 3472 3561 3647 4006 4829 5465
0 1965 4015 5401
0 1966 3141 3453 3789 4220 4295 4535
0 1967 3114 3351 5527
0 1968 2838 3252 3528 3799 4232
0 1969 3884 5025 5161
0 1970 4316 4724 5235 5286
0 1971 4582 4835
0 1972 4230 4541 5494
0 1973 4297 4878 5141
0 1974 5159
0 1975 3310 3936 4753 4794
0 1976 3182 3229 3795 3956 4599 4650 5238
0 1977 2974
0 1978 2997 4645 4855 5013 5102
0 1979 2932 3350 3381 3675 3708 4606 4759 5581
0 1980 5296 5471
0 1981 3881 5195
0 1982 2812 4406 5209
0 1983 3221 3361 4617
0 1984 4613 5452
0 1985 2932 4610 5372 5504
0 1986 3345 3608 3834 4448 5155
0 1987 2967 3006 4015
0 1988 3961 4260 4442 4564 4793 5130
0 1989 2803 3971 3989 4055 4137
0 1990 3546 4713
0 1991 4785 5261
0 1992 3872 5546
0 1993 3009 3932
0 1994 3358 3913 4111 5514
0 1995 3706 4343 4398 5139 5535 5552
0 1996 2908 5135
0 1997 4560 4946 5122
0 1998 2851
0 1999 4140 4506
0 2000 3276 3519 3979 5586
0 2001 2930 3410 5292
0 2002 5121 5458
0 2003 3988
0 2004 2912 4426 4565
0 2005 4180 4471 4479
0 2006 3629 4649 4849 5558
0 2007 2902 3073 3271 3272 3796
0 2008 4608 4727
0 2009 2943 3435 4144 4547 5534
0 2010 5253
0 2011 3987 4938
0 2012 2918 3072 3595 3725 4084 5554
0 2013 3132 4227
0 2014 3170 3419 3976 4064 4095 4147
0 2015 3081 3775 4690 4758
0 2016 3456 3615 3895
0 2017 3613 3650 4003 4717
0 2018 3442 4414 4617
0 2019 3291 4629 5263
0 2020 2990 4782 5161 5179
0 2021 2867 3406 4050 4123
0 2022 2833 4832 5007
0 2023 3276 3511 4634
0 2024 4125 4519 4669 5459
0 2025 4476 5128
0 2026 3114 3709 3821 4447 4633 4752 5137
0 2027 4225
0 2028 2863 4223 4961 5476
0 2029 4048 5005
0 2030 3518 3583 4577 5038 5142 5335
0 2031 3524 4660
0 2032 3113 3654 4267
0 2033 2950 3296 3904
0 2034 4444
0 2035 3080 3457 4028 4885
0 2036 4035 4439 4777 5295
0 2037 4419 4470 4955 5405
0 2038 3271 3484 3889 4036 4477 4835 5103 5133
0 2039 3901 4023 4315
0 2040 3523 4002 4019
0 2041 2986 3252 4112 4141 5474
0 2042 4166 5244 5415 5477
0 2043 4029 5050
0 2044 3134 3403 3664 3685 4511 4717 4880 5067 5165
0 2045 3061 4017
0 2046 4992
0 2047 3091 3945 4031 5088 5304
0 2048 4212
0 2049 3019 3058 3923 4032
0 2050 3225 3512 3703 4448 5468 5499
0 2051 3310 4307 4998
0 2052 5462
0 2053 3026 3214
0 2054 3756 4836 4870
0 2055 3653 4344 4870 4995
0 2056 3465
0 2057 3385 3403 3488
0 2058 3533 4016 4066
0 2059 3469 5061
0 2060 3520
0 2061 3531 3613
0 2062 3193 4312 5265
0 2063 2898 3697 4469
0 2064 5185 5455
0 2065 2822 3459 3475 4527 5164
0 2066 2823 4213
0 2067 3783 4434 4921
0 2068 4308 4863
0 2069 3178 3380 3642 3712 5200
0 2070 4197 4659 4854 5465
0 2071 3270 4449
0 2072 2973 3810 4239 5188 5207 5262
0 2073 3989
0 2074 4040 4119 4628 4934
0 2075 3138 3833 4093 4494 4777 5147
0 2076 2855 3025 3195 3719 3864 3900
0 2077 2990 4536 4842 4874 5525
0 2078 3769 4659 4886 5277
0 2079 2943 2972 3171 3457 4578
0 2080 4354 4462 5041
0 2081 3266 4289 5057
0 2082 3835 3853 4155 4997 5034 5367
0 2083 3106 3619 3734 5314
0 2084 3059 3552 3636 4124 5076
0 2085 2907 3619 4339
0 2086 4609 4925
0 2087 3194 3633 4106 4128 4376 4627
0 2088 3148 4350 4471 4518 4737 4970 5224
0 2089 2888 3280 3949 4115
0 2090 3266 5076 5117 5422 5577
0 2091 3986 5165 5384
0 2092 2828 3209 3607 4055
0 2093 3770 4336 4393 4622
0 2094 4994
0 2095 2857 3120 3764 3976 4155
0 2096 3023 3710 4560 4613 4630 5010
0 2097 2906 3470 3935 5114 5549
0 2098 2831
0 2099 3937 3942 4240 4425 4565
0 2100 5076
0 2101 3257 3442 4844
0 2102 3485 3699 4324 4475 4935 5587
0 2103 3879 3925
0 2104 4904 4905
0 2105 2902 5515 5569
0 2106 4057 4140
0 2107 3149 3164 3524 4277 4409 5485
0 2108 3144 3368 3806 4073 4457 4524 4847
0 2109 2898 4213 4371 4848 5347 5463
0 2110 2989 3233 3322 3903 4312 4367 5009
0 2111 3207
0 2112 3187 3589 3791
0 2113 3857 4689
0 2114 2848 2884 4988 5380 5396
0 2115 4744
0 2116 4236 4427 4927
0 2117 3307 3728 4426
0 2118 2989 4776
0 2119 4050 4201 4249 4256 4427 4744
0 2120 2827 3170 3934
0 2121 3763 4267 5271
0 2122 2959 4210 4775
0 2123 3378 5573
0 2124 2962 3664 3854 5190 5329
0 2125 2887 4871
0 2126 2891 4090 4753
0 2127 2806 2852 3888 4125
0 2128 3046 3273 4550 4913 5313
0 2129 3707 4426 4696 5144
0 2130 3570 4013 4592
0 2131 4395
0 2132 3044 3736 4253 4437 4766
0 2133 3592 3857
0 2134 5204
0 2135 5152
0 2136 3823 4394
0 2137 5032
0 2138 3177 3784
0 2139 2937 4006 5376
0 2140 3106 4372 5554
0 2141 3750 4502 4684
0 2142 3173 3663 5506
0 2143 4601 5417
0 2144 3921 4697 4977
0 2145 4131 4416 4477 5330 5462
0 2146 3035
0 2147 2981 3086 3275 4350
0 2148 3878 4088 4536 4550 4608 4907 5529
0 2149 4490 5414
0 2150 3162 4346
0 2151 3205 3250 4246 5266
0 2152 3310 5156
0 2153 3083 3965 5196 5552
0 2154 3029 4920 5049
0 2155 5483
0 2156 3072 4212 4460 4490
0 2157 3500 3949 4306 4325 4924
0 2158 4355 4624 5024 5194
0 2159 4121
0 2160 3893 4649
0 2161 3783 4463 4509 4589
0 2162 3340 3428 3643 4202 5274 5496
0 2163 2833 2882 3490 3682 3726 4025 4773
0 2164 2849 3378 3584 3894 4291 4346 4383 4439
0 2165 2947 3065 3645 3878 4053 5275 5578
0 2166 3206 5111
0 2167 2911 3533 3848 4204 4863
0 2168 4354 5349
0 2169 3036 3348 4940 4976
0 2170 2815 2874 3504 5594
0 2171 3191 3394 3515 3608 3926 4265 4612
0 2172 3463 3644 3747 3954 4794 4861 5520
0 2173 4513
0 2174 2947 3618 3704 3823 5021
0 2175 3853
0 2176 3137 3215 4153 4572 5486
0 2177 2939 3006 4770
0 2178 2949 2994 3520 3957 5174 5568
0 2179 3682 4966
0 2180 3668
0 2181 3392
0 2182 3034 3786 3947 4069 5059 5175
0 2183 3296 3936 4313 4759 5372
0 2184 3766 3963
0 2185 3657
0 2186 3340 4998
0 2187 3711 3985 4733
0 2188 3665 5138 5272
0 2189 2812 2918 3058
0 2190 5177
0 2191 2920 3716 5320
0 2192 3316 4739
0 2193 3028 3842 4410
0 2194 5097
0 2195 3910 4821 5178
0 2196 3388 4603 4623 4998
0 2197 5122
0 2198 4097 4602
0 2199 3212
0 2200 3421 3579 3863 4814
0 2201 3392
0 2202 4085
0 2203 2998 3391 4565
0 2204 3407 4603
0 2205 3555 4517 4524
0 2206 3893 4030 4771 4886 5220
0 2207 3950
0 2208 3246 4428 4546
0 2209 2802 3083 3135 3547
0 2210 4363 4507 5001
0 2211 2855 3720 4049 4672 5335
0 2212 3269 3876 4219 4702 5475
0 2213 3904 3983 4501 4684 4805
0 2214 2927 3107 3111 4073 4488 4503 5270
0 2215 2802
0 2216 4254 4768
0 2217 2946 3247 4270 4687
0 2218 3254 5375
0 2219 3770 5063 5297 5476
0 2220 3029 3054 3193 3403 3762 4708 5246 5408
0 2221 3254 3586 5008 5272 5485
0 2222 3026 3053 4770 4886 4902
0 2223 3286
0 2224 2898 4144
0 2225 4520 5116
0 2226 4073 4288 4338 4833 5402
0 2227 2819 3051 3102 3323 3864 4857 4862
0 2228 3050 3316 4739
0 2229 2903 3450 3660 3988 4313 4970
0 2230 3848 4227 4243 4391 5180 5381
0 2231 3832 4537 4823 5063
0 2232 4201 5385
0 2233 3546 3900 4786 4986
0 2234 4051 4789 5105
0 2235 4241 4495 4538 5078
0 2236 2823 3929 4323
0 2237 2991 3258 4872 4893 4996
0 2238 4208 5069
0 2239 3671 5216 5577
0 2240 3721 4027 5361
0 2241 3650 4403 4673 5305
0 2242 3577 4232 5015 5057
0 2243 4035 4203 4474 5102 5372 5392 5578
0 2244 3782 3806 4820 4947 5558
0 2245 2843 3822 4305 4357
0 2246 3024 5274
0 2247 4826 4905
0 2248 3384 3732 4841 5072
0 2249 3848 4147 4776 5592
0 2250 3393 5479 5502
0 2251 3136 3946 3982 4174 5363
0 2252 2939 3056 3457 4416 5243
0 2253 3921 4666 4673 5364
0 2254 3336 3611 3617 4237 4242 4651
0 2255 3413
0 2256 3137 3829
0 2257 3934 4273 4374
0 2258 2805 2824 2897 3780 3809
0 2259 3112 4562 4868
0 2260 3229 3937 5091
0 2261 4969
0 2262 3566 3797 3902 4339 4652
0 2263 3110 3428 3844 5146 5507
0 2264 2819 2940 3534 4546 4673 5542
0 2265 4021
0 2266 4035 4419
0 2267 3541 3611 3829 4737 5501
0 2268 3367 3472 3538 4567 5251
0 2269 3847 4151 4826
0 2270 3365 4405
0 2271 5087 5212 5473
0 2272 3108 3552 5468
0 2273 3291 3437 4110 4965 5204 5405 5422
0 2274 4179 4255 4496 5024
0 2275 4389 5153 5271
0 2276 4450 4750
0 2277 3694 4002 4158 5209
0 2278 2874 3808 3868 5525
0 2279 3991 5191
0 2280 3243 4555 5270 5414 5585
0 2281 2877 3043 3369 4749 5044
0 2282 3307 4577
0 2283 3223 3662 5165 5298 5387
0 2284 2967 3159
0 2285 3277 3606 4951 5283 5320
0 2286 3468 3492
0 2287 3178 3204 3886 3990 4896 5226 5260
0 2288 3431 4890
0 2289 2871
0 2290 3041 3084 3465 3761 4428 5028
0 2291 2868 5095
0 2292 2898 3698 3700
0 2293 3200 4087 4337 4462 5045
0 2294 4810 5385
0 2295 4179
0 2296 3706 4319 5306
0 2297 2880 3471 3901 4979
0 2298 2969 3260 4528
0 2299 2855 5176
0 2300 3080 4082 4423 5268
0 2301 3389 3784 4642 5033
0 2302 3715 3833 4608 4979 5080
0 2303 3132 4770
0 2304 3813 3935 4600 4616 5568
0 2305 3754 4051 4473 5176
0 2306 3212 3829 3874 4763 5084
0 2307 3202 4430 4568 4804 5182
0 2308 3729 3866 4894
0 2309 2901 3706 3732 4026 4926
0 2310 3948 4416 4950 5371 5586
0 2311 3256 4503 4907 4998 5377
0 2312 3140 3419 4463 5390
0 2313 4404
0 2314 3016 3178 3261 3412 4522
0 2315 3037 3127 3953 4115 4542 5480 5583
0 2316 3205 4682
0 2317 4144 4623 5418
0 2318 2829 3667 3976 4013 4190
0 2319 3014
0 2320 3289 4346 5471
0 2321 5457
0 2322 5093
0 2323 2907 4263 4467 4726
0 2324 3334 4195 4646 5236
0 2325 4015 4562 4634 5370 5593
0 2326 3299 4617 4649 5393 5397
0 2327 3738 4846
0 2328 3253 3410 3487 3488 5237
0 2329 3558 3614
0 2330 3218 3484 3938 3983
0 2331 3399 4109 5543
0 2332 2861 3299
0 2333 2873 2969 2977 3068 3837 4065 4999 5570
0 2334 3124 3145 3303 3362 3976 4456 4818 5448 5589
0 2335 3584 3817 4330 4607 5018
0 2336 3716 4449 4957 5450
0 2337 2804 3544
0 2338 2979 3680 4028 5213
0 2339 3445 3664 5508
0 2340 4385 4645 4706
0 2341 3215 4120 4954 5468
0 2342 3392 3550 4097 4657 4870 5485 5574
0 2343 3220 3671 3947
0 2344 4872 4978 5045
0 2345 3317 3790
0 2346 3586 3621 3671 3732 4099
0 2347 3405 3862 3967 4300 4777 4816
0 2348 3238 3996 4167 4435 4492 4935
0 2349 4939 5279
0 2350 3014 3449 3720 4820 5315 5353
0 2351 3379 5419
0 2352 2898 4625 5041
0 2353 3268 4068 4115 4209 4854
0 2354 2950 3845 3977 4638
0 2355 3130 3452 4298 5159 5451
0 2356 2946 3297 3315 3651 4879
0 2357 3065 4228 4374
0 2358 3183 4021 4116 4679 5137
0 2359 2906 3519 3824 4006
0 2360 4037 4739
0 2361 3081
0 2362 2805 3178 4067 4188 4847 5196
0 2363 3518 3878 5539
0 2364 3167 3202 4444 5205
0 2365 3007 4279 5024
0 2366 3031 3673 4717 5150
0 2367 3387 3811 4314 5116
0 2368 3530 3808 4345 4431 5105
0 2369 2809 3062 3638 3984 4118 4425 4998
0 2370 4846
0 2371 3076 3625 3966 4137 4329
0 2372 3367 4521 4546
0 2373 2856 3867 4172 5282
0 2374 3901 4250 4467 4582
0 2375 3712 4879
0 2376 3331 4062 4618 4654 4784 5288
0 2377 4173 5292 5503
0 2378 4150
0 2379 4924
0 2380 3428 3783 4177 4586
0 2381 4157 5475
0 2382 3363 3734 3814
0 2383 4376 4478 4598 4890 5157 5247
0 2384 4285 4706
0 2385 3214 3323 4207
0 2386 4010 4556 5366 5431
0 2387 4249 4913 5043
0 2388 4002 4101 4977 5369
0 2389 3114 4008 5306
0 2390 3491 4445
0 2391 2870 5232
0 2392 3285 3723 5192
0 2393 3914 4668 5414
0 2394 4888 5115
0 2395 3861
0 2396 4230
0 2397 5316
0 2398 3773 4084 4578 4735
0 2399 4486 4800
0 2400 4480 4516
0 2401 5184
0 2402 2904 3035 5209 5397
0 2403 3419 4857 4895
0 2404 4516 5037 5097 5117 5525
0 2405 3335 4739 5319
0 2406 2813 3034 3503 3780 4145 5433
0 2407 4914 4971 5127 5313
0 2408 3528 4004 4973 5088
0 2409 3711
0 2410 3744 5484
0 2411 3141 3678 5137
0 2412 2994 3178 3770 3810 3868
0 2413 3344 3967
0 2414 2880 2953 3186 4133 5228
0 2415 3196 3354 3768 4099 5013
0 2416 3270 3876
0 2417 4685 5061
0 2418 3913 4105 4199 4321
0 2419 2801 3753 4285 4853 5000
0 2420 2812 2822 3374 3450 4742 4766 5157
0 2421 3920 4293 4772 5472
0 2422 3518 4384
0 2423 5331
0 2424 2986 3233 3356 3551 3678 4256 4352 4542 4910
0 2425 2836 3007 3631 3862 4961 5428
0 2426 3294 3794 5077 5262 5289 5351
0 2427 3591 5297 5307
0 2428 5341
0 2429 3346 4583
0 2430 2922 3561 4581 5565
0 2431 2904 3987 4872 4911 5541
0 2432 3930 4097 4251 4950
0 2433 2845 4525 5075
0 2434 3697 4737 5300 5586
0 2435 2903
0 2436 3443 4416 4595 4794 5059 5276
0 2437 2918
0 2438 3085 3407 5195 5445 5570
0 2439 4426 4433 4488 4917
0 2440 4190 4848 5362 5489 5579
0 2441 3248 3519 3768 4173 4617 5114
0 2442 2843 2976 3909 4210 4673 5305 5416
0 2443 4735
0 2444 2960 3044 3190 3539 3660 3751 4615 4952
0 2445 4497 5211
0 2446 2845 3016 3290 3535 4306 4580
0 2447 2942 3827
0 2448 2914 3076 3847 4017 4269 4805
0 2449 3440
0 2450 3250 4138 4173
0 2451 4962
0 2452 3234 5302
0 2453 3370 4373 5356
0 2454 4566 4892 5280
0 2455 3328 3489 4798 5071 5375
0 2456 3368 4076 4106 4901 5404
0 2457 3516 4441 4542 4554 5206 5219 5308
0 2458 2896 5049 5222
0 2459 2854 5502 5535
0 2460 3043 3935 4145 5157
0 2461 4224 4524 4938
0 2462 2834 3700 3736 4092 4271 4351 5091
0 2463 3639 4202 5284
0 2464 4149
0 2465 4376 4571 4808 5512
0 2466 2881 4309 4479 5415 5582
0 2467 3535 4417
0 2468 3186 4916 5402 5529 5535 5550
0 2469 3584 4217 4668 5483
0 2470 5385 5561 5578
0 2471 2891 4174
0 2472 4320 4902 5119 5186 5411
0 2473 3718 3913 4690 4764 4941
0 2474 2918 5157
0 2475 3582 3948
0 2476 3205 3370 4230 4482 4899 5267
0 2477 3472 4150
0 2478 4262
0 2479 3552 4813
0 2480 4705 4772
0 2481 2907 4769 5312 5325 5564
0 2482 4367 4745 5417
0 2483 3778 5391 5464
0 2484 2979 3464 3985 4799
0 2485 2901 4392 4783 5519
0 2486 3600 3923 4623
0 2487 4615 4762 4834 5440
0 2488 3414 4458 5270
0 2489 3149 3245 4611 4959 5522
0 2490 2889 3272 3362 3923 4853
0 2491 3563 4656
0 2492 3227 3589 3818 4812 4862 4993 5126
0 2493 3404 4207 4213 4861 5243
0 2494 4108 4174 4642 4972
0 2495 3341
0 2496 3000 3360 3507 3540 4138 4473 5163
0 2497 3102 3267 5269
0 2498 3048 3133 3597 4219
0 2499 4162
0 2500 4263 4819 5251
0 2501 3332 4128 4281 4378 4406
0 2502 3801
0 2503 2831
0 2504 3781
0 2505 3985 4777 5017 5470
0 2506 2935 3318 4661 5014 5419
0 2507 3961 4847
0 2508 2954 3186
0 2509 2875 2943 3192 3730 3967 4322 4561 5259 5509
0 2510 2969 3314 5480
0 2511 5286
0 2512 4040 4697 5439 5574
0 2513 4428 4828 5145
0 2514 2951 3908 4082 4357 5432 5596
0 2515 3465 3594
0 2516 3536 4403 5186 5353
0 2517 4768
0 2518 3443 4260
0 2519 3002 3037 3632 4602
0 2520 3520 4187 4223 5072 5562
0 2521 2893 3260 5026 5225
0 2522 3199 3944 3974 4298 4392 4711 5463 5499
0 2523 4245 4744 5034
0 2524 3820 4271 4291
0 2525 3145 3938 4782 4824
0 2526 2962 5226
0 2527 3928
0 2528 3200 4608
0 2529 3299 3808 3836 4053
0 2530 3444 4106 4347 4426 4677
0 2531 3442 3857 4779
0 2532 3076 3243 3443 3451 4183 4309 4947
0 2533 3724 4136 5219 5484
0 2534 3600 4137 4148 4315
0 2535 2823 4317 4697 4795
0 2536 4642
0 2537 2889 4097 4454 5457
0 2538 3225 3282 3716 4606 4833
0 2539 3945 4219
0 2540 3086 3102 3202 4155 4168 4459 4608
0 2541 3022 3945 4523 5288
0 2542 3408 3675 4316 4521 4953
0 2543 3413 4427
0 2544 2869 3485 3929 4608 4691
0 2545 2921 3098 4253
0 2546 3503 5293
0 2547 5362
0 2548 3246 3716 5351
0 2549 5156 5181
0 2550 2957 3141 3500 3709 3713 3978 5352 5597
0 2551 3185 3386 3506 3854 4731
0 2552 4677
0 2553 4235 4986 5209
0 2554 3642
0 2555 3195 5102
0 2556 3305 3981
0 2557 4074 4588 5564
0 2558 4168 5156 5319
0 2559 2936 4465 4679
0 2560 2855 2876 2930 3377 4095 4731 4929
0 2561 4189 4383
0 2562 2851 2950 4274 4606 5560
0 2563 3144 3818 3898
0 2564 4732
0 2565 2999 4387 4445
0 2566 3074 3375 3423 4027 4695 4893
0 2567 3354 3521 5578
0 2568 2913 3488 3832 5119
0 2569 3335 4215
0 2570 2808 5583
0 2571 3313 4576 5059
0 2572 2903 2946 3162 3531 4375 5025
0 2573 4733
0 2574 3055 3439 3556 4469 4721
0 2575 4758 4854
0 2576 4915
0 2577 4685 4914 5127
0 2578 3352 4900 5422
0 2579 2887 4195 4851
0 2580 3038 3288 3704 4113 4314 4419 4944 5222
0 2581 4225 4405 4628 5218 5280 5350 5437
0 2582 3067 4126 5055 5272 5560
0 2583 3220 4830 4982 5046 5499
0 2584 4311 4497
0 2585 3066 3886 4805 5297
0 2586 3066 4493 4933
0 2587 2988 4571 4603 4908 5365 5430
0 2588 3147 3441 4267
0 2589 2946 3665 5528
0 2590 3876 4158 4797 5252
0 2591 3478 3842 4537 5323
0 2592 3138
0 2593 3219 3371 3456 4873
0 2594 3518
0 2595 5342 5477
0 2596 3535 4510 4689 5204 5348 5389
0 2597 3562 3724 3959 4333 4884 5204
0 2598 4491 5263 5519 5571
0 2599 3662 4039 4396 5593
0 2600 4817 4923
0 2601 3534 4430 4731
0 2602 5335
0 2603 3188 3745 3961 4886
0 2604 3581 3630
0 2605 3566 4830
0 2606 3166 3241 3417 3890 4578 4612 5235 5305
0 2607 2877 3101 3368 3472 4676 4936 5437
0 2608 3423 3918 4555
0 2609 3673 4045 4669 4915
0 2610 2940 3483 3738 4026
0 2611 3614 4948 5235
0 2612 3281
0 2613 3122 3217 4028 4781 4846 5429
0 2614 2843 3265 3479 4475 4592 5498
0 2615 3564 5500
0 2616 2990 3726 3897 5071 5338
0 2617 2954 3111 3644
0 2618 2894 3603 4311 4993
0 2619 3144 3973 5313
0 2620 3653 3835
0 2621 3980
0 2622 2961 3785 5081 5244
0 2623 2906 3297 3981 4585
0 2624 3052 3665 4363
0 2625 3729 4333 4396 4905 5126
0 2626 3572 5339
0 2627 2978 2989 3317 3704 3958 3973 4271 4335 5099 5178 5243
0 2628 3522
0 2629 3519 5003 5341
0 2630 3182 4048 4265 4653
0 2631 2931 3455 5106
0 2632 4489 5092 5290
0 2633 4407
0 2634 3472 3597 4860 5127
0 2635 4385 4637 5171
0 2636 3013 3463 4059 4082 5177
0 2637 2895 5000
0 2638 3389 3860 4024
0 2639 3330 3935 4544 4950 5321
0 2640 2875 3786 4582 5188
0 2641 3001 3188 3675 4517 5362
0 2642 4344 4722 4823
0 2643 4888 5142
0 2644 3026 4132 4642 4706
0 2645 3081 3875 4881 5520
0 2646 3169 3318 3720 4568 4783 5135 5409
0 2647 2957 3733 3915 4746 4844
0 2648 5265 5560
0 2649 2813 3120 3862 4322 4778
0 2650 2805 2969 4304 5072 5345 5351 5430 5455
0 2651 3443 4218 4305 4363
0 2652 3615 3869 4066 4450
0 2653 3441 3787 4086 4600
0 2654 3071 3837 4827 4920
0 2655 2981 4377 4521 5038 5318 5378 5597
0 2656 3530 3659 4197 4590 4767 5497
0 2657 3478 3482 3736 4552
0 2658 2819 4125 4945 5380
0 2659 3472 3711 3978
0 2660 2807 3248 3756 4747 4800
0 2661 2942 4934 4981 5309 5462
0 2662 3342 3806 4969
0 2663 3073 3295 3822 5407 5573
0 2664 3436 3866 4561 4948 4983 5046 5236 5336 5474
0 2665 3478 3538 4417
0 2666 5057
0 2667 3063 3856 4065 4780 5432
0 2668 3562 4021 4966
0 2669 4115 4272 4947
0 2670 4806 4933
0 2671 2963 3050 3420 3986 4107 5010 5035 5553
0 2672 2853 3439 4866 5102
0 2673 3172 5305 5362
0 2674 3419 4900
0 2675 3189 3851 4817 5180 5246
0 2676 3422 3476 3763 4128 4183
0 2677 3740 4343
0 2678 4308
0 2679 2848 3070 3401 3484 4033 5345
0 2680 3588 3919 4057 5112
0 2681 2941 3589 5187
0 2682 3226
0 2683 3906 4462 4738 4966 5092
0 2684 3960 4182 4566 4601 5141
0 2685 2885 3627 3710 4128 4413 5490
0 2686 3391 3832 4633 5113 5432
0 2687 4287 4613 4647 4842 4947
0 2688 3408 3762
0 2689 3027 3166 3217 5277 5473
0 2690 2852 3294 3558 5488
0 2691 3899 4587 4643 5384
0 2692 2953 3217 3221 3533 4896 4906 4948
0 2693 4113 4876
0 2694 4234
0 2695 3374 3583 3836 4219 5518
0 2696 2820 3214 3771 4008 4845 5216
0 2697 3569
0 2698 3225 3809 3984 5166 5212
0 2699 3985
0 2700 5150
0 2701 4000 4004 4159
0 2702 3893 5038
0 2703 3919 4062 4625 4922 5446
0 2704 3862 4359 4658 5136 5198
0 2705 4239 4432
0 2706 3051 4466 5390
0 2707 4041
0 2708 3796 5024
0 2709 3028 4116 4197 4320
0 2710 3968 4406 5092
0 2711 4720
0 2712 3136 3347 3554 4935
0 2713 4780 5319
0 2714 3192 3259 3641 3879 4478
0 2715 3330 3478 4281 4684
0 2716 3069 3428 4733
0 2717 3391 3661 3924 4264 4677
0 2718 2868 3788 4039 4694 5079 5482
0 2719 3561 3950 4286 4295 5012 5287
0 2720 3101 3838 5481
0 2721 3381 4000
0 2722 3718 3886
0 2723 3301 3753 3937 4165 4224 5211 5565
0 2724 3205 3554 4478 4767
0 2725 4153 4608 4956 5568
0 2726 2956 4747 5380
0 2727 3077 3676 3767
0 2728 2936 3715
0 2729 3715 4834 4940 5230 5317
0 2730 3401 3813 4012 4183 4253 4743 4803
0 2731 4803 5541 5568
0 2732 3178 3186 3827 4358 4703 4724 4851 5490 5585
0 2733 3648 3782
0 2734 3357 3951 5445
0 2735 2818 3323 3742
0 2736 3180 3276
0 2737 4709
0 2738 3416 3727 5118
0 2739 3321 4187 4789 5103 5472
0 2740 2892 2924 3918 4178
0 2741 3187 3579 4076 4727 4807 5348
0 2742 3916 4217 4339
0 2743 2887 3069 3552 3660 5070
0 2744 4213
0 2745 3421 3464 3725 4641 4986
0 2746 3365 3924 4586
0 2747 3451 3715 3884 3909
0 2748 2919 4519 4622 4920 5346 5427
0 2749 4375
0 2750 3379 3580 4118
0 2751 3041 3050 4998 5119 5449
0 2752 4554 4820
0 2753 3687 4495 4980 5563
0 2754 3584 4072 4674 5179 5226
0 2755 2922 2928 3286 3711 4424 5098
0 2756 2832 4088 4405 4626 5117
0 2757 3921 4064 4099 5444 5493
0 2758 3116 3343 3670 4278 4330
0 2759 3654 3692 4082 4781 5041
0 2760 3057 3820 4104 5133
0 2761 3843 4368 4903
0 2762 3061 4009 4987 5316
0 2763 3052 4149
0 2764 3002 4758
0 2765 2832
0 2766 3138 4465 4549 4745 4811
0 2767 3877 4584 4803
0 2768 3015 3114 3150 3636 4339
0 2769 2891 4243 4925 5515
0 2770 4239 5174 5558
0 2771 3410 3520 4427
0 2772 3435 4341 5454 5565
0 2773 2864 4205 4672
0 2774 3194 5590
0 2775 3325 4194
0 2776 3054 3713 4663 5524
0 2777 5080 5364
0 2778 3356 3959 3998 4093 4147 4801 5146
0 2779 4304 5420 5555
0 2780 3660 4055 4130 4182 4777 4854 5590
0 2781 2895 3899 4063
0 2782 2994 3061 3159 3943 4349 5261
0 2783 3213 5197 5482 5564
0 2784 3020 3213 3518 4531 5477
0 2785 3987 4082 5102 5358 5509
0 2786 3501 3588 3824 4476 4778
0 2787 2889 2980 3239 3621 3843 4182 4406 4523 5079
0 2788 2819 4359
0 2789 3249 4165 4305 4392
0 2790 5322
0 2791 3031 3132 3250 3678 5130
0 2792 3559 4218 4484
0 2793 2803 3753 4719
0 2794 5266
0 2795 4219 5131
0 2796 3113 4947
0 2797 3542 5581
0 2798 3088 4243 5293
0 2799 4105
1 0
1 1
1 2
1 3
1 4
0 2805
0 2806
0 2807
0 2808
0 2809
0 2810
0 2811
0 2812
0 2813
0 2814
0 2815
0 2816
0 2817
0 2818
0 2819
0 2820
0 2821
0 2822
0 2823
0 2824
0 2825
0 2826
0 2827
0 2828
0 2829
0 2830
0 2831
0 2832
0 2833
0 2834
0 2835
0 2836
0 2837
0 2838
0 2839
0 2840
0 2841
0 2842
0 2843
0 2844
0 2845
0 2846
0 2847
0 2848
0 2849
0 2850
0 2851
0 2852
0 2853
0 2854
0 2855
0 2856
0 2857
0 2858
0 2859
0 2860
0 2861
0 2862
0 2863
0 2864
0 2865
0 2866
0 2867
0 2868
0 2869
0 2870
0 2871
0 2872
0 2873
0 2874
0 2875
0 2876
0 2877
0 2878
0 2879
0 2880
0 2881
0 2882
0 2883
0 2884
0 2885
0 2886
0 2887
0 2888
0 2889
0 2890
0 2891
0 2892
0 2893
0 2894
0 2895
0 2896
0 2897
0 2898
0 2899
0 2900
0 2901
0 2902
0 2903
0 2904
0 2905
0 2906
0 2907
0 2908
0 2909
0 2910
0 2911
0 2912
0 2913
0 2914
0 2915
0 2916
0 2917
0 2918
0 2919
0 2920
0 2921
0 2922
0 2923
0 2924
0 2925
0 2926
0 2927
0 2928
0 2929
0 2930
0 2931
0 2932
0 2933
0 2934
0 2935
0 2936
0 2937
0 2938
0 2939
0 2940
0 2941
0 2942
0 2943
0 2944
0 2945
0 2946
0 2947
0 2948
0 2949
0 2950
0 2951
0 2952
0 2953
0 2954
0 2955
0 2956
0 2957
0 2958
0 2959
0 2960
0 2961
0 2962
0 2963
0 2964
0 2965
0 2966
0 2967
0 2968
0 2969
0 2970
0 2971
0 2972
0 2973
0 2974
0 2975
0 2976
0 2977
0 2978
0 2979
0 2980
0 2981
0 2982
0 2983
0 2984
0 2985
0 2986
0 2987
0 2988
0 2989
0 2990
0 2991
0 2992
0 2993
0 2994
0 2995
0 2996
0 2997
0 2998
0 2999
0 3000
0 3001
0 3002
0 3003
0 3004
0 3005
0 3006
0 3007
0 3008
0 3009
0 3010
0 3011
0 3012
0 3013
0 3014
0 3015
0 3016
0 3017
0 3018
0 3019
0 3020
0 3021
0 3022
0 3023
0 3024
0 3025
0 3026
0 3027
0 3028
0 3029
0 3030
0 3031
0 3032
0 3033
0 3034
0 3035
0 3036
0 3037
0 3038
0 3039
0 3040
0 3041
0 3042
0 3043
0 3044
0 3045
0 3046
0 3047
0 3048
0 3049
0 3050
0 3051
0 3052
0 3053
0 3054
0 3055
0 3056
0 3057
0 3058
0 3059
0 3060
0 3061
0 3062
0 3063
0 3064
0 3065
0 3066
0 3067
0 3068
0 3069
0 3070
0 3071
0 3072
0 3073
0 3074
0 3075
0 3076
0 3077
0 3078
0 3079
0 3080
0 3081
0 3082
0 3083
0 3084
0 3085
0 3086
0 3087
0 3088
0 3089
0 3090
0 3091
0 3092
0 3093
0 3094
0 3095
0 3096
0 3097
0 3098
0 3099
0 3100
0 3101
0 3102
0 3103
0 3104
0 3105
0 3106
0 3107
0 3108
0 3109
0 3110
0 3111
0 3112
0 3113
0 3114
0 3115
0 3116
0 3117
0 3118
0 3119
0 3120
0 3121
0 3122
0 3123
0 3124
0 3125
0 3126
0 3127
0 3128
0 3129
0 3130
0 3131
0 3132
0 3133
0 3134
0 3135
0 3136
0 3137
0 3138
0 3139
0 3140
0 3141
0 3142
0 3143
0 3144
0 3145
0 3146
0 3147
0 3148
0 3149
0 3150
0 3151
0 3152
0 3153
0 3154
0 3155
0 3156
0 3157
0 3158
0 3159
0 3160
0 3161
0 3162
0 3163
0 3164
0 3165
0 3166
0 3167
0 3168
0 3169
0 3170
0 3171
0 3172
0 3173
0 3174
0 3175
0 3176
0 3177
0 3178
0 3179
0 3180
0 3181
0 3182
0 3183
0 3184
0 3185
0 3186
0 3187
0 3188
0 3189
0 3190
0 3191
0 3192
0 3193
0 3194
0 3195
0 3196
0 3197
0 3198
0 3199
0 3200
0 3201
0 3202
0 3203
0 3204
0 3205
0 3206
0 3207
0 3208
0 3209
0 3210
0 3211
0 3212
0 3213
0 3214
0 3215
0 3216
0 3217
0 3218
0 3219
0 3220
0 3221
0 3222
0 3223
0 3224
0 3225
0 3226
0 3227
0 3228
0 3229
0 3230
0 3231
0 3232
0 3233
0 3234
0 3235
0 3236
0 3237
0 3238
0 3239
0 3240
0 3241
0 3242
0 3243
0 3244
0 3245
0 3246
0 3247
0 3248
0 3249
0 3250
0 3251
0 3252
0 3253
0 3254
0 3255
0 3256
0 3257
0 3258
0 3259
0 3260
0 3261
0 3262
0 3263
0 3264
0 3265
0 3266
0 3267
0 3268
0 3269
0 3270
0 3271
0 3272
0 3273
0 3274
0 3275
0 3276
0 3277
0 3278
0 3279
0 3280
0 3281
0 3282
0 3283
0 3284
0 3285
0 3286
0 3287
0 3288
0 3289
0 3290
0 3291
0 3292
0 3293
0 3294
0 3295
0 3296
0 3297
0 3298
0 3299
0 3300
0 3301
0 3302
0 3303
0 3304
0 3305
0 3306
0 3307
0 3308
0 3309
0 3310
0 3311
0 3312
0 3313
0 3314
0 3315
0 3316
0 3317
0 3318
0 3319
0 3320
0 3321
0 3322
0 3323
0 3324
0 3325
0 3326
0 3327
0 3328
0 3329
0 3330
0 3331
0 3332
0 3333
0 3334
0 3335
0 3336
0 3337
0 3338
0 3339
0 3340
0 3341
0 3342
0 3343
0 3344
0 3345
0 3346
0 3347
0 3348
0 3349
0 3350
0 3351
0 3352
0 3353
0 3354
0 3355
0 3356
0 3357
0 3358
0 3359
0 3360
0 3361
0 3362
0 3363
0 3364
0 3365
0 3366
0 3367
0 3368
0 3369
0 3370
0 3371
0 3372
0 3373
0 3374
0 3375
0 3376
0 3377
0 3378
0 3379
0 3380
0 3381
0 3382
0 3383
0 3384
0 3385
0 3386
0 3387
0 3388
0 3389
0 3390
0 3391
0 3392
0 3393
0 3394
0 3395
0 3396
0 3397
0 3398
0 3399
0 3400
0 3401
0 3402
0 3403
0 3404
0 3405
0 3406
0 3407
0 3408
0 3409
0 3410
0 3411
0 3412
0 3413
0 3414
0 3415
0 3416
0 3417
0 3418
0 3419
0 3420
0 3421
0 3422
0 3423
0 3424
0 3425
0 3426
0 3427
0 3428
0 3429
0 3430
0 3431
0 3432
0 3433
0 3434
0 3435
0 3436
0 3437
0 3438
0 3439
0 3440
0 3441
0 3442
0 3443
0 3444
0 3445
0 3446
0 3447
0 3448
0 3449
0 3450
0 3451
0 3452
0 3453
0 3454
0 3455
0 3456
0 3457
0 3458
0 3459
0 3460
0 3461
0 3462
0 3463
0 3464
0 3465
0 3466
0 3467
0 3468
0 3469
0 3470
0 3471
0 3472
0 3473
0 3474
0 3475
0 3476
0 3477
0 3478
0 3479
0 3480
0 3481
0 3482
0 3483
0 3484
0 3485
0 3486
0 3487
0 3488
0 3489
0 3490
0 3491
0 3492
0 3493
0 3494
0 3495
0 3496
0 3497
0 3498
0 3499
0 3500
0 3501
0 3502
0 3503
0 3504
0 3505
0 3506
0 3507
0 3508
0 3509
0 3510
0 3511
0 3512
0 3513
0 3514
0 3515
0 3516
0 3517
0 3518
0 3519
0 3520
0 3521
0 3522
0 3523
0 3524
0 3525
0 3526
0 3527
0 3528
0 3529
0 3530
0 3531
0 3532
0 3533
0 3534
0 3535
0 3536
0 3537
0 3538
0 3539
0 3540
0 3541
0 3542
0 3543
0 3544
0 3545
0 3546
0 3547
0 3548
0 3549
0 3550
0 3551
0 3552
0 3553
0 3554
0 3555
0 3556
0 3557
0 3558
0 3559
0 3560
0 3561
0 3562
0 3563
0 3564
0 3565
0 3566
0 3567
0 3568
0 3569
0 3570
0 3571
0 3572
0 3573
0 3574
0 3575
0 3576
0 3577
0 3578
0 3579
0 3580
0 3581
0 3582
0 3583
0 3584
0 3585
0 3586
0 3587
0 3588
0 3589
0 3590
0 3591
0 3592
0 3593
0 3594
0 3595
0 3596
0 3597
0 3598
0 3599
0 3600
0 3601
0 3602
0 3603
0 3604
0 3605
0 3606
0 3607
0 3608
0 3609
0 3610
0 3611
0 3612
0 3613
0 3614
0 3615
0 3616
0 3617
0 3618
0 3619
0 3620
0 3621
0 3622
0 3623
0 3624
0 3625
0 3626
0 3627
0 3628
0 3629
0 3630
0 3631
0 3632
0 3633
0 3634
0 3635
0 3636
0 3637
0 3638
0 3639
0 3640
0 3641
0 3642
0 3643
0 3644
0 3645
0 3646
0 3647
0 3648
0 3649
0 3650
0 3651
0 3652
0 3653
0 3654
0 3655
0 3656
0 3657
0 3658
0 3659
0 3660
0 3661
0 3662
0 3663
0 3664
0 3665
0 3666
0 3667
0 3668
0 3669
0 3670
0 3671
0 3672
0 3673
0 3674
0 3675
0 3676
0 3677
0 3678
0 3679
0 3680
0 3681
0 3682
0 3683
0 3684
0 3685
0 3686
0 3687
0 3688
0 3689
0 3690
0 3691
0 3692
0 3693
0 3694
0 3695
0 3696
0 3697
0 3698
0 3699
0 3700
0 3701
0 3702
0 3703
0 3704
0 3705
0 3706
0 3707
0 3708
0 3709
0 3710
0 3711
0 3712
0 3713
0 3714
0 3715
0 3716
0 3717
0 3718
0 3719
0 3720
0 3721
0 3722
0 3723
0 3724
0 3725
0 3726
0 3727
0 3728
0 3729
0 3730
0 3731
0 3732
0 3733
0 3734
0 3735
0 3736
0 3737
0 3738
0 3739
0 3740
0 3741
0 3742
0 3743
0 3744
0 3745
0 3746
0 3747
0 3748
0 3749
0 3750
0 3751
0 3752
0 3753
0 3754
0 3755
0 3756
0 3757
0 3758
0 3759
0 3760
0 3761
0 3762
0 3763
0 3764
0 3765
0 3766
0 3767
0 3768
0 3769
0 3770
0 3771
0 3772
0 3773
0 3774
0 3775
0 3776
0 3777
0 3778
0 3779
0 3780
0 3781
0 3782
0 3783
0 3784
0 3785
0 3786
0 3787
0 3788
0 3789
0 3790
0 3791
0 3792
0 3793
0 3794
0 3795
0 3796
0 3797
0 3798
0 3799
0 3800
0 3801
0 3802
0 3803
0 3804
0 3805
0 3806
0 3807
0 3808
0 3809
0 3810
0 3811
0 3812
0 3813
0 3814
0 3815
0 3816
0 3817
0 3818
0 3819
0 3820
0 3821
0 3822
0 3823
0 3824
0 3825
0 3826
0 3827
0 3828
0 3829
0 3830
0 3831
0 3832
0 3833
0 3834
0 3835
0 3836
0 3837
0 3838
0 3839
0 3840
0 3841
0 3842
0 3843
0 3844
0 3845
0 3846
0 3847
0 3848
0 3849
0 3850
0 3851
0 3852
0 3853
0 3854
0 3855
0 3856
0 3857
0 3858
0 3859
0 3860
0 3861
0 3862
0 3863
0 3864
0 3865
0 3866
0 3867
0 3868
0 3869
0 3870
0 3871
0 3872
0 3873
0 3874
0 3875
0 3876
0 3877
0 3878
0 3879
0 3880
0 3881
0 3882
0 3883
0 3884
0 3885
0 3886
0 3887
0 3888
0 3889
0 3890
0 3891
0 3892
0 3893
0 3894
0 3895
0 3896
0 3897
0 3898
0 3899
0 3900
0 3901
0 3902
0 3903
0 3904
0 3905
0 3906
0 3907
0 3908
0 3909
0 3910
0 3911
0 3912
0 3913
0 3914
0 3915
0 3916
0 3917
0 3918
0 3919
0 3920
0 3921
0 3922
0 3923
0 3924
0 3925
0 3926
0 3927
0 3928
0 3929
0 3930
0 3931
0 3932
0 3933
0 3934
0 3935
0 3936
0 3937
0 3938
0 3939
0 3940
0 3941
0 3942
0 3943
0 3944
0 3945
0 3946
0 3947
0 3948
0 3949
0 3950
0 3951
0 3952
0 3953
0 3954
0 3955
0 3956
0 3957
0 3958
0 3959
0 3960
0 3961
0 3962
0 3963
0 3964
0 3965
0 3966
0 3967
0 3968
0 3969
0 3970
0 3971
0 3972
0 3973
0 3974
0 3975
0 3976
0 3977
0 3978
0 3979
0 3980
0 3981
0 3982
0 3983
0 3984
0 3985
0 3986
0 3987
0 3988
0 3989
0 3990
0 3991
0 3992
0 3993
0 3994
0 3995
0 3996
0 3997
0 3998
0 3999
0 4000
0 4001
0 4002
0 4003
0 4004
0 4005
0 4006
0 4007
0 4008
0 4009
0 4010
0 4011
0 4012
0 4013
0 4014
0 4015
0 4016
0 4017
0 4018
0 4019
0 4020
0 4021
0 4022
0 4023
0 4024
0 4025
0 4026
0 4027
0 4028
0 4029
0 4030
0 4031
0 4032
0 4033
0 4034
0 4035
0 4036
0 4037
0 4038
0 4039
0 4040
0 4041
0 4042
0 4043
0 4044
0 4045
0 4046
0 4047
0 4048
0 4049
0 4050
0 4051
0 4052
0 4053
0 4054
0 4055
0 4056
0 4057
0 4058
0 4059
0 4060
0 4061
0 4062
0 4063
0 4064
0 4065
0 4066
0 4067
0 4068
0 4069
0 4070
0 4071
0 4072
0 4073
0 4074
0 4075
0 4076
0 4077
0 4078
0 4079
0 4080
0 4081
0 4082
0 4083
0 4084
0 4085
0 4086
0 4087
0 4088
0 4089
0 4090
0 4091
0 4092
0 4093
0 4094
0 4095
0 4096
0 4097
0 4098
0 4099
0 4100
0 4101
0 4102
0 4103
0 4104
0 4105
0 4106
0 4107
0 4108
0 4109
0 4110
0 4111
0 4112
0 4113
0 4114
0 4115
0 4116
0 4117
0 4118
0 4119
0 4120
0 4121
0 4122
0 4123
0 4124
0 4125
0 4126
0 4127
0 4128
0 4129
0 4130
0 4131
0 4132
0 4133
0 4134
0 4135
0 4136
0 4137
0 4138
0 4139
0 4140
0 4141
0 4142
0 4143
0 4144
0 4145
0 4146
0 4147
0 4148
0 4149
0 4150
0 4151
0 4152
0 4153
0 4154
0 4155
0 4156
0 4157
0 4158
0 4159
0 4160
0 4161
0 4162
0 4163
0 4164
0 4165
0 4166
0 4167
0 4168
0 4169
0 4170
0 4171
0 4172
0 4173
0 4174
0 4175
0 4176
0 4177
0 4178
0 4179
0 4180
0 4181
0 4182
0 4183
0 4184
0 4185
0 4186
0 4187
0 4188
0 4189
0 4190
0 4191
0 4192
0 4193
0 4194
0 4195
0 4196
0 4197
0 4198
0 4199
0 4200
0 4201
0 4202
0 4203
0 4204
0 4205
0 4206
0 4207
0 4208
0 4209
0 4210
0 4211
0 4212
0 4213
0 4214
0 4215
0 4216
0 4217
0 4218
0 4219
0 4220
0 4221
0 4222
0 4223
0 4224
0 4225
0 4226
0 4227
0 4228
0 4229
0 4230
0 4231
0 4232
0 4233
0 4234
0 4235
0 4236
0 4237
0 4238
0 4239
0 4240
0 4241
0 4242
0 4243
0 4244
0 4245
0 4246
0 4247
0 4248
0 4249
0 4250
0 4251
0 4252
0 4253
0 4254
0 4255
0 4256
0 4257
0 4258
0 4259
0 4260
0 4261
0 4262
0 4263
0 4264
0 4265
0 4266
0 4267
0 4268
0 4269
0 4270
0 4271
0 4272
0 4273
0 4274
0 4275
0 4276
0 4277
0 4278
0 4279
0 4280
0 4281
0 4282
0 4283
0 4284
0 4285
0 4286
0 4287
0 4288
0 4289
0 4290
0 4291
0 4292
0 4293
0 4294
0 4295
0 4296
0 4297
0 4298
0 4299
0 4300
0 4301
0 4302
0 4303
0 4304
0 4305
0 4306
0 4307
0 4308
0 4309
0 4310
0 4311
0 4312
0 4313
0 4314
0 4315
0 4316
0 4317
0 4318
0 4319
0 4320
0 4321
0 4322
0 4323
0 4324
0 4325
0 4326
0 4327
0 4328
0 4329
0 4330
0 4331
0 4332
0 4333
0 4334
0 4335
0 4336
0 4337
0 4338
0 4339
0 4340
0 4341
0 4342
0 4343
0 4344
0 4345
0 4346
0 4347
0 4348
0 4349
0 4350
0 4351
0 4352
0 4353
0 4354
0 4355
0 4356
0 4357
0 4358
0 4359
0 4360
0 4361
0 4362
0 4363
0 4364
0 4365
0 4366
0 4367
0 4368
0 4369
0 4370
0 4371
0 4372
0 4373
0 4374
0 4375
0 4376
0 4377
0 4378
0 4379
0 4380
0 4381
0 4382
0 4383
0 4384
0 4385
0 4386
0 4387
0 4388
0 4389
0 4390
0 4391
0 4392
0 4393
0 4394
0 4395
0 4396
0 4397
0 4398
0 4399
0 4400
0 4401
0 4402
0 4403
0 4404
0 4405
0 4406
0 4407
0 4408
0 4409
0 4410
0 4411
0 4412
0 4413
0 4414
0 4415
0 4416
0 4417
0 4418
0 4419
0 4420
0 4421
0 4422
0 4423
0 4424
0 4425
0 4426
0 4427
0 4428
0 4429
0 4430
0 4431
0 4432
0 4433
0 4434
0 4435
0 4436
0 4437
0 4438
0 4439
0 4440
0 4441
0 4442
0 4443
0 4444
0 4445
0 4446
0 4447
0 4448
0 4449
0 4450
0 4451
0 4452
0 4453
0 4454
0 4455
0 4456
0 4457
0 4458
0 4459
0 4460
0 4461
0 4462
0 4463
0 4464
0 4465
0 4466
0 4467
0 4468
0 4469
0 4470
0 4471
0 4472
0 4473
0 4474
0 4475
0 4476
0 4477
0 4478
0 4479
0 4480
0 4481
0 4482
0 4483
0 4484
0 4485
0 4486
0 4487
0 4488
0 4489
0 4490
0 4491
0 4492
0 4493
0 4494
0 4495
0 4496
0 4497
0 4498
0 4499
0 4500
0 4501
0 4502
0 4503
0 4504
0 4505
0 4506
0 4507
0 4508
0 4509
0 4510
0 4511
0 4512
0 4513
0 4514
0 4515
0 4516
0 4517
0 4518
0 4519
0 4520
0 4521
0 4522
0 4523
0 4524
0 4525
0 4526
0 4527
0 4528
0 4529
0 4530
0 4531
0 4532
0 4533
0 4534
0 4535
0 4536
0 4537
0 4538
0 4539
0 4540
0 4541
0 4542
0 4543
0 4544
0 4545
0 4546
0 4547
0 4548
0 4549
0 4550
0 4551
0 4552
0 4553
0 4554
0 4555
0 4556
0 4557
0 4558
0 4559
0 4560
0 4561
0 4562
0 4563
0 4564
0 4565
0 4566
0 4567
0 4568
0 4569
0 4570
0 4571
0 4572
0 4573
0 4574
0 4575
0 4576
0 4577
0 4578
0 4579
0 4580
0 4581
0 4582
0 4583
0 4584
0 4585
0 4586
0 4587
0 4588
0 4589
0 4590
0 4591
0 4592
0 4593
0 4594
0 4595
0 4596
0 4597
0 4598
0 4599
0 4600
0 4601
0 4602
0 4603
0 4604
0 4605
0 4606
0 4607
0 4608
0 4609
0 4610
0 4611
0 4612
0 4613
0 4614
0 4615
0 4616
0 4617
0 4618
0 4619
0 4620
0 4621
0 4622
0 4623
0 4624
0 4625
0 4626
0 4627
0 4628
0 4629
0 4630
0 4631
0 4632
0 4633
0 4634
0 4635
0 4636
0 4637
0 4638
0 4639
0 4640
0 4641
0 4642
0 4643
0 4644
0 4645
0 4646
0 4647
0 4648
0 4649
0 4650
0 4651
0 4652
0 4653
0 4654
0 4655
0 4656
0 4657
0 4658
0 4659
0 4660
0 4661
0 4662
0 4663
0 4664
0 4665
0 4666
0 4667
0 4668
0 4669
0 4670
0 4671
0 4672
0 4673
0 4674
0 4675
0 4676
0 4677
0 4678
0 4679
0 4680
0 4681
0 4682
0 4683
0 4684
0 4685
0 4686
0 4687
0 4688
0 4689
0 4690
0 4691
0 4692
0 4693
0 4694
0 4695
0 4696
0 4697
0 4698
0 4699
0 4700
0 4701
0 4702
0 4703
0 4704
0 4705
0 4706
0 4707
0 4708
0 4709
0 4710
0 4711
0 4712
0 4713
0 4714
0 4715
0 4716
0 4717
0 4718
0 4719
0 4720
0 4721
0 4722
0 4723
0 4724
0 4725
0 4726
0 4727
0 4728
0 4729
0 4730
0 4731
0 4732
0 4733
0 4734
0 4735
0 4736
0 4737
0 4738
0 4739
0 4740
0 4741
0 4742
0 4743
0 4744
0 4745
0 4746
0 4747
0 4748
0 4749
0 4750
0 4751
0 4752
0 4753
0 4754
0 4755
0 4756
0 4757
0 4758
0 4759
0 4760
0 4761
0 4762
0 4763
0 4764
0 4765
0 4766
0 4767
0 4768
0 4769
0 4770
0 4771
0 4772
0 4773
0 4774
0 4775
0 4776
0 4777
0 4778
0 4779
0 4780
0 4781
0 4782
0 4783
0 4784
0 4785
0 4786
0 4787
0 4788
0 4789
0 4790
0 4791
0 4792
0 4793
0 4794
0 4795
0 4796
0 4797
0 4798
0 4799
0 4800
0 4801
0 4802
0 4803
0 4804
0 4805
0 4806
0 4807
0 4808
0 4809
0 4810
0 4811
0 4812
0 4813
0 4814
0 4815
0 4816
0 4817
0 4818
0 4819
0 4820
0 4821
0 4822
0 4823
0 4824
0 4825
0 4826
0 4827
0 4828
0 4829
0 4830
0 4831
0 4832
0 4833
0 4834
0 4835
0 4836
0 4837
0 4838
0 4839
0 4840
0 4841
0 4842
0 4843
0 4844
0 4845
0 4846
0 4847
0 4848
0 4849
0 4850
0 4851
0 4852
0 4853
0 4854
0 4855
0 4856
0 4857
0 4858
0 4859
0 4860
0 4861
0 4862
0 4863
0 4864
0 4865
0 4866
0 4867
0 4868
0 4869
0 4870
0 4871
0 4872
0 4873
0 4874
0 4875
0 4876
0 4877
0 4878
0 4879
0 4880
0 4881
0 4882
0 4883
0 4884
0 4885
0 4886
0 4887
0 4888
0 4889
0 4890
0 4891
0 4892
0 4893
0 4894
0 4895
0 4896
0 4897
0 4898
0 4899
0 4900
0 4901
0 4902
0 4903
0 4904
0 4905
0 4906
0 4907
0 4908
0 4909
0 4910
0 4911
0 4912
0 4913
0 4914
0 4915
0 4916
0 4917
0 4918
0 4919
0 4920
0 4921
0 4922
0 4923
0 4924
0 4925
0 4926
0 4927
0 4928
0 4929
0 4930
0 4931
0 4932
0 4933
0 4934
0 4935
0 4936
0 4937
0 4938
0 4939
0 4940
0 4941
0 4942
0 4943
0 4944
0 4945
0 4946
0 4947
0 4948
0 4949
0 4950
0 4951
0 4952
0 4953
0 4954
0 4955
0 4956
0 4957
0 4958
0 4959
0 4960
0 4961
0 4962
0 4963
0 4964
0 4965
0 4966
0 4967
0 4968
0 4969
0 4970
0 4971
0 4972
0 4973
0 4974
0 4975
0 4976
0 4977
0 4978
0 4979
0 4980
0 4981
0 4982
0 4983
0 4984
0 4985
0 4986
0 4987
0 4988
0 4989
0 4990
0 4991
0 4992
0 4993
0 4994
0 4995
0 4996
0 4997
0 4998
0 4999
0 5000
0 5001
0 5002
0 5003
0 5004
0 5005
0 5006
0 5007
0 5008
0 5009
0 5010
0 5011
0 5012
0 5013
0 5014
0 5015
0 5016
0 5017
0 5018
0 5019
0 5020
0 5021
0 5022
0 5023
0 5024
0 5025
0 5026
0 5027
0 5028
0 5029
0 5030
0 5031
0 5032
0 5033
0 5034
0 5035
0 5036
0 5037
0 5038
0 5039
0 5040
0 5041
0 5042
0 5043
0 5044
0 5045
0 5046
0 5047
0 5048
0 5049
0 5050
0 5051
0 5052
0 5053
0 5054
0 5055
0 5056
0 5057
0 5058
0 5059
0 5060
0 5061
0 5062
0 5063
0 5064
0 5065
0 5066
0 5067
0 5068
0 5069
0 5070
0 5071
0 5072
0 5073
0 5074
0 5075
0 5076
0 5077
0 5078
0 5079
0 5080
0 5081
0 5082
0 5083
0 5084
0 5085
0 5086
0 5087
0 5088
0 5089
0 5090
0 5091
0 5092
0 5093
0 5094
0 5095
0 5096
0 5097
0 5098
0 5099
0 5100
0 5101
0 5102
0 5103
0 5104
0 5105
0 5106
0 5107
0 5108
0 5109
0 5110
0 5111
0 5112
0 5113
0 5114
0 5115
0 5116
0 5117
0 5118
0 5119
0 5120
0 5121
0 5122
0 5123
0 5124
0 5125
0 5126
0 5127
0 5128
0 5129
0 5130
0 5131
0 5132
0 5133
0 5134
0 5135
0 5136
0 5137
0 5138
0 5139
0 5140
0 5141
0 5142
0 5143
0 5144
0 5145
0 5146
0 5147
0 5148
0 5149
0 5150
0 5151
0 5152
0 5153
0 5154
0 5155
0 5156
0 5157
0 5158
0 5159
0 5160
0 5161
0 5162
0 5163
0 5164
0 5165
0 5166
0 5167
0 5168
0 5169
0 5170
0 5171
0 5172
0 5173
0 5174
0 5175
0 5176
0 5177
0 5178
0 5179
0 5180
0 5181
0 5182
0 5183
0 5184
0 5185
0 5186
0 5187
0 5188
0 5189
0 5190
0 5191
0 5192
0 5193
0 5194
0 5195
0 5196
0 5197
0 5198
0 5199
0 5200
0 5201
0 5202
0 5203
0 5204
0 5205
0 5206
0 5207
0 5208
0 5209
0 5210
0 5211
0 5212
0 5213
0 5214
0 5215
0 5216
0 5217
0 5218
0 5219
0 5220
0 5221
0 5222
0 5223
0 5224
0 5225
0 5226
0 5227
0 5228
0 5229
0 5230
0 5231
0 5232
0 5233
0 5234
0 5235
0 5236
0 5237
0 5238
0 5239
0 5240
0 5241
0 5242
0 5243
0 5244
0 5245
0 5246
0 5247
0 5248
0 5249
0 5250
0 5251
0 5252
0 5253
0 5254
0 5255
0 5256
0 5257
0 5258
0 5259
0 5260
0 5261
0 5262
0 5263
0 5264
0 5265
0 5266
0 5267
0 5268
0 5269
0 5270
0 5271
0 5272
0 5273
0 5274
0 5275
0 5276
0 5277
0 5278
0 5279
0 5280
0 5281
0 5282
0 5283
0 5284
0 5285
0 5286
0 5287
0 5288
0 5289
0 5290
0 5291
0 5292
0 5293
0 5294
0 5295
0 5296
0 5297
0 5298
0 5299
0 5300
0 5301
0 5302
0 5303
0 5304
0 5305
0 5306
0 5307
0 5308
0 5309
0 5310
0 5311
0 5312
0 5313
0 5314
0 5315
0 5316
0 5317
0 5318
0 5319
0 5320
0 5321
0 5322
0 5323
0 5324
0 5325
0 5326
0 5327
0 5328
0 5329
0 5330
0 5331
0 5332
0 5333
0 5334
0 5335
0 5336
0 5337
0 5338
0 5339
0 5340
0 5341
0 5342
0 5343
0 5344
0 5345
0 5346
0 5347
0 5348
0 5349
0 5350
0 5351
0 5352
0 5353
0 5354
0 5355
0 5356
0 5357
0 5358
0 5359
0 5360
0 5361
0 5362
0 5363
0 5364
0 5365
0 5366
0 5367
0 5368
0 5369
0 5370
0 5371
0 5372
0 5373
0 5374
0 5375
0 5376
0 5377
0 5378
0 5379
0 5380
0 5381
0 5382
0 5383
0 5384
0 5385
0 5386
0 5387
0 5388
0 5389
0 5390
0 5391
0 5392
0 5393
0 5394
0 5395
0 5396
0 5397
0 5398
0 5399
0 5400
0 5401
0 5402
0 5403
0 5404
0 5405
0 5406
0 5407
0 5408
0 5409
0 5410
0 5411
0 5412
0 5413
0 5414
0 5415
0 5416
0 5417
0 5418
0 5419
0 5420
0 5421
0 5422
0 5423
0 5424
0 5425
0 5426
0 5427
0 5428
0 5429
0 5430
0 5431
0 5432
0 5433
0 5434
0 5435
0 5436
0 5437
0 5438
0 5439
0 5440
0 5441
0 5442
0 5443
0 5444
0 5445
0 5446
0 5447
0 5448
0 5449
0 5450
0 5451
0 5452
0 5453
0 5454
0 5455
0 5456
0 5457
0 5458
0 5459
0 5460
0 5461
0 5462
0 5463
0 5464
0 5465
0 5466
0 5467
0 5468
0 5469
0 5470
0 5471
0 5472
0 5473
0 5474
0 5475
0 5476
0 5477
0 5478
0 5479
0 5480
0 5481
0 5482
0 5483
0 5484
0 5485
0 5486
0 5487
0 5488
0 5489
0 5490
0 5491
0 5492
0 5493
0 5494
0 5495
0 5496
0 5497
0 5498
0 5499
0 5500
0 5501
0 5502
0 5503
0 5504
0 5505
0 5506
0 5507
0 5508
0 5509
0 5510
0 5511
0 5512
0 5513
0 5514
0 5515
0 5516
0 5517
0 5518
0 5519
0 5520
0 5521
0 5522
0 5523
0 5524
0 5525
0 5526
0 5527
0 5528
0 5529
0 5530
0 5531
0 5532
0 5533
0 5534
0 5535
0 5536
0 5537
0 5538
0 5539
0 5540
0 5541
0 5542
0 5543
0 5544
0 5545
0 5546
0 5547
0 5548
0 5549
0 5550
0 5551
0 5552
0 5553
0 5554
0 5555
0 5556
0 5557
0 5558
0 5559
0 5560
0 5561
0 5562
0 5563
0 5564
0 5565
0 5566
0 5567
0 5568
0 5569
0 5570
0 5571
0 5572
0 5573
0 5574
0 5575
0 5576
0 5577
0 5578
0 5579
0 5580
0 5581
0 5582
0 5583
0 5584
0 5585
0 5586
0 5587
0 5588
0 5589
0 5590
0 5591
0 5592
0 5593
0 5594
0 5595
0 5596
0 5597
0 5598
0 5599
