2
2800 2800
1 0 3992 4569 4947 5525
1 1 4123 4761
1 2 3425 3872 4158 4539 4584 4641
1 3 3455 4617
1 4 2852 3359 4477 5006 5433
0 5 4053 4209 5214
0 6 4901 5173 5261
0 7 3563 5325
0 8 3072 4333 5504
0 9 2840 3523 3671 3732 3913
0 10 2986 3292 3875 4795 5303 5545 5560
0 11 3086 3467 3696
0 12 2999 5151 5187
0 13 3333 3401 5483
0 14 3144 4852
0 15 5337
0 16 3140 3275 3442 3781 4570 4884 5182 5322
0 17 3074 4750
0 18 3860
0 19 5084
0 20 3037 5060 5552
0 21 2829 3188 3695 3770 5295 5365
0 22 3023
0 23 3724 4210 5034
0 24 5192
0 25 4101
0 26 2835 3360 3448 4380 4919
0 27 4041 4924 5208
0 28 2976 4064
0 29 2911 3694 3841 4692 4712
0 30 3817 5512 5557
0 31 4525 4622 5407
0 32 3631 4657 5549
0 33 2930
0 34 4972
0 35 3403 3505 5233
0 36 5106 5150 5449
0 37 2803
0 38 3006 3613 3754 4291 5309
0 39 4000 4499 5447
0 40 3929 4351 4565
0 41 3150 4219 4858
0 42 3064
0 43 2966 3840 4273 5589
0 44 3256 3340 4576
0 45 2938 4419 5112
0 46 2859 3206 4144 4281 5028
0 47 2958 3076 3616 4786
0 48 4730 4799 4982 5008
0 49 3012 3357 4347 4406 4861 5001
0 50 3144 3391 4260 4507 4740 5219 5288
0 51 3560 4490
0 52 2980 3753 5369
0 53 2914 3622 4822
0 54 4076 5499
0 55 3305 5272
0 56 4224 4461 4833 5171
0 57 3272 3756 4150
0 58 4497 4543
0 59 4535 4877 4894 5060 5261
0 60 2973 3027 4508
0 61 3166 3197 4438
0 62 3912 4475 4559 4808 5242 5390
0 63 3035 3717 4008 5131
0 64 3277 4144 5203 5275 5298
0 65 3307 3422
0 66 4435 4485 4503
0 67 2884 3736
0 68 4219 5166
0 69 3088 3723 4909 5253
0 70 3701 4313 4766
0 71 3481 3951 4369 4522
0 72 3390 4691
0 73 3703 4174 4897
0 74 2965 3210 3575 3656 4069
0 75 3966 4679
0 76 3955 4222 4932 5125
0 77 4757
0 78 3162 4099 4542 4624 5154
0 79 2828
0 80 3123 4102 5546 5574
0 81 4399 5237 5368
0 82 3257 3353 4343 5004 5395 5595
0 83 4043 4534 5147
0 84 2961
0 85 3975 4224 4434 5066 5165 5229
0 86 2867 3175 4444 4591 4976 5040 5130
0 87 3749 4186 4548
0 88 4860 5063
0 89 4265
0 90 2834 2857 4072 4403 5016
0 91 4229
0 92 3096 3277 5260 5409
0 93 3009 3198 3582 4210 4247 5443 5501
0 94 3482
0 95 4157 4216 4865 4894 5356 5527
0 96 3882 4444 4966
0 97 3242 3438 3669 5057
0 98 3040 4601
0 99 3171 3773 4106 4632 4729
0 100 2817 3326 4510 5261
0 101 3171 3426 4827 5292
0 102 2967 3843 4464
0 103 2987 3676 4763 5458
0 104 2830 4607
0 105 2881 3021 4908 5053 5237 5488
0 106 3614
0 107 3787 4051 4294 5002 5575
0 108 4205
0 109 3070 5070 5282
0 110 3387 4399 5399
0 111 4870 5107
0 112 3816 4103 4347 4820 5304
0 113 3004 3829
0 114 3860 4066 4968
0 115 4656
0 116 4643
0 117 4524 4954 5076
0 118 3429 3439 4033 4144 5093
0 119 3243 3547 3984 4227
0 120 4155
0 121 2922 3425 4148
0 122 3886 4101 5344 5559
0 123 3783
0 124 3049
0 125 3257 3311 4061 4882 5579
0 126 3472 4154
0 127 3117 3713
0 128 2914 3032 3780 5526
0 129 3519 4843 5366 5545
0 130 3236 3685 4623 5359
0 131 3674
0 132 2912 3605 4546 4727 4825 5133 5372
0 133 3032 3174 3236 4268 5180
0 134 4953
0 135 3224
0 136 3633 5113 5118 5392
0 137 3500 3947 4040 4868 5282 5472 5519
0 138 3212 5385
0 139 4641
0 140 2936 4158
0 141 3000 4986 5196
0 142 2825 3632 4256 4621
0 143 3273 3409 3525 4882
0 144 3039 3118 4148 4229
0 145 2938 4492 5155
0 146 3185 4082 4853 5543
0 147 2826 3091 4978 5327
0 148 3830 3925 4058 4431 5433
0 149 4349
0 150 3251 3393 5204
0 151 2884 3286 3458 3563 3792 4223 4330 5294 5466
0 152 3429 3472 3800 5117 5438
0 153 3251 3689 3936 3947 4785 5008
0 154 2803 4084
0 155 3062 3096 5496
0 156 3667
0 157 2994 3090 3203 5440 5442
0 158 3396 4045 5456
0 159 4034 5089
0 160 2820 4294 5112
0 161 3856 4204 4220 5469 5471
0 162 3762 4256 4263
0 163 3167 5358
0 164 3006 3550 4594 4642 4661 5324
0 165 3061 4040 5322
0 166 3160 4130
0 167 3515 4320 4645 4969
0 168 2970 3186 3450 4060 4232 4760 4935 4936 5061 5128
0 169 3192 5420
0 170 4493
0 171 3306 3601 4360
0 172 2828 2833 2858 3055 3861 3952
0 173 2898 4097 4650 4697
0 174 3146 3615 3677 5439
0 175 3266
0 176 4375 4911
0 177 3800 5059 5282
0 178 3649 4263 4301 4678 4892 4921 5159 5457
0 179 3871 4497 4649
0 180 4535 4583 4809
0 181 3234 3678 4572
0 182 3103 3307 4068 4077 4251 5508
0 183 2940 3263 4104 4124 4133 4482 4757
0 184 3277 3935 4051 4701 5042 5282
0 185 3169 3872 3929 4788
0 186 2907 3731 3743 3813 4479
0 187 3266 5337
0 188 3626 4916 4967 5148
0 189 3359 4091 5024 5082
0 190 3048 3501 3791
0 191 2971 3664 4204
0 192 3232 3354 3643 3648 4282
0 193 3326 3378 3952 4219 4346 4983 5326 5340 5470
0 194 2959 5573
0 195 4013 4298 4591 5324
0 196 3333 4106 5044 5066
0 197 3194 4590 5025 5224 5411 5520
0 198 3094 3316 3742 4009 4781
0 199 3079
0 200 3088 3312 4271 5131
0 201 2944 2985 3673 4134 4228 4305 4484 4938 5579
0 202 4925 5083 5426
0 203 3153 3298 3793
0 204 2861 3499 4823 5167
0 205 3281 3862
0 206 4110 5386 5586
0 207 2831 3476 4833
0 208 3292 3731 4285 4606 4879 5051 5279
0 209 4488 5127
0 210 2856 3774 4127 4318 4534 5241
0 211 3212 3267 3411 3676 3703 4054 4193 4718 5262
0 212 5220
0 213 3889 4067
0 214 3158 3308 3822 4097 5322 5326
0 215 3567
0 216 3009 4071 4773
0 217 3357 3536 4909 4921 5114 5247
0 218 4632 4709
0 219 5432
0 220 3162 3697 4848
0 221 4444 5188 5361 5393
0 222 2865 3349 3390 3677 4586 4831 4913 5146
0 223 3163 3885 4569 5185 5511
0 224 3410 3780 5157
0 225 2809 3462 4202
0 226 3361 3931 4943 5200
0 227 2956 3772 5448
0 228 3087 3476 4012 4221
0 229 3114 3455 3938 4504 4636
0 230 3117 3139 3447 5376
0 231 3076 3813
0 232 3356 4433 4560 4607 5112
0 233 2936 3228 3857 4339
0 234 4765
0 235 3641 3761 4468
0 236 4696
0 237 3399 3882 4313
0 238 3983 4067 5059
0 239 3478 4703 4911 5348 5578
0 240 2854 3245 3465 3535 4239 4441 4716 4772
0 241 2882 4632
0 242 3146 3316
0 243 4864 5292 5400 5455
0 244 3328 5329
0 245 4014 5352 5414
0 246 4254 4324 5367
0 247 4289
0 248 2835 3659 3954 4020 4964 5438
0 249 4546 4751 4933
0 250 2832 3375 4084 4154 4545 5377
0 251 4625 5278
0 252 3105 3258 4415
0 253 2820 4172
0 254 2925 3383 4894
0 255 3927
0 256 3123 3140 3358 4166
0 257 3646 3699 3713
0 258 3905 5037
0 259 2819 2943 3165 3826 4230 5216
0 260 2807 2869 3165 4077 4319 4487 4521 4591 4729 5117
0 261 3506 4226
0 262 2803 4007 4024 4344 4436
0 263 4537
0 264 3012 4205 5027 5573
0 265 5205 5312
0 266 3780 4068 4359 4878
0 267 4206
0 268 3077 3091 3205 3306
0 269 4310 4488 4652 5315
0 270 3033 5223
0 271 2957 3545 3839 4004 4055
0 272 3981 5067 5148 5324
0 273 4452 5574
0 274 4294 4392 4786
0 275 3429 3610 4750
0 276 4638 5394 5517 5575
0 277 5129
0 278 3424 4268
0 279 2926 3525 5348
0 280 2978 3717 3919 4081 4990
0 281 5239 5579
0 282 2806 4182 4990
0 283 4027 4202 4769
0 284 2931 3030 3503 4295
0 285 3961
0 286 3124 4440 4559 4737 5059
0 287 3024 3907
0 288 3033 3143 5037
0 289 5209 5577
0 290 2965 3399 3744 3788 4092 5250
0 291 2936 3690 4148 4969
0 292 3390
0 293 3329 3467 5239 5339
0 294 3195 3216 3565 5116
0 295 3247 3478 4020 4675 4768 5274
0 296 4555 4781 5029 5246 5473
0 297 5132 5208
0 298 3041 3117 3258 3436 4767 4777 5124 5516
0 299 4673 5053
0 300 4876
0 301 3946 5165 5301
0 302 2830 3395
0 303 2969 3240 4693 5404 5584
0 304 3103 5516
0 305 3112 3320 3351 4034 4423
0 306 3118 3674 4408 5092
0 307 3247 4184 4310 4591 5199 5217
0 308 4200 5096
0 309 3725 5477 5535
0 310 3364 4042 4518
0 311 2810 2928 4597 4883 5048
0 312 3162 3328 4088 4213 5477
0 313 3498 4992
0 314 3342 3396 4746 5193
0 315 3538 4320 4398 4782 5333 5334 5529
0 316 3213 4311 4564 4649 4702 5079 5255
0 317 3725 4427 4988 5183 5310 5485
0 318 3079 3179 3853 4037 4539 5320
0 319 3741 4000 4801 4952
0 320 3117 4401 4673 4967 5285
0 321 2840 3180 4218 4995
0 322 3403 3614 3745
0 323 4229 4910
0 324 4669
0 325 3419 4073 4734
0 326 4261
0 327 3111 3697 5486
0 328 3690 3921 4282
0 329 3403 3840 4343
0 330 3080 4538 4642
0 331 4061 4847 5576
0 332 5387
0 333 3507 4605 5009
0 334 4352
0 335 3100 4646 4648 5083 5540
0 336 3292 3343 3759 4130 5053
0 337 4573 5009 5103
0 338 3023 4125 4524 4803
0 339 5109 5309 5593
0 340 3544 5224 5494
0 341 3105 3461 5087
0 342 3612 4171 4252 5183
0 343 3150 3762 4675 4912 5394
0 344 2968 4017 4218
0 345 4057 4616
0 346 3621 4180
0 347 3146 5261
0 348 3014 3619 4087 4948 5427
0 349 2808 5349 5522
0 350 3555 3814 4955
0 351 3917 4991 5269
0 352 3653 4101
0 353 3442 3877 4695 4707 4758
0 354 3737 4344 5060 5134
0 355 3594 3731 5512 5532
0 356 3323
0 357 3334 3534 4346 4347 4528 5428
0 358 4674
0 359 4976 5572
0 360 4699 5004
0 361 3417 4837
0 362 3959 4132
0 363 2861 3534 3606 4623 5325
0 364 3794 3847 4315 4347 4554 5405
0 365 3090
0 366 3936 4846
0 367 3205 3476 3569 3610 4458 5197 5323 5422
0 368 2819 3815 4020 4642
0 369 4388 4830 4837
0 370 2812 3455 3981
0 371 3862 4298 5044
0 372 4240 4749
0 373 2819 3285 3657 5376
0 374 4552
0 375 4092 5086
0 376 2849 3130 4070 4235 4448 4544
0 377 3084 5473
0 378 3233 3620 4077 4270 4317
0 379 4053 4061 4254 5145
0 380 2876 3474 3724 4164 4637 4879
0 381 3683 4148 4211 4547 4726 5001
0 382 3403 4485 4741
0 383 5473
0 384 3922 4020 5429
0 385 4079 4252 4290 4769
0 386 2946 3290 4015 4872 5268
0 387 3499
0 388 3052 4738
0 389 4851
0 390 2813
0 391 2974 3666 3881 5559
0 392 3174 4191
0 393 2805 3928 4076 4546 5006 5071 5598
0 394 3187 4827 5002
0 395 2866 3035 3579 4262 4304 4822 4950
0 396 3163 3393 4626 5088 5174
0 397 3298 3525 5333 5542
0 398 5308
0 399 3391 3665 3680 3902 4179 5093
0 400 3080 3788 4899
0 401 2851 3388 3565
0 402 3131 3170
0 403 3704 4396 4885 5506
0 404 3810 5288
0 405 4160 4392 4679
0 406 2857 3778 4365
0 407 3742 3879 3929 5503
0 408 4086 4574 5240
0 409 3552 4842 4857 5480
0 410 4320
0 411 4388 4625
0 412 3506 4450 4574 4989
0 413 4307
0 414 3779 4054 4985 5270
0 415 3096 3555 3847 4487 4743 4996 5079
0 416 2908 3051 3756 4157 5057 5088
0 417 3605 3881 3946
0 418 3448 3727 3767 3972 4304
0 419 2904 2919 3152 4358 4360 4402
0 420 2812 3568 3617 4159 4429
0 421 3474 3598 3739 4167
0 422 3187 3190 3351 4843 4960
0 423 3205 3391 3750 4161 4691
0 424 3389 4500 4604 4729
0 425 3250 4926
0 426 3245 3486 3793
0 427 3941 4139 4940 5216
0 428 5422
0 429 3078 3962 4709
0 430 3480 3602 4861 4958
0 431 3594 4802 5422
0 432 3259 3375 3560 4854
0 433 3108 4784 5183
0 434 3234 4046 5204 5246
0 435 4762 4809
0 436 3523 3704 5127
0 437 4405 5168
0 438 4405 4551 5222 5520
0 439 3443 3517 5054 5198 5593
0 440 2824 3663
0 441 2825 2873 3431 5274 5516
0 442 2884 2981 3108 3407 4142 4544 4565 4629 5235
0 443 3706 4330 4375 5200 5566
0 444 3060 3086 3798 4237 4460 4982 5325
0 445 4012 5210 5254 5490
0 446 3601 3867 4366 5271
0 447 3022 3253 3949 4014 4818 5204
0 448 4111 4802 4825 5107 5505
0 449 3318 3338 3521 3835 3894 4003
0 450 3657 4261
0 451 4333
0 452 3440 4233 4290 4893 5487
0 453 5117
0 454 2910 3217 3317 3331 3502 3707
0 455 3007 3605 3758 3993
0 456 3421 3925 4583 4776
0 457 3425 4978 5365
0 458 3373
0 459 2979 3866
0 460 2996 3878 4295 5191
0 461 4206 4841
0 462 2982 4097 4226 4688 5015 5583
0 463 4744 5090 5373 5580
0 464 2885 3455 3859 4415
0 465 3984 4451 4474
0 466 2829 3024 5230
0 467 2860 3913 4261 4273 5205 5220 5443
0 468 2816 2822 3528 5330 5520
0 469 3897 4903 5403
0 470 3360 3597 3609 4274 4774
0 471 4449
0 472 3519 4617 5026 5142
0 473 4966 5095 5255 5352
0 474 3867 4546 5067
0 475 4176 4188 4610 4862
0 476 2878 3758 3898 4172 4318 4881 5549
0 477 3394 4150 4160 5079
0 478 3126 3516 4234 4969
0 479 3441 3512 4303
0 480 3263 3278 4189 4417 4824
0 481 3317 3365 3486 4078 4573 4805
0 482 3083 3305 3828
0 483 2877 4652 5163
0 484 2969 5452
0 485 2950 5180
0 486 3228 3513 3673 4764 4803
0 487 3586 3999
0 488 3201 3288 3839 3941 5127 5156
0 489 3308
0 490 2916 5533
0 491 4557 4622
0 492 3344 4531
0 493 4578 5499
0 494 3932 4566 4751
0 495 3179 3684
0 496 3642 3745 4340 4925 5221 5560
0 497 3711 4880 4939 5304
0 498 3998
0 499 2993 3819 3881 3909 4516 4667 5513
0 500 3280 3513 4396 4820 5262
0 501 3349 3990 5044
0 502 3234 3817
0 503 3840 4511 4642 4771 4954
0 504 3631 3750 4060 4381 4909 5307
0 505 2822 3310 3568 3673
0 506 3616 3693 4844
0 507 3047 3325 3875 4343
0 508 3287 3324 4945 5371
0 509 2943 4005 4645 5054 5304
0 510 2941 4078 5426
0 511 3325 3335 3803 3900
0 512 3266 3914 4966 5039 5040
0 513 3523 3531
0 514 3673 3884
0 515 3506
0 516 3302 3599 3603
0 517 4490 4811 5505
0 518 3465 3901
0 519 2934 4461 5164
0 520 3045 3391 3826 4448
0 521 3006 4643 4710 5311
0 522 3010 3831
0 523 2979 4546 5327
0 524 2959 3381 3465 3957 5013 5144 5248
0 525 3727 3801 4233 5413
0 526 3063 3374 3385 3407 3878 4199
0 527 2968 3007 3452 3655 4144 4834
0 528 3490
0 529 4972
0 530 3298 4182 4351 4787 5575
0 531 3388 3656 3991
0 532 4414 4735 5027
0 533 2801 4261 4325 4366 4798 5149 5280 5585
0 534 3837 4113 4139 4313 5011 5492
0 535 4001 4790 5392
0 536 3200 4876
0 537 2895 2902 3802
0 538 3645 5205 5436
0 539 5424
0 540 2824 3575 3968 4259
0 541 3058 3874 4239
0 542 3056 3859 4577 4599 4890
0 543 2970 3634 4046 4687 5124
0 544 3497 4030 4398 4698 5325
0 545 5459
0 546 3119 3289 3606 4012 4227 4464 4755 4776 4837 4867
0 547 3982 4707
0 548 3144 3664 4801
0 549 2944
0 550 2935 3612 5584
0 551 3663 3759
0 552 3476 3568 4507 4946 5367 5374 5461
0 553 2986 3124 3553 5044 5065
0 554 3488 3922 5587
0 555 3693 3824
0 556 4931
0 557 4333 5307
0 558 3089 3162 3253 4867 5027 5380
0 559 2809 3225 4406
0 560 4355 4664 5092
0 561 4126 4245 4395 5511
0 562 2963 3543 3579
0 563 2947 3496 3565 3578 5167 5521
0 564 2944 3637 3855 4090
0 565 3316 4599
0 566 3877 4458 4476
0 567 2952 4569 5397
0 568 3456 4794 4931
0 569 4516
0 570 2918 5596
0 571 4380 5032
0 572 2840 3251 3634 4928 4976 5116 5141
0 573 3309 3353 3727 4210
0 574 3453 5006
0 575 4074 4095 4438 4514 5291
0 576 4329 5408
0 577 4696
0 578 2816 5109
0 579 3481 5007 5328
0 580 3141 4599 5482
0 581 4132 4225
0 582 3085 3551 3813 4805 5171
0 583 4276 4519 4790
0 584 3977 4934
0 585 3869 4330 5027 5284
0 586 2970 4879 5256 5434
0 587 2868 3413 5353 5386
0 588 2841 3504 3620 3827 3864
0 589 3349 3982 4056 4628 5383
0 590 3769 4593 4610 5238 5540
0 591 2914 3667 4015 5162
0 592 4407 5394
0 593 3351 3475 3885 3938 4926 5064 5386
0 594 2935 4068 4305 4579
0 595 3136 4909 5166
0 596 3475 4210 5173 5284
0 597 5278 5476
0 598 3911
0 599 3210 3694
0 600 4617 5439
0 601 4163 4515 5273
0 602 2801 4607 5381
0 603 3122 4244 4383 4515 5198
0 604 3582 5466
0 605 3197 3488
0 606 4515
0 607 2824 2953 4750
0 608 3397 4148 4717 4809 5378
0 609 2927 3780 4284 5039 5432
0 610 3843 4623 4851 5229 5451
0 611 3581 4138 5200
0 612 4369 4574
0 613 3320 3771 3828 4371
0 614 3821 3878 4674
0 615 4931 5285
0 616 3490 4060 5265
0 617 3153 5204
0 618 3479 4442
0 619 2995 3442
0 620 3272 3279 5016 5244
0 621 5169 5437 5469
0 622 3761 4354 4396 4781
0 623 2923 3509 4211 5006
0 624 4923 5360 5562
0 625 3622 3882
0 626 3418 3467 4326 4606 4664 5059 5408
0 627 2925 3880 4222 5242 5474
0 628 3115 3240 3812 5026
0 629 3302 3414 3495
0 630 2995 3266 3540 3588 3992 4095 4753 5218 5524 5530
0 631 2819 3728 5373
0 632 3855 4538 4719 4858
0 633 3543 3634 3790 3937 4051 5228 5340
0 634 3490 4269 4460 4473 5213
0 635 3256 4045 4567 4823 4855 4987 5342 5345 5587
0 636 4034
0 637 3146 3155 3279
0 638 3091 4662 5063 5540 5557
0 639 3032 3788 4144 4493 4663 4906
0 640 4707
0 641 3316 4140 4713 5147
0 642 3241 3357 4209 4244 4301
0 643 3459 3681 3973 4327 5307
0 644 4187 4963
0 645 2820 2903 2945 2998 3335
0 646 2846 3967 4446 4738 5313 5428
0 647 3478 4726 5068
0 648 2866 3445 3471 4378 4572 4971
0 649 3374 4033 4197 4247 4547 4628 5062 5222 5260
0 650 2984 3370 3749 4269 5588
0 651 2812 4180 5393
0 652 4303 5028 5192 5555
0 653 3643 3938 4309 5214
0 654 3239 3349 4039 4628 5470
0 655 3089 3160 3578 3758 3781 4086 4561 5015
0 656 4455
0 657 2803 3817 5441 5463
0 658 3987 4572 4851 4898 5169 5296 5388
0 659 3499 3619 3631 4140 4918 5258 5323
0 660 4138
0 661 5143
0 662 4408 5017
0 663 4067 4205 4664
0 664 3702 3984 4557 5153
0 665 2881 3504 4418 4498
0 666 3469 3889
0 667 2841
0 668 3086 4655 5224
0 669 3827 4197 5476
0 670 4781
0 671 3041 3111
0 672 3043 3794 5381 5595
0 673 2836 4717 5281
0 674 2851 4738
0 675 3201 3271 3377 3413 3655 3753 4137
0 676 3854 4959 5520
0 677 3109 3428 3923 4079 5240
0 678 3294 5019 5215
0 679 4160 4504 5524
0 680 3120 3604 3909 4621 5057
0 681 4013 4070 4087 4103 4506 4704
0 682 3542 4326
0 683 3273 3604 3837 3931
0 684 3632 4153 4632 5111
0 685 2854 3018 3247 5255 5398
0 686 4065 4134 4369 4792 5456
0 687 3158 3536 4565
0 688 4005 4875 5078 5132
0 689 3406 3701 3716 4607
0 690 2976 3966
0 691 2810 3033 3411 3643 4242 4282
0 692 3549 4344 4365 4757 4940 5064 5599
0 693 2837 3141 3861 5593
0 694 4957 5528
0 695 3165 3912 4279 4894 4963 5267 5508
0 696 3587 4432
0 697 4527 5053
0 698 3120 3216 3972
0 699 2989 3927 3988
0 700 3702 3897 3942 4913
0 701 3467 4161 4705
0 702 3957 4369 5112 5201
0 703 3384 4713
0 704 2904 3619
0 705 3800 4142
0 706 3445 3747 4766 4913 5037 5196 5346
0 707 5015
0 708 3298 3849 3996 5000
0 709 3203 3287 4765
0 710 3489 4882 5478
0 711 3188 4001 4211 4374 5435
0 712 3072 4469
0 713 4434
0 714 3322 3590 4345
0 715 5246 5270
0 716 3456 3630 3663 3995 4424 5506
0 717 3248 3742 5196
0 718 2919 3283 4160
0 719 4691 5208
0 720 2921 3439
0 721 3163 3860 5112 5195
0 722 3347 4449 5016 5110 5258
0 723 3997 4376
0 724 3084 3245 3696 3789 4647 4831 5547
0 725 2855 3582 5343
0 726 3059 4046 4248
0 727 4154
0 728 2822 3044 3321 5015
0 729 2884 3013 3843 5136
0 730 3318 3389 3732 4306
0 731 5154
0 732 3292 4318 5121 5182
0 733 2889 3278 3613 4256 4849 5009 5263
0 734 3193 3369 3533 5131
0 735 2826 3055 3373 3440 3729 4000 4902 4916 5145
0 736 3343 4557 5098
0 737 3209 3591 3754 3843 4015 4216 4735 5013
0 738 3662 4546
0 739 2802 2884 2936 3007 5017 5592
0 740 3922 4033 4788
0 741 3179 3990 4442
0 742 3674 4031
0 743 3312 3916 5202 5347
0 744 2981 3655
0 745 4092 4354 4489 4572
0 746 2964 3767 3807 3834 3902 4412
0 747 3421 4318 4684
0 748 3484 3801
0 749 2999 3173 4332 5160 5505
0 750 3084 4501
0 751 2849 3093 3123 4276
0 752 3137 4341 5005
0 753 4317 4661 5452
0 754 2895 3131 4067 4529 5230
0 755 3150 3364 4142 5353 5508
0 756 3244 3582 3698 3739 3952 4563 5088
0 757 3152 3459 4325 4638
0 758 3525 4174 4470 4980 5009
0 759 3103 3318 4206 4655 5054
0 760 3035 3043 5031 5206 5320
0 761 2857 3154 3897 5579
0 762 5154 5180
0 763 5556
0 764 2926 4644 5361
0 765 3022 3095 3725 4196
0 766 3830 4093
0 767 2825 3341 4744
0 768 3244 4035 5250
0 769 3201 3266 3353 3837 4512 4613 4826
0 770 3024 3101 3350 3706 3859
0 771 3480 4000 4213 5255
0 772 2826 2913 3477 4280
0 773 3560 4361
0 774 3260 3802 3847 4982
0 775 3828 4648 4717 4754
0 776 2861 3345 3579 4191 4219 4220 4712 5443
0 777 3445 3821 3976 4581 4849 5017
0 778 4420 4966
0 779 3865 3961 4459 4999 5351 5573
0 780 3304 4287 5519
0 781 3648 3961 4152 4840
0 782 3146 3785 4106 4372 4601 5296
0 783 3060 3929
0 784 3915 4641 4679
0 785 2966 5272
0 786 4233 4585 5336 5488
0 787 3053 3132 3296 4478 5386
0 788 3592 5097 5146
0 789 3765 4496 4594 4814 4816
0 790 3157 4638 4678 5271
0 791 3654
0 792 2881 2970 4005 5066
0 793 3916 4331 4728 4870
0 794 3188 4557 4989
0 795 2996 3374 3528 4073 5461 5490
0 796 3002 3254 3408 3483 4043 4506 4559 5469 5521
0 797 3086 3291 4265 4718 4782 4912 4922
0 798 4630
0 799 5153
0 800 5531
0 801 3036 4236 4357 4505 4670 5288
0 802 3281 3300
0 803 4667 4838 4970
0 804 3291 3420 3634
0 805 3520 3556 4873
0 806 3231 3655 3967 4846
0 807 3205 3980 4125 4547
0 808 3017
0 809 2975
0 810 3024 3946
0 811 3149 4395 4648 4754 4991 5097
0 812 3984 4667 5020 5329
0 813 2983 3761 5435
0 814 2973 4291 4475
0 815 2874 3074 3099 3460
0 816 4052 4054 4453 4651 4687
0 817 3298 4856 5579
0 818 3173 3864 4402 5456
0 819 3375 4180 4510 5245
0 820 3022 3320 3446 3829 4075 4406
0 821 3155 5381
0 822 3812 5018
0 823 3420
0 824 3765 3885 4652 5359
0 825 3614
0 826 3318 3929 4244 4433
0 827 3466 4516
0 828 3437 3738 3945
0 829 3504 3823 5167
0 830 2836 3154 3351 4735 4889 5379
0 831 3473 3835 5127 5331
0 832 5357
0 833 4132 4578 5194
0 834 3002 3497 3676 3928 5398
0 835 2920 4024
0 836 3243 4435
0 837 3105 3969
0 838 5042
0 839 4194 4943 5090 5161
0 840 4098 4714 5038
0 841 3470
0 842 2922 3012 3520 3671 4688 5260
0 843 3101 3593 3597 4322
0 844 3509 4971 5009 5134
0 845 4260 4571 4612 5071 5228 5317 5386
0 846 5232
0 847 4120 5023 5050
0 848 4871
0 849 2984 3010 3740 4186 4632 5467
0 850 3735 3863 4883 5010 5329
0 851 3405 3424 3543 4390 4513
0 852 2872 3736 3902 3915
0 853 3531 3632 4231 4355 4503
0 854 4207
0 855 2940 3033 3190 4183 4321 4438
0 856 3737 3794 5566
0 857 3016 3340 5567
0 858 3452 4581 4987 5595
0 859 3117
0 860 5121 5260 5301
0 861 3071 3572 3631
0 862 3067 3681 4387 4721 4729 5070 5400
0 863 3547 3714 4610
0 864 3293 4205 4349 4651
0 865 5215 5440
0 866 4404 4624 4984 5023
0 867 2837 4676
0 868 2928 3005 3223 3248 3408 3518 3691 4575 4738
0 869 3661 4350 4354 5093
0 870 3089 3469 3644
0 871 3160 3459 3658 3906 4874 5111 5197 5519
0 872 3149 3359 3384 3825 4568 4709 5043
0 873 2977 5259
0 874 2903 4195 4226 4602 4861 5118
0 875 3078 3597 4222 4495 4664 5198 5473
0 876 4558 5243
0 877 3973 4059 4472 5061
0 878 2973 3482 3633 5137
0 879 2808 3977 5393
0 880 3788 4055 4392 4543
0 881 2818 3518 4867 5288
0 882 3030 3063 4185 4974 5520
0 883 2973
0 884 3223 4074 4914
0 885 3271 3361 5026 5267 5538 5582
0 886 3372 4148 4329 4698 5325
0 887 3089 3531 3820 3893 3959 5375
0 888 4171 5252
0 889 2819 3844 5396
0 890 3504 4814 5266
0 891 4097
0 892 3109 4494 4680 5007 5318
0 893 3758 3977 4375 5142
0 894 3025 3178 4354
0 895 3309 3457 5395
0 896 5453
0 897 3821 4329 4960 5479
0 898 4095 4803 4876 5022
0 899 4360 5384 5551
0 900 2902 3994 4778 5533
0 901 5365
0 902 3144 3787 4183 4297 4380
0 903 3454 4911 5441
0 904 4366
0 905 2882 3452 4359 5163
0 906 3280 3925 4003
0 907 3598 3806 5327 5512
0 908 5480 5593
0 909 3696 4397 4728 4730 4896 5472
0 910 3405 3857 4180 4237 4872 4922 5462
0 911 2922 2979
0 912 3459 4077 4418 5024 5293
0 913 3216 3276 5342 5358
0 914 3843 5229 5594
0 915 3048 3311 3988 4085 4101 4569
0 916 3869 4183 4819
0 917 3649 4366 4489 4597 4619
0 918 3424 4292 4429 4666 5490
0 919 4363 4368 4887 5413
0 920 5386
0 921 4783
0 922 2881
0 923 3377 3915 4018 4019 4222 4452 4644 5109
0 924 2943 3799 4206
0 925 3763 5107
0 926 3429 4011 4016 4736
0 927 5242
0 928 3519 3709 5523
0 929 3123 3323 3376
0 930 3875 3904
0 931 4718 4855 4859 5211
0 932 3628 3875 5114 5430
0 933 3928 4536 5151
0 934 4025 4142 4654 5496 5528
0 935 2820 3084 4317 4390 5162
0 936 2928 3602 4324 4667 4785 5073 5186
0 937 3425 4466 5569
0 938 5476
0 939 3075 3862 4183
0 940 3135 3337 3380 3572 4282 4302
0 941 5360
0 942 3380 4754 5111
0 943 4999 5147 5185
0 944 3145
0 945 3513 4491 4894 5046 5273
0 946 3130 5253
0 947 4023 4517
0 948 3022 3627 4134 5116 5157 5159 5585
0 949 5006
0 950 3016 3364 3380 4687
0 951 3981 4495
0 952 2854 4391
0 953 3013 3172 4748 4865
0 954 3922 4232 4249 4380 4868 4979
0 955 2820 3925 4059 4103 4679
0 956 3358 4007 4526 4766 4916
0 957 2914 3548 3735 4186 4738 4904 5014
0 958 4591
0 959 3014 3075 3147 3408 3887 4184 5517
0 960 3160 4814 4855 5334
0 961 3271 4216
0 962 3737 4432
0 963 2884 4379 5486
0 964 3592 3727 4358 5356 5582
0 965 3099 4001 4619 4716 5429
0 966 2915 3021 3635 4591 5289
0 967 3261 5388
0 968 4405 4576
0 969 4947
0 970 3010 5092
0 971 3324 3427 4386 4652
0 972 3331 4047 5140
0 973 3369 3838 5536
0 974 3479 3885
0 975 4771
0 976 4052
0 977 4516
0 978 3298 4390 4489 4842
0 979 4710
0 980 3061 3995 4511 5212 5428 5556
0 981 2973 4801 4941
0 982 3673 3786 4998
0 983 2969 3183 3796 4074 4622 5295
0 984 2865 4646
0 985 3080 3170 3232 3669 4672 4698
0 986 3279 3572 4773 5350
0 987 4490 5039 5206 5331
0 988 3128 3935 4075 4104 4440 5259 5525
0 989 3497 3730 4213 4956 5220
0 990 3020 3112 3237 4017 4430 4545
0 991 3827 4379 5253 5294
0 992 3719 5077
0 993 3044 3682
0 994 3606 4412 5154 5328
0 995 3016 3275 3469 3707 4126 4587
0 996 3698 3949 4016 4953
0 997 3978 4233 4399
0 998 3693 3886 5541
0 999 2860 3912
0 1000 3623 4486 5028
0 1001 4600
0 1002 2815 3968 4461
0 1003 3501 3554 3897 4330 4637 5575
0 1004 2801 4101 4972
0 1005 3743 4604 4728 4921
0 1006 2855 3214 3284 3954 4714 4781 5205
0 1007 2877 3153 3318 3856 4266 4421 4478 4613 4721 4795
0 1008 3683 4830 5128
0 1009 4948 5490
0 1010 2837 3356 3463 4077
0 1011 3795 4704 5540
0 1012 3271 3649 5239 5497
0 1013 3990 4273 4811
0 1014 5204 5295
0 1015 3510 4501 5155
0 1016 3153 3870 4593 4880 5150 5356
0 1017 3769 3856
0 1018 2887 4949
0 1019 3822 5083
0 1020 2895 2973 3784 4973
0 1021 4263 4871
0 1022 3788 5133
0 1023 4015 4895 5457 5583
0 1024 3276 3427 3751 4268 4694 4811 5183
0 1025 3106 5305
0 1026 2863 3223 3877 4858 5331
0 1027 2860 4083 4550 4794 4938 4992
0 1028 3983 4100 5269
0 1029 3912 4103 4841 5224 5437
0 1030 3447 4227 4329 4731 4929 4952
0 1031 3096 3349 5105
0 1032 3265 4014
0 1033 4195
0 1034 3605 4045 4117 4171 4229 4252 4705
0 1035 3177 3442 3947 5116 5153
0 1036 2966 3096 3742
0 1037 3764 4578
0 1038 5569
0 1039 2865 3141 4205 4482 5350
0 1040 3239 4117 4342
0 1041 3940 4374 4804 5380
0 1042 3813 5057 5543
0 1043 3096 4301 4764 4779 5205 5237 5414
0 1044 3970 4885
0 1045 4961
0 1046 3004 4535 5440 5494
0 1047 3012 3694 4440 4758 5537
0 1048 3640 5334 5556
0 1049 3479 4173 4195 4966
0 1050 3965 3974
0 1051 2956 4034 4248 5272
0 1052 3154 3406 3538 3592 4174 4633 4987 5337 5499 5538
0 1053 3507 3840 4181 4332 4698
0 1054 3394 4084 4698 4927
0 1055 4798
0 1056 3443 4127 4790
0 1057 4298 4775
0 1058 2998 3463 3494 3772 3932 4123 4946 5593
0 1059 3501 3917 5192
0 1060 3395 3658 4882
0 1061 4161 5230
0 1062 4410 5538
0 1063 4286 4478 5257 5294
0 1064 2960 4447 5001 5112
0 1065 3061 3963 4053 4372
0 1066 4638 4776 4953
0 1067 2952 3260 3637 3789 3902 4150 4823 5453 5493
0 1068 3370 3643 5222 5501
0 1069 3091 3984 5440
0 1070 3125 4197
0 1071 4203 4535 5229
0 1072 3519 5229 5506
0 1073 3201 3282 4909 5206
0 1074 3088 3163 3249 5148 5327
0 1075 2903 3877 3954
0 1076 3782 4715
0 1077 4119 4465 4923 5265
0 1078 3351 3495 5381
0 1079 5157 5470
0 1080 4770
0 1081 3535 3790 5060 5499
0 1082 3395
0 1083 3453 4443 4597 4670 4815
0 1084 3291 3317 4728 4936 5352 5431
0 1085 3575 3737 4188 5533
0 1086 4338
0 1087 4611 4980 5393
0 1088 3213 3419 3812 4639 5243 5246
0 1089 4321 5136 5224
0 1090 3051 3237 3507
0 1091 2908 3136 5153 5416 5525
0 1092 2807 4046 4222 4340 4756 4814 5532
0 1093 2946 3056 3583 4203 5316 5469 5536
0 1094 2973 3115 3229
0 1095 2903 2991 3314 3823 3906 4913 4957
0 1096 4056 4203 5577
0 1097 4195 4203 4583 5049
0 1098 2971
0 1099 3461 3616 4677
0 1100 4274 4635 4682 4918 5359 5587
0 1101 3482 4146 5036
0 1102 4488
0 1103 3180 3318 4512 4826 5205
0 1104 3402 5048
0 1105 4849
0 1106 3186 4143 4672
0 1107 3023 4219 4386 5451
0 1108 3184 3381
0 1109 3479 3839 3848 5124
0 1110 2911 4178 5537
0 1111 3402 3478 3637 4318 5039
0 1112 2955 3066 3107 3295 4498 4681 5142
0 1113 3788 4274 4790
0 1114 3301 3336 3871 4518 4867
0 1115 4109
0 1116 3151
0 1117 4339
0 1118 5110
0 1119 2995 3045 3327 3984 4216 4314 4717 4734 4984
0 1120 3439 4147 4156
0 1121 3065 4613
0 1122 5264 5409
0 1123 2950 2955 4349
0 1124 5446
0 1125 4558 5351
0 1126 2846 2874 3049 3432 5407
0 1127 3095 3380 3819 4513 5173
0 1128 3048 3213 4400 4416 4438
0 1129 3089 3992 4070 4499 4630
0 1130 3395 3898 3927 5205 5322
0 1131 3003 3131 3515 4132 4993
0 1132 3643 3892 4107 5045
0 1133 3544 4885
0 1134 2899 3781 4069 4108 4709 4881
0 1135 5161 5319
0 1136 3894 4720 4742 5356
0 1137 5221
0 1138 3710 4327 4599 5086 5278
0 1139 3046 5009 5069 5275 5401
0 1140 3057 3240 4432
0 1141 3230
0 1142 4022 5026
0 1143 4134 4496 4529 4584
0 1144 2928 3671 4795
0 1145 3191 3873
0 1146 3263 3443 3473 5341
0 1147 3042 3915 3932 5148
0 1148 2910 4932
0 1149 3295 3710 3919 4300 5095 5122
0 1150 2804 2921 2948 3656 4888
0 1151 3888 5483
0 1152 3577 4161 4876 5076
0 1153 4855 4936 5240
0 1154 4324
0 1155 5246 5477
0 1156 4224 4424 4573
0 1157 3955 4359 5162
0 1158 4743 5480
0 1159 2973 4451 5344
0 1160 4682 5193 5287
0 1161 2848 3564 4351 4780
0 1162 4770 5140 5273
0 1163 3352 4581 5004
0 1164 3128 4705 4977
0 1165 4196 5245
0 1166 2873 3139 4166 5525
0 1167 3814 3837 4484
0 1168 2986 3577 5105
0 1169 3146 3545 3646 4354 4635
0 1170 2847 4429 4978 5229 5557
0 1171 2877 3047 4646
0 1172 3141 3545 3552 4190 5315
0 1173 2851 3610 3611 4891
0 1174 3032 3236 3983 4383
0 1175 3410 4789 5452
0 1176 3407 3658 4329 4375 5010
0 1177 3201 3383 3917 3998 5325
0 1178 3129 3194 3257
0 1179 3073 3699 4810 5373
0 1180 3943 4148 4681 4794 4932 5170 5489
0 1181 2833 3225 4408 5169 5181
0 1182 4669 5178
0 1183 3501 3929 4539
0 1184 2819 2852 3295 3382 3447 5553
0 1185 3373 3837 4251
0 1186 3542
0 1187 3827 4164 4733
0 1188 3507 4893 4937 5095 5403
0 1189 3421 4914
0 1190 4211
0 1191 2950 3030 3416 4340 5441 5473
0 1192 4113 5262
0 1193 4806
0 1194 3675 4838
0 1195 3769 4353 4560 4705
0 1196 3052 3126 3965 4459 5247 5265
0 1197 3243 5314 5364
0 1198 3574
0 1199 3223 3226 3373 5198 5230 5359
0 1200 3448 4293
0 1201 3144 3493 3856 4797 5044
0 1202 2935 3108 4171 4312 4328
0 1203 2863 3223 4782 5030
0 1204 3312 3503 4684 5443 5467
0 1205 4269
0 1206 3286 4088 4484 5047
0 1207 2886 2931 2979 5159 5583
0 1208 2816 3641 4108 4155
0 1209 3205 3709 3744 4761 4820 4831 5007
0 1210 3853 3917 4747
0 1211 3091 3332 4632 5007 5395 5530
0 1212 3465 3522 3556 3602 3717 4453 4924
0 1213 3061 3307 4596 4693
0 1214 3131 3962 4752
0 1215 4084 4458 5081
0 1216 2863 3005 3475 4466 4496
0 1217 2904 3189 3900 4083 5381
0 1218 4074 5204 5384
0 1219 3389 3906 4501 5328
0 1220 4002 4263
0 1221 3697 3894 3976 4472 4931
0 1222 3186 4219
0 1223 3076 4258 5266
0 1224 4597 4898
0 1225 4263 4620 4834 4991 5071
0 1226 5365
0 1227 3052 5109
0 1228 3856 4482
0 1229 2839 3400
0 1230 3253 3892 4383 4410 4642 4980 5260
0 1231 3670 4636 4934 5114
0 1232 2896 3299
0 1233 3310 3706 3819 3985 5303
0 1234 2886 3016 5310
0 1235 2884 4224 5407 5583
0 1236 4252 4436 4686 4856 4957 5478
0 1237 3206 3463 3684 4810 4879
0 1238 4740
0 1239 3137 3148 3233 4255 4396
0 1240 3865 4985
0 1241 3213 3400 3702 3954 4235 4506
0 1242 3246 3802 3900 4607 5071 5274 5429
0 1243 3060 3528 3707 4189 4300 4373 4664 4774 5397
0 1244 3278 3824 3851 3880 4797
0 1245 3493 3617 5238 5582
0 1246 3423 5152 5380
0 1247 3061 3290 4394 4593 4621
0 1248 3328 3396 3808 4271 5530
0 1249 4100 4170
0 1250 4432 4480
0 1251 2989 3892 5068
0 1252 3207 4468
0 1253 3353 3975 4287
0 1254 3247 3255 4489 4750 4773 5475
0 1255 3904 4864
0 1256 3504 4192 4250 4819
0 1257 3001 5090 5229 5476 5539
0 1258 3058 3355 5439 5554
0 1259 2831 3630 3853 5048
0 1260 3534 3602 3714 5289
0 1261 2802 2902 3664 4140 4381 4982 5576
0 1262 3710 3865 4447 4677 4740 4964
0 1263 2955 3981 4234
0 1264 3560
0 1265 3818 4849
0 1266 3347 3690 3822 3993 4121 4798
0 1267 3238 3301 4752 5047
0 1268 3387 3678 4650 4838 5191
0 1269 2987 4815
0 1270 3215 3411 4927
0 1271 3140 3203 3474 4920
0 1272 2985 4300 4639 4773
0 1273 2869 4415 4943
0 1274 3147 4478 5512
0 1275 4147 5012
0 1276 4506 4960
0 1277 3538 4525 5034 5175
0 1278 4416
0 1279 3003 3562 3582 3637 4058 4401 5217
0 1280 3347 4218 5526
0 1281 3088 3819 3989 4440 4852 5026
0 1282 3013 3690 4056
0 1283 4068 4284
0 1284 3172 3277 3824 4275
0 1285 2994 3607 4754
0 1286 3089 4063 4891 5526
0 1287 4473 4494 5073
0 1288 3386 4426
0 1289 3121 3500 4157 4544 5114
0 1290 4439 5495
0 1291 4439
0 1292 3044 5446
0 1293 3787 4151 4688 5228 5269 5407 5538
0 1294 3565 4248 4484 4834
0 1295 2934 3381 4121 4834 5350
0 1296 4898 5506
0 1297 3091 3116 3701 3804
0 1298 3572 4827 5190
0 1299 2852 4663 5224 5410
0 1300 3962
0 1301 3320 3479 3939 4199 4808
0 1302 3386 3476 5294
0 1303 3428 4587
0 1304 2996 3645 4111 4248 4703
0 1305 3299 4239 4524 4526
0 1306 2850 3518 3680 3729 4321
0 1307 3877 4053 5325
0 1308 3173 3441
0 1309 2824 3165 3394 4066 4107
0 1310 4456 4846 4861
0 1311 4984
0 1312 2844 3059 3617
0 1313 3491 3714 4719 4723
0 1314 3438 4512 4702 4826 5047 5572
0 1315 3112 3599 4068 4214 4679 5448
0 1316 3094 3484 3904 4105 4372 4717 5254 5437 5473 5545
0 1317 3958
0 1318 3247 3666 3815
0 1319 3266 4038 4475 4734
0 1320 3521 4615
0 1321 5300 5453
0 1322 4414 4484 5127
0 1323 4109 5060 5283
0 1324 3844 4396
0 1325 2969 3063 3560
0 1326 5344
0 1327 3591 4244 4586 4868
0 1328 2971 3995 4295 5408 5416 5417
0 1329 2871 3693 4627
0 1330 5117
0 1331 5242
0 1332 3664 5512 5583
0 1333 3096 3266 3621
0 1334 3277 3285 3390 4148 5049
0 1335 3422 3816 4285
0 1336 3047 3287 3399 4375 4807
0 1337 2945 4809 5493
0 1338 3918 4113 4202
0 1339 4628 5201
0 1340 2889 4607 5445
0 1341 3419
0 1342 3488 5115 5163
0 1343 4537 4661
0 1344 3053 3560 4705 4926
0 1345 4373
0 1346 2983 3291 4922
0 1347 5250 5296
0 1348 3128 3162 4265 4518 4627
0 1349 2819 3385 3574 3942 4017 4126 5170
0 1350 4742
0 1351 3698
0 1352 3098 3213 4689 4857 4896 5376 5560
0 1353 3031 4076 4126 4525 5086
0 1354 2833 2889 3905 4091 4957
0 1355 3437 4749
0 1356 2970 3468
0 1357 3669 3955 5299
0 1358 4077 4516
0 1359 3056 5338
0 1360 2803 3016 3729 3785 3955 4526 4626
0 1361 3396 3614 4426 4780 4814
0 1362 3744 4186 4925 5185 5521 5534
0 1363 4310 5096 5230
0 1364 2881 2937 3047 3939 4236 5473
0 1365 3142
0 1366 2827 3704
0 1367 4499 4779
0 1368 4651 4700 5051
0 1369 3594 4012 4169 4343
0 1370 3183 3367 3663 3820 5012 5055
0 1371 2833 4388 4839 5048 5335
0 1372 5220 5524
0 1373 3073 3437 4415
0 1374 3077 3643 4286 5215
0 1375 3488 3745 4221 4260 5014
0 1376 4391
0 1377 2858 3003 3304 3965 4723
0 1378 3037 3243 4502
0 1379 3590 3666 4377
0 1380 2986 3352 4839 5343
0 1381 3191 3346 3461 3879 4452
0 1382 3721 4018
0 1383 3225 4461 4507 4886 5459
0 1384 2988 3037 4182 4518 4529
0 1385 3745 4371 4637 5447
0 1386 2845 3192 4743 4829 4866
0 1387 2820 3533 3652 4031 4237 4463
0 1388 3115 3740 3881 5223
0 1389 4383 5284
0 1390 3312 4432
0 1391 2858 2955 5187
0 1392 2805 2892 3335 5392
0 1393 2941 2973 3328 4004 4630 4636 4637 4681 5367
0 1394 3245 3452 4818 5409
0 1395 3350 4100 4410 4426 5161 5399
0 1396 2861
0 1397 3712 3932 4034
0 1398 2879 2953 3441 4922 5314 5451
0 1399 2893 3174 3630 4057 4589 4933 5542
0 1400 2851 3459
0 1401 3565
0 1402 3013 3125 3895 4292 4878 4961 5233
0 1403 2829 2907 4281 4514 4772
0 1404 4532 4545 5461 5492 5589
0 1405 4163
0 1406 3449 4316 5112
0 1407 3947 4722 5246 5522
0 1408 3171 3952 5117
0 1409 2830
0 1410 3179 4054
0 1411 3818 4900
0 1412 5305
0 1413 4835 5343
0 1414 2948 3744 3981
0 1415 3016 3043 3169 3608 4457 4575 4695
0 1416 3932 4323
0 1417 3067 3104 4757
0 1418 3203 3826 3897 4009 4437 4800 4955
0 1419 4521 4906
0 1420 4523 4734 4994
0 1421 3134 4821 4991 5512 5588
0 1422 3243 3250 3745 5535
0 1423 5245 5291 5451
0 1424 3276 3688 3801 5188 5313
0 1425 2917 3650 4248 5403
0 1426 2839 4945
0 1427 3487 4365 4423 5378
0 1428 3229 4492 4801 5509
0 1429 2829 3602 3944 4135 5202
0 1430 3875 5081 5091 5586
0 1431 2828 4383 4453 5591
0 1432 3012 4455 5212 5319 5557
0 1433 3090 3282 4104 4253 4339 4729 5413 5593
0 1434 3686 4074 5474
0 1435 4168 4219 4464 4590 4638 5038
0 1436 3912 5217
0 1437 3142 3731 3857 4809 5139 5183 5424 5446
0 1438 2808 3163 3440 3562
0 1439 3741 3789
0 1440 3810 4428
0 1441 3772 4434 4655
0 1442 3232 3975 4449 5200
0 1443 3284
0 1444 4153 4966 5447
0 1445 4774 4850
0 1446 2950 3068 3402 3834 4031 4610 4637 5176
0 1447 3340 4444 4988
0 1448 4353 4426
0 1449 3066 3688 4663 4683
0 1450 2821 4007 4547 5221
0 1451 3220 4627 4865
0 1452 2990 3003 3926 4118
0 1453 3173 5011
0 1454 4510 5400
0 1455 4017
0 1456 2892 3086 3353 3877
0 1457 3948 5114 5194
0 1458 2980 3924 4556 4693 4863 5201
0 1459 3111 3662 3789
0 1460 3026 3727 3734
0 1461 3513 4822 5131
0 1462 4286
0 1463 2829 3017 3052 5369
0 1464 4008 4119 4453 5029
0 1465 3101 4086 4646 4792
0 1466 3534 4091 4799
0 1467 2883 3704 4359 4500 4586 4814
0 1468 2901 4647
0 1469 4698
0 1470 2929 3114 3583 4290 4329 4427 5568
0 1471 3552 3885 3919 4081 4594
0 1472 5534
0 1473 3121 3546 5067
0 1474 2895 4408 4513 5259 5513
0 1475 4367 5293
0 1476 3777 4905 4997
0 1477 2961 4698 5172
0 1478 3586 4781 5313 5452
0 1479 3359
0 1480 3907 4387 5111
0 1481 2903 3123 3609 4539 4617 4849 5199
0 1482 4242 5036
0 1483 3409 4002
0 1484 2860 3497 3511 4011 4365 4969
0 1485 4490 4821
0 1486 3194 4274 4559 5418 5511 5592
0 1487 3876 4849
0 1488 4106 5249
0 1489 3410 3842 3880 4218
0 1490 3471 3894 4504 4788 4953 5201
0 1491 4335
0 1492 3176 4870
0 1493 4751 4996
0 1494 4441
0 1495 3091 3229 3248 4328
0 1496 2870 3166 4154 4536 4539 4610 4791 5542
0 1497 3393 4820 5116 5498
0 1498 3006 3757 4834 4964 5259 5278 5321
0 1499 2945 4350 5199 5585
0 1500 2930 3420 4382 4992 5073 5369 5564
0 1501 3125 4379 4756
0 1502 2923 3943 4197 5394
0 1503 3706 3768 5048
0 1504 2945 3270 3453 3647 4058 4412 4546 4924
0 1505 4666 5035
0 1506 3432 4904
0 1507 3280 4508
0 1508 3163 4360 4641 5323 5570
0 1509 2913 4204 4814
0 1510 4039 5350
0 1511 3115 3843 4463 5105
0 1512 3041 3453 4404 4552
0 1513 2813 2923 4069
0 1514 3101 3393 3970 4242 4715 4944 4966
0 1515 3930 4545
0 1516 3701 4744 5141
0 1517 2975 3916 5346
0 1518 2892 4946
0 1519 2928
0 1520 2952 4607 5557
0 1521 4207
0 1522 3419 4109 4269 4399 4401
0 1523 2868 3854 4162 4555 5084 5286 5557
0 1524 4297 5531
0 1525 3202 3899 4680 5143
0 1526 2944 3174 3539 4313 4980
0 1527 2997 3420 3598 3878 4151 4275 5254
0 1528 3251 4242 4799 5221
0 1529 3189 3350 3469 4261 5148
0 1530 3175 3683 4302 4590
0 1531 3169 3664 4421 5517
0 1532 3147 3296 4513
0 1533 4085 4105
0 1534 4537 5244
0 1535 3464
0 1536 3307 4806 5098 5496
0 1537 3114 3719
0 1538 3094 3542 4432 4709 4972
0 1539 3288 3903 5363
0 1540 5360
0 1541 3123 3431 4087
0 1542 3229 3419 4774 5090
0 1543 3735 4129 4728
0 1544 2941 3631 5035 5161 5384
0 1545 3090 3709 3821
0 1546 2941 4075 4558
0 1547 3600 4041 4320 4852 5471
0 1548 2868 3643 3785 4068 4358 4558 5437
0 1549 3431 3731 3843 4168 5128
0 1550 4251
0 1551 3827 4029 5221 5474
0 1552 3871 4026
0 1553 3440 4432 5592
0 1554 3724 4031 4700
0 1555 2937 3250
0 1556 4380 4527 5493
0 1557 3125 3224 4557 5017 5423
0 1558 3663 3954 4813
0 1559 3112 3896 4323 5151
0 1560 3384 3785 4838
0 1561 2987 4913
0 1562 3376
0 1563 2933 3033 3960 4150 4283 4673 5225 5312 5318
0 1564 2837 3827 4527 5582
0 1565 3655 4747
0 1566 3471 3734 3857 4059 4217 4414 4986
0 1567 3331 3956 5058
0 1568 3198 4407 5424
0 1569 4530 4823
0 1570 2904 2950 4369 5360 5433
0 1571 4703 5449
0 1572 3272 3687 4128 4773
0 1573 4125 5533
0 1574 3520 4487 5582
0 1575 3702 3731 4241 4681 5402
0 1576 3333 3613 4090 5177
0 1577 3200 3453 4602
0 1578 3034 3720 3743 3856 4471 4802 5418 5443
0 1579 4995 5243 5257 5413
0 1580 5206
0 1581 3612 4424 4949
0 1582 3458 3869 4106 4487 4544 5047
0 1583 3221 3228 3494 3622
0 1584 3321 3419 3775 4321 4587 5453
0 1585 3321 3474 4017 4245 4454
0 1586 3201 3214 3924 4652 4972 5207 5527
0 1587 3112 3921 4059 4187 4435 5089 5526
0 1588 3345 3501 3518 4566 4610
0 1589 2875 3162 4108 4906
0 1590 3224 5063 5571
0 1591 4084 4189 5041 5370
0 1592 4464 4509 4992 5418 5551
0 1593 3570 3604 3870 4631
0 1594 2811 3975 4333 4789 5181
0 1595 4329
0 1596 4496 4667
0 1597 4304 4779 4834 5049 5488
0 1598 5405 5597
0 1599 3191 3511 3780
0 1600 3186 3383 4382 5134 5147
0 1601 3433 3913 4484 5088 5142
0 1602 4538 5145 5571
0 1603 2824 2866 3108 4446 5196 5325
0 1604 3212 4390
0 1605 2962 3172 3937
0 1606 3185 3945 4621 4705 4840 5280
0 1607 3637 3823 4046 4573 4840
0 1608 2960 3595 3610 4247 4499 4671
0 1609 3447 3559 3918 4379 4409 4782 5013
0 1610 3718 4672 4712 4769 5153
0 1611 3114 4279 4601 4859 4874
0 1612 3958 4673 4751
0 1613 3023 5404
0 1614 2989 3642 4209 4570 5591
0 1615 4167 4828
0 1616 3245 4195 4976 5270 5587
0 1617 3646
0 1618 2971 3794 3813 3870
0 1619 3645 4677 5337 5432
0 1620 3483 4522
0 1621 3351 3605 3726 4176
0 1622 4690 4697
0 1623 4153 4733 4849 4900
0 1624 3618
0 1625 3549 4306
0 1626 2844 3271 5213
0 1627 3294 4246 5287 5363
0 1628 3275 3280 4496 4963 5085 5100 5489
0 1629 3038 3786 3938 5476
0 1630 4148 4639 5561 5577
0 1631 2955 3740 4674 4845
0 1632 3085 3419 3450
0 1633 3105 3151 3329 3411 4222 4341 4921 4945
0 1634 3458
0 1635 2988 3223 3324 5445 5447
0 1636 2977 3194 3837 4502 5514
0 1637 3363 4378 5118
0 1638 2850 3588 3775 3794 4538 4790 5478
0 1639 3260 3540 3759 4064 4951 5483
0 1640 3872
0 1641 4755 4969 5017 5422
0 1642 3239 3857 5008 5393
0 1643 3344 4093 4636 5477
0 1644 2840 3629 4046 4655
0 1645 2854 3616 3949 5210
0 1646 3424
0 1647 3454 5158 5531
0 1648 4445 5188
0 1649 2859 3344 5284
0 1650 3286 3695 3781 4360 4938 5237 5559
0 1651 4446 4967 4988 5002
0 1652 2976 3286 3613 5464
0 1653 3173 4804
0 1654 3546 3553 4199 4318
0 1655 4128 4295 4564
0 1656 4220 4936 5525
0 1657 3150 3303 4093 5058 5525
0 1658 3217 3380 4125 4228 5210
0 1659 2964 3348 3524 4171
0 1660 3384 5415
0 1661 4439 4604 4671 4679
0 1662 3161 3343 3575 3619 4341 4504
0 1663 3329 3392
0 1664 4452
0 1665 2840 3118 3310 4081
0 1666 2850 2982 3172 4486 4934 5534
0 1667 3269 4570
0 1668 3050 3176 4247 4994
0 1669 2994 3712 3949
0 1670 2815 4879 4945
0 1671 3046 3146 4662 4850
0 1672 2951 4813
0 1673 3044 4203 4215 4781 5018
0 1674 2923 3143 4614 4763 5202
0 1675 3442 3465 3804 3875 3894 3996 4907 5139 5166
0 1676 3117 3457 3706 4052 4068 4610 4857
0 1677 2810 3599 4777
0 1678 2945 3306 3412 3780 4678
0 1679 2878 3334 3788 5185
0 1680 3411 3645 4012 4444
0 1681 3179 3619 3693 4037 5084
0 1682 3200 4339 5014
0 1683 3045 5463
0 1684 5100 5245 5273
0 1685 3193 4525
0 1686 3595
0 1687 2962 3649
0 1688 2907 4155 5004
0 1689 5566
0 1690 3782 3881 5332
0 1691 5268 5528
0 1692 3876 4397 5111
0 1693 3727 4285 4809
0 1694 2804 2928 3945 4325
0 1695 3583
0 1696 3045 3091 3604 4372 5296 5339
0 1697 4204 4205 4928 5056
0 1698 5292
0 1699 2813 3680 3730 4750
0 1700 3556
0 1701 3554 3748 3886
0 1702 3169 3299 3939 3995 5052
0 1703 3049 3495 3703 3873 3877 4539
0 1704 4361
0 1705 2899 3329 4399 4448
0 1706 2977 3415 4562
0 1707 3177 4142 4155 4356 4458 5034
0 1708 3026 3449 4018 4701 5039
0 1709 3059 3132 4009 4084 4373
0 1710 3480
0 1711 3383 3426 3562 3763 5581
0 1712 4016 5130
0 1713 2821 2981 3013
0 1714 2814 3225 4061 4502 4593 4621 4805 5126
0 1715 3235 5176
0 1716 2945 3902 4480 5122 5390
0 1717 3821
0 1718 4153 5478
0 1719 3358 3412 4066 4572
0 1720 3224 3281 3603 5295
0 1721 3560 4236 4608
0 1722 3724 5249
0 1723 3190 3451
0 1724 4341 5041
0 1725 3636 4040 4769 5167 5582
0 1726 4531 4622 4771 5126
0 1727 2867 3715 4821 5275
0 1728 3168 5226
0 1729 3616 3649 3651 4999 5424
0 1730 4848 5251
0 1731 3079 3432 3933 4336 4416 4718 4868 5122 5432
0 1732 4899 5186
0 1733 2834 3316 3852 3888 4974 5561
0 1734 3122 3305 3552 3682 3820 4579
0 1735 4086 4347 4396 4519 5350
0 1736 3745 4144 4250 4628 4923 5454
0 1737 4161
0 1738 4599
0 1739 3186 3551 3630 3713 4817 4836 5146
0 1740 4266 4925
0 1741 4010 4986
0 1742 3055 3868 4582
0 1743 3647 4071 4816 5068 5339 5481
0 1744 3273 3613 4038 4196 5350
0 1745 4612
0 1746 3268 3288 3652 3875
0 1747 3549 4194 4614 4932 4941 5553
0 1748 3944 4072 4177 5121
0 1749 3039 3295 4256 5558
0 1750 3803 4434
0 1751 3549 3591 3968 5519
0 1752 4014 4888 5594
0 1753 2931 4843
0 1754 3877 4183 4551
0 1755 3965 4264 4438 4706 5427 5457
0 1756 4004 5106 5373
0 1757 3163 4493 4800
0 1758 3089 4820 4827
0 1759 3425 4465
0 1760 2893 4615
0 1761 2909 3298 3408 3715 4463 4616 5333
0 1762 2918 3292 3665 5231 5363
0 1763 3003 3009 3275 3319 4194 5165
0 1764 2906 3585 3776 5288
0 1765 3039 3794
0 1766 3439 5250
0 1767 5384
0 1768 3252 3481 4404 4915
0 1769 4270 4333 4675
0 1770 3709
0 1771 3021 3300 4012 4258
0 1772 3382 3398 3881 4375 4980 5211
0 1773 3499 3770 5255 5418
0 1774 4250
0 1775 2999 4294 4364
0 1776 2856 3158 3747 5203 5578
0 1777 4976
0 1778 3896 3978 4991
0 1779 2865 3959 4837 4957
0 1780 2963 3020 3129 3725 5141
0 1781 3216 4263
0 1782 4995
0 1783 3073 3416 4257
0 1784 2868 4632 5062 5474 5535
0 1785 3011 3074 4316 5507
0 1786 2895 2992 3134 4854 4879 5279
0 1787 3150 3366 3570 4256 5491
0 1788 3104 4072 4805 5524
0 1789 4465 4798 4937 5340
0 1790 4765
0 1791 3208 3476 3632 5275 5456 5478
0 1792 2843 4052
0 1793 3685 4289 4470 4675
0 1794 3133 3352
0 1795 3724 4160 4348 4915 5478
0 1796 5572
0 1797 3006 3119 5072 5315
0 1798 2933 3023 3242 3324 3717 3756 4025 4478 4489 4750
0 1799 3199 3249 3588 5476
0 1800 3122 3780 5384
0 1801 3514
0 1802 3691 4626 5544
0 1803 4589
0 1804 2909 3126
0 1805 3576 5504
0 1806 4572
0 1807 2947 3271 4332 4409 5539
0 1808 3167 3299 3510 4143 4788 5536
0 1809 3721
0 1810 3511 4267
0 1811 3402 4146 4356 4793 4982
0 1812 4426 5333
0 1813 5110
0 1814 2955 4946 5442 5458
0 1815 2989 3007 4667
0 1816 3065
0 1817 2853 3603 3830 4162 4240 4509 4662 4987 5068 5109 5260
0 1818 4246
0 1819 3126 3234 3421 3634 4971
0 1820 3236 3714 5116
0 1821 3504 3723
0 1822 3160 3564 4853 5255
0 1823 3389 4581 4811 5519
0 1824 2943 4399
0 1825 2851 4269 5353
0 1826 4208
0 1827 3091 3707
0 1828 3544 3720 3944 4499 4969 5501
0 1829 3297
0 1830 3042 5407
0 1831 3403
0 1832 3076 4528 4712 4840 4886 5128
0 1833 2950 3370 3896 5123
0 1834 2918 2951 3161 3930 4153 4864 4940 5323
0 1835 3188 3226 4829 5553
0 1836 4775 5060
0 1837 3855
0 1838 2938 3476 3769 4840 4952
0 1839 3380 5292
0 1840 3164 4473 4756
0 1841 2803 3423 4938
0 1842 2875 3674 4178
0 1843 3708 3813 4014 4294 4990 5370 5555
0 1844 3908 4735 4823
0 1845 3243 3740 4297 4404 5529
0 1846 3687 5043 5198 5220
0 1847 3923 3953 5541
0 1848 3078 3084 3227 3396 4559 5229 5335
0 1849 2859 3894 5427
0 1850 2945 3318 3398 4708 5177 5420
0 1851 4568 4967 5301
0 1852 3531 4863
0 1853 2872 4615
0 1854 3716 3796
0 1855 4438 4466 4976
0 1856 4974 5191 5479
0 1857 4017 4068 4232 4625 5342
0 1858 2804 3013 3174 4169 4310 4366 4560 4965 5360
0 1859 2970 3761 4724 4876 5207
0 1860 2980 3884 5030
0 1861 4218 4574 4633 4723 4862
0 1862 2853 3572 3700 4417
0 1863 3670 4060 4176 4683
0 1864 5054
0 1865 4502
0 1866 3268 4503 4636
0 1867 3218 3414 4493 4718 5185 5407
0 1868 3367 4272 5569
0 1869 3038 3266 3870 4139 4289 4957 5234 5449
0 1870 2924 3856 4301 5303 5587
0 1871 3736 4314 5101
0 1872 2950 3182 3430 3504 4491
0 1873 3058 3122 3203 4603 4773 4790 4845
0 1874 4663 4708
0 1875 2929 3003 3953 4204 4300 5545
0 1876 2996 3912 5078 5424 5479
0 1877 4050 4690
0 1878 4030 4137 4446
0 1879 3587 4542 4590 5170
0 1880 2964 3455 4355 4715
0 1881 5372
0 1882 3915 3932 4476 5234 5442 5588
0 1883 2840 3371 5053 5115
0 1884 3124 3156 3182 3790 4776
0 1885 3892 4588 5157 5229 5373 5412
0 1886 3446
0 1887 4938
0 1888 3020 4481 4558 5031 5116
0 1889 2874 3028 4420 5217 5467
0 1890 3080 4063 4124 5421
0 1891 5515
0 1892 3933 4483 4932 4983 5101
0 1893 2849 2969 3255 4402 4971
0 1894 3145 3479 4594
0 1895 3581 3584 3762
0 1896 3761 3913 4874
0 1897 3115 3598 3653 3799 4109 4326
0 1898 3569 3858 5070 5439
0 1899 3486 3705 4427 5068
0 1900 2955 4952 4975 5064 5092 5394
0 1901 3720 4562
0 1902 3881 4215 4626 5181 5242 5347
0 1903 4467 5283
0 1904 3185 4002 4244 4471 4952 5053
0 1905 3391 4184
0 1906 2830 3867 3983 5003
0 1907 2986 5526
0 1908 3243 3286 4256 4717 5378
0 1909 3571 3784 3878 4905 5177 5412
0 1910 4455 5436
0 1911 3256 4560 5100
0 1912 3768 3903 4375 4891 5142
0 1913 5424
0 1914 3655 4177
0 1915 3911 4204 4681 5205
0 1916 3792 3912 4315 4427 4428 4739
0 1917 3147 4202 5109
0 1918 2852 4121 4317 4395 4915
0 1919 5236
0 1920 3442 4007 4521 4797 5108
0 1921 2851
0 1922 4363
0 1923 5097 5533
0 1924 3564 4032
0 1925 2987 3096 3292 5260 5493
0 1926 3514 3933 4894
0 1927 3102 3635 5360
0 1928 3988 5357 5496
0 1929 3356 4112 4477 4883 4967
0 1930 2948 3156 3203 3377 3961 5476
0 1931 3596 4815 5280
0 1932 2950 4210 4885 5044
0 1933 3408 3867 5403
0 1934 3483
0 1935 3340 3887 4682 4760 4828
0 1936 3104 3114 3867
0 1937 3022 3687 3831 4270 4434
0 1938 2825 3081 3640 4178
0 1939 3232 3899 4063 4696 4885 5216
0 1940 3555 5245
0 1941 2829 3178 3997 5018 5069
0 1942 3993
0 1943 4592 4865 4936
0 1944 4416
0 1945 3258 3658 5203
0 1946 3114 4193 5201
0 1947 4286
0 1948 3594 4235 4346 4642
0 1949 3051 4479 5044
0 1950 4295 5344
0 1951 2997 3198 3984 4041 4140 4674 5338
0 1952 3222 4866 4904
0 1953 4049 4180 4226 4768 4873 5297
0 1954 3321 3763 4122 5241
0 1955 2814 2981 3670
0 1956 3004 3043 3839 3843 3941 4375 4845 5579
0 1957 3007 4376 4944
0 1958 3055 3140 3174 3757 4654 5223
0 1959 3665 3798 3810 4528 4557
0 1960 2832 2989 3507 3647 5241 5575
0 1961 3487 3891 4165 4993
0 1962 3516 3651 4587 4599 4896 5260
0 1963 2971 3906
0 1964 3773 4593 4982 5535
0 1965 2892 3616 3993 4477 4753 5589
0 1966 3267 4940 5160
0 1967 3431
0 1968 3208 3457 4098 4160 4595 5251 5262 5595
0 1969 2849 3538 3708
0 1970 4218 5289
0 1971 3407 3626 4748 5537
0 1972 4057 4264
0 1973 3400 3587 3880 4600 5113 5335
0 1974 2964 3177 4192 5300
0 1975 3295 3363 3913
0 1976 3991
0 1977 3789 4047 5117
0 1978 2989 3159 3721 5370 5482
0 1979 2869 4670 5129
0 1980 3954
0 1981 3387 3876 4073 4681 5082 5546
0 1982 2943 3769 4431 5154 5292
0 1983 2991 3261 3727 4041 5558
0 1984 3091 3201 3527 3908 4228
0 1985 3417 4218
0 1986 3496 3780 4259
0 1987 3017 4554 4666 5373
0 1988 4451
0 1989 2909 4546
0 1990 3600 3814 4131 4321 5360
0 1991 4505 4765
0 1992 3244 3265 3294 3391 3881 5476
0 1993 4530 4634 4897 4939
0 1994 3302 3308 3363 3602 3944
0 1995 3644 3722 4120 4816 5299
0 1996 2938 5284 5325
0 1997 3981 5282 5458
0 1998 3288 3622 4495 4544 4669
0 1999 3778 4903 4939 4997 5161 5481
0 2000 3034 3061 3196 4553 5085 5391 5517
0 2001 3312 4751
0 2002 2980 3025 3913 4912
0 2003 3946
0 2004 3220 3894 4482 5044 5497 5509
0 2005 2869 5033 5371
0 2006 4179 5134
0 2007 3540 3706 4736 4960 5298
0 2008 3073 3620
0 2009 4516 5559
0 2010 3200
0 2011 2982 3126 3446 3885 4411
0 2012 4685
0 2013 3963 4844
0 2014 2895 3335 3936 4178 5048
0 2015 3369 4466 4525 4564 4581 4720 5228
0 2016 3612 3843 4754
0 2017 3653 5073 5528
0 2018 3444 5435
0 2019 3249 3621 5502
0 2020 3177 4551
0 2021 3321 4633 4670
0 2022 3098 4254
0 2023 4459 5016
0 2024 4145 4980
0 2025 3008 3115 3625 5070 5447
0 2026 3069 3330 3581 3896 4849
0 2027 2863 3231 3989 4616 4787 4922 5067
0 2028 3057 3974 4412
0 2029 3350 5305 5593
0 2030 3817 4408 5482
0 2031 3032 4262
0 2032 2936 4464 5104 5560
0 2033 3045 4056 4723
0 2034 4965 4987 4989 5129
0 2035 3062 4135 4938 5204 5467
0 2036 4224 4957 5216
0 2037 4214 4480 4578 4586 5230
0 2038 2821 3703 5509
0 2039 3024 3192 3637 4208 4826 4913 5131
0 2040 2949 3414 5053 5232 5473
0 2041 3805 4188 4414
0 2042 2857 3707 4356 4580 4613
0 2043 5387 5432
0 2044 2812 2901 4014 4043 4395
0 2045 3130 4279
0 2046 4376 5067 5233
0 2047 3494 4774 5225 5430 5514
0 2048 3318 3500 4349 4577 5121 5127 5422
0 2049 3046 3079 4503 4523 5289
0 2050 3162 4002 4109 4451 4859 5202 5230
0 2051 3372 4035 4476
0 2052 3509 3566 4734 5089
0 2053 3692 3964
0 2054 4178 4422 5376
0 2055 2845 3057
0 2056 4027 4262 5192 5311 5438
0 2057 3129 3494 4363 4502 5379
0 2058 3054 5172 5338 5569
0 2059 4204 5301
0 2060 3343 3909 4883 5119 5334
0 2061 4665 4760
0 2062 3600 3988 4213 4575
0 2063 3708 4939 5330
0 2064 3326 4469 5206
0 2065 2880 3420 4115 5014 5292 5355
0 2066 3177 3447 4316 5094 5357
0 2067 2882 3254 3819 4180
0 2068 3249 3645 4890
0 2069 2879 4190
0 2070 3063 4057 4473 4758
0 2071 3186 3486 3680 4877 4914
0 2072 3518 4864
0 2073 2871 3763 4879
0 2074 3223 4566 5293
0 2075 3172 3563 4500 4850 5531
0 2076 3076 3085 3574
0 2077 5419
0 2078 2852 3230 3851 4525 4666 5408
0 2079 3131 3154 4108 4499 5046
0 2080 3330 3782 3922 4299 4320 5042
0 2081 3244 3861 4077 4221 5407
0 2082 3566 5179
0 2083 2889 3556 3669 3699 3881 4076 4582 4766 4921 5458 5552 5576
0 2084 3436 4297
0 2085 4750 5305
0 2086 2906 3128 3598 3853 4839 5544 5566
0 2087 3400 4816
0 2088 4189 4227 4775 5338
0 2089 3762
0 2090 3110 3255 3505 3630 3831 5379 5399
0 2091 3052 3268 4112 4542
0 2092 2921 3198 3907 4459 4926
0 2093 3398 4919 5214
0 2094 3482 4214 4361 4638 4896 5492
0 2095 3283
0 2096 4261 4749 4769 5215 5383
0 2097 3741 4167 4442 5528
0 2098 2840 2913 3106 3912 5219
0 2099 3682 4331 5421
0 2100 2847 3402 3428 5430
0 2101 3625 4230 4481 5260 5598
0 2102 3531 3902 5003 5120
0 2103 5416
0 2104 2998 4352 5239 5502
0 2105 2867 3267 4071 5282
0 2106 2873 3369 3836 4846
0 2107 5130 5561
0 2108 2875 2952 3067 5375
0 2109 5345
0 2110 3025 3405 3811 5197 5348
0 2111 3374 4016 4056 4234 5593
0 2112 4208 4318 4597
0 2113 3578 3662 4887 5099 5164
0 2114 3090 3272 5195 5535
0 2115 3291 3498 4159 4390 4536 4686
0 2116 3627 3644 3804 4968 5386 5511
0 2117 2812 3075 3150 3494 4301 4698 4768
0 2118 3686 3862 4274 4306 4797 4918 5118 5372
0 2119 2920 4280
0 2120 3402 4581 4752 5323
0 2121 2926 3189 3675 3752 5359
0 2122 4853
0 2123 2916 5274 5487
0 2124 3123 3983 4427 4565 5203
0 2125 3246
0 2126 2997 3155
0 2127 3438 3440 3951 4208 4827 4942
0 2128 4018 4821
0 2129 3552 4254
0 2130 3278 5394 5435
0 2131 2881 3154 3994 4786
0 2132 4589
0 2133 4353 5210
0 2134 2827 3003 4594 4626 4890 5191 5348
0 2135 3796 4406 5445
0 2136 3168 3469 3935 5374
0 2137 3280 3697 3975
0 2138 2862 3696 3859 4644 5261
0 2139 4252
0 2140 2892 4283
0 2141 2833 3980 4568 4634 4957 5058
0 2142 3057 3531 3780 4981
0 2143 4537 4760
0 2144 2903 3046 3131 3895
0 2145 2812 4655 5369 5392 5507
0 2146 3559 4081 4491 5147
0 2147 3551 3818 3845
0 2148 2898 4671 5111 5128
0 2149 3057 3852 4076 4451 5088
0 2150 2912 3941 4486 4541
0 2151 3142 4006 4564 4686
0 2152 3928
0 2153 2976 3185 3443 4683
0 2154 3687 4228 4610 5271
0 2155 3829 4841 4997 5202
0 2156 2987 3727 4050 4101 4165 4748 4831
0 2157 5514
0 2158 4219 4608 4977 5277
0 2159 3410 4051 5148 5232
0 2160 3713 3821 4123 4901 5578
0 2161 3453 5498
0 2162 5111 5171 5314 5563
0 2163 2868 2889 5049
0 2164 4593 5369
0 2165 2845 3265 4142 4248 5323 5498
0 2166 2853 3691 5178 5196 5548
0 2167 3137 5018
0 2168 2874 2938 3341 4159 4260 5420
0 2169 5158
0 2170 2914 4898
0 2171 3027
0 2172 3372 4909 5036 5487
0 2173 3236 4770 5058 5443
0 2174 2846 3100 3399 3643 4930
0 2175 3241
0 2176 3375 5446
0 2177 3273 4283 4606
0 2178 2830 3588 3763 4343 4935
0 2179 2995 3098
0 2180 3435 3850 4229 4535 5046
0 2181 4091 4984 5396 5589
0 2182 4927
0 2183 3425 4460 4513 5090 5330
0 2184 3159 3229 3771 4877 5439
0 2185 3272 4140 4621
0 2186 2960 2988 3346 3635 4232 4813
0 2187 5082 5325 5353
0 2188 3117 3986 4653 4762
0 2189 3783 4501 5020 5318
0 2190 3449 3693
0 2191 3206 3500 3506 4197 5164 5281
0 2192 4293 4416 4930 5552
0 2193 4884 5194 5574
0 2194 5594
0 2195 3374 4888 5423
0 2196 3203 3350 3808 4654 4680 4864 5136 5139
0 2197 3317 3499 3718
0 2198 2937 5452
0 2199 3301
0 2200 4862 4867
0 2201 3167
0 2202 2931 3273 4917
0 2203 5350
0 2204 3575 3587 5179 5258
0 2205 3179 3374 3690 3820 4781 5516
0 2206 4475
0 2207 3623 4550 4657 5426
0 2208 2909 4213 4757
0 2209 3337 3673 4954 5247
0 2210 2942 4049 4257 4697 5232 5272
0 2211 3830 3856
0 2212 2869 3661 5236
0 2213 3003 4506 4638 4743
0 2214 3057 3656 4809 5001
0 2215 2868 3090 4085 4933
0 2216 2870 3520
0 2217 3237 4786 5172
0 2218 4404 5088 5393
0 2219 2871 4036 4403 5251
0 2220 4964
0 2221 4364 5551
0 2222 2994
0 2223 4455 4886 5128
0 2224 3909 4064
0 2225 2823 3066 3111 3245 3287 4211 4251 4463 4517
0 2226 4126 5431
0 2227 3084 3617 5037 5124 5383
0 2228 4468 4831 5285
0 2229 3010 3143 4197 5232
0 2230 4015 4945
0 2231 3477 4327
0 2232 2980 3702 4604 5159
0 2233 3584 4110 4813 5450
0 2234 3229 4066 4344 4882 5022 5120
0 2235 3699 4589 5152
0 2236 2880
0 2237 3358 3432 3917 4405
0 2238 2827 4070 4107 4207 5417
0 2239 3633
0 2240 4249 4849
0 2241 3238 4307 4454 4768 5256
0 2242 2872 4670
0 2243 3139 3846
0 2244 2843 3120 3809 4564 5550
0 2245 2929 2982 3087 3812 4406 4861 5073
0 2246 3031 3967 4076 4427 4934 5219
0 2247 2822 4030 4449 4794 5173 5580
0 2248 2901 4028 5094
0 2249 3191 3527 3867 4145 4989 5094 5301
0 2250 3307 3322 3397 4450 5134 5325
0 2251 2929 3630 4149 4411 5221
0 2252 4421 5418
0 2253 3239 3282 3466 3991 5206
0 2254 3746 4191
0 2255 2924 2942 4924
0 2256 2812
0 2257 4878 4919
0 2258 3436 3654
0 2259 3561 3887 4653 4810
0 2260 3073 4676 4755 5301 5493
0 2261 4376
0 2262 4045 4808 5557
0 2263 4190 4273
0 2264 5314
0 2265 3405 4408 5068
0 2266 5482
0 2267 3694 4244 5082
0 2268 3375 3492 4603 5035
0 2269 3076 4402 4444 5245
0 2270 2916 3621 3986
0 2271 5356
0 2272 3770 5253 5382
0 2273 2999 4442 4468 4578 4594 4894 5344
0 2274 3077 3147 3780 4234 5260 5285 5413
0 2275 3391
0 2276 2861 5262 5331
0 2277 3201 4757 5000
0 2278 3383 4023 5074
0 2279 3062 3337 3350 3515 4169 4628 5456
0 2280 3540 4209 4267 5073
0 2281 3183 3267 4162 4576 4985
0 2282 3045 3761 4143 4733 4968 5573
0 2283 4424 5489 5578
0 2284 3310
0 2285 3015 4141
0 2286 3090 3331 3528 3601 3757 5221
0 2287 3580 4958
0 2288 3930 4082 4822 5066
0 2289 2976 3807 5053 5138
0 2290 2933 3312 4358 4445 4528
0 2291 3102 3176 3624 5511
0 2292 2877 3171 3410 4046
0 2293 3817 3831
0 2294 3595 4676 5172
0 2295 3092 3901 4142 5060
0 2296 3103 5014 5056
0 2297 3193 4704 5038 5040
0 2298 4290
0 2299 3020 5255
0 2300 3452 4023 4331 4642 4654 5174
0 2301 3206 4107 4649 4831 5176 5351
0 2302 3992 5276 5282
0 2303 3861 4920 5374
0 2304 3418 3423 4952 5583
0 2305 3011 3768 3910 4575 4608
0 2306 3043 3313 3471 4912 5202
0 2307 3335 4124 4577
0 2308 3083 4278 4716
0 2309 3299 3409 3490 4911 4914
0 2310 3797 4093
0 2311 3182 3784 4115 4556 4638 5286 5535
0 2312 3089 3360 3488 4595 5056
0 2313 3106 3238 3242 4044
0 2314 3093 3991
0 2315 3414 3826
0 2316 4297 4484 4634 5239 5396
0 2317 3618 4017 4202 4206 4925 5196 5284 5581
0 2318 2803 3555 3771 3882 3999 4771
0 2319 3099 4766
0 2320 3459 3527 3959 5005 5446
0 2321 2843 4337 4949
0 2322 3698 5272
0 2323 2822 2904
0 2324 3169 3401 4819
0 2325 3293 4749
0 2326 5528
0 2327 3153 3388 5211 5526
0 2328 3478 3713 4256 5102 5228
0 2329 4476
0 2330 4580 4969 5315
0 2331 3129 3369
0 2332 3153 3541 3803 4295 5284
0 2333 4005 4702 5349
0 2334 3011 3365 3589 4863 5289 5417
0 2335 3531
0 2336 2965 3620 3860 4284 4553
0 2337 2998 3146 3619 3815 5023
0 2338 3357 3820 4931
0 2339 3050 3159 3546 4088
0 2340 3221 3642 4915
0 2341 3553 3701 3851
0 2342 4556
0 2343 2995
0 2344 3948 4421 4591 5464
0 2345 3733 4464
0 2346 4793
0 2347 4975 5256
0 2348 3698 3933 4855 4865 5034
0 2349 4325 4636 4675 4678 5073
0 2350 3641 4830 5373
0 2351 3448 3544 4162
0 2352 4324 5363
0 2353 2855 3179 5432
0 2354 4069 4875
0 2355 2821 2897 3027 4110
0 2356 2852 2912 4319 4485 4490
0 2357 3267 3391 3979 5034
0 2358 3328 4048 4130 4486 5280
0 2359 4670 5169 5225
0 2360 3081 4214 5547
0 2361 3771 4668
0 2362 3250 4147
0 2363 3539 4232 4672 5272 5335
0 2364 3281 3478 3717 3948 5495
0 2365 3294 5326
0 2366 3563 3987 4209 4594 5442
0 2367 3875 4614
0 2368 4772 4828 5079
0 2369 4728 5262
0 2370 4089 4418 4857
0 2371 4561 4807
0 2372 3297 3402 3597 4115 4803
0 2373 4272 4680 4966
0 2374 2947 5501
0 2375 2997 4807 5299
0 2376 2910 3555 3640 3941 4827
0 2377 3420 4246 4364 5143
0 2378 3095
0 2379 4710
0 2380 2870 2912 3552 3706 4034 4199 4981 5584
0 2381 2933 3510 4461
0 2382 3099 4376 4838 5155
0 2383 3688
0 2384 3449 3502
0 2385 3359 4228 5395
0 2386 3015 3486 4559 4928 4936
0 2387 3062 3612 3652 5039
0 2388 3779 4025 4393 4714 4942 4997 5222
0 2389 3633 4117
0 2390 2972 3161 4135 4407 4744 4822 5039 5231
0 2391 3300 3442 3836
0 2392 3144 3235 4557
0 2393 3852 5583
0 2394 3064 3206 3548 3738 4456 5219
0 2395 3005
0 2396 3579 4749 5217
0 2397 3311
0 2398 3324 4919 5499
0 2399 3088 3297 4956 5123
0 2400 3301 4684 5519
0 2401 3727 4363 5368
0 2402 2935 3285 3308 3690 4677
0 2403 3226 3600 4246 5119 5326
0 2404 3754 5406
0 2405 4359
0 2406 4749 4809
0 2407 3812 5401
0 2408 2801 3450 5213
0 2409 3779
0 2410 3505 4676
0 2411 3158 3184 4498 5484
0 2412 3149 3567 3744 4663
0 2413 3578 3958 5001 5196 5380
0 2414 4012 4247 5080
0 2415 3694 4398 4404 4865
0 2416 3001 3682 4615
0 2417 2918 3892 4444 4569 5127 5226
0 2418 2830 3347 4152 4604 4857 4932 5320
0 2419 4052 4544 4769 5246
0 2420 3116 3561 3706 3927 4908 5029 5057 5527
0 2421 4453 5251
0 2422 2848 3508 3850 4528 5065 5355 5471
0 2423 3942
0 2424 3863
0 2425 3698 3930 4344 5185
0 2426 3339 3771 4987
0 2427 3722
0 2428 4519 4571 5130
0 2429 4036 5148 5533
0 2430 4341 4372 4624
0 2431 2953 3137 3152 3906
0 2432 3253 4190 5251
0 2433 3410 4007 4033
0 2434 2980 3461 3796 4543 5129 5429
0 2435 3415 4611 5339
0 2436 3005 3696 5012
0 2437 3156 3877 3995
0 2438 2952 3623 4970
0 2439 4045
0 2440 2834 2994 3175 3528 3585 4315
0 2441 4167 4369 5345 5537
0 2442 4909 5014
0 2443 4368 4420 4464
0 2444 4542 4971 5258
0 2445 3296 5552
0 2446 2929 3175 4260 4317 4396 4918
0 2447 3286 3920
0 2448 3157 3652 3720
0 2449 3086 3785 5065 5127 5196 5588
0 2450 3353 3817 4514 4790 4866 5546
0 2451 3018 3123 3619 4145 5415
0 2452 5398
0 2453 2847 3102 3570 4033 4274 4617 5027 5285 5329 5518
0 2454 4135
0 2455 3165 3496 3570 3719 5098
0 2456 2965 2979 3688
0 2457 4263 4601
0 2458 2930 3584
0 2459 4348 4902
0 2460 2998 4444 4976
0 2461 4206 4932
0 2462 4183 4206
0 2463 3861 3912 3964
0 2464 2906 3821 3827 4539 4874 4996 5588
0 2465 2987 3293 4512 4685
0 2466 3064 4375
0 2467 3138 3661 4261 4309 4716 5439
0 2468 3895 4411 4527 4563
0 2469 3002 3058 4902
0 2470 5349
0 2471 3589 5126
0 2472 3249 4036
0 2473 5129 5130 5442
0 2474 3130 5046
0 2475 3202 4442 4663
0 2476 4361 4659 4985
0 2477 3631 3696 4500 4627 4953 5056 5468
0 2478 3548
0 2479 5348
0 2480 2983 3119 5464 5583
0 2481 4232 5115
0 2482 2853 3078 3128 3149 3313 5233
0 2483 4880 5019
0 2484 3219 5042 5187
0 2485 3253 3791 4327 4444 5572
0 2486 2887 3754 3930 4504 4737 4757
0 2487 3268 4477 4553 4626 5014 5189
0 2488 4597 5525
0 2489 2988
0 2490 2885 3094 3258 3598 4408 5198
0 2491 3237 3470 4727 5528
0 2492 2816 3465 3567 4754 5071
0 2493 2895 4440 4544
0 2494 3498 3964 4461
0 2495 2938 3538 4177
0 2496 3617 3981 4152 5361 5463
0 2497 2839 3730 4604 5293 5378 5451
0 2498 2809 3546 3637 4126 4373 4664
0 2499 3376 3522 4038
0 2500 2886 3134
0 2501 4946 5210 5296 5336 5592
0 2502 3526 3599 4190
0 2503 3739 4135 4567
0 2504 2961 4374 5150
0 2505 3475 5195
0 2506 3800 4935
0 2507 3060 5296
0 2508 3058 4382
0 2509 3146 4771
0 2510 4016 4334 4847 5206
0 2511 2844 3304 3565 3592 4003 4800
0 2512 3672 4043 4475
0 2513 3104
0 2514 3082 4597
0 2515 3994 4584 4832 5305
0 2516 4724 4735 5158
0 2517 2969 3043
0 2518 3244 3644 3938 4590
0 2519 3555 4899 4967 5249
0 2520 3095 3273 4192 4901 5513
0 2521 4115 4495 5190
0 2522 2800 5351 5437
0 2523 5334
0 2524 4186 5319
0 2525 5052
0 2526 3787 4358
0 2527 2826 3131 3280 3570 3910 3983 4513 4668 4863
0 2528 3691 4336 5258
0 2529 4590 4885 5324 5584
0 2530 3586 3738 4191 5226
0 2531 3801 5200 5333
0 2532 2829 3175 4366 5166 5416
0 2533 3701 4017 4259 4622 5489
0 2534 3379 3511 4728 4820
0 2535 3691 3967 5137
0 2536 2975 5485
0 2537 4498
0 2538 3808 4225 4908 5223
0 2539 2862 3735 3856 3929 4400 5197
0 2540 3179 5534
0 2541 3373 3543 3627 3705 4221 4473 4678 4693 5117
0 2542 3041 3318 4666 4682
0 2543 3021 5500
0 2544 3801 4012
0 2545 4431 4467 4487 4592 5012
0 2546 3022 3190 3474 3906 4443 5341
0 2547 3263 4009 4184 5043
0 2548 3046 4881 5212
0 2549 3858 4742 5322
0 2550 3224 3660 3863 3889 4168 4778 5445
0 2551 3358 4863 5145 5161
0 2552 3143 3287 4597 4647 4828 4912
0 2553 3029 4433 4624 4754 5332
0 2554 4423 5298 5319
0 2555 3231 3641 4324 5546
0 2556 3577 5144
0 2557 4101 4273
0 2558 3443 3757 4927 5301
0 2559 3438 5306
0 2560 3490 3760 3998
0 2561 3440
0 2562 5104
0 2563 3851
0 2564 2856 4223 4271 4653 4830
0 2565 2894 4182 4247 4435 5115
0 2566 3619 3706 4272
0 2567 3036 5104
0 2568 3450 4036 4343
0 2569 3324 4241 5023 5430
0 2570 3306 3357 3829 4994 5080
0 2571 3411 5217
0 2572 4165 5070 5172 5265
0 2573 3675 5313
0 2574 3386 3424 4619 4734
0 2575 2823 3374 5135 5359 5462 5476
0 2576 4102
0 2577 2879 3109 3409 4941 5547
0 2578 3972 4876 5115
0 2579 4295 4442 5289 5338
0 2580 3731 3831
0 2581 3005 3373 4287 4669 4746
0 2582 2957 4333 4816
0 2583 3949 4346
0 2584 3067 3998 5227
0 2585 4661 4669 4987 5261
0 2586 2968 4469 4876 5436
0 2587 3790 3813 4274
0 2588 2938 3343 4399 4917 5358
0 2589 3949 4791 5355 5508
0 2590 2934 3104 3163 3453 4530 5570
0 2591 5299
0 2592 3079 4065 4231 4262 5047
0 2593 4859
0 2594 3419
0 2595 3746 4010 4488 5521
0 2596 4273 4711 5547
0 2597 2936 2988 3202 4246 4620
0 2598 3248 4013 4469 4714 5251 5570
0 2599 3149 4012 5095 5107
0 2600 3383
0 2601 3858 4872 5029 5393 5504
0 2602 3055 5058
0 2603 4877
0 2604 2964 3974 4189 5077 5164 5291 5510
0 2605 2909 3166 5073 5391
0 2606 4555 5019
0 2607 2853 5076
0 2608 3673 4325 4788 4803 5493
0 2609 3107 5029 5246 5480 5506
0 2610 3421 3792 4160 4685 5565
0 2611 2956 3739 4115 4958
0 2612 3302 3653 3774
0 2613 4181
0 2614 4292 4864 4962
0 2615 2856 3159 4435 5224
0 2616 5481
0 2617 2910 3407 3737 3949 4357 5196 5329
0 2618 3135 4728 4768 5561
0 2619 3546 3802 3864 4824 5281
0 2620 4368
0 2621 3465 3607 4811
0 2622 2993 3448 3477 3997 4407 4446 4696 4983
0 2623 3413 4064 4813
0 2624 2918 4053 4367 4913 5407
0 2625 3001 3935
0 2626 4565
0 2627 3120 3895 4199
0 2628 3832 4581
0 2629 4736
0 2630 5303
0 2631 3163 4807
0 2632 4291 4703 5067 5288
0 2633 3285 4223 5560
0 2634 3832 4050
0 2635 2889 3405 3537 3782 5091
0 2636 2801 2939 3463 4408 4613 4766
0 2637 3396 4185 4583 5023 5045
0 2638 3108 3850 4096 5401
0 2639 5096 5455
0 2640 4319 4471 4659 5367 5584
0 2641 2901 3337 4494 5546
0 2642 3498 3640 4676 4795 5458
0 2643 3055 4447 4975 5036 5289 5393 5449
0 2644 4982 5325
0 2645 3326 4259 4365 5171 5386 5414
0 2646 5512
0 2647 4761
0 2648 2886 4165 5465
0 2649 3227 3326 3654
0 2650 2862 3723 3724 4887 5148
0 2651 2992 3924 4409 4455 4629 5451 5528
0 2652 3045 4922 5594
0 2653 2897 3069 3168 3421 3672 3757 4287 5437
0 2654 3406 4255 4306 4813 5160
0 2655 3358 4152 4208 4792 4842 4945
0 2656 3234 3552 4534 4986 5320
0 2657 2900 3804 5189 5358
0 2658 3115 4934
0 2659 3922 3999 4531
0 2660 2945 4599 4641 5215
0 2661 4053 4455 5197 5296 5377
0 2662 2963 3092 4645 5289
0 2663 3840 4254
0 2664 3056 4034 4510 4877 5195 5282
0 2665 5205
0 2666 2849 3177 4490 4576
0 2667 3470
0 2668 2866 2867 4047 4507 4689
0 2669 3219 4201 4680
0 2670 3189 3225 4822 5086 5091
0 2671 2868 3665
0 2672 3022 3490 3498 3506 3923 5193
0 2673 5556
0 2674 2839 3115 3684 4183 4919 4926 4997 5318 5538
0 2675 4412 4466 5307
0 2676 5437
0 2677 5073
0 2678 2911 4404 4523 4852 5053 5345 5497
0 2679 3894 4142 4654
0 2680 2951 3062 3157 3257 5500
0 2681 2933 3008 3789 4918 5239
0 2682 2904 2999 4049 4162 4723 4767 4889 5347
0 2683 3926 4230 5462
0 2684 3170 5239
0 2685 3115 3845 4347 4472 4624
0 2686 3002 3797 4163
0 2687 3218 3727 3812 4036 4982 5401
0 2688 4412
0 2689 3785 4227 5038 5518
0 2690 5037
0 2691 2917 3116 3873 4439 5124 5300
0 2692 4136 4622
0 2693 2880 3577 4001 4891
0 2694 4501 5015
0 2695 3431 4128 4229 4722 5030
0 2696 2936 3135 3557 3875 4203 4952
0 2697 3233 4290 4864
0 2698 2983 3589 3803 4862
0 2699 2855 4099 4305
0 2700 3384
0 2701 2891 3527 4389 4897
0 2702 3838 4217 4576
0 2703 3303 4367 4669
0 2704 2924 3457
0 2705 4946
0 2706 3298 3367 4305
0 2707 4375
0 2708 4873 5161
0 2709 3766 4934
0 2710 2923 3284 4059 4737 4921
0 2711 3218 3324
0 2712 2821 3647 3684 3971
0 2713 4154 4463 4700 5187 5218 5459 5548
0 2714 3729 4393 4412 4496 4571 4813 4972 5101
0 2715 3562 3658 4095 5124 5242
0 2716 4201 4694
0 2717 3060 3293 3541
0 2718 2968 3855 3977 4293 4366 5176 5342
0 2719 3930 5350
0 2720 3133 3211 3418 3954 5417
0 2721 4615 5025 5233
0 2722 3207 3951 3987 4733 5082 5410
0 2723 3003 3316 3618 4334 4403 4525 4547 5401
0 2724 3489 3811 4444 5061
0 2725 4420
0 2726 3307 3536 3710 4253 4577
0 2727 2849 4019 4254 5194
0 2728 5306
0 2729 4900
0 2730 4009 4493 4647 4895 5287
0 2731 3317 4018 4250 5201 5516
0 2732 3390 4066 4156 4958 5098
0 2733 3183 4142 4504 5308
0 2734 3824 5508 5573
0 2735 4637 5539
0 2736 4518 5379
0 2737 2987 4948 5315
0 2738 3131 4134 4484 4666
0 2739 3417 3502 3810 4652
0 2740 3315 3790 3872 5211
0 2741 3110 3966 4410 5362
0 2742 3288 4762 4933 4978
0 2743 2848 3110 3439 3922 4476 4935
0 2744 2906 4022 4571 4797
0 2745 3423 3511 4405 5305
0 2746 4119
0 2747 2908 2932 3980 4139 4257 4859 4923 5294
0 2748 4591 5189
0 2749 5072 5505
0 2750 3128 4187 4230 4736 5182 5190 5399
0 2751 4048 4559
0 2752 2846 3102 3690 3775 3925
0 2753 4996
0 2754 3875 4321 5190 5446
0 2755 3808 3824 4106 4157 4363 5570
0 2756 3202 3760 3969 4295 4590 5334 5418
0 2757 2935 3413 4766 5543
0 2758 2950 4754
0 2759 3686 4174 4659
0 2760 2858 3059 3375
0 2761 3354 3482 3738 3765 4139
0 2762 4876
0 2763 2981
0 2764 3181 4389 4493 4881 5137 5570
0 2765 3020 3865 5172
0 2766 3039 3096 4859 5285
0 2767 5024 5418
0 2768 4241 4275 4336 4664
0 2769 4266 4383
0 2770 3350 4781 5488
0 2771 3280 3723 3900 4179 4714 5253
0 2772 3553 3973 4147 4686
0 2773 2987 3705 5126 5161
0 2774 4109 4169 4250 4459 5515
0 2775 2954 3122 4167 4346 4977
0 2776 3554 4053 4742
0 2777 3319 4405
0 2778 2921 3217 5304
0 2779 3015 4664 4999
0 2780 3948 5164 5361
0 2781 2892 3083 3416 3633 5080 5520
0 2782 3022 3596 4337 4768
0 2783 4612
0 2784 3129 3229 3346 3658 3689 4067 4254 5330
0 2785 4921 5238
0 2786 4071 5069
0 2787 3082 4564
0 2788 3661 4716
0 2789 3599 3970 4028 4312
0 2790 4065 5092 5523
0 2791 3881 5237 5456
0 2792 3054 3312 3753 3979 4815
0 2793 2808 2868 2929 3313 3672 3991 4570
0 2794 4324
0 2795 3338 3413 4084 4489
0 2796 4669
0 2797 5070 5223 5343
0 2798 3020 3406 3426 3686 4256 4767 5538
0 2799 3893 5213
1 0
1 1
1 2
1 3
1 4
0 2805
0 2806
0 2807
0 2808
0 2809
0 2810
0 2811
0 2812
0 2813
0 2814
0 2815
0 2816
0 2817
0 2818
0 2819
0 2820
0 2821
0 2822
0 2823
0 2824
0 2825
0 2826
0 2827
0 2828
0 2829
0 2830
0 2831
0 2832
0 2833
0 2834
0 2835
0 2836
0 2837
0 2838
0 2839
0 2840
0 2841
0 2842
0 2843
0 2844
0 2845
0 2846
0 2847
0 2848
0 2849
0 2850
0 2851
0 2852
0 2853
0 2854
0 2855
0 2856
0 2857
0 2858
0 2859
0 2860
0 2861
0 2862
0 2863
0 2864
0 2865
0 2866
0 2867
0 2868
0 2869
0 2870
0 2871
0 2872
0 2873
0 2874
0 2875
0 2876
0 2877
0 2878
0 2879
0 2880
0 2881
0 2882
0 2883
0 2884
0 2885
0 2886
0 2887
0 2888
0 2889
0 2890
0 2891
0 2892
0 2893
0 2894
0 2895
0 2896
0 2897
0 2898
0 2899
0 2900
0 2901
0 2902
0 2903
0 2904
0 2905
0 2906
0 2907
0 2908
0 2909
0 2910
0 2911
0 2912
0 2913
0 2914
0 2915
0 2916
0 2917
0 2918
0 2919
0 2920
0 2921
0 2922
0 2923
0 2924
0 2925
0 2926
0 2927
0 2928
0 2929
0 2930
0 2931
0 2932
0 2933
0 2934
0 2935
0 2936
0 2937
0 2938
0 2939
0 2940
0 2941
0 2942
0 2943
0 2944
0 2945
0 2946
0 2947
0 2948
0 2949
0 2950
0 2951
0 2952
0 2953
0 2954
0 2955
0 2956
0 2957
0 2958
0 2959
0 2960
0 2961
0 2962
0 2963
0 2964
0 2965
0 2966
0 2967
0 2968
0 2969
0 2970
0 2971
0 2972
0 2973
0 2974
0 2975
0 2976
0 2977
0 2978
0 2979
0 2980
0 2981
0 2982
0 2983
0 2984
0 2985
0 2986
0 2987
0 2988
0 2989
0 2990
0 2991
0 2992
0 2993
0 2994
0 2995
0 2996
0 2997
0 2998
0 2999
0 3000
0 3001
0 3002
0 3003
0 3004
0 3005
0 3006
0 3007
0 3008
0 3009
0 3010
0 3011
0 3012
0 3013
0 3014
0 3015
0 3016
0 3017
0 3018
0 3019
0 3020
0 3021
0 3022
0 3023
0 3024
0 3025
0 3026
0 3027
0 3028
0 3029
0 3030
0 3031
0 3032
0 3033
0 3034
0 3035
0 3036
0 3037
0 3038
0 3039
0 3040
0 3041
0 3042
0 3043
0 3044
0 3045
0 3046
0 3047
0 3048
0 3049
0 3050
0 3051
0 3052
0 3053
0 3054
0 3055
0 3056
0 3057
0 3058
0 3059
0 3060
0 3061
0 3062
0 3063
0 3064
0 3065
0 3066
0 3067
0 3068
0 3069
0 3070
0 3071
0 3072
0 3073
0 3074
0 3075
0 3076
0 3077
0 3078
0 3079
0 3080
0 3081
0 3082
0 3083
0 3084
0 3085
0 3086
0 3087
0 3088
0 3089
0 3090
0 3091
0 3092
0 3093
0 3094
0 3095
0 3096
0 3097
0 3098
0 3099
0 3100
0 3101
0 3102
0 3103
0 3104
0 3105
0 3106
0 3107
0 3108
0 3109
0 3110
0 3111
0 3112
0 3113
0 3114
0 3115
0 3116
0 3117
0 3118
0 3119
0 3120
0 3121
0 3122
0 3123
0 3124
0 3125
0 3126
0 3127
0 3128
0 3129
0 3130
0 3131
0 3132
0 3133
0 3134
0 3135
0 3136
0 3137
0 3138
0 3139
0 3140
0 3141
0 3142
0 3143
0 3144
0 3145
0 3146
0 3147
0 3148
0 3149
0 3150
0 3151
0 3152
0 3153
0 3154
0 3155
0 3156
0 3157
0 3158
0 3159
0 3160
0 3161
0 3162
0 3163
0 3164
0 3165
0 3166
0 3167
0 3168
0 3169
0 3170
0 3171
0 3172
0 3173
0 3174
0 3175
0 3176
0 3177
0 3178
0 3179
0 3180
0 3181
0 3182
0 3183
0 3184
0 3185
0 3186
0 3187
0 3188
0 3189
0 3190
0 3191
0 3192
0 3193
0 3194
0 3195
0 3196
0 3197
0 3198
0 3199
0 3200
0 3201
0 3202
0 3203
0 3204
0 3205
0 3206
0 3207
0 3208
0 3209
0 3210
0 3211
0 3212
0 3213
0 3214
0 3215
0 3216
0 3217
0 3218
0 3219
0 3220
0 3221
0 3222
0 3223
0 3224
0 3225
0 3226
0 3227
0 3228
0 3229
0 3230
0 3231
0 3232
0 3233
0 3234
0 3235
0 3236
0 3237
0 3238
0 3239
0 3240
0 3241
0 3242
0 3243
0 3244
0 3245
0 3246
0 3247
0 3248
0 3249
0 3250
0 3251
0 3252
0 3253
0 3254
0 3255
0 3256
0 3257
0 3258
0 3259
0 3260
0 3261
0 3262
0 3263
0 3264
0 3265
0 3266
0 3267
0 3268
0 3269
0 3270
0 3271
0 3272
0 3273
0 3274
0 3275
0 3276
0 3277
0 3278
0 3279
0 3280
0 3281
0 3282
0 3283
0 3284
0 3285
0 3286
0 3287
0 3288
0 3289
0 3290
0 3291
0 3292
0 3293
0 3294
0 3295
0 3296
0 3297
0 3298
0 3299
0 3300
0 3301
0 3302
0 3303
0 3304
0 3305
0 3306
0 3307
0 3308
0 3309
0 3310
0 3311
0 3312
0 3313
0 3314
0 3315
0 3316
0 3317
0 3318
0 3319
0 3320
0 3321
0 3322
0 3323
0 3324
0 3325
0 3326
0 3327
0 3328
0 3329
0 3330
0 3331
0 3332
0 3333
0 3334
0 3335
0 3336
0 3337
0 3338
0 3339
0 3340
0 3341
0 3342
0 3343
0 3344
0 3345
0 3346
0 3347
0 3348
0 3349
0 3350
0 3351
0 3352
0 3353
0 3354
0 3355
0 3356
0 3357
0 3358
0 3359
0 3360
0 3361
0 3362
0 3363
0 3364
0 3365
0 3366
0 3367
0 3368
0 3369
0 3370
0 3371
0 3372
0 3373
0 3374
0 3375
0 3376
0 3377
0 3378
0 3379
0 3380
0 3381
0 3382
0 3383
0 3384
0 3385
0 3386
0 3387
0 3388
0 3389
0 3390
0 3391
0 3392
0 3393
0 3394
0 3395
0 3396
0 3397
0 3398
0 3399
0 3400
0 3401
0 3402
0 3403
0 3404
0 3405
0 3406
0 3407
0 3408
0 3409
0 3410
0 3411
0 3412
0 3413
0 3414
0 3415
0 3416
0 3417
0 3418
0 3419
0 3420
0 3421
0 3422
0 3423
0 3424
0 3425
0 3426
0 3427
0 3428
0 3429
0 3430
0 3431
0 3432
0 3433
0 3434
0 3435
0 3436
0 3437
0 3438
0 3439
0 3440
0 3441
0 3442
0 3443
0 3444
0 3445
0 3446
0 3447
0 3448
0 3449
0 3450
0 3451
0 3452
0 3453
0 3454
0 3455
0 3456
0 3457
0 3458
0 3459
0 3460
0 3461
0 3462
0 3463
0 3464
0 3465
0 3466
0 3467
0 3468
0 3469
0 3470
0 3471
0 3472
0 3473
0 3474
0 3475
0 3476
0 3477
0 3478
0 3479
0 3480
0 3481
0 3482
0 3483
0 3484
0 3485
0 3486
0 3487
0 3488
0 3489
0 3490
0 3491
0 3492
0 3493
0 3494
0 3495
0 3496
0 3497
0 3498
0 3499
0 3500
0 3501
0 3502
0 3503
0 3504
0 3505
0 3506
0 3507
0 3508
0 3509
0 3510
0 3511
0 3512
0 3513
0 3514
0 3515
0 3516
0 3517
0 3518
0 3519
0 3520
0 3521
0 3522
0 3523
0 3524
0 3525
0 3526
0 3527
0 3528
0 3529
0 3530
0 3531
0 3532
0 3533
0 3534
0 3535
0 3536
0 3537
0 3538
0 3539
0 3540
0 3541
0 3542
0 3543
0 3544
0 3545
0 3546
0 3547
0 3548
0 3549
0 3550
0 3551
0 3552
0 3553
0 3554
0 3555
0 3556
0 3557
0 3558
0 3559
0 3560
0 3561
0 3562
0 3563
0 3564
0 3565
0 3566
0 3567
0 3568
0 3569
0 3570
0 3571
0 3572
0 3573
0 3574
0 3575
0 3576
0 3577
0 3578
0 3579
0 3580
0 3581
0 3582
0 3583
0 3584
0 3585
0 3586
0 3587
0 3588
0 3589
0 3590
0 3591
0 3592
0 3593
0 3594
0 3595
0 3596
0 3597
0 3598
0 3599
0 3600
0 3601
0 3602
0 3603
0 3604
0 3605
0 3606
0 3607
0 3608
0 3609
0 3610
0 3611
0 3612
0 3613
0 3614
0 3615
0 3616
0 3617
0 3618
0 3619
0 3620
0 3621
0 3622
0 3623
0 3624
0 3625
0 3626
0 3627
0 3628
0 3629
0 3630
0 3631
0 3632
0 3633
0 3634
0 3635
0 3636
0 3637
0 3638
0 3639
0 3640
0 3641
0 3642
0 3643
0 3644
0 3645
0 3646
0 3647
0 3648
0 3649
0 3650
0 3651
0 3652
0 3653
0 3654
0 3655
0 3656
0 3657
0 3658
0 3659
0 3660
0 3661
0 3662
0 3663
0 3664
0 3665
0 3666
0 3667
0 3668
0 3669
0 3670
0 3671
0 3672
0 3673
0 3674
0 3675
0 3676
0 3677
0 3678
0 3679
0 3680
0 3681
0 3682
0 3683
0 3684
0 3685
0 3686
0 3687
0 3688
0 3689
0 3690
0 3691
0 3692
0 3693
0 3694
0 3695
0 3696
0 3697
0 3698
0 3699
0 3700
0 3701
0 3702
0 3703
0 3704
0 3705
0 3706
0 3707
0 3708
0 3709
0 3710
0 3711
0 3712
0 3713
0 3714
0 3715
0 3716
0 3717
0 3718
0 3719
0 3720
0 3721
0 3722
0 3723
0 3724
0 3725
0 3726
0 3727
0 3728
0 3729
0 3730
0 3731
0 3732
0 3733
0 3734
0 3735
0 3736
0 3737
0 3738
0 3739
0 3740
0 3741
0 3742
0 3743
0 3744
0 3745
0 3746
0 3747
0 3748
0 3749
0 3750
0 3751
0 3752
0 3753
0 3754
0 3755
0 3756
0 3757
0 3758
0 3759
0 3760
0 3761
0 3762
0 3763
0 3764
0 3765
0 3766
0 3767
0 3768
0 3769
0 3770
0 3771
0 3772
0 3773
0 3774
0 3775
0 3776
0 3777
0 3778
0 3779
0 3780
0 3781
0 3782
0 3783
0 3784
0 3785
0 3786
0 3787
0 3788
0 3789
0 3790
0 3791
0 3792
0 3793
0 3794
0 3795
0 3796
0 3797
0 3798
0 3799
0 3800
0 3801
0 3802
0 3803
0 3804
0 3805
0 3806
0 3807
0 3808
0 3809
0 3810
0 3811
0 3812
0 3813
0 3814
0 3815
0 3816
0 3817
0 3818
0 3819
0 3820
0 3821
0 3822
0 3823
0 3824
0 3825
0 3826
0 3827
0 3828
0 3829
0 3830
0 3831
0 3832
0 3833
0 3834
0 3835
0 3836
0 3837
0 3838
0 3839
0 3840
0 3841
0 3842
0 3843
0 3844
0 3845
0 3846
0 3847
0 3848
0 3849
0 3850
0 3851
0 3852
0 3853
0 3854
0 3855
0 3856
0 3857
0 3858
0 3859
0 3860
0 3861
0 3862
0 3863
0 3864
0 3865
0 3866
0 3867
0 3868
0 3869
0 3870
0 3871
0 3872
0 3873
0 3874
0 3875
0 3876
0 3877
0 3878
0 3879
0 3880
0 3881
0 3882
0 3883
0 3884
0 3885
0 3886
0 3887
0 3888
0 3889
0 3890
0 3891
0 3892
0 3893
0 3894
0 3895
0 3896
0 3897
0 3898
0 3899
0 3900
0 3901
0 3902
0 3903
0 3904
0 3905
0 3906
0 3907
0 3908
0 3909
0 3910
0 3911
0 3912
0 3913
0 3914
0 3915
0 3916
0 3917
0 3918
0 3919
0 3920
0 3921
0 3922
0 3923
0 3924
0 3925
0 3926
0 3927
0 3928
0 3929
0 3930
0 3931
0 3932
0 3933
0 3934
0 3935
0 3936
0 3937
0 3938
0 3939
0 3940
0 3941
0 3942
0 3943
0 3944
0 3945
0 3946
0 3947
0 3948
0 3949
0 3950
0 3951
0 3952
0 3953
0 3954
0 3955
0 3956
0 3957
0 3958
0 3959
0 3960
0 3961
0 3962
0 3963
0 3964
0 3965
0 3966
0 3967
0 3968
0 3969
0 3970
0 3971
0 3972
0 3973
0 3974
0 3975
0 3976
0 3977
0 3978
0 3979
0 3980
0 3981
0 3982
0 3983
0 3984
0 3985
0 3986
0 3987
0 3988
0 3989
0 3990
0 3991
0 3992
0 3993
0 3994
0 3995
0 3996
0 3997
0 3998
0 3999
0 4000
0 4001
0 4002
0 4003
0 4004
0 4005
0 4006
0 4007
0 4008
0 4009
0 4010
0 4011
0 4012
0 4013
0 4014
0 4015
0 4016
0 4017
0 4018
0 4019
0 4020
0 4021
0 4022
0 4023
0 4024
0 4025
0 4026
0 4027
0 4028
0 4029
0 4030
0 4031
0 4032
0 4033
0 4034
0 4035
0 4036
0 4037
0 4038
0 4039
0 4040
0 4041
0 4042
0 4043
0 4044
0 4045
0 4046
0 4047
0 4048
0 4049
0 4050
0 4051
0 4052
0 4053
0 4054
0 4055
0 4056
0 4057
0 4058
0 4059
0 4060
0 4061
0 4062
0 4063
0 4064
0 4065
0 4066
0 4067
0 4068
0 4069
0 4070
0 4071
0 4072
0 4073
0 4074
0 4075
0 4076
0 4077
0 4078
0 4079
0 4080
0 4081
0 4082
0 4083
0 4084
0 4085
0 4086
0 4087
0 4088
0 4089
0 4090
0 4091
0 4092
0 4093
0 4094
0 4095
0 4096
0 4097
0 4098
0 4099
0 4100
0 4101
0 4102
0 4103
0 4104
0 4105
0 4106
0 4107
0 4108
0 4109
0 4110
0 4111
0 4112
0 4113
0 4114
0 4115
0 4116
0 4117
0 4118
0 4119
0 4120
0 4121
0 4122
0 4123
0 4124
0 4125
0 4126
0 4127
0 4128
0 4129
0 4130
0 4131
0 4132
0 4133
0 4134
0 4135
0 4136
0 4137
0 4138
0 4139
0 4140
0 4141
0 4142
0 4143
0 4144
0 4145
0 4146
0 4147
0 4148
0 4149
0 4150
0 4151
0 4152
0 4153
0 4154
0 4155
0 4156
0 4157
0 4158
0 4159
0 4160
0 4161
0 4162
0 4163
0 4164
0 4165
0 4166
0 4167
0 4168
0 4169
0 4170
0 4171
0 4172
0 4173
0 4174
0 4175
0 4176
0 4177
0 4178
0 4179
0 4180
0 4181
0 4182
0 4183
0 4184
0 4185
0 4186
0 4187
0 4188
0 4189
0 4190
0 4191
0 4192
0 4193
0 4194
0 4195
0 4196
0 4197
0 4198
0 4199
0 4200
0 4201
0 4202
0 4203
0 4204
0 4205
0 4206
0 4207
0 4208
0 4209
0 4210
0 4211
0 4212
0 4213
0 4214
0 4215
0 4216
0 4217
0 4218
0 4219
0 4220
0 4221
0 4222
0 4223
0 4224
0 4225
0 4226
0 4227
0 4228
0 4229
0 4230
0 4231
0 4232
0 4233
0 4234
0 4235
0 4236
0 4237
0 4238
0 4239
0 4240
0 4241
0 4242
0 4243
0 4244
0 4245
0 4246
0 4247
0 4248
0 4249
0 4250
0 4251
0 4252
0 4253
0 4254
0 4255
0 4256
0 4257
0 4258
0 4259
0 4260
0 4261
0 4262
0 4263
0 4264
0 4265
0 4266
0 4267
0 4268
0 4269
0 4270
0 4271
0 4272
0 4273
0 4274
0 4275
0 4276
0 4277
0 4278
0 4279
0 4280
0 4281
0 4282
0 4283
0 4284
0 4285
0 4286
0 4287
0 4288
0 4289
0 4290
0 4291
0 4292
0 4293
0 4294
0 4295
0 4296
0 4297
0 4298
0 4299
0 4300
0 4301
0 4302
0 4303
0 4304
0 4305
0 4306
0 4307
0 4308
0 4309
0 4310
0 4311
0 4312
0 4313
0 4314
0 4315
0 4316
0 4317
0 4318
0 4319
0 4320
0 4321
0 4322
0 4323
0 4324
0 4325
0 4326
0 4327
0 4328
0 4329
0 4330
0 4331
0 4332
0 4333
0 4334
0 4335
0 4336
0 4337
0 4338
0 4339
0 4340
0 4341
0 4342
0 4343
0 4344
0 4345
0 4346
0 4347
0 4348
0 4349
0 4350
0 4351
0 4352
0 4353
0 4354
0 4355
0 4356
0 4357
0 4358
0 4359
0 4360
0 4361
0 4362
0 4363
0 4364
0 4365
0 4366
0 4367
0 4368
0 4369
0 4370
0 4371
0 4372
0 4373
0 4374
0 4375
0 4376
0 4377
0 4378
0 4379
0 4380
0 4381
0 4382
0 4383
0 4384
0 4385
0 4386
0 4387
0 4388
0 4389
0 4390
0 4391
0 4392
0 4393
0 4394
0 4395
0 4396
0 4397
0 4398
0 4399
0 4400
0 4401
0 4402
0 4403
0 4404
0 4405
0 4406
0 4407
0 4408
0 4409
0 4410
0 4411
0 4412
0 4413
0 4414
0 4415
0 4416
0 4417
0 4418
0 4419
0 4420
0 4421
0 4422
0 4423
0 4424
0 4425
0 4426
0 4427
0 4428
0 4429
0 4430
0 4431
0 4432
0 4433
0 4434
0 4435
0 4436
0 4437
0 4438
0 4439
0 4440
0 4441
0 4442
0 4443
0 4444
0 4445
0 4446
0 4447
0 4448
0 4449
0 4450
0 4451
0 4452
0 4453
0 4454
0 4455
0 4456
0 4457
0 4458
0 4459
0 4460
0 4461
0 4462
0 4463
0 4464
0 4465
0 4466
0 4467
0 4468
0 4469
0 4470
0 4471
0 4472
0 4473
0 4474
0 4475
0 4476
0 4477
0 4478
0 4479
0 4480
0 4481
0 4482
0 4483
0 4484
0 4485
0 4486
0 4487
0 4488
0 4489
0 4490
0 4491
0 4492
0 4493
0 4494
0 4495
0 4496
0 4497
0 4498
0 4499
0 4500
0 4501
0 4502
0 4503
0 4504
0 4505
0 4506
0 4507
0 4508
0 4509
0 4510
0 4511
0 4512
0 4513
0 4514
0 4515
0 4516
0 4517
0 4518
0 4519
0 4520
0 4521
0 4522
0 4523
0 4524
0 4525
0 4526
0 4527
0 4528
0 4529
0 4530
0 4531
0 4532
0 4533
0 4534
0 4535
0 4536
0 4537
0 4538
0 4539
0 4540
0 4541
0 4542
0 4543
0 4544
0 4545
0 4546
0 4547
0 4548
0 4549
0 4550
0 4551
0 4552
0 4553
0 4554
0 4555
0 4556
0 4557
0 4558
0 4559
0 4560
0 4561
0 4562
0 4563
0 4564
0 4565
0 4566
0 4567
0 4568
0 4569
0 4570
0 4571
0 4572
0 4573
0 4574
0 4575
0 4576
0 4577
0 4578
0 4579
0 4580
0 4581
0 4582
0 4583
0 4584
0 4585
0 4586
0 4587
0 4588
0 4589
0 4590
0 4591
0 4592
0 4593
0 4594
0 4595
0 4596
0 4597
0 4598
0 4599
0 4600
0 4601
0 4602
0 4603
0 4604
0 4605
0 4606
0 4607
0 4608
0 4609
0 4610
0 4611
0 4612
0 4613
0 4614
0 4615
0 4616
0 4617
0 4618
0 4619
0 4620
0 4621
0 4622
0 4623
0 4624
0 4625
0 4626
0 4627
0 4628
0 4629
0 4630
0 4631
0 4632
0 4633
0 4634
0 4635
0 4636
0 4637
0 4638
0 4639
0 4640
0 4641
0 4642
0 4643
0 4644
0 4645
0 4646
0 4647
0 4648
0 4649
0 4650
0 4651
0 4652
0 4653
0 4654
0 4655
0 4656
0 4657
0 4658
0 4659
0 4660
0 4661
0 4662
0 4663
0 4664
0 4665
0 4666
0 4667
0 4668
0 4669
0 4670
0 4671
0 4672
0 4673
0 4674
0 4675
0 4676
0 4677
0 4678
0 4679
0 4680
0 4681
0 4682
0 4683
0 4684
0 4685
0 4686
0 4687
0 4688
0 4689
0 4690
0 4691
0 4692
0 4693
0 4694
0 4695
0 4696
0 4697
0 4698
0 4699
0 4700
0 4701
0 4702
0 4703
0 4704
0 4705
0 4706
0 4707
0 4708
0 4709
0 4710
0 4711
0 4712
0 4713
0 4714
0 4715
0 4716
0 4717
0 4718
0 4719
0 4720
0 4721
0 4722
0 4723
0 4724
0 4725
0 4726
0 4727
0 4728
0 4729
0 4730
0 4731
0 4732
0 4733
0 4734
0 4735
0 4736
0 4737
0 4738
0 4739
0 4740
0 4741
0 4742
0 4743
0 4744
0 4745
0 4746
0 4747
0 4748
0 4749
0 4750
0 4751
0 4752
0 4753
0 4754
0 4755
0 4756
0 4757
0 4758
0 4759
0 4760
0 4761
0 4762
0 4763
0 4764
0 4765
0 4766
0 4767
0 4768
0 4769
0 4770
0 4771
0 4772
0 4773
0 4774
0 4775
0 4776
0 4777
0 4778
0 4779
0 4780
0 4781
0 4782
0 4783
0 4784
0 4785
0 4786
0 4787
0 4788
0 4789
0 4790
0 4791
0 4792
0 4793
0 4794
0 4795
0 4796
0 4797
0 4798
0 4799
0 4800
0 4801
0 4802
0 4803
0 4804
0 4805
0 4806
0 4807
0 4808
0 4809
0 4810
0 4811
0 4812
0 4813
0 4814
0 4815
0 4816
0 4817
0 4818
0 4819
0 4820
0 4821
0 4822
0 4823
0 4824
0 4825
0 4826
0 4827
0 4828
0 4829
0 4830
0 4831
0 4832
0 4833
0 4834
0 4835
0 4836
0 4837
0 4838
0 4839
0 4840
0 4841
0 4842
0 4843
0 4844
0 4845
0 4846
0 4847
0 4848
0 4849
0 4850
0 4851
0 4852
0 4853
0 4854
0 4855
0 4856
0 4857
0 4858
0 4859
0 4860
0 4861
0 4862
0 4863
0 4864
0 4865
0 4866
0 4867
0 4868
0 4869
0 4870
0 4871
0 4872
0 4873
0 4874
0 4875
0 4876
0 4877
0 4878
0 4879
0 4880
0 4881
0 4882
0 4883
0 4884
0 4885
0 4886
0 4887
0 4888
0 4889
0 4890
0 4891
0 4892
0 4893
0 4894
0 4895
0 4896
0 4897
0 4898
0 4899
0 4900
0 4901
0 4902
0 4903
0 4904
0 4905
0 4906
0 4907
0 4908
0 4909
0 4910
0 4911
0 4912
0 4913
0 4914
0 4915
0 4916
0 4917
0 4918
0 4919
0 4920
0 4921
0 4922
0 4923
0 4924
0 4925
0 4926
0 4927
0 4928
0 4929
0 4930
0 4931
0 4932
0 4933
0 4934
0 4935
0 4936
0 4937
0 4938
0 4939
0 4940
0 4941
0 4942
0 4943
0 4944
0 4945
0 4946
0 4947
0 4948
0 4949
0 4950
0 4951
0 4952
0 4953
0 4954
0 4955
0 4956
0 4957
0 4958
0 4959
0 4960
0 4961
0 4962
0 4963
0 4964
0 4965
0 4966
0 4967
0 4968
0 4969
0 4970
0 4971
0 4972
0 4973
0 4974
0 4975
0 4976
0 4977
0 4978
0 4979
0 4980
0 4981
0 4982
0 4983
0 4984
0 4985
0 4986
0 4987
0 4988
0 4989
0 4990
0 4991
0 4992
0 4993
0 4994
0 4995
0 4996
0 4997
0 4998
0 4999
0 5000
0 5001
0 5002
0 5003
0 5004
0 5005
0 5006
0 5007
0 5008
0 5009
0 5010
0 5011
0 5012
0 5013
0 5014
0 5015
0 5016
0 5017
0 5018
0 5019
0 5020
0 5021
0 5022
0 5023
0 5024
0 5025
0 5026
0 5027
0 5028
0 5029
0 5030
0 5031
0 5032
0 5033
0 5034
0 5035
0 5036
0 5037
0 5038
0 5039
0 5040
0 5041
0 5042
0 5043
0 5044
0 5045
0 5046
0 5047
0 5048
0 5049
0 5050
0 5051
0 5052
0 5053
0 5054
0 5055
0 5056
0 5057
0 5058
0 5059
0 5060
0 5061
0 5062
0 5063
0 5064
0 5065
0 5066
0 5067
0 5068
0 5069
0 5070
0 5071
0 5072
0 5073
0 5074
0 5075
0 5076
0 5077
0 5078
0 5079
0 5080
0 5081
0 5082
0 5083
0 5084
0 5085
0 5086
0 5087
0 5088
0 5089
0 5090
0 5091
0 5092
0 5093
0 5094
0 5095
0 5096
0 5097
0 5098
0 5099
0 5100
0 5101
0 5102
0 5103
0 5104
0 5105
0 5106
0 5107
0 5108
0 5109
0 5110
0 5111
0 5112
0 5113
0 5114
0 5115
0 5116
0 5117
0 5118
0 5119
0 5120
0 5121
0 5122
0 5123
0 5124
0 5125
0 5126
0 5127
0 5128
0 5129
0 5130
0 5131
0 5132
0 5133
0 5134
0 5135
0 5136
0 5137
0 5138
0 5139
0 5140
0 5141
0 5142
0 5143
0 5144
0 5145
0 5146
0 5147
0 5148
0 5149
0 5150
0 5151
0 5152
0 5153
0 5154
0 5155
0 5156
0 5157
0 5158
0 5159
0 5160
0 5161
0 5162
0 5163
0 5164
0 5165
0 5166
0 5167
0 5168
0 5169
0 5170
0 5171
0 5172
0 5173
0 5174
0 5175
0 5176
0 5177
0 5178
0 5179
0 5180
0 5181
0 5182
0 5183
0 5184
0 5185
0 5186
0 5187
0 5188
0 5189
0 5190
0 5191
0 5192
0 5193
0 5194
0 5195
0 5196
0 5197
0 5198
0 5199
0 5200
0 5201
0 5202
0 5203
0 5204
0 5205
0 5206
0 5207
0 5208
0 5209
0 5210
0 5211
0 5212
0 5213
0 5214
0 5215
0 5216
0 5217
0 5218
0 5219
0 5220
0 5221
0 5222
0 5223
0 5224
0 5225
0 5226
0 5227
0 5228
0 5229
0 5230
0 5231
0 5232
0 5233
0 5234
0 5235
0 5236
0 5237
0 5238
0 5239
0 5240
0 5241
0 5242
0 5243
0 5244
0 5245
0 5246
0 5247
0 5248
0 5249
0 5250
0 5251
0 5252
0 5253
0 5254
0 5255
0 5256
0 5257
0 5258
0 5259
0 5260
0 5261
0 5262
0 5263
0 5264
0 5265
0 5266
0 5267
0 5268
0 5269
0 5270
0 5271
0 5272
0 5273
0 5274
0 5275
0 5276
0 5277
0 5278
0 5279
0 5280
0 5281
0 5282
0 5283
0 5284
0 5285
0 5286
0 5287
0 5288
0 5289
0 5290
0 5291
0 5292
0 5293
0 5294
0 5295
0 5296
0 5297
0 5298
0 5299
0 5300
0 5301
0 5302
0 5303
0 5304
0 5305
0 5306
0 5307
0 5308
0 5309
0 5310
0 5311
0 5312
0 5313
0 5314
0 5315
0 5316
0 5317
0 5318
0 5319
0 5320
0 5321
0 5322
0 5323
0 5324
0 5325
0 5326
0 5327
0 5328
0 5329
0 5330
0 5331
0 5332
0 5333
0 5334
0 5335
0 5336
0 5337
0 5338
0 5339
0 5340
0 5341
0 5342
0 5343
0 5344
0 5345
0 5346
0 5347
0 5348
0 5349
0 5350
0 5351
0 5352
0 5353
0 5354
0 5355
0 5356
0 5357
0 5358
0 5359
0 5360
0 5361
0 5362
0 5363
0 5364
0 5365
0 5366
0 5367
0 5368
0 5369
0 5370
0 5371
0 5372
0 5373
0 5374
0 5375
0 5376
0 5377
0 5378
0 5379
0 5380
0 5381
0 5382
0 5383
0 5384
0 5385
0 5386
0 5387
0 5388
0 5389
0 5390
0 5391
0 5392
0 5393
0 5394
0 5395
0 5396
0 5397
0 5398
0 5399
0 5400
0 5401
0 5402
0 5403
0 5404
0 5405
0 5406
0 5407
0 5408
0 5409
0 5410
0 5411
0 5412
0 5413
0 5414
0 5415
0 5416
0 5417
0 5418
0 5419
0 5420
0 5421
0 5422
0 5423
0 5424
0 5425
0 5426
0 5427
0 5428
0 5429
0 5430
0 5431
0 5432
0 5433
0 5434
0 5435
0 5436
0 5437
0 5438
0 5439
0 5440
0 5441
0 5442
0 5443
0 5444
0 5445
0 5446
0 5447
0 5448
0 5449
0 5450
0 5451
0 5452
0 5453
0 5454
0 5455
0 5456
0 5457
0 5458
0 5459
0 5460
0 5461
0 5462
0 5463
0 5464
0 5465
0 5466
0 5467
0 5468
0 5469
0 5470
0 5471
0 5472
0 5473
0 5474
0 5475
0 5476
0 5477
0 5478
0 5479
0 5480
0 5481
0 5482
0 5483
0 5484
0 5485
0 5486
0 5487
0 5488
0 5489
0 5490
0 5491
0 5492
0 5493
0 5494
0 5495
0 5496
0 5497
0 5498
0 5499
0 5500
0 5501
0 5502
0 5503
0 5504
0 5505
0 5506
0 5507
0 5508
0 5509
0 5510
0 5511
0 5512
0 5513
0 5514
0 5515
0 5516
0 5517
0 5518
0 5519
0 5520
0 5521
0 5522
0 5523
0 5524
0 5525
0 5526
0 5527
0 5528
0 5529
0 5530
0 5531
0 5532
0 5533
0 5534
0 5535
0 5536
0 5537
0 5538
0 5539
0 5540
0 5541
0 5542
0 5543
0 5544
0 5545
0 5546
0 5547
0 5548
0 5549
0 5550
0 5551
0 5552
0 5553
0 5554
0 5555
0 5556
0 5557
0 5558
0 5559
0 5560
0 5561
0 5562
0 5563
0 5564
0 5565
0 5566
0 5567
0 5568
0 5569
0 5570
0 5571
0 5572
0 5573
0 5574
0 5575
0 5576
0 5577
0 5578
0 5579
0 5580
0 5581
0 5582
0 5583
0 5584
0 5585
0 5586
0 5587
0 5588
0 5589
0 5590
0 5591
0 5592
0 5593
0 5594
0 5595
0 5596
0 5597
0 5598
0 5599
