2
2800 2800
1 0 3402 3525 5250
1 1 3566 4909 5589
1 2 3268 3773 4073 5524
1 3 2987 3056 3702 4174 4754 5477
1 4 3839 4462 5028 5195 5415
0 5 2862 3440 4048 4180 5472
0 6 3149 3271 4091 4103 4643 4973
0 7 4871
0 8 4337 4495 4957
0 9 3506 5253
0 10 5300
0 11 2814 3018 3216 4242 4385 4518 4857 5410
0 12 3429 3800 4741
0 13 2894 3228 4426 4766 5174
0 14 3051 3637 4649
0 15 3490 4219 4803 5241 5502
0 16 4704 5264
0 17 3433 4079 4090 4154 4574
0 18 3887 5504
0 19 3022 4656
0 20 3168 4494 5376 5456
0 21 3640
0 22 3339 5057
0 23 3325 4351 4860 5551
0 24 3034 3480 5327
0 25 4693 4718 5488 5560
0 26 3027 3186 3457 4051 4492
0 27 5249 5290
0 28 3176 4658 4708 5154
0 29 2958 3981 4764 5500 5544
0 30 3066 3171 3301 4889 4941 5016 5490
0 31 3136 3616 3880 4642
0 32 4216 4964
0 33 3550 3685 3891 4305 4693 5214
0 34 2983 3307
0 35 3964
0 36 2831 2966 4395
0 37 3508 3850 5492
0 38 3703 3978
0 39 3326 3698 5366
0 40 2995 3038 3078 3439 4012 4526
0 41 3393 3687 3886 4926 5443
0 42 5051 5092
0 43 4464
0 44 3092 4676
0 45 4084 4705 5144
0 46 3836 4430 4463 5350
0 47 3619 3640 4304 4521 4909 5380
0 48 2923 3217 3353 4071
0 49 2847 2947 3254 3525 3544 4097 5229 5397 5439
0 50 3902 5084 5465
0 51 3441 4116 5414
0 52 2979 3714 4736 5323 5441
0 53 3000 3194
0 54 3516 4679 5290
0 55 4489 4700 5246
0 56 3073 4589
0 57 3297 3308 5187 5315 5396
0 58 3737 3946 5064
0 59 2894 3379 3971 4402
0 60 3297 5327
0 61 3125 4141 4211 4892
0 62 2827 4172
0 63 4105 4548 5066
0 64 3263 3398 5049
0 65 3463 4108 4875
0 66 4699 5575
0 67 3933 3943 3979 4130 4462 4497 4976 5569
0 68 3357 4267 4356 5305 5471
0 69 5522
0 70 2810 3688 3927 4273 4863 5026 5285 5475
0 71 3354 3363 5259
0 72 2883 3650 4300 4484 4574 5197
0 73 3618 3797 3993 4287 5480
0 74 3195 3304 5344
0 75 3400 3999 4084 5036 5446
0 76 3985 4431 4774 5097
0 77 2854 2986 3547 5150
0 78 2968 4240 4601
0 79 2983 5183
0 80 2954 4138 4215 4475 5456
0 81 2836 3641
0 82 4533 5270
0 83 4025 4634
0 84 3104 3668
0 85 3571 4234 4639 4814 5092
0 86 2879 3868 4666 4960 5495
0 87 4603 5131
0 88 2819 4906 5325 5406
0 89 2809 3434 3893 5176 5381 5399
0 90 2825 5055
0 91 2957 4184 4403
0 92 3667 3686 3827 4836 5473
0 93 3226 4382 4854 5338 5486
0 94 3155 5408 5493
0 95 3028 4883 5284 5318 5515
0 96 2979 5484
0 97 3584 5051 5356 5525
0 98 3015 3090 3572 4428
0 99 3586 4804
0 100 3101 3365 4005 4631
0 101 2993 3890 5359 5465
0 102 4836
0 103 3149 3903
0 104 3459 4153 4352 5121 5541
0 105 3060 3238 3801 5414
0 106 3866 4374 4464
0 107 3693 3851 3917 4384 5492
0 108 2834 3555 3805 4060 4528 4563
0 109 3865 4338 4746
0 110 3311 4752 4844 5451
0 111 3238 3509 3619 4372 5540
0 112 2874 4151 5286
0 113 3940
0 114 2989 4253 5433
0 115 4214 4275
0 116 3013 3242 3537 4221 4341 4746 4917 5348
0 117 3677 4132 4208 4341 4866 5252
0 118 2909 4240 5041 5434
0 119 3518
0 120 3747 4565 5213 5236 5264
0 121 5395 5458
0 122 3050 4308 4813
0 123 2996 3036 3461 4023 5010 5256
0 124 3190 4056
0 125 3435 3553 4787 4940
0 126 4010 4129 4872 5582
0 127 3415 3618 4200 4560
0 128 3172 3559 4915 5050
0 129 3842 4515 5181 5263
0 130 3653
0 131 3967 4430 5121 5162 5315
0 132 3908 4017 4222 4424 5572
0 133 2898 3434 3950 4684 4765 5407
0 134 3080 4461 5324 5368
0 135 4842
0 136 3175 5315 5405
0 137 3367 4327
0 138 2945 3496 3803 4673 5499
0 139 2907 3053 3544 4284 4724 4780 5302
0 140 3048 3253 5528
0 141 2998 4863 5501
0 142 5236
0 143 4956 5287 5383
0 144 5099 5432
0 145 4092 4754
0 146 2988 5542
0 147 3290
0 148 2903 3756 4433 4620 5204
0 149 3113 3248 3374 3441 5457
0 150 3059
0 151 3260 4207 5240
0 152 3143
0 153 3506 3620
0 154 3272 4043 4646 4653
0 155 5522
0 156 3146 3362 4099 4579 4941
0 157 3438 3594 4997
0 158 4438 5448
0 159 2800 3114 3474 4698 5001
0 160 2964 3375 3984 4673 5444
0 161 3239 3669 3855 4679 5191
0 162 3087 3519 4101 5038
0 163 4035 4269 5491
0 164 3097 5398
0 165 3031 3620 4166 4303
0 166 3663 5509
0 167 3170 3723 5551
0 168 3077 4359
0 169 2817 3404 3814 4077
0 170 4002 4855
0 171 3739 4474 5468
0 172 3839 3968 4008
0 173 3174 3189 3870 3938 4823
0 174 2965 3301 4593 4626 4782 5286
0 175 3146 4083 4174
0 176 3005 3031 3221 3410 4158 4172
0 177 4021 5564
0 178 2873 3012 3019 3459 3523 3912
0 179 2958 3077 3625 4057 4253
0 180 3526 5138
0 181 3731
0 182 3170
0 183 3081 3149 3162 3465 5223 5369
0 184 3419 4232 5171
0 185 3938 4199
0 186 3153 3443 5209
0 187 3134 3519 4670 5052
0 188 4942
0 189 2933 3180 3479 3842 4204 4764 5103 5105
0 190 4241 5301 5392 5461
0 191 3177 3744 4085 4544
0 192 3478
0 193 2866 3849 4465 4568
0 194 4279 4656 4717 5256
0 195 2914 2978 4467 4946
0 196 5216 5247
0 197 3785 3843 5014
0 198 3496 4343
0 199 2869 3456 3667 4152 4239 4516
0 200 2941 3036 3121 3189 4540 4732 5428
0 201 2925 3330 3426 3624 5387 5542
0 202 2963 3147 4101 4686
0 203 2812 3421 3879 4519
0 204 3581 4052 5384
0 205 4051
0 206 3352 4071 4734 5112
0 207 3529 4320 4656 5389
0 208 3199 3912
0 209 3561 4156 4911 4937
0 210 3266 4099 4886
0 211 3428 3585 4138 4173 4770 4829
0 212 3005 4702
0 213 3238 4447 5095
0 214 3338 3953
0 215 3350 3669 4753 5087 5592
0 216 3452
0 217 3525 4239 4610 5434
0 218 3335 4134 4245 5209
0 219 3586 3601
0 220 3427 4264 4679
0 221 3248 3502 4951
0 222 4810 4821 4877
0 223 4444 4716 5043 5351 5513 5583
0 224 2819 3314 4927 4946 4994 5151
0 225 4267 4443 4750
0 226 3596 3938 4306 4667 5334
0 227 3303 3990 4206 4653 5108
0 228 3277 3515 4617 4672
0 229 3367 3550 3715 5332
0 230 3071
0 231 5041
0 232 5505
0 233 3035 3609 4276 4918
0 234 3082 4420 4704 4718 5057
0 235 3127 3419 4683 4749 4766
0 236 5077
0 237 2812 3036 3764 4216
0 238 3454 3589 4488 4503 4830
0 239 3612
0 240 4262
0 241 5127 5306
0 242 3262 3311 4119
0 243 3860 4094
0 244 4764
0 245 2811 3417 4527 5398 5544
0 246 3456 4176 4308 5443
0 247 3599 3656 4391 4434 4647 4711 4847
0 248 2940 4618
0 249 3097 3499 3745 3894 4542 4986
0 250 3493 5383 5420
0 251 3181 3267 4077
0 252 4064 4093 4107
0 253 4265 4604 5510
0 254 3077 3386 4780
0 255 3291 4496 4658
0 256 3289 4202 4355 4717 5017 5384
0 257 3013 3256 3680 4169
0 258 3010 3446 4921 5003
0 259 3109 3329 3443 5576
0 260 2966 2986 3156 3244 3315 3688 4212 4555 4952 5309
0 261 3035 3511 3781 3874 4455 4839 4940
0 262 2816 3221 4220 4280 4516 5028 5055
0 263 2838
0 264 3369 3423 4226 4301 4304 5345
0 265 3318 3510 3960 4500 5052 5378 5496
0 266 3454 4061 4112 4271 5043 5096
0 267 4832 4899
0 268 3424 4339 4732
0 269 3178 3846 4134 5545
0 270 3257 3270 3395 5005
0 271 3308 4392 4692
0 272 2921 3179 3461 4302 5045 5108 5395
0 273 2945 3016 3073 3098 3301 3595 3736 4370 4845
0 274 3391 3444 3734 5107 5575
0 275 5557
0 276 3272 3687 4680 5039 5301 5454
0 277 3103 4293 5286
0 278 3020 3888 4080
0 279 2986 3118 3528 4683
0 280 2849 4155
0 281 3434 3450 3451 3759 4771
0 282 2873 3613 3697 4371 5023 5296 5418
0 283 3898 5293
0 284 3426 5259 5354
0 285 3652
0 286 3557 3629 4373 5407
0 287 4789 5317 5474
0 288 3562 5075 5223
0 289 4019 4314
0 290 3076 3975
0 291 3937
0 292 3654 4491 4684
0 293 3938 5039
0 294 3228 3961 4466 4647
0 295 4016 4086 4102 4164
0 296 3922 4835 5171
0 297 5132 5395
0 298 4529
0 299 4711 5481
0 300 3071 3506 3581 4891
0 301 3310 4183
0 302 3800 5084 5134 5425 5489 5547
0 303 3459 3777 4447 4572 4738
0 304 2970 3050 3118 3515 4522 4749
0 305 3988 4156 5214 5295
0 306 3202 3777 4808 5134 5227
0 307 3032 3335 4063
0 308 3619 4814 5504
0 309 5252
0 310 4509 4529 5583
0 311 3088 4665 5024
0 312 3476 3626 4108 5385
0 313 4297
0 314 3867 4009 5013
0 315 4963 4986
0 316 4333 4440 4525 4682 5399
0 317 3429 4359 4697 5465
0 318 3543 3652 4262 4997
0 319 2954 3235
0 320 3193 3976 4893
0 321 4175 4864 4955 5152
0 322 3440 3701 3740 3921 4106 4372 5224
0 323 2935 3163 3228 4081 4831 5352
0 324 5136
0 325 5064 5157
0 326 3329 4041
0 327 5140
0 328 2946 3116 3428
0 329 3927 4975
0 330 3407 3986 4385
0 331 3599 4059
0 332 3411 3715 4920 4944
0 333 2982 5269 5505
0 334 3140
0 335 4585 5036 5229
0 336 3400 3429 3788 4646
0 337 3719 3979 4345 5293
0 338 2800 3807 5019
0 339 3080 4201 4237 5091
0 340 3633 4153 4181 5017 5123 5262 5284
0 341 2939 3136 3809 4746 5378
0 342 3102 3511 4309 4481 4638 4661
0 343 2832 3005 3975 4450 4861 5392
0 344 4781 5017
0 345 4298 4516 4557 4631 4658
0 346 2866 3024 3381 3393 4175 4519 4578 4700 4832 5488
0 347 3485
0 348 3089 4462
0 349 4478
0 350 2804 2811
0 351 3126 3557 5086
0 352 3510 4030 4301 4758
0 353 3107 3708 5295 5569
0 354 3787 4134
0 355 3538 4105 4857
0 356 3684 4806 5531
0 357 3024 3478 4997 5064
0 358 3218 3725 4377 4930
0 359 3542 3549
0 360 4494 5336
0 361 4136 4797
0 362 2808 4674
0 363 3567 4818
0 364 4462 4579
0 365 2860 3266 3876 4622
0 366 5167
0 367 3485 5535
0 368 3183
0 369 3718 5073
0 370 4210 4869 5226 5334
0 371 3752 3778 4846
0 372 3018 3716 4168 4635
0 373 2954 3568 3890 5316
0 374 4406 4893
0 375 3058 3782 3926 4652 5292
0 376 2890 3710 4797 5277 5427
0 377 3262 3744 4804 5455
0 378 2948 3150 3330 5182 5236
0 379 2979 4030 4156 4299 4800 5261
0 380 4246 4539 4573 4777
0 381 3174 3397 3495 3529 4248 4676 5141 5159
0 382 3193 3335 3403 3467 3574 3922 4621
0 383 3098 4693
0 384 3260 3847 5126
0 385 3444 5099 5222 5269
0 386 3503 4685 4976 5416
0 387 3633 4267 4354
0 388 2910 4356 4496 4830 5494
0 389 2980 2984 3149 5195 5580
0 390 2914 3615 3631 3740 3975 4700 4909
0 391 4165 4469 4472 4495 4606
0 392 4843 5456
0 393 2906 2982 3278
0 394 3723 4410
0 395 3296 4440 4572 4762 5385
0 396 2948 3169 5185
0 397 2989 4226 4848
0 398 3501 4651 5528
0 399 2974 3275 3359 3817 4046 4373
0 400 3734 5058
0 401 3338 4321 4857 5412
0 402 3914 4154 4186 4580
0 403 4889 5562
0 404 2840 3453 3946 4197 4919
0 405 3095
0 406 2802 3032
0 407 3406
0 408 2805 3178 3435 3873 4018 4332 4846
0 409 4669 5109
0 410 2810 3280 3316 3443 3816 3864 5225 5401
0 411 4555 5588
0 412 2843 3133 4177 4307 4865
0 413 2891 3109 3357 3696 5359
0 414 4222
0 415 4041 4424
0 416 3370 3710 4095 4944
0 417 3963 4272 4980 5361
0 418 2871 3065 5530
0 419 3007 4998
0 420 2844 3078 3084 3875 5202 5393
0 421 3612
0 422 2836 3065 4921
0 423 4924
0 424 2848 2941 3822 4658 4867 5212
0 425 2891 3899 5007 5171
0 426 3093 3184 3551 4476 5046 5078
0 427 3684 4048 4249 4948 5060
0 428 2858 4793
0 429 3110 4994 5151
0 430 3396 3770 4122 5288 5391
0 431 2962 3737
0 432 4398
0 433 3136 3627 5172
0 434 4974 5242 5558
0 435 3868 5071
0 436 4242 4877
0 437 4657 4893 5559
0 438 3086 4734
0 439 3099 4638 5492
0 440 2813 3515 3892 4003 4186 4273 4893
0 441 3866 4353
0 442 3956
0 443 3393 5435
0 444 4201
0 445 3147 3776 3809 5418
0 446 3028 3231 5416
0 447 5202 5327
0 448 3150 3309 3465 3627 4140 4246 5089
0 449 3588 3662 3677 4143 4859
0 450 3848 4843
0 451 4436 4968 5073
0 452 2964 4318 4405
0 453 5574
0 454 2924 3697 3929 4834
0 455 3108
0 456 4103 4331 4692
0 457 3118 3794 4551 5000 5145
0 458 3419 5250
0 459 5042
0 460 3229 3393 4041 4756 5556
0 461 3910 4950 5195
0 462 3017 3043 3702 3775 3999 4326 4679 5454
0 463 3653 4604
0 464 3141 3524 4925
0 465 3988 4295
0 466 3058 3137 3432
0 467 3268
0 468 4230 4392
0 469 3828 4434 5079
0 470 3614 4191
0 471 2805 3855 4455 4545 5358 5589
0 472 3706 5123 5297
0 473 3709 3723 3737 3979 4382 4651 5047 5310
0 474 3250 3768 4246 4403 4810 5034
0 475 3001 3229 3254 4256 4422 4570 4748 5590
0 476 2951 3870 3967
0 477 3466 4194 5079 5430
0 478 3176 3809 3912 4683
0 479 3646 3751 4904
0 480 4981
0 481 3294 5537
0 482 3135 3177 4368 4498 4997
0 483 4025 4097 4441 4551 4593 5180
0 484 2821 2880 4652 5176
0 485 4579 4580 4974 5227 5529
0 486 3164 4666 5452
0 487 3384 3985 4843 4970
0 488 3914 4103 4339
0 489 3142 4595 5278 5522
0 490 4218 4471
0 491 3775 4337 4878
0 492 4929
0 493 3562 3877 3942 4799
0 494 3515 4656 5171
0 495 3221 3679 5534
0 496 3113 3456 3726 3759 4937 5092 5394
0 497 2919 3635
0 498 3210 4019 5363 5593
0 499 4157 5174
0 500 3219 4325 4456
0 501 3268 4618 4812 5412
0 502 2830 3222 4344
0 503 4387
0 504 4699
0 505 2830 4435 4784
0 506 2969 4958
0 507 3061 4024 4998 5229 5516
0 508 3451
0 509 2889 2895 3003 3234
0 510 3899 4117 5452
0 511 2992 4007 4038 4464 4491 5502
0 512 3439 3623 4171 5016
0 513 3020 4078 4106 4129 4753 5349
0 514 3511 3845 4088 4294 4729 4741 4914 5375
0 515 3888
0 516 2916 3142 3981 4222 4452 4646 4661
0 517 3283 5196 5243 5283
0 518 3110
0 519 3164 3693 4244 5262
0 520 3423 3634 3834 3880
0 521 3416 3499
0 522 4156 5178 5252
0 523 2875 3195 3575
0 524 3534 3822 3883 4114 4297 4337 4725 5352 5557
0 525 4083 4959
0 526 2894 3272 3690 3695
0 527 3688 3909 4035 4151
0 528 2873 3017 5266 5358
0 529 3881 4417 5020 5139
0 530 4302 4780 4984
0 531 3158 3475 3709 4582 4733
0 532 3206 3520 3708 4675 5107 5209 5303
0 533 4161
0 534 3625
0 535 3083 3508 4396 5084 5430
0 536 3499 3627 4143 4940 5312 5408 5599
0 537 3200 4299 5380 5572
0 538 2801 3756 3823
0 539 2805 3092 3964 5027
0 540 3566 5176
0 541 4096
0 542 2830 4694 4964 5019
0 543 3023 3224 3478 3606 4247 5467 5586
0 544 3710 3768 3999 4071 4227 4821 5081
0 545 3049 3517 3878 4023 4488 4652 4760 4921 5088
0 546 4034 4083 4131 4354 4370 4956 5013 5136 5140
0 547 3323 3641 3869 4096 4200 4227 4441
0 548 4700 5162
0 549 2804 2833 5579
0 550 2838 3167 3251 4906 4989
0 551 2882 3119
0 552 3579 3864 4212
0 553 2857 3877 3972 4060 4915
0 554 2999 3397 5063 5075
0 555 3593 4496 4902
0 556 4098 4248 4774 5346
0 557 4382 4673 4777
0 558 2891 3147 4713 4815 4861 5009 5364
0 559 3215 5445
0 560 3101 3248 4198
0 561 3265 3773
0 562 3319 4426 5059 5464
0 563 3080 3350 4264 4658 5192 5502
0 564 3114
0 565 2834 3954 4527
0 566 3351 5305
0 567 2986 4301
0 568 3161 3329 3416 4206 4617
0 569 3584 3962 4032 4239 4655 5421
0 570 3022 3955 4157 4286 4511
0 571 4064
0 572 4512 5024 5164 5484
0 573 4976
0 574 3276 4041 4239 4660 4690 5395
0 575 4337 4911 5050
0 576 3983
0 577 3520 3640 3835 4413 5064 5415
0 578 4084 4597 4662
0 579 4970 5119 5163
0 580 4309 5529
0 581 2827 3603 4546
0 582 3002 3029 3431 4346
0 583 3028 4470
0 584 3367 3943 3985
0 585 3970 4106
0 586 4501 5189 5476
0 587 3173 4918
0 588 4091
0 589 3847 4999
0 590 3203 3708 3725 4183
0 591 2805 3696 4570 5052 5266
0 592 4391 5152
0 593 3539 4648 5035 5284
0 594 3298 3600 4380 4386 5414
0 595 3404 3679 5262
0 596 3124 3757 5242
0 597 3564 4127 5179 5457
0 598 3257 3738 4310 4311 4446 4534
0 599 4142
0 600 2833 3067 5013 5532
0 601 3020 3588 5546
0 602 3601 4177 5266
0 603 3508 4119
0 604 4285 4379 5011
0 605 3549 3664 4040 4726
0 606 2997 4292
0 607 4196 4201 5118
0 608 2827 2989 3068 5254
0 609 2920 3486 3605 4187 4659 5004
0 610 2927 3330 3885 3993 4147 5516
0 611 2821 3294 3312 4693 4771 5449
0 612 4906
0 613 3017 3450
0 614 3556
0 615 4549 4866 5341
0 616 2976 3282 3495 3818 3985 4651 4795
0 617 4327
0 618 2988 3541 3964 3975 5090
0 619 2863 3147 3417 4075 4880 5520
0 620 3002 3083 3403 3710 3913 4552 4578 4589 4755
0 621 3189
0 622 3008 3839 4396 5220 5517
0 623 3623 4836 5468
0 624 3768
0 625 3991 4160 5329
0 626 2847 3354 3491
0 627 2861 3182 4637 5017
0 628 2858 5443
0 629 3225 3685 5127
0 630 3538 4056
0 631 4032
0 632 3852 4243 4326 4834 5586
0 633 3243 3436 4326 4702 5378 5478
0 634 4749 5519
0 635 3226 3713 4324 4456
0 636 3347 3842 4947 5167
0 637 2926 2974 3178 3299 4118 4607 4636 4924
0 638 3933 3982
0 639 3084 3324 3454 3858 4597 4926 5191 5263
0 640 3868
0 641 2811 3311 3684 3711 4257 5121
0 642 3610 3910 3973 4191
0 643 2852 3021 3688 3768 3898 4746 5056 5480 5585
0 644 3108 3220 3241 3760 4234 4459 4507
0 645 4558
0 646 3518 3799 3854 4050 4072
0 647 3051 3083 3109 3548 4770
0 648 2812 2830 3205 4642 5477
0 649 3140 3945
0 650 3536 3896
0 651 2809 3503 4310
0 652 3102 3304 3781 4219 4336 4704 5039
0 653 2861 3328 3655 4249 4565 4634
0 654 4675 5359
0 655 2903 3106 3204
0 656 2840 3380 4336 4399 5028
0 657 3602 3623 3628
0 658 3218 3326 3533 4163 4734 4790 4851
0 659 3901
0 660 3441 3589 3818 3838 5361
0 661 4183
0 662 4134 5556
0 663 4158 4367 4388
0 664 3438 3732 3856 5304 5402 5457
0 665 3505 3665 4006 5351
0 666 3248 4217
0 667 2954 3615 4039 4441
0 668 3219 4545 5003
0 669 2991 3753 4514 4572 5038
0 670 3124 3987 4492 4843 4883 5385
0 671 3609 4388 4413 4518 4951 5207 5261
0 672 2847 4448
0 673 2801 4421 4674 5561 5576
0 674 2895 3333 3557 4103
0 675 2918 3881 4148 4281 5019
0 676 4214
0 677 3298 4438 4895 5423 5485
0 678 3060 3118 5407
0 679 4284
0 680 4162 4615 4809 4912 5442
0 681 3767 3980 4318 4462 5000
0 682 2906 3296 4573 5193
0 683 4587
0 684 4558 5116 5584
0 685 5030
0 686 5200
0 687 2934 3899 3992
0 688 3228 4187 4736 5177
0 689 3185 3356 3465 3697
0 690 2904 3259 3862 4058 4576 5227
0 691 4812
0 692 2951 3241 3836
0 693 4248 4607
0 694 2841 2982 4938 5084
0 695 4696
0 696 2829 4605
0 697 2847 2927 3102 4674 5419
0 698 3068 3541 5323 5511 5577
0 699 4201
0 700 4080 5082
0 701 3087 4796
0 702 2900 3480 3713 5550
0 703 3240 3592 4386 4976 5239
0 704 3770 4384 4618 5358
0 705 2858 4657
0 706 3832 4477
0 707 2863 4312 4625
0 708 2933 3943 4612
0 709 3270 5089
0 710 3847 4575 4876
0 711 3919 4892 4925 5227
0 712 3550 3721 4184 4454 4940 5467 5562
0 713 2856 2875 3964 4111 4138 4781 5416
0 714 3470 3724 4521
0 715 3694
0 716 2923 4060 4867 5445
0 717 3239 3701
0 718 4367 4425
0 719 2819 3879 4633
0 720 2832 3232 4544
0 721 3961
0 722 4687 4743
0 723 3493 3670 3710 4107 4221 4712 5327
0 724 4374 4443 4657 5010
0 725 3402
0 726 2967 3858 5287 5305
0 727 3043 3166 3227 4070 4876 4963
0 728 4852
0 729 2953 3125 3540 4724
0 730 5230
0 731 4063 4368 4448 4697 5152 5473
0 732 3647 4770 4951
0 733 4542 5481
0 734 2808 4011 4846
0 735 3130 3175
0 736 4018 4335 4594 5201
0 737 3017 3734 4836 5147
0 738 3197 4040 4444
0 739 3047 3460 4289 4558
0 740 3766 4841
0 741 3893 4100 4742 4801
0 742 2817 2968 3097 3232 4300
0 743 3052
0 744 5417 5451 5500
0 745 4920 4946
0 746 3326 3386 5479
0 747 3404 4687
0 748 3173 5187 5517
0 749 3249 3744 4466
0 750 3949
0 751 4807 5432
0 752 3138 3273 3601 3900 4302 5079 5238
0 753 3124 3547 4700
0 754 5083 5582
0 755 4544 5291
0 756 4056
0 757 3822 4181 5154
0 758 4499 5111
0 759 3077 4205 4415 5135
0 760 3986 4383 4557 4855 5420
0 761 3479 5138 5587
0 762 2978 4854 4855 5191
0 763 4499 5212 5271 5553
0 764 2947 3664 4453 5589
0 765 3047 3072 4622 4730 5201
0 766 3709 4631 4746
0 767 3749 4388 4717
0 768 2810 2982 4922
0 769 5449
0 770 3290 3427 3820 4463 4848
0 771 3480 3505
0 772 3797 3831 4237 5015
0 773 4438 5111 5547
0 774 3106 3627 3663 3805 4515 4876 5384
0 775 3322 3826
0 776 3217 3521 3679 4720 5141 5506
0 777 3678
0 778 3144 3169 3896 4334 5229
0 779 3121 4532 5325
0 780 3030 4983 5246
0 781 3053 3276 3387 4552 5270
0 782 2888 3687
0 783 2858 3435 4348 4578
0 784 3743 4380 4665 5516
0 785 2979 4009 4332 5349
0 786 5069
0 787 4670 4928
0 788 3275 4154 4202 5234 5577
0 789 4629
0 790 3868 4089 4502 5411
0 791 4958 5186 5217 5286 5458
0 792 3683 3953
0 793 3030 3639 3940 5356
0 794 2996 4086 4134 4270
0 795 2975
0 796 3107 4852 5155
0 797 4518 4895 5012
0 798 3944 3956
0 799 3228 3245 3321 3978 4207
0 800 3661 4381
0 801 3730
0 802 4303
0 803 2845 4755 5254
0 804 2867 2942 4078 4376 4872 5481
0 805 3489 4132
0 806 3638
0 807 3001 3218 3432
0 808 3717 3899 4655 4661
0 809 2979 3701 3896
0 810 5150 5337
0 811 5261 5596
0 812 2827 4922
0 813 3402 3624 4186
0 814 4498 4843
0 815 4020 4675 5284
0 816 3115 5556
0 817 2933 2957 4169
0 818 3273 3519 3605 4673 5379
0 819 3793 3936
0 820 3165 3374 3832 3992 5373
0 821 3124 4086
0 822 3256 3316 4208 4912 5096
0 823 2989 3513 3678 4086
0 824 3709 3819 3855 5336 5426
0 825 2935 3272 3535 4996
0 826 3077 3190 3355 3762 4579
0 827 2808 2989 3414 3915 4416 5553
0 828 2800 3557 3710 4564 4725 4980
0 829 2877 3375 3436 3905 4119 4634 5555
0 830 2943 3324 4030 4638
0 831 4392
0 832 5032 5038
0 833 3558 4168 4826 5328
0 834 3416 3476 4053 4342 5017
0 835 2866 2971 3716 4020 4333 4804 4996
0 836 4655 5315
0 837 3597 3659 4039 5443 5518
0 838 2892 3184 4552 5467
0 839 4866 5123
0 840 3476 3914 4628 4894
0 841 3516 5321
0 842 3164 3832 5421
0 843 3816 5034 5287
0 844 3026 3166 3595 4413 4771
0 845 4568 5016 5194 5247 5496
0 846 3016
0 847 3200 3658
0 848 4291 4950 5056
0 849 2823 3911 4085 4694
0 850 3393 3523 3880 4875
0 851 3300 3434 3617 4075 5322
0 852 3570 3828 4697 5439 5512
0 853 3874 4196
0 854 2926 3417 3977 4049 4359 4949 5123 5590
0 855 3528 3552 3782 4482 4488 4958
0 856 2916 3025 3496 3767 4114 4615 4664 5095
0 857 3771 5023 5292
0 858 2816 3346 4341
0 859 3250 3640 5062 5458
0 860 3107 3900 4799 4928 4931
0 861 4758
0 862 3370 3757 3995 4252 4313 4364
0 863 2899 4325 4477 4538
0 864 3008 3126 3313 4063 4332 4680 4926
0 865 3468
0 866 3395
0 867 3287 4894
0 868 2842 3524 5229
0 869 3448 4580 5125
0 870 3525 3996 4843 5104 5291
0 871 2815 3812 4477 4756 4790 5248 5310 5314
0 872 3208 3273 3370 3390 3500 3518 3875 4795 4890
0 873 2806 3080 4053 4163 4194 4525 5276
0 874 4288
0 875 3631 3784 4833 5440 5592
0 876 3497 3526 4371 5141 5210
0 877 4171 4563 4983
0 878 3242 3919 5155
0 879 3635 4302 5320
0 880 3042 3732 3924 5009 5566
0 881 4835
0 882 2875 3154 4013 4063 4797 5089
0 883 4041 4461 5218 5357
0 884 3096 3831 4060 4147 4743 4768 5372 5381
0 885 3436 4253 5204
0 886 3696 4966 5090 5118
0 887 4354 4475 4653 4770 4911
0 888 4039 4273
0 889 3412 3876 4363 5150
0 890 3361 4084 4593 5238
0 891 3079 3391 4144 4512 4574
0 892 3966 5175 5519
0 893 3177 3820 4238 4476 5029 5273
0 894 3425 3586 4448 4796
0 895 4065 4070 4202
0 896 2984 3383 4142 4959 5309
0 897 3868 4067 4108 5058 5184 5205 5285 5299
0 898 3324 3499 3800 3913 4494 5095
0 899 2961 5459
0 900 3767 5355
0 901 3477 4322 4774 5458
0 902 2961 3576 3583
0 903 3785 3869 4644 5221
0 904 2893 3118 3420 3472 3780 4598 4702
0 905 2999 3680 4890 5026
0 906 2813 2972 3258 4075
0 907 4378 4500 4876 4948 4954
0 908 3351 3565 3824 4508 5237
0 909 3127 3317 3508 5252
0 910 3058 3354 4317 4737 5254 5301 5598
0 911 4475 4504
0 912 4203 4715 4912
0 913 3451 4822 5310
0 914 4086 5264
0 915 2837 3390 3591 4612 4974 5172 5412
0 916 2972 3085 3522 3994 4200 4233 4247 4766 5117
0 917 3146 3293 3338
0 918 3157 3519 4492 4697 5170
0 919 3267 3549 3651 3835
0 920 3785 4110 5051
0 921 4024 4920 5003 5091 5585
0 922 4740 4833
0 923 3495 4152 4712 4801
0 924 4308 5254
0 925 2860 5362
0 926 3267 3947 4308
0 927 2919 3083 3234 3526 3606 3697 4116 4834
0 928 5165
0 929 3779 4222 5024
0 930 4976
0 931 2948 3452 3620 3742 4249 4297 4340 5387
0 932 2893 3054 3096 4123 4537
0 933 2919 3409 5480
0 934 3549 5175
0 935 4061
0 936 2928 3336 3973 4099 5206
0 937 3719 4413 5290 5475 5515
0 938 2884 3689 5324
0 939 3721 3741 3826
0 940 2891 3358 3482 4244 4986 5385
0 941 3859 4281 4489 4793 4891 5226
0 942 2879 2987 3835 4971 5546
0 943 3414 4186 4800 4927
0 944 4182
0 945 3107 5049 5483 5591
0 946 2899 3289 3687 5541
0 947 4082 4181 4408 4634
0 948 3701 4237 4385 5070
0 949 3328 4869 5161
0 950 3111 3125 3413 3739 4760 5254
0 951 3231 3801 4326 4777
0 952 3124 3350 3494 4518 4964
0 953 3182 3634 3827 4122 4304 5362 5403
0 954 2999 3783
0 955 3218 4006 4254
0 956 2916 4381 5139 5148
0 957 3997 4029 4232 4259 4718
0 958 3074 3803 3852 4061 4276 5465
0 959 3729 3858 4949 5380
0 960 3689 5381
0 961 3131 3619 4565
0 962 3091 4011 4031 4432 4536 5361
0 963 3010 4909
0 964 2871 2907 3510 3875
0 965 3083 3131 3328 3336 3393 5138 5581
0 966 4346 4668 4820 5026
0 967 2814 2994 3491 4810 4819
0 968 2992 3100 3306 4447
0 969 3849 5080 5205 5460
0 970 3159 3990 4558 4974 5073 5133 5431 5447
0 971 3698 4323 5306
0 972 2804 3148 4141 4746 5263
0 973 3303 5332
0 974 3842 4072 4970 5212
0 975 3145 3694 4511 4840
0 976 3753 4115 4995
0 977 3765 5301 5305 5324
0 978 2940 3188 5168
0 979 3152 4508 4646
0 980 4621
0 981 3023 3667 3694 4116 4574 4753 5288 5513
0 982 2875 3774 4755 5190 5334
0 983 3757 4545
0 984 2917 5170
0 985 3607 3657 4213 5524 5555
0 986 3409 3611 3693 4220 4270 4347 4773 5275 5325
0 987 5431
0 988 3637 5267
0 989 4727
0 990 3046 3878 4084 4388
0 991 3065 3228 3272 3592 3932 4785
0 992 2970 4094 5273 5371
0 993 3127 3870 4265 4613 5113 5571
0 994 2883 3566 4751 4842
0 995 3973
0 996 3777 4832 4981 5381
0 997 4343 4415 5521
0 998 2889 3921 4680 4804 5379
0 999 2826 2882 4832
0 1000 3048 3337
0 1001 3005
0 1002 3110 3439
0 1003 4463 5029 5409
0 1004 3927 4884 4888 4962
0 1005 2888 3096 3248 4397 4521 5027
0 1006 3784 3860
0 1007 3968 4220 5236 5571
0 1008 4232
0 1009 5510
0 1010 3011 3245 3353 4949 5018 5445 5524
0 1011 3001 4530
0 1012 5259
0 1013 3110 4068 4264 4328 4821 5082 5509
0 1014 3433 4181 4490 5082
0 1015 3703 3796 3861 4552 4569 5261 5405
0 1016 3589 3692 4315 4420
0 1017 3067 4378
0 1018 4066 4079 4903
0 1019 2958 3466 3777 4163 5482
0 1020 3077 3550 3797 5323
0 1021 3624 4579 5533
0 1022 4161 5086 5112
0 1023 2847 4074 4567
0 1024 3080 3824 4683 4701 5384
0 1025 3692 3778 3914 4112 5259 5501 5544
0 1026 3951 4055 4078 4257 4923
0 1027 3044 4136 5195
0 1028 4788 4873 5232 5495
0 1029 3081 3283
0 1030 5460
0 1031 3004 4004 4046 4086 4240 4386
0 1032 4351
0 1033 2901 3054 3095 3341 3469 3674
0 1034 4013 4019 5379
0 1035 3238 4325
0 1036 4025
0 1037 2938 3692 3838
0 1038 3428 3833 4418 5037
0 1039 3230 4243 4738 5525
0 1040 3565 3768 4888 5012
0 1041 3179 3220 5371
0 1042 2865 3893 4727 5403 5406
0 1043 3988 4623 5436
0 1044 3229 3467 5561
0 1045 3652 4558 4774 5122 5161
0 1046 3010 3673 4042 4759 4814
0 1047 3683 4524 4864
0 1048 4720 4869
0 1049 3918 4029 4151 5433
0 1050 3596 4071 5330
0 1051 3723 4223
0 1052 3095 4639
0 1053 3800 4864 5316 5390
0 1054 3341 3453 3645 3675
0 1055 3182 3931 4950
0 1056 3054 4448
0 1057 4781
0 1058 4088
0 1059 3001 3338 4044
0 1060 3256 4310
0 1061 3721 4270 5108 5207
0 1062 3458 4293 4711 5389
0 1063 3222 3323 3983
0 1064 4392 5171 5219
0 1065 4106 4780 5053
0 1066 3135 3825 4141 4699 5584
0 1067 3826 4469
0 1068 3824 4460 4753 5414
0 1069 3610 5418
0 1070 3458 3706 4159 4505 5076
0 1071 2828 3155 4511 4553
0 1072 4436 4481
0 1073 3169 4161 5464
0 1074 3057 3136 4107 4257
0 1075 4845 5202
0 1076 3182 3664
0 1077 3282 3374 3545 3809 3994 4284 4601 4741 5351
0 1078 2885 3323 4060 4978 5491
0 1079 3548 4695 4697 5201 5347
0 1080 5030 5102 5178
0 1081 3481 3525 4325 4442
0 1082 3548 3696 3906 4328 4389 4627 5163 5291 5388
0 1083 2868 3477 3723 4802 4986
0 1084 3541 3578 4850
0 1085 4324 4971 5125 5236 5356 5505 5537
0 1086 3081 3425 3809 5055
0 1087 4260 4573 5241
0 1088 3109 4580 4910
0 1089 3026 3289 4650 4705 5515
0 1090 3250
0 1091 3276 3496 4396 5103 5192
0 1092 2955 2988
0 1093 3827 4184
0 1094 3569 4762
0 1095 2870
0 1096 3638 3731 3856
0 1097 3978 4992
0 1098 2830 3798 4428 5086 5364
0 1099 3360 3413 3831 4345
0 1100 2934 5100 5512
0 1101 3412 3538 3614 5290
0 1102 2921 4171
0 1103 3047 3192 3871
0 1104 5219
0 1105 4360
0 1106 3341 3785 4444
0 1107 2807
0 1108 3199 3464 3532 4041 4570
0 1109 2826 3170 3930
0 1110 2928 3509 4393 4976 5074
0 1111 3449 5279
0 1112 3899 4296
0 1113 5417
0 1114 3424 3591 3745 3890 4011
0 1115 3295 4763 5467
0 1116 2880 3316 3336 3901
0 1117 3158 4776 5257
0 1118 2839 3202 3485 3957 4592 4746 5380
0 1119 4542 4576 4800
0 1120 3051 3064 3166 3864 5452
0 1121 4137 4550
0 1122 3168 3648 4797 4798 5027
0 1123 4780 4858 5207 5544
0 1124 3104 5092
0 1125 3812 3958 4827 4962
0 1126 3165 3531 5200
0 1127 3040 4466 4646 5100
0 1128 4030 5143
0 1129 3364 3841 4383 5296 5406
0 1130 4592 4865 5476
0 1131 2991 4051 4467 4494 5559
0 1132 2951 3486 3488 3942
0 1133 2925 3102 3241 3450 3775 3787 3954 4927
0 1134 2958 3325 3867 4338
0 1135 3096 4949 5101
0 1136 4592 4974
0 1137 3644 4298 4919 5280
0 1138 3279 3556 3693 4073 4238 4261 4333
0 1139 3468 3646 3739 4197 4454 4637
0 1140 3497 4837 5516
0 1141 3303 4302 4858 5368
0 1142 3206 4813 4998 5180
0 1143 3402
0 1144 4636 5208 5583
0 1145 4359 5090
0 1146 3163 3895 4090 5109 5129
0 1147 3245 4412 4500
0 1148 4174 5098 5591
0 1149 4421 4494 4931
0 1150 5172 5309
0 1151 4625 5011
0 1152 3316
0 1153 3706 4451 5571
0 1154 3842 4312 4523 4755 5439
0 1155 3967 4343 4584 4783 5002 5302 5510
0 1156 4422 4936 5350 5427
0 1157 4667 5535
0 1158 3941
0 1159 3679 5001
0 1160 3365 3685 3789 3931 4116 4302 5408
0 1161 4448 4725 4819 5283 5548
0 1162 4508 4704
0 1163 2916 3386 4217
0 1164 3797 4092 4341 5175
0 1165 3307 4513 4783 5222 5357
0 1166 2860 4152 4957 5014
0 1167 4004 4209 5014
0 1168 3746 4024 4293 5283
0 1169 3297 3543 4498
0 1170 2953 4066 5368 5559
0 1171 3298
0 1172 4101 4551 5437
0 1173 4276 5135
0 1174 5242
0 1175 4686
0 1176 3007 3103 3116 3609 4577 4602 4685 5158 5588
0 1177 3260 3549 3893
0 1178 4432 4561 4577
0 1179 3812 4216
0 1180 3729 4137
0 1181 3231 3291 3781 4929
0 1182 5090 5096
0 1183 3614 4537 5183 5375
0 1184 3434 3725 4184 4756
0 1185 3032 3062 3486 3649
0 1186 2973 3199 5512
0 1187 4254 4752
0 1188 3953 5222
0 1189 5215
0 1190 3320 4479 5079
0 1191 2865 3241 3249 3372 4174 5129 5298
0 1192 2820 4635
0 1193 3482 3690 3745 4783 4811
0 1194 3797 4068 4539
0 1195 3136 4413 4417
0 1196 5028 5413
0 1197 3375
0 1198 3080
0 1199 3249 3263 4051 4079 4854
0 1200 2812 2892 2975 3279 4063
0 1201 3718 3880 4079 5429 5472
0 1202 4702
0 1203 3546 4700
0 1204 2994 3088 3999
0 1205 2983 3094
0 1206 3322 3621 4462
0 1207 3419 3756 3969 4069
0 1208 3497 3591 3730 4545 4687 4740 5466
0 1209 5518
0 1210 3501 4032 4212 5012 5089
0 1211 3299 4730 4799 5522
0 1212 2885 3134 3279 3662 4268 4316 4520
0 1213 5519
0 1214 4041
0 1215 3380 3874 4030 4308 4518
0 1216 3711 5074 5289
0 1217 4989 5406
0 1218 2949 5464
0 1219 3243 3576 5583
0 1220 2941 3402 3452 3953 4978 5139
0 1221 3339 3620 3818 3949 4029 4272 4733
0 1222 2871 3632
0 1223 4072 4169 4279 4506 4574 5185
0 1224 2961 3107 3907 3994 4142 5240 5352
0 1225 3160 3637 3944 4158 5147
0 1226 3793
0 1227 3072
0 1228 3048 3069 3106 4253 4651 5392
0 1229 3379 3883 3911 4494 5204 5302
0 1230 3990 5378
0 1231 3448 4747
0 1232 3015 3076 3235 4701
0 1233 2939 3160 3921 5332 5350
0 1234 4082 5127 5413 5566
0 1235 4583
0 1236 3490 3742 4777 4825 5204
0 1237 2810 3082 4498
0 1238 4281 4838
0 1239 2964 3106 4058 5275 5331
0 1240 2987 3157 3809
0 1241 2866 3362 5032
0 1242 3297 3447 3692 4405 4719 4825 5271
0 1243 3096 3722 4519 4646 4986
0 1244 4293 4467 4851 5191
0 1245 3589
0 1246 3151 4106 5191
0 1247 2921 4377 4780
0 1248 3462 4363 4484
0 1249 4906 5510
0 1250 2985 3213 4218 4237 4893
0 1251 3859 4727 4905 5332
0 1252 3635 3700 3810 4050 4302 4765
0 1253 3724
0 1254 4350 4615 5415
0 1255 4008
0 1256 3948 4350 4462 4498
0 1257 2835 4325 4828 4918 5273 5431
0 1258 3795 4506 5230
0 1259 2855 3173 3635 3967 4412
0 1260 2955 3257 4488
0 1261 3240 3981 4230
0 1262 5031 5444 5490
0 1263 5506
0 1264 3056 5162 5402
0 1265 5385 5473 5522
0 1266 4629 5510
0 1267 2847 3151 4232 4337 5354
0 1268 3739 5504
0 1269 3255 3443 4447 4643 5255
0 1270 3587 3849 3935 5130 5314 5488
0 1271 3803 4743 4858 5277 5357
0 1272 2846 4746 4756 5437
0 1273 3389 3390 4565 5327
0 1274 3207
0 1275 3428 3604 4919
0 1276 4732
0 1277 4219 4916
0 1278 3182 4090 4529 4630 4718 5329
0 1279 3059 3241 4167 4302 5435
0 1280 4027
0 1281 3328 3337 5080
0 1282 3036 3295 3370 4582 5320
0 1283 3774 4915
0 1284 3278 4245 4671
0 1285 3453 3754 4769 4897
0 1286 2811 3169 3225 3964 4062
0 1287 4778 4887
0 1288 4118 5568
0 1289 3300
0 1290 3017
0 1291 4400 4860 5075
0 1292 4692 5103 5528
0 1293 2944 3463 4232 5179 5334
0 1294 3857 4448 4456 5143
0 1295 3470 3678 4822
0 1296 2997 3111 3405 3853 4132 5290 5435
0 1297 3083 3554 5304
0 1298 4549 4556 5304
0 1299 2856 5081 5562
0 1300 2818 3298
0 1301 3790 4709 4836 5448
0 1302 3161 3756 4389 4424 4635 5354
0 1303 3241 3711 4158 4199 4310 4391 4571
0 1304 3403
0 1305 3694 5002
0 1306 3364 4327 4377
0 1307 2873 3350 3437 3494 3873 5132
0 1308 3211 3979 4300 4511 4841
0 1309 2910 3129 4075
0 1310 3194 4434
0 1311 2902 3210 4995 5439
0 1312 4813 5526 5568
0 1313 2910 3274 3640 3807 4200 4491 5145 5307
0 1314 2853 3690 3763 4756 5386
0 1315 3116 3383 4970
0 1316 3848
0 1317 2860 3990 4029 4507 4614
0 1318 3242 3258 3867 4096 5012
0 1319 2946 2948 3349 4076 4776 5058 5256
0 1320 3421 3865 4815 5145
0 1321 4011 5198
0 1322 4716 4906
0 1323 3138 4140 4382 4490
0 1324 4389
0 1325 3190 3783 4235
0 1326 4354 4661 4713
0 1327 3002 4017 4164
0 1328 2862 3208
0 1329 2945 3119 4908 5279
0 1330 5395
0 1331 3045 3113 3886
0 1332 4029 5098
0 1333 5399
0 1334 3487
0 1335 4861
0 1336 2803 3590 3765 3954 4145
0 1337 4741 4770 4909 5498
0 1338 4292 4362
0 1339 3127 4532
0 1340 3265 5507
0 1341 3076 5444
0 1342 3144 3490 3709 4840
0 1343 3347 4282 4766
0 1344 3198 3785 5066
0 1345 2882 3354 4614 5297
0 1346 3722 4178 4544 4591 5384 5570
0 1347 2873 3696 5299 5380
0 1348 3150 3316 3688 3898 4502 4651 4922 5456 5535
0 1349 3660 4467 4498 4788
0 1350 3389 4955 5253
0 1351 2938
0 1352 2921 3026 3189 3461 3850 4045 4654
0 1353 3888 4084 5223 5592
0 1354 3345 4720 5562
0 1355 3406 3629 3707 3857 4055
0 1356 3573 3705 4830
0 1357 4687
0 1358 3499 4046 4636 5103
0 1359 3885
0 1360 4080 4218 4735
0 1361 2815 3306 4140 5017 5403 5589
0 1362 3377 4819 5016 5102
0 1363 3175 3834 4474 5304
0 1364 3791
0 1365 3909 4029
0 1366 5420
0 1367 4525 5566
0 1368 2919 3489 4354
0 1369 3014 3430 5144
0 1370 3243 4424
0 1371 4691 5237
0 1372 3624 5442 5598
0 1373 3237 3591 4283 5253 5447
0 1374 2927 3786 5137
0 1375 4466 4881 5392
0 1376 3692 4532 4587
0 1377 2853
0 1378 3402 3617 3648 3718 4457
0 1379 3448 5035 5201 5365
0 1380 2968 4545 5469 5558 5593
0 1381 2993 5440
0 1382 2828 3663 4340
0 1383 3558 4228
0 1384 4249 5169 5268
0 1385 2881 4239 4699 4975
0 1386 3341 3462 4032 5061
0 1387 2879 3488 3989 4418 4754 5224
0 1388 3551 3922 5173
0 1389 2864
0 1390 3260 3740 4099 4264
0 1391 2921 4602 4850 5325
0 1392 2979 3733 4916 4985 5215 5514
0 1393 3012 3426 3507 4635
0 1394 2887 3763 4715 4865
0 1395 2963 3447 3540 4105 4565 5385
0 1396 3261 3997 4667 5201
0 1397 3199 4579 4946 5237 5512
0 1398 3105 4472 5049
0 1399 2965 3460 4159
0 1400 2814 4041
0 1401 4267 4356 5489
0 1402 2801 2850 2972 4080 4489 5581 5592
0 1403 3587 3643 4092 5375
0 1404 3589 4999 5282
0 1405 4433 4638
0 1406 3916 3990 5081 5090
0 1407 4041 4172 4879 4880 5337
0 1408 3161 3676
0 1409 3867 4048 4126 4360 5415
0 1410 3940 4080 4218
0 1411 3705
0 1412 2970 3042 4382 4424 5049
0 1413 3360 4965 5093
0 1414 2820 3869 4794 4901 5228 5397
0 1415 2863 3924 3926 4304 4535 4790 4928 4957
0 1416 3302 4058 4763
0 1417 4662 4878 5393
0 1418 3070 4244 5104
0 1419 3576 4142 4393 5236
0 1420 3791 4520 4762 5180
0 1421 3149 4416 4458
0 1422 3280 3441 3920 4316 4838 5254
0 1423 3215 3269 3396 3687 3782 4735 5125
0 1424 4710 5525
0 1425 2961 3621 3832 4072
0 1426 3152 3156 3654 4419 4954
0 1427 3115 3674 3958 4109 5078 5468
0 1428 3141 3176 3266 3855 4395 4882 5200 5322
0 1429 2904 3190 3580 4931 5041 5358
0 1430 4181
0 1431 3200 4064 5255 5354 5489
0 1432 2909 4748
0 1433 2959 3830 3990 4018 4585
0 1434 3414 3809 4657 5360
0 1435 3155 4310 4609 4878 5159 5166 5427
0 1436 3323 3435 4103 4619
0 1437 2809 3262 4152 4679 4999 5297
0 1438 4751
0 1439 5426
0 1440 3994 4353 5515
0 1441 2885 3602 4156 4527 4574 5542
0 1442 2883 3123 3680 3835 3913 4229 4248 5295
0 1443 4051 4708 5543
0 1444 3227 3877 4745 4808 5000 5015 5084 5525
0 1445 3658 5038
0 1446 2995 5130
0 1447 3211 3799 4685 5074
0 1448 3908 4518 5366
0 1449 3679 4091 5091
0 1450 5216 5449
0 1451 4870
0 1452 3580 3611 4465 4978
0 1453 4421 5087
0 1454 3029 3030 3659 3832 5138
0 1455 3742 3863 4077 4373 4432
0 1456 3037 4067
0 1457 3281
0 1458 3645 4046 5231
0 1459 3293 3725 4276
0 1460 3001
0 1461 3149 4302 5355
0 1462 3766 4119 5096 5109
0 1463 3890 4151 5073
0 1464 5169 5210 5597
0 1465 3451 5224 5325
0 1466 3017 3022 3181 3409 3506 4059 4633 5061 5156 5532
0 1467 3918 4363 4542 4546 4646 5135 5584
0 1468 5243
0 1469 3141 3165 4660 5534
0 1470 3662 3814 4531 5015
0 1471 3123 4131 4572 5368
0 1472 3460 3995 4365
0 1473 3658 4355 4512 4583 4840
0 1474 3089 4468 4705 4781
0 1475 2914 3184 3264
0 1476 3567 4366 4885 4979 5292 5302
0 1477 2950 3415 4184 4995
0 1478 3185 3414 3989 4525
0 1479 5222
0 1480 3033 3558 3594 3887 5067
0 1481 3209 3807 4036 4745 5416
0 1482 3613 4042 4107 5256
0 1483 3408 3767 4446 4516 5258
0 1484 2972 3172 3640 4355 5333
0 1485 3920 4353 5046
0 1486 3375 4477 4479 4672 4811
0 1487 4168 5090
0 1488 3685 4010 5354
0 1489 4592 4693 5474
0 1490 2994 3372 3396 3400 3872 4824 4969
0 1491 2854 3593 3825 3898 4557 4679
0 1492 3777 4725 5502
0 1493 3689 3875 4118 4121 4385 4483 5178
0 1494 2887 2938 3143 4028 4663 5547
0 1495 4048
0 1496 3525 4636 5397
0 1497 4108 4135 4411
0 1498 3393 4286
0 1499 3245 3802 4893 4953
0 1500 4238
0 1501 4084 4402 4627 5260 5478
0 1502 3751 4479 4514 4687 4725 5099
0 1503 3789 4244 5444
0 1504 2971 5446
0 1505 2977 3049 3464 4118
0 1506 3707 4025 4055 4842 5155 5247
0 1507 3823 3968
0 1508 3827 3914 4715
0 1509 3344 3370 3430 3890 5551
0 1510 2854 3191 4489 4557
0 1511 4475 4961 5163
0 1512 3021 3363 4741 5301
0 1513 3396 3554 3673 3754 5175 5243 5340
0 1514 2947 3305 3848 5065
0 1515 4282 5566
0 1516 3168 4389 4630 4784 4945
0 1517 2932 3393 3499 4549 5166 5323 5386
0 1518 3397 3555 4225 4317 4803 5004 5573
0 1519 2828 3853 3890 5009
0 1520 4011 5477
0 1521 3860 4374
0 1522 3467 3714 4725 5548
0 1523 2889 3865 4974 5202
0 1524 3014 3120 4329 4544 4924 5315
0 1525 4232 4476 4706 5151
0 1526 2823 4070 4328 5268
0 1527 5193 5202
0 1528 4287 4776 5120 5231
0 1529 2935 4159 4958 5145
0 1530 2930 3126 3243 3557 5113 5353
0 1531 2978 3786 5559
0 1532 3196 3524 3923 4300 5542
0 1533 2894
0 1534 4602 4827
0 1535 3309 3377 3439 3981 4988 5432
0 1536 3039 3547 4706 4825 5251 5314 5373
0 1537 3470 3642 3950 4013 4316 4673 4916 5195
0 1538 2987 3051 3980 4793 5343
0 1539 4503
0 1540 3619 4236 5027 5317 5539 5581
0 1541 2809 2886 3929 4676 5237 5290
0 1542 3832 4110 4509 4832 4950
0 1543 3211 3215 3243 3380 4416 5330 5370
0 1544 3415
0 1545 3670 3739 4922 5016
0 1546 4553
0 1547 2855 3694 4163
0 1548 4452 4845 5079 5571
0 1549 3390 4046 5011
0 1550 3966 4426 4480 5513 5561
0 1551 3388 3593 3922 4014 4312 4432 4649 5205
0 1552 3117 3423 4742 5130 5581
0 1553 3566 3604 3620 5062
0 1554 4342 4410
0 1555 3275 4806
0 1556 2990 4757 4833 4886 5042
0 1557 3783 3921 4595 4933
0 1558 4018 4345 4437
0 1559 2978 3493 3838 4045 4312 4835 5167
0 1560 3179 4412 5112
0 1561 3465 4383 4874
0 1562 3119 3304 4671
0 1563 2910 3966 4050 5025
0 1564 2990 3063 3157 3984 5198
0 1565 4750 4834 4967 5315
0 1566 3323 3821 4415 5515
0 1567 3986 5564
0 1568 2899 3792 3972 5384
0 1569 4047 5153 5165
0 1570 3352 3571 5199
0 1571 3871 4418 4561 5040
0 1572 3271 3987 5293 5452
0 1573 5551
0 1574 3490 5006
0 1575 2944 2952 3587 4529
0 1576 4904
0 1577 3705 4939 5045 5438 5489
0 1578 3463
0 1579 2979 3484 3797 4107 4241 4639 4677
0 1580 2974
0 1581 3953 4136 4293 4478
0 1582 3062 3957 5298
0 1583 3362 4111 4741 5102 5441
0 1584 3076 3648 5547
0 1585 3495 3583 4381 4632 5025
0 1586 3683 4556
0 1587 3505 3990 4351
0 1588 2950 3288 3364 3969 4044 4592 4981
0 1589 4194 4847 5470
0 1590 3128 4143
0 1591 3886 3995 4078 5545
0 1592 4516
0 1593 2975 4229
0 1594 4404 4434 5142
0 1595 3783 4866 5010 5299
0 1596 2905 3332 3687 5500
0 1597 2971 3314 3870 5039 5305
0 1598 3657 4647
0 1599 3075 3811 4389 4854
0 1600 4511 4995
0 1601 3736
0 1602 3618 4158 4573
0 1603 2811 3031 3164
0 1604 2990 4074 4432 5421 5516
0 1605 2813 3241 3762 4465 4762 4843 5312 5485
0 1606 3367 3777 4437 4449
0 1607 4360 4921 5119 5156 5460
0 1608 2913 3847 3987 4895
0 1609 3039 3159 3269 3574 3639 5530
0 1610 3266 3616 4052 4319 4643 4911
0 1611 3864 3991 4777
0 1612 4411 5250
0 1613 3423 3425 3599 4620 4771
0 1614 2899 3266 5046
0 1615 2858 3836 4444 5116
0 1616 2893 4849 4960 5060 5186
0 1617 4221 4849 4970 5488
0 1618 5253 5482
0 1619 3330 5159 5560
0 1620 3287
0 1621 3184 3275 3563 5190 5206 5435 5583
0 1622 4728 5167
0 1623 4019 4170 4997
0 1624 4892
0 1625 3262 4988 5074 5144 5322
0 1626 4095 4333 4584
0 1627 3178 3274
0 1628 3458 3634 5033 5233
0 1629 3404 4128 4130 4740
0 1630 3382 3762 5530
0 1631 3530 3535 4230 5405
0 1632 3208 3436 3936 4130 5550
0 1633 3172 4690 5138 5522
0 1634 3209 3460 5020 5190
0 1635 3663
0 1636 3224 4744 5124
0 1637 3858 3959 4903
0 1638 3112 4947
0 1639 3595 4559 4585
0 1640 3129 3374 4583
0 1641 3488 3924 4568 4595
0 1642 3473 3601 3824 4974 5013
0 1643 3203
0 1644 3442 3708 3754 3851 4086 5427
0 1645 4145 4873 5382
0 1646 3835 3842 3980 4412
0 1647 2830 3046 3232 3576
0 1648 3072 4260 4884
0 1649 3839 4424 5188
0 1650 3005 4249 5078 5215
0 1651 3396 4635 4771
0 1652 3612 4055 4358 4791 5349
0 1653 4354 4446 5019 5250
0 1654 3962
0 1655 3421 5417
0 1656 3276 4373 4594 4969 5235
0 1657 3277 4142
0 1658 5146 5444
0 1659 3703 4814
0 1660 3569 3615 4663 4667 4861 5425
0 1661 5008 5412
0 1662 2939 3297 3447 4452 4740 5482
0 1663 2998 5279
0 1664 2945 2963 3071 3780
0 1665 3432 4737 5106
0 1666 3451 4259 4304 4383
0 1667 4218 4463 4849 4878 5041 5448 5459
0 1668 3046 3247 4040 4051
0 1669 3312 3338 4053 4378 4683 5128 5136 5416
0 1670 5189
0 1671 3286 3608 4606 5462 5470
0 1672 3330 3751 4768 4772
0 1673 4092 5343
0 1674 2875 3553 3654 3940 3973 5099
0 1675 3275 3819 3824 5301 5369
0 1676 4589 4718 5334
0 1677 4469 4519 4952 5058
0 1678 3915 4699 4915 5102
0 1679 4636
0 1680 5162 5267 5551
0 1681 4870 5134
0 1682 5476
0 1683 3376 5286 5436
0 1684 3569 3630
0 1685 3136
0 1686 3062 3196 3463 4291 4606 5329
0 1687 3013 3575 3884
0 1688 3083 3506 3570 3893 3947 4440 4540
0 1689 5372
0 1690 2952 3466
0 1691 3095 3813 4015 4770 5152
0 1692 4485 4724 5244
0 1693 4187 4817 5426 5533
0 1694 2945 2988
0 1695 4612 4748 4855 5107 5315 5553
0 1696 3296 4558
0 1697 2889 2929 3406 3521 4095 5247 5569 5583
0 1698 2857 3152 3182 3191 4270
0 1699 3064 3790 3840 5234 5483 5500
0 1700 3778 4783 4963
0 1701 3379 4554
0 1702 3116 4114 4518
0 1703 2978 4103
0 1704 3263 3789 4758 5315
0 1705 2968 3340 4269 4733
0 1706 3028 3835 4384 4749 5250
0 1707 3375 4927 5326 5348
0 1708 3980 4273 5378
0 1709 3719
0 1710 3231 3366 3499 4436
0 1711 3494 5235
0 1712 3540
0 1713 4777 4779 5553
0 1714 3627 3982 3998 4240 4898 4998 5445 5588
0 1715 2995 3364 5590
0 1716 4697
0 1717 3419 3666 4859 4972 5393
0 1718 3102 3254 3285 3552 4896 5536
0 1719 3064 3758 3855 4102 4694 5357
0 1720 3803 3817 4063 4800 4855
0 1721 3075 3769 3963 4413
0 1722 3583 3869 4853 5175
0 1723 3711 4107 4191 4371 5439
0 1724 3948 4497
0 1725 3759
0 1726 3436 3647 4348 4398 4514 4904 5388
0 1727 3075 4050 4737 4929
0 1728 4564 5393
0 1729 3422 3461 3859 4127 4277 4731 4820
0 1730 2836 2967 2989 3109 3306 4858
0 1731 4446 4467
0 1732 2801 3294 4406 4609 4721
0 1733 2911 3078 3750 4469 4679 5137 5193
0 1734 3664 4013 5232
0 1735 3494 3671 4369 4430 4565
0 1736 2880 4395 4563 5140
0 1737 3676 3768
0 1738 3479 3597 4140 4407
0 1739 3283 5595
0 1740 4099 4580 4615 4991 5508
0 1741 2815 3039 3441 3934 4352 5313
0 1742 5057
0 1743 3600 3932 4177 5060
0 1744 3025 4632 5318 5391
0 1745 2947 3826 3992 4671 5161
0 1746 4176 5374
0 1747 3002
0 1748 3647 3820 4134 5006 5238
0 1749 3435 3527 4335 4605 4873
0 1750 3930 4519 4621 4940
0 1751 3229 3845
0 1752 2904 3484 4506
0 1753 3296 3319 3819 4171 4599 4985
0 1754 4029 4200 4233 4565 4763 5167
0 1755 4296 4820
0 1756 3700 4437
0 1757 3421 4277 5108 5237 5306
0 1758 3037 3288 3847 5088 5280
0 1759 5478
0 1760 3023 3910 4723 4827 5477
0 1761 3048 3112 3397 4644 4963
0 1762 3220 3408 4074 4564
0 1763 3036 3512 3541 4040 4756 4906 5218
0 1764 4710
0 1765 3914 4616 5212 5517
0 1766 5008
0 1767 3085 3362 3563 4187
0 1768 3210 3484 3894 4059 4297
0 1769 2914 3568 3922 4133 4518 5143 5174 5483 5564
0 1770 3758 4647
0 1771 5113 5236
0 1772 3896 4829 5092 5169 5585
0 1773 2949 3096 3590 3771 3864 4262 4436 4716 5108
0 1774 3827 3905 4127 4939
0 1775 3094 3171 3465 3818 4392 4834 5107
0 1776 2998 4233 4524 5028 5217
0 1777 3405 3585 4845 5558
0 1778 2889 3108 5017
0 1779 2943 3755 4080 4616 5282
0 1780 3181 3344 3762 5131
0 1781 3509 4789 5215
0 1782 2909 4314 4869
0 1783 3745 4569 4815
0 1784 3391 3783 4523
0 1785 2886
0 1786 3462 3528 3679 4101 5012 5303
0 1787 2919 4371 4752 4936
0 1788 2818 4381
0 1789 3146 3964 5068
0 1790 3814 4615 4859 5120 5213
0 1791 2907 3835 4073
0 1792 3200 5160
0 1793 3578 3736
0 1794 3553 4780 5029 5141 5404
0 1795 3000 3543 3735 4605 4689 4967 5113 5275
0 1796 3127 3249 3920 4805 5377
0 1797 3155 3502 4375 5086
0 1798 2808 3626 4115 4167 4428 5256
0 1799 2803 3195
0 1800 2843 3156 3452 3675 4013 4075
0 1801 2943 3166 3387 4129 4283 4473
0 1802 2960 3163 3218 3976
0 1803 3772 5075 5599
0 1804 4547 5588
0 1805 4396
0 1806 3440 3804 4147 4220 4379 5218
0 1807 3757 4044 4275
0 1808 4002 4422 4578 5007 5464 5590
0 1809 3092 3105
0 1810 4305 4882
0 1811 3298 3930 4911
0 1812 3244 4674
0 1813 3257 4091 5450
0 1814 3847 4349 4614 4836 5540
0 1815 3865 4158 4312
0 1816 2895 3255 3578 4392 5236 5295
0 1817 3374 4679
0 1818 4051 4480
0 1819 3178 3302 4054 4064 5221 5407
0 1820 3002 3403 3955 4021 5016
0 1821 2876 3297
0 1822 3130 3169 4981
0 1823 3390 4294 4903 5038
0 1824 2903 4449 4535 4981 4992
0 1825 3051 5136 5576
0 1826 3628 3664 3943 4002 4416
0 1827 3034 3842 4782
0 1828 3240 3563 4859 4885
0 1829 3445 3615 4047 4720 5199 5595
0 1830 3347 3354 4925
0 1831 4444
0 1832 3815 4386 4712
0 1833 2917 2921 3043 3977 4842 5252 5381 5551
0 1834 2975 3125 3260 3728 4591 5137 5229 5368
0 1835 4082 4842 4927 5340
0 1836 3158 4218 5155
0 1837 4191 4634 4748 5130 5395
0 1838 4351 5079 5343
0 1839 3736
0 1840 4108 4810
0 1841 4110
0 1842 3212 3645 4029 4283 4601 5555
0 1843 3900 3997 4608 5274
0 1844 2956 3259 3888 4676
0 1845 3416 3788 3789
0 1846 3566 3705 5192 5449
0 1847 4980 5014
0 1848 2965 3181 5420
0 1849 2836 2988 3308 3870 4077 4541
0 1850 3440 3614 3783 4709 4984
0 1851 4693 4986 5081 5123
0 1852 3423 3435 4604
0 1853 3446 3495 4073 5511
0 1854 3023 3709 3961 4116 4557
0 1855 3450 5044 5239 5475
0 1856 2983 3173 3642 4195
0 1857 3593 4135 4346
0 1858 2952 3158 3215 3583 4393 5161 5547
0 1859 3348
0 1860 2870 2953 4130 4215 5426
0 1861 3755 4028 4800 4943
0 1862 2853 3423 5583
0 1863 4132 4239
0 1864 3217 4241 4845
0 1865 3086 3677 3916 4243 4675 4860 5015 5268
0 1866 4204 4500
0 1867 2826 3518 4954
0 1868 3533 3963 4124 4207 4354 4742 4973 5081
0 1869 4040 4330 5396 5483
0 1870 3853
0 1871 3574 3895 5252
0 1872 3670 5288
0 1873 3034 3806 4762
0 1874 3494 3872 4369
0 1875 2802 4235 5286 5464
0 1876 2996 3656 5060 5127
0 1877 2916 5049
0 1878 5224
0 1879 2905 3723 4188 4470 4499 5022
0 1880 3307 3616
0 1881 2819 2933 3105 3721 3891 5095
0 1882 3949 4257 4876 5091
0 1883 2828 4875 5097 5413 5536
0 1884 3205 3328 5481
0 1885 2834 3555 4435 4888 5575
0 1886 3882 5055 5263
0 1887 2836 4713 4738 5361
0 1888 2913 2963 3236 4040 4131 4941 5168
0 1889 3021 3389 3901 4470 5181 5275
0 1890 3381 4725 4949
0 1891 3394 3794 4270 5268 5317
0 1892 2898 2952 4281 4431
0 1893 3292 3407 3767 4131 5054 5415
0 1894 2911 3245 3296 4110
0 1895 2984 3754 3779 3982 4422
0 1896 4062
0 1897 4174
0 1898 3431 3817 4575
0 1899 3293 3362 3712 3758 3899 3975 4055 4366 4555
0 1900 3315 3499 4169 4452
0 1901 3347 3582 3880
0 1902 4499 5223
0 1903 3499 3573 5018
0 1904 3703 3918 4306
0 1905 2858 4522
0 1906 3639 5420
0 1907 2814 3223 4276
0 1908 3388 3621 3934
0 1909 4575
0 1910 3594 3621 5429
0 1911 5213
0 1912 3799 4081
0 1913 3871 5023 5170 5482
0 1914 3169 4112 5277
0 1915 2882 3377 4753
0 1916 4224 4740 4881
0 1917 2956 3046 3787 4143 5217
0 1918 3160 3788 4985
0 1919 3742
0 1920 2968 3693 3797 4644
0 1921 3342 4408 4636 4857 5491
0 1922 3534 4756 5360
0 1923 4272 4523
0 1924 4477 5455
0 1925 3439 3849 4102 4587 5179
0 1926 3282 3693 3701 4187 4599
0 1927 3659 3763 3818 5129
0 1928 2898 3626 4636
0 1929 4293 5092 5453
0 1930 3138 3513 4136
0 1931 3862 4114 4475 4968 5181 5593
0 1932 3752 4193
0 1933 3698 3838 4274 4866 5024 5463
0 1934 4008
0 1935 3614
0 1936 4025
0 1937 3464 4856
0 1938 2960 3182 3897 4116 4162 4323
0 1939 3978
0 1940 3292 4720 5452 5595
0 1941 4290 4348 4640 4713 4800 4875 4948
0 1942 3555
0 1943 3315 4732
0 1944 5133 5161
0 1945 3982 4056 5221 5583
0 1946 3226 3611
0 1947 3093 4151
0 1948 4011
0 1949 3875 4034
0 1950 3488 4226 5554
0 1951 2981 3744 4227 4253 4321
0 1952 4670
0 1953 3063 4780 5267
0 1954 3331 4933 4936 4950
0 1955 4662 5550 5561
0 1956 3736 3788 4063 4374 5184
0 1957 3015 3536 4810
0 1958 3266 4235
0 1959 3898 4998 5502
0 1960 2964 4946 5508
0 1961 4267 4341 4775
0 1962 3460 4419
0 1963 5527 5546 5554
0 1964 2968 4420 4598 4661
0 1965 3659 4371
0 1966 3203 3496
0 1967 3479 4458
0 1968 2897 3468 3850
0 1969 3677 3903 4834
0 1970 3578 4397 4700
0 1971 2893 4251 5143 5493
0 1972 3505
0 1973 3207 3237 3382 4003
0 1974 3245 4228 4569 4639 5473
0 1975 2855 3545 3573 4381 4392 4530 5295
0 1976 3031 3438 4108 4149 5083 5434
0 1977 2958 3147 3200 3589 4020 5256
0 1978 2810 2837 4778 4787
0 1979 3194 3527 3965 4112 5314 5433 5449
0 1980 4655
0 1981 2912 4161 4163 4273 4798 5245
0 1982 3667 4034 5313
0 1983 3885 3976 4764
0 1984 3277 3580 4066
0 1985 3224 3906 4054
0 1986 3460 4160 4254 4483
0 1987 4286 4400
0 1988 3042 3488
0 1989 3596 3909
0 1990 3604 3675 4172
0 1991 5524
0 1992 2909 4684 5426 5559
0 1993 3925 4024 4591
0 1994 2927 4856
0 1995 3148 3987 4004
0 1996 3347 4137 4971 5217 5293 5329
0 1997 2953 2964 3497 3565
0 1998 2979 3253 4118 4450 4802 5306
0 1999 3929 4240 4319
0 2000 2831 2915 3082 3434 5335
0 2001 2918 4405 5177
0 2002 3397 4054
0 2003 3392 3689 5080
0 2004 5523
0 2005 3062 3107 3304 3819 5257
0 2006 3072 3497 4172 4261 4496 4889 4988
0 2007 2923 3678 4624 5200
0 2008 4791 4958 5230 5288
0 2009 3045 4778 4892
0 2010 3659 4775 4887 4928 5172 5482 5537
0 2011 2913
0 2012 2800 2881 3876 4039 5276
0 2013 3341 3414
0 2014 3188 3442 4351
0 2015 4030 4082 5528
0 2016 3527 3676 3704 4258 4605 4705
0 2017 2913 5285 5423
0 2018 4428
0 2019 4729
0 2020 2832 4357 5150 5490 5495
0 2021 3139 3936 4545 4776 4988 5595
0 2022 3495 3786 4068 4386 4982
0 2023 4342 4790
0 2024 3414 3418 3651 4328 4431 4666 4973 4981
0 2025 3559 4383 4422
0 2026 4316
0 2027 3667 3826 3939 4116 4474
0 2028 3505 4214 4944 5384
0 2029 4454 5021
0 2030 3370 4074 4215 4270 4876 5309
0 2031 2924 4716 4986 5001
0 2032 3221 3813 5238
0 2033 3378 3536 3890 4252
0 2034 3131 4128 5520
0 2035 3325 4936
0 2036 3046 3274 3980 5439
0 2037 3800 3920 5220
0 2038 3002 3212 3590 3766
0 2039 4566 4746 4884 4948
0 2040 3865
0 2041 3461 3576 4284 5001
0 2042 3578 4527 4616
0 2043 3277 3651 5169
0 2044 3136 4824 5426
0 2045 3308 4063 4562 5168 5219 5243
0 2046 3211 3315 3747 4447 4992 5464
0 2047 2814 4211
0 2048 2865 3395 4199 4353 4597
0 2049 3460 4006 4218 4293
0 2050 3046 3234 4202 5165
0 2051 4781 5168 5421
0 2052 4141 4161 4572 5329 5383
0 2053 2902 3558 4124 4514 4749
0 2054 3242 3670 4332 5115 5166
0 2055 4577
0 2056 3724 4258 4483 5492
0 2057 3002 3040 3601 4622 5569
0 2058 2959 3159 4265 4931 5319
0 2059 3079 3642 3973 4468 4996
0 2060 3947 4136 4171
0 2061 3072 3259 4294 4818 5339
0 2062 3704 4853 5278
0 2063 3842 4739 5467
0 2064 4995
0 2065 2927 3045 3149 3333 4041
0 2066 3143 3285 4480 5297 5320
0 2067 4375 5358
0 2068 2855 3435 4174 4656 4939 5051 5057 5104 5576
0 2069 3751 5275
0 2070 3387 4734
0 2071 3935
0 2072 2884 3101 3160 3856 4647 4996 5565
0 2073 3267 3565 4121 4378 5361
0 2074 3550 3595 3712
0 2075 4468 4749 5390
0 2076 3335
0 2077 3391 4649 4918 5187 5260 5419
0 2078 2822 3166 3494 3642 4006 4224 4347 4761 5335 5459 5509
0 2079 2860 5296 5468
0 2080 3026 3493 3944 4980 5173 5415
0 2081 2978 4893 5070 5323
0 2082 2835 3405 3871 4356 4401 4416 4478 5462
0 2083 3132 3771 4329 5417 5427 5527
0 2084 3311 5517
0 2085 3721 3726 4445 4980
0 2086 3734 4712 5365 5433
0 2087 3191 3666 3951 4394 4647 5091 5352
0 2088 3718 4840 4998 5222
0 2089 4182 4345 5351
0 2090 3619
0 2091 2955 2962 3632 3701 4536 5378
0 2092 3035 5350
0 2093 2860 4349 4677
0 2094 3246 3573 4532 4758 5327
0 2095 2825 3237 4815 4830 5427
0 2096 2983 3872 4685
0 2097 3391 3632 5000 5410
0 2098 2926 3139 4694 4931 5326
0 2099 3006 3390 4585 4792 5201 5313
0 2100 3149 3342 4330 5381
0 2101 3784
0 2102 3280 4268 4995 5121 5184
0 2103 2864 3794 4236 4502 4597 4763 4960
0 2104 3532 4204 4817 5127
0 2105 3488 3511 4117 4125 4471 5507
0 2106 3130 5486
0 2107 3372 3407 5221
0 2108 2859 3543 4117 4382 4603 5407
0 2109 2901
0 2110 3174 4906 5352
0 2111 4087 4115 4424 4940
0 2112 3181 3570 3665 4131 4521 4714
0 2113 3492 4281 4627 5024 5578
0 2114 2926 3047 3624
0 2115 3116 3398 4656
0 2116 3963 4522 4738 5132
0 2117 3553 4788
0 2118 2994 5432
0 2119 3049 3515 3882 4329 4430
0 2120 5362
0 2121 3324 3435 5365
0 2122 3019 3482 3609 3814 4280
0 2123 2831 2881 3097 3400 4164 5139
0 2124 3076 4110 5458 5476
0 2125 3599 3987
0 2126 2814 2818 3129 3783 4352 4858
0 2127 2819 3146 3327 3594 4233 4254 4519 4824 5470
0 2128 4030 4666 4783 4997
0 2129 4118 4300 4420 4436
0 2130 3530 4723 5405
0 2131 2946 3347 4424 4564 5042 5074
0 2132 2807 3804 3916 3931 4008 4812 4935
0 2133 3015 3631 4626
0 2134 2933 3685
0 2135 2844 3276 4796 5076
0 2136 3675 3944 4137 4244 4868 5027
0 2137 3044 5035
0 2138 3567 3979 4477 5495
0 2139 3965 4377 5339
0 2140 3131 4059 4422
0 2141 2836 2952 3936 3966 5482
0 2142 2827 3901 3995 4135
0 2143 2903 3379 3647 4027
0 2144 4539 4963 5583
0 2145 3817 4016 4539 5186
0 2146 3262 4640 5100
0 2147 3391 3441 4980 5216 5257
0 2148 3650 4794
0 2149 2973 3905 4623 4670 5031
0 2150 3487 4560 5015 5267
0 2151 3676 4128 5341
0 2152 4001
0 2153 4559 4693
0 2154 3616 4244 4376
0 2155 4287 4810
0 2156 4289 4522
0 2157 3875 4041 4184 5536
0 2158 4011 4571 5397
0 2159 4338 4573
0 2160 3069 3495 4808 5156 5243
0 2161 2986 3232 4554 4731 5167
0 2162 2903 3046 4011 4436
0 2163 3037 3295 3401 3539 4310 5128 5422
0 2164 3644 4096 4335 5083 5444
0 2165 3104 4057 4645
0 2166 3376 3702 3903 4038 4794 5541
0 2167 2918 3590 5081
0 2168 2810 2963 4175 4910
0 2169 3330 3435
0 2170 4397 4809 5313
0 2171 3071 4760 5178 5443
0 2172 4429 4839 5541
0 2173 4469 4703 4786
0 2174 3443 4034 5106 5402
0 2175 2883 3104 3135 3388
0 2176 3655
0 2177 4042 4412 5277
0 2178 4207 5273
0 2179 3003 3615 3821 4588
0 2180 4269 4434
0 2181 3458 3701 3732 4098 4499 4678
0 2182 3223 4487 4532 4826
0 2183 2937 3512 3712 4570
0 2184 2947 3277 3338 3730
0 2185 3151 5311 5403
0 2186 3800 4429 4551 5122 5366
0 2187 3703 4422 4597 4618 5212
0 2188 4762 5149
0 2189 3448 4008 4479 4678
0 2190 3043 3453 4051 4360
0 2191 2815 4213 4369 4878 5125 5431
0 2192 3122 4053
0 2193 3415 3417 3932 4634
0 2194 3351 4020 4866 5380
0 2195 2889 3721 4106 4472
0 2196 2858 4017
0 2197 2810 4090 4336
0 2198 3472 3545 3747 4079 4481 4969 5447
0 2199 4961
0 2200 4276 4881 5005
0 2201 3099 3934 4424 4624
0 2202 2945 3357 4246 4252 4626
0 2203 3161 4258 5052
0 2204 3307 3422 4354 5561
0 2205 3098 3520 3989 5027
0 2206 4120 4608 4612
0 2207 3445 3572 4942
0 2208 3140 4003 4657
0 2209 3391 3759 4321
0 2210 3626 3824 4512 4699
0 2211 3078 3980 5319 5559 5560
0 2212 3256 4125 4518 5045 5472 5541 5561
0 2213 3937
0 2214 2835
0 2215 2844 4152 4636 5533
0 2216 3507 3516 3593 4162 4457 4623 5534
0 2217 3731 5215
0 2218 3108 3312 3604 4046 4124
0 2219 2834 2999 3170 3988 5342
0 2220 3734 3871 3911 4161 5302
0 2221 3376 4268 5224 5387 5413
0 2222 3282
0 2223 4296 4721 5117
0 2224 4756 4867
0 2225 2890 3710 4363
0 2226 2833
0 2227 3996 4262 5277
0 2228 3083 3752 4483 4489 5130 5142 5292
0 2229 4338 4547
0 2230 4417 5056
0 2231 3568 4582 5076
0 2232 3523 3585 5016
0 2233 3421 4308 4413
0 2234 5247 5538
0 2235 3080 3100 4602
0 2236 2949 3815 4564
0 2237 3574 3693 4057 4063
0 2238 4941 4989
0 2239 4114 5020
0 2240 2807
0 2241 2942 3514 4210 4490 5200
0 2242 3009 3058 3347 4422
0 2243 2924 3773 4831
0 2244 4805 5560
0 2245 3913 4012 4049 4240 4752 5005
0 2246 3515 3887 4480
0 2247 3005 5020 5316
0 2248 2910 4304 5209
0 2249 3623
0 2250 3300 5101 5568
0 2251 3072 3257 3670 3724 4535 5083
0 2252 3246 3313 3656 3693 4318 4567 4962
0 2253 4832 5324
0 2254 3657 3858 4136 5301
0 2255 3248 3419 5095 5150 5589
0 2256 3515 3522 4998 5062
0 2257 2880 3881 4570 5596
0 2258 3007 4896 5203
0 2259 4685 5116 5413
0 2260 3082 3470 4252 4775
0 2261 2846 4057 5143
0 2262 3454 4502
0 2263 3412 3608 3743 4078
0 2264 3125 3641 3917 3977 5378
0 2265 3340 3543 4502 4710 5165 5539
0 2266 2865 3114 3333 5029
0 2267 3103 3347 3871 5164
0 2268 2861 5179
0 2269 3117 5121 5309
0 2270 4642 5259
0 2271 3220 4239
0 2272 3776 3786 4987 5082
0 2273 2852 3701 4154 5455
0 2274 3793 3964 5557
0 2275 3195 3386 4723
0 2276 3287 4907
0 2277 3014 4243
0 2278 3400 3894 4912 5075
0 2279 3166 3553 3974 3999 4181 4681
0 2280 4022 4042 5236
0 2281 3032 5508
0 2282 5376
0 2283 3633 5011
0 2284 3633 4892
0 2285 3322 3712 4069
0 2286 3200 3815 5013
0 2287 3511 3767 3988 4919
0 2288 2811 3260 3867 5117 5200
0 2289 3514 3597 3635 3974
0 2290 3553 3940 4532 5319
0 2291 2859 3065 3097 3861 4708 5290
0 2292 3688 5251 5375
0 2293 3945 3994 4193 4322 5219
0 2294 3892 5085
0 2295 4199
0 2296 2806 3624 5150 5365
0 2297 2819 3700 3721 4712 4804
0 2298 3802 4418 5118 5386 5437 5566
0 2299 2953 3541 4716 5236 5468
0 2300 4302 5328
0 2301 2936 4971
0 2302 2920 3260 4182
0 2303 5024 5057
0 2304 3078 3109 3245 3578 3928 4660 5020
0 2305 3350 4237 4987
0 2306 4140 5417
0 2307 3228 3842 4287 5170 5466
0 2308 2892 3275
0 2309 2897 3125 3127 3507 4191
0 2310 2973 3112 3970
0 2311 3324 3967 4263 4315 4375
0 2312 3026 5063 5174
0 2313 4123 4236 4786
0 2314 4909 4953 5109 5161 5166 5345
0 2315 3654
0 2316 3581
0 2317 3279 4547 4911 5015 5476
0 2318 4203 4402 4471 4489 4701
0 2319 2966 3331 4099 4942 5061 5174 5395
0 2320 3671 5168
0 2321 2840 3156 3167 3338 3957 4267 4548
0 2322 3982 5454
0 2323 4208 4559 4756 4974 5512
0 2324 4185 5087 5497
0 2325 3294 4156 4868 5012 5041
0 2326 3707 3968 5004
0 2327 4011 4014 4343 4995
0 2328 2967 3402 3585 4132 4614 5147
0 2329 3509 3788 4049 4459 4974
0 2330 3556 3927 5564
0 2331 3508 4295
0 2332 4759 5304
0 2333 3055 3647 4627 4818
0 2334 3456 3665 3864 4492 5135
0 2335 3626 4352 4554 4835 4942 5104
0 2336 3012 3090 3466 4097 4271 5073
0 2337 3343 3827 5334
0 2338 5592
0 2339 4101 4524 5150
0 2340 2886 2976 3346 4374 4804 4915 5207
0 2341 3071 3262 3839 4629 5096
0 2342 3525 4496 5452
0 2343 4920
0 2344 3011 3664 5344 5405 5473
0 2345 3561
0 2346 3089 3218 3402 3604 4495
0 2347 3081 3142 4391 4398
0 2348 3188
0 2349 3052 3649 3937 5334
0 2350 2843 3368 3490 4088
0 2351 3153 3421 3497 3505 3702 3797 4138 4243 5418
0 2352 4169 4506
0 2353 3020 3348 3636 5309
0 2354 3934 3967 5130
0 2355 3791 5299
0 2356 4537 4611 4716 5070 5274
0 2357 4133 4592 4861
0 2358 3130 3609 3615 3761 4793 4805 5390
0 2359 3084
0 2360 4596 4691
0 2361 3650 3741 4701
0 2362 2891 3085 5293
0 2363 4214 4295
0 2364 3997
0 2365 3016 3241 3850 4084 4381
0 2366 3414
0 2367 2981 4381 4474 5338 5549
0 2368 2802 3842 5597
0 2369 3220 3332 3604 4493 4670 5549
0 2370 3115 4249 4961 5092 5148
0 2371 3941 4100 4149 4511
0 2372 3106 3181 4389 5065
0 2373 2981 3057 3259 3665 4401 5071
0 2374 2820
0 2375 3078 3193 4972 5301
0 2376 3260 3331 3421 4910 5113 5415
0 2377 2997
0 2378 3104 3567 3889 3978 5465
0 2379 3731 3770
0 2380 4008 5554 5594
0 2381 2894 3152 3191 5495
0 2382 4359 4410 4471 4653 4680 5041 5233 5466
0 2383 4637 5566
0 2384 3342 3683 3749 3819 4064 4770 4844
0 2385 5271
0 2386 2945
0 2387 2931 3054 3335
0 2388 4816 5197
0 2389 3284 4118 4250 4884
0 2390 3767 3799 4345
0 2391 2970 3193 4549
0 2392 3046 3789 4262 4305 4534 5322
0 2393 2999 3348 3461 3639 3807 3922 4183
0 2394 3278 3907 4011 4190 4491 4603 4783 4932
0 2395 2875 2955 3951 4666 4946
0 2396 3293 3368 3799 4804 5344
0 2397 3816 3820
0 2398 4002 4848 5463 5586
0 2399 3166 3503 5204 5255 5439 5477
0 2400 3829 4917 4990 5503
0 2401 3120 3197 4019 4747 5039
0 2402 3144 3260 3902 4721 5515
0 2403 3141 4267 4925
0 2404 2820 4104 4356 4780 4899
0 2405 5117
0 2406 3029 4188 4767 4797
0 2407 3767 4546 4713
0 2408 3201 3358 3933 4257
0 2409 4643 5034 5162 5216
0 2410 3680 5097
0 2411 5211
0 2412 2972 3623 3775 4568 4721
0 2413 4248 4272 4640 4985 5440
0 2414 3464 4365 4972 5248
0 2415 3246 3561 4744 5058
0 2416 2941 2963 3888 4258 4639 4957 5172
0 2417 4086
0 2418 2966 3720 4465
0 2419 5342
0 2420 3970 5278 5544
0 2421 3607 4242 4389 4849
0 2422 2855 2929 3852 4943
0 2423 3021 4049 4971 5090
0 2424 2831 2896 3221 3321 3399 3593 3792 4803 5504
0 2425 3512 4696 4874
0 2426 3027 3379 3522 3843 4566 5098
0 2427 3215 3755
0 2428 3790 4584 5177
0 2429 3052 3379 3946 5373
0 2430 3850 5412
0 2431 4437 5205 5377
0 2432 2994 3529 4891 5269 5288
0 2433 3004 3423 4512
0 2434 2952 4156 4861 4918 4994 5259
0 2435 4279 4548 4790 4962
0 2436 3259 3947 5032 5560
0 2437 3209 3581 4109 4446 4490 5528
0 2438 2844 3540 4005
0 2439 2954 5101
0 2440 5280
0 2441 3104 4229 4264
0 2442 3175 3487 4276
0 2443 3106
0 2444 3781 4490 5236
0 2445 3700 4228 4794 5293
0 2446 3845 3970 5132 5167
0 2447 2922 4963 5490
0 2448 2816 3236 4294 4323
0 2449 2885 3119 3329 3798 3887
0 2450 3920 3942 5390
0 2451 2801 4371 4525 4972
0 2452 3018 3107
0 2453 3166 4312 4698
0 2454 4065 4317 4371 4929 5293 5503
0 2455 2948 3027 3766 3827
0 2456 2957 2971 4164 4652 4743
0 2457 3450 4189 5002 5475
0 2458 3710 4434
0 2459 3496 4257 4533 4844
0 2460 4003 4065
0 2461 3234 3818 4128 4965 5156 5556
0 2462 4723
0 2463 3308 4006 4236 4735
0 2464 3122 4464 4512 5072 5353
0 2465 3421 4293 4438 4644
0 2466 2949 5167
0 2467 3284 3356 3370 3772 3990 4962
0 2468 3095 3122 3592 3744 4226 4292
0 2469 3825 4159 4269 4912
0 2470 5065
0 2471 3844 4144 4206 4758 5000
0 2472 3762
0 2473 3886 4475 4698 5268
0 2474 3528 3702
0 2475 4675
0 2476 4148 4547
0 2477 3138 3313 3547 5561
0 2478 2924 2939 3594
0 2479 4631
0 2480 4384 4597
0 2481 2867 3151 3224 4273 4432
0 2482 3635 3900 5500 5587
0 2483 4767
0 2484 4323
0 2485 4146 4174
0 2486 3991 4697
0 2487 3278 3483 4443
0 2488 3968 4111 4803 5464
0 2489 3916 4049
0 2490 3411 4582 4967
0 2491 3376 3525
0 2492 2979 4300 4314 5095 5459
0 2493 3193 3623 3944 4891
0 2494 3763 4641
0 2495 4262
0 2496 3034 3071 3807 4271
0 2497 3568 4624 4916
0 2498 4610 5042
0 2499 2934
0 2500 3234 4964 5001 5038
0 2501 3001 3319 3403 4593 4983 5092
0 2502 3011
0 2503 3288 3977 4483 4866 5008 5311
0 2504 3394 4056 4234
0 2505 3127 3788 4059 4812
0 2506 3252 4265
0 2507 3450 3628 3878 4110 5539 5564
0 2508 2832 3977 4979
0 2509 3379
0 2510 3000 3379 3730 3737 3795 4543 4582 5505
0 2511 2890 4259
0 2512 2839 3623 4976 5129
0 2513 4021 4181 4597 4635
0 2514 2910 4583
0 2515 4195 5339 5346
0 2516 3232
0 2517 3774 5086
0 2518 3839 3929 4334 4900 5105 5201
0 2519 3188 4958
0 2520 3374 4496 5415
0 2521 2854 3024
0 2522 3489 3614 5347
0 2523 3449 3815 3881 4722 5515 5596
0 2524 3163 3230 4348 4382 5562
0 2525 2804 3511 4724 5281 5443
0 2526 2900 4810 4951
0 2527 3895 4283 4988
0 2528 3252 4458
0 2529 5568
0 2530 2968 3494 5087
0 2531 2888 3077 3117 3691 4157
0 2532 3670 4446 5293
0 2533 3418 4117 4352 5512
0 2534 5127
0 2535 3624 3695 3910 4433 4790 5051 5599
0 2536 3888 5042
0 2537 3111 4324 5532
0 2538 4116 4983
0 2539 3389 4434 5084
0 2540 3619 3631 4744 4920
0 2541 2967 3679 4024 4102
0 2542 2902 2954 3935
0 2543 2923 3037 3061 4433 4963 5187
0 2544 4365
0 2545 3763 4096
0 2546 2875 3821
0 2547 3246 3723 5401
0 2548 2812 2992 3328 4382 4462 4722 5363
0 2549 3010 3080 3298 3919 4036 4101 5583
0 2550 4185 5356 5559 5580
0 2551 3332 3632
0 2552 3422 3480 3737 4570 5515
0 2553 2953 3102 4507 5023
0 2554 4142
0 2555 5593
0 2556 3468 5106
0 2557 4147 5269 5498
0 2558 4285 4291
0 2559 2928 3120 3201 3226 3279 3392 3878 3923 4401 4503 5462
0 2560 3718 3765 5179 5338
0 2561 3579 3622 4135 5375
0 2562 3402 3446 3843 4633 4736 5088
0 2563 3210 3234
0 2564 4109
0 2565 3313 3525
0 2566 4223 4450
0 2567 2966 3047 3799 3982 4092 4819
0 2568 3176 3401 3724 4454 4880
0 2569 3152 3754 3977 4143 4260 4544 5191
0 2570 4150 4390 4431 4480 4889 5440
0 2571 3887 3962 4033 4602 4779 5347
0 2572 3067 3366 4350 4609 5309
0 2573 4030 4565 4919 4954
0 2574 3432 3983 4763 5549 5559 5565
0 2575 3114 3358 4478 4553 4678
0 2576 4148 4194 4919
0 2577 2810 3521 3605 3726 5243 5500
0 2578 3431 3532 3536 3754 4058 5493
0 2579 5598
0 2580 2861 3339 3960 4919 5295 5365
0 2581 3641 5102
0 2582 3051 4385
0 2583 2996 4534 5069
0 2584 3014
0 2585 4264 5274 5324
0 2586 3359 4479 4745
0 2587 3486 4428 5446
0 2588 3546 5188
0 2589 3146 3861
0 2590 5515
0 2591 2872 3033 3783 3879 3891 4603 5261
0 2592 3099 4767 5539
0 2593 3593 4260 4322 4725 5075 5438
0 2594 4780
0 2595 3129 4592 5226 5278
0 2596 2800 5330
0 2597 3216 3403 3885 4710
0 2598 3307 3321 3753 4321 4626
0 2599 2830 2906 3977 5275
0 2600 4744
0 2601 3874 3891 3978 4399
0 2602 3810 4245 5060 5488
0 2603 3513 3855 4997 5563
0 2604 3835 4778 5466
0 2605 2942 4011 4526 4896
0 2606 3702 3875 4349 4470 5107 5488 5539
0 2607 2921 2939 3057 4409 4684 5049
0 2608 4912 5268
0 2609 3278 4225 4809 5121 5467 5529
0 2610 4132 4166 4624
0 2611 2887 3222
0 2612 3723 4094 4687 5285
0 2613 4207 4798
0 2614 5542
0 2615 2934 4006 4812 5384 5506
0 2616 3268 4512 5177 5582
0 2617 3949 4139 4261 4791 5278
0 2618 3158
0 2619 3064 4454 5101
0 2620 4762 5543
0 2621 2953 3411 3775 4201 4395
0 2622 5106 5235 5356
0 2623 3048 3370
0 2624 2814 4082 4217 4792 4889 5369 5396 5480
0 2625 3404 3940 4997 5401 5550 5593
0 2626 2868 3819 4060 4552
0 2627 3054 5353
0 2628 3180 4663
0 2629 3599 4539 5275
0 2630 4177 4725 4798 4996 5396
0 2631 3123 3160 4481 4699
0 2632 3467 4219 5311 5484
0 2633 4045 4455 4904 5084
0 2634 3343 3976
0 2635 3128 3332 5366
0 2636 3940 3952 4063 4113 4405 4578 5526
0 2637 2834 4222 4229 5454
0 2638 2989 3267
0 2639 4190 4254 5074 5309
0 2640 2984
0 2641 3791 4219 4599 5485
0 2642 2834 3057 3125 3508 3647 4445 4527 5573
0 2643 2848 3395 4890
0 2644 4396 4454 5495 5588
0 2645 3131 3275 5240 5457
0 2646 3565 3933 4847
0 2647 3077 3941 5459
0 2648 3564 3650 3788
0 2649 4826 5065
0 2650 2863 3071 3291 4683 5269
0 2651 3303 3305 4043 4509 5224 5566
0 2652 3018 3120 3145 3517 3856 4886 5297 5387
0 2653 3294 5450
0 2654 3812 4709 5070 5399
0 2655 3075 3703
0 2656 3771 4146
0 2657 3031 3166 3394 4923
0 2658 2887 2894 3318 3476 3609 4342 4504
0 2659 2899 2973 3762
0 2660 3312 3525
0 2661 3277 4025 4902 5330 5492
0 2662 3857 4444 4474 4954 5515
0 2663 3558 3818 3989 4352 4864
0 2664 4369 4521
0 2665 4429
0 2666 3534 3884 4398 4764 5166 5503
0 2667 3105 3547 4567
0 2668 3283 3363 3393 3693 5125
0 2669 4476 4485 4494 4835
0 2670 5260
0 2671 3203 5154
0 2672 3374 4020 4597 5266
0 2673 2870 3007 4275 4755
0 2674 3491 3584 4538
0 2675 2843 3607 3943 4458 5287
0 2676 3730 4605
0 2677 2990 4653 5025 5328 5393 5414
0 2678 3154 3390 3706 4136 4516
0 2679 3918
0 2680 2983 3121 3269 4788 5097
0 2681 3255 4492 4519
0 2682 3925 5571
0 2683 2847 2976 3187 4577
0 2684 3780 4607 4706
0 2685 3622 5004 5034
0 2686 4408
0 2687 2817 3895 4587 5452
0 2688 4000 4833 5014
0 2689 4523 4565 4750 4851 5392
0 2690 3515
0 2691 4109 4165 4455 4644 5083
0 2692 3043 4689
0 2693 5339
0 2694 3549 4137 4222 4721
0 2695 2953 3698 4635 4693 5117 5387
0 2696 4733
0 2697 3656 3928 4190
0 2698 2853 2873 4052 4710 4907 4932 5594
0 2699 3760 4492
0 2700 3491
0 2701 3043 5534
0 2702 5233 5519
0 2703 3051 3763 5324
0 2704 5562
0 2705 3137 3433 3548 4652
0 2706 3094 3784 3970 4704
0 2707 4481 4690 4735 4740 5170
0 2708 2921
0 2709 2844
0 2710 3632 3933 3965 5115 5326 5338 5383
0 2711 3606 4003
0 2712 4145 4663
0 2713 3235 3630 3695 4927
0 2714 3429 3694
0 2715 3143 3324 3635 3858
0 2716 2994 3452 3795 4597
0 2717 4025 4820
0 2718 3153 3342
0 2719 3085 3595 3694
0 2720 4968 4983 5592
0 2721 3082 4578 5291 5376
0 2722 3225 3264 3540 3717 4197 5392
0 2723 3006 5329
0 2724 4496 5446
0 2725 3088 3245 3272 5203
0 2726 2909 2992 3243
0 2727 2973 3666 4323 4465
0 2728 3916 4194 4890 4920 5438
0 2729 3343 4690
0 2730 3601 4348 4406 5033
0 2731 3397 3950 5309
0 2732 3177 4241
0 2733 5241 5450
0 2734 3051 3938
0 2735 3237 4544 4899
0 2736 3562 4096 5558
0 2737 3019 4072
0 2738 2975 3178 4098 4209 4523 5254
0 2739 3250 4574 4945 4961 5313
0 2740 2863 3154 3893 4003 4156 4837 5268 5322
0 2741 4278 4582
0 2742 3057
0 2743 4339
0 2744 4445 5464
0 2745 3349 3486 3530 4181 5594
0 2746 3014 3101 3335 3464 4615
0 2747 3128 3891 4046 4183 4651 5169
0 2748 3360 3536 4493 4639 4855 5100 5312
0 2749 3191 3885 4033 5399
0 2750 3688 3761 4264 4728
0 2751 5070
0 2752 3374 3375 4146 5563
0 2753 2941 3171 3463 4227 4729 5052
0 2754 3739
0 2755 4857 5243 5289
0 2756 3809
0 2757 2917 3704 4027 4633
0 2758 3600 4260 4945
0 2759 2992 3026 3772 4264 5268
0 2760 3202 3242 4411
0 2761 3402 3735 4068 4897 5019
0 2762 3190
0 2763 3432 3449 3730 4623
0 2764 3136 3232 4753
0 2765 5003 5463
0 2766 2874 4304 5391
0 2767 5202
0 2768 2879 3981 4499 4921 5256 5280
0 2769 3925 5120 5271
0 2770 4721 4927 5035
0 2771 5065
0 2772 2984 3150 3793 4487
0 2773 3143 3619 4328 5219
0 2774 4486 4895
0 2775 3329 4513 4657 5285
0 2776 3107 3365 3617 4117 4601 5127 5381
0 2777 3339 4021 4322 4896 5135 5363
0 2778 3488 4729
0 2779 2852 3464 3477 4403 4587 4674
0 2780 3477 4810 4904
0 2781 5154
0 2782 3350 4125 4238 5035
0 2783 3082 3548 4816 5131 5454 5565
0 2784 3989 4292
0 2785 3067 3854 3876 4948 4958 5060
0 2786 3850
0 2787 3552 3748 4098 4440 4854 5393
0 2788 5191 5272
0 2789 3606 3770 4562
0 2790 3261 4442
0 2791 3670 3940 4062 4629 4635 4715 5501 5515
0 2792 3235 5205 5561
0 2793 4884
0 2794 3430 3509 3527 4744 4821 5315 5371
0 2795 3832 4252 5059 5345
0 2796 3013
0 2797 3254 3881 4022 4483 4832
0 2798 3308 4636 4955 5000 5444 5584
0 2799 5056
1 0
1 1
1 2
1 3
1 4
0 2805
0 2806
0 2807
0 2808
0 2809
0 2810
0 2811
0 2812
0 2813
0 2814
0 2815
0 2816
0 2817
0 2818
0 2819
0 2820
0 2821
0 2822
0 2823
0 2824
0 2825
0 2826
0 2827
0 2828
0 2829
0 2830
0 2831
0 2832
0 2833
0 2834
0 2835
0 2836
0 2837
0 2838
0 2839
0 2840
0 2841
0 2842
0 2843
0 2844
0 2845
0 2846
0 2847
0 2848
0 2849
0 2850
0 2851
0 2852
0 2853
0 2854
0 2855
0 2856
0 2857
0 2858
0 2859
0 2860
0 2861
0 2862
0 2863
0 2864
0 2865
0 2866
0 2867
0 2868
0 2869
0 2870
0 2871
0 2872
0 2873
0 2874
0 2875
0 2876
0 2877
0 2878
0 2879
0 2880
0 2881
0 2882
0 2883
0 2884
0 2885
0 2886
0 2887
0 2888
0 2889
0 2890
0 2891
0 2892
0 2893
0 2894
0 2895
0 2896
0 2897
0 2898
0 2899
0 2900
0 2901
0 2902
0 2903
0 2904
0 2905
0 2906
0 2907
0 2908
0 2909
0 2910
0 2911
0 2912
0 2913
0 2914
0 2915
0 2916
0 2917
0 2918
0 2919
0 2920
0 2921
0 2922
0 2923
0 2924
0 2925
0 2926
0 2927
0 2928
0 2929
0 2930
0 2931
0 2932
0 2933
0 2934
0 2935
0 2936
0 2937
0 2938
0 2939
0 2940
0 2941
0 2942
0 2943
0 2944
0 2945
0 2946
0 2947
0 2948
0 2949
0 2950
0 2951
0 2952
0 2953
0 2954
0 2955
0 2956
0 2957
0 2958
0 2959
0 2960
0 2961
0 2962
0 2963
0 2964
0 2965
0 2966
0 2967
0 2968
0 2969
0 2970
0 2971
0 2972
0 2973
0 2974
0 2975
0 2976
0 2977
0 2978
0 2979
0 2980
0 2981
0 2982
0 2983
0 2984
0 2985
0 2986
0 2987
0 2988
0 2989
0 2990
0 2991
0 2992
0 2993
0 2994
0 2995
0 2996
0 2997
0 2998
0 2999
0 3000
0 3001
0 3002
0 3003
0 3004
0 3005
0 3006
0 3007
0 3008
0 3009
0 3010
0 3011
0 3012
0 3013
0 3014
0 3015
0 3016
0 3017
0 3018
0 3019
0 3020
0 3021
0 3022
0 3023
0 3024
0 3025
0 3026
0 3027
0 3028
0 3029
0 3030
0 3031
0 3032
0 3033
0 3034
0 3035
0 3036
0 3037
0 3038
0 3039
0 3040
0 3041
0 3042
0 3043
0 3044
0 3045
0 3046
0 3047
0 3048
0 3049
0 3050
0 3051
0 3052
0 3053
0 3054
0 3055
0 3056
0 3057
0 3058
0 3059
0 3060
0 3061
0 3062
0 3063
0 3064
0 3065
0 3066
0 3067
0 3068
0 3069
0 3070
0 3071
0 3072
0 3073
0 3074
0 3075
0 3076
0 3077
0 3078
0 3079
0 3080
0 3081
0 3082
0 3083
0 3084
0 3085
0 3086
0 3087
0 3088
0 3089
0 3090
0 3091
0 3092
0 3093
0 3094
0 3095
0 3096
0 3097
0 3098
0 3099
0 3100
0 3101
0 3102
0 3103
0 3104
0 3105
0 3106
0 3107
0 3108
0 3109
0 3110
0 3111
0 3112
0 3113
0 3114
0 3115
0 3116
0 3117
0 3118
0 3119
0 3120
0 3121
0 3122
0 3123
0 3124
0 3125
0 3126
0 3127
0 3128
0 3129
0 3130
0 3131
0 3132
0 3133
0 3134
0 3135
0 3136
0 3137
0 3138
0 3139
0 3140
0 3141
0 3142
0 3143
0 3144
0 3145
0 3146
0 3147
0 3148
0 3149
0 3150
0 3151
0 3152
0 3153
0 3154
0 3155
0 3156
0 3157
0 3158
0 3159
0 3160
0 3161
0 3162
0 3163
0 3164
0 3165
0 3166
0 3167
0 3168
0 3169
0 3170
0 3171
0 3172
0 3173
0 3174
0 3175
0 3176
0 3177
0 3178
0 3179
0 3180
0 3181
0 3182
0 3183
0 3184
0 3185
0 3186
0 3187
0 3188
0 3189
0 3190
0 3191
0 3192
0 3193
0 3194
0 3195
0 3196
0 3197
0 3198
0 3199
0 3200
0 3201
0 3202
0 3203
0 3204
0 3205
0 3206
0 3207
0 3208
0 3209
0 3210
0 3211
0 3212
0 3213
0 3214
0 3215
0 3216
0 3217
0 3218
0 3219
0 3220
0 3221
0 3222
0 3223
0 3224
0 3225
0 3226
0 3227
0 3228
0 3229
0 3230
0 3231
0 3232
0 3233
0 3234
0 3235
0 3236
0 3237
0 3238
0 3239
0 3240
0 3241
0 3242
0 3243
0 3244
0 3245
0 3246
0 3247
0 3248
0 3249
0 3250
0 3251
0 3252
0 3253
0 3254
0 3255
0 3256
0 3257
0 3258
0 3259
0 3260
0 3261
0 3262
0 3263
0 3264
0 3265
0 3266
0 3267
0 3268
0 3269
0 3270
0 3271
0 3272
0 3273
0 3274
0 3275
0 3276
0 3277
0 3278
0 3279
0 3280
0 3281
0 3282
0 3283
0 3284
0 3285
0 3286
0 3287
0 3288
0 3289
0 3290
0 3291
0 3292
0 3293
0 3294
0 3295
0 3296
0 3297
0 3298
0 3299
0 3300
0 3301
0 3302
0 3303
0 3304
0 3305
0 3306
0 3307
0 3308
0 3309
0 3310
0 3311
0 3312
0 3313
0 3314
0 3315
0 3316
0 3317
0 3318
0 3319
0 3320
0 3321
0 3322
0 3323
0 3324
0 3325
0 3326
0 3327
0 3328
0 3329
0 3330
0 3331
0 3332
0 3333
0 3334
0 3335
0 3336
0 3337
0 3338
0 3339
0 3340
0 3341
0 3342
0 3343
0 3344
0 3345
0 3346
0 3347
0 3348
0 3349
0 3350
0 3351
0 3352
0 3353
0 3354
0 3355
0 3356
0 3357
0 3358
0 3359
0 3360
0 3361
0 3362
0 3363
0 3364
0 3365
0 3366
0 3367
0 3368
0 3369
0 3370
0 3371
0 3372
0 3373
0 3374
0 3375
0 3376
0 3377
0 3378
0 3379
0 3380
0 3381
0 3382
0 3383
0 3384
0 3385
0 3386
0 3387
0 3388
0 3389
0 3390
0 3391
0 3392
0 3393
0 3394
0 3395
0 3396
0 3397
0 3398
0 3399
0 3400
0 3401
0 3402
0 3403
0 3404
0 3405
0 3406
0 3407
0 3408
0 3409
0 3410
0 3411
0 3412
0 3413
0 3414
0 3415
0 3416
0 3417
0 3418
0 3419
0 3420
0 3421
0 3422
0 3423
0 3424
0 3425
0 3426
0 3427
0 3428
0 3429
0 3430
0 3431
0 3432
0 3433
0 3434
0 3435
0 3436
0 3437
0 3438
0 3439
0 3440
0 3441
0 3442
0 3443
0 3444
0 3445
0 3446
0 3447
0 3448
0 3449
0 3450
0 3451
0 3452
0 3453
0 3454
0 3455
0 3456
0 3457
0 3458
0 3459
0 3460
0 3461
0 3462
0 3463
0 3464
0 3465
0 3466
0 3467
0 3468
0 3469
0 3470
0 3471
0 3472
0 3473
0 3474
0 3475
0 3476
0 3477
0 3478
0 3479
0 3480
0 3481
0 3482
0 3483
0 3484
0 3485
0 3486
0 3487
0 3488
0 3489
0 3490
0 3491
0 3492
0 3493
0 3494
0 3495
0 3496
0 3497
0 3498
0 3499
0 3500
0 3501
0 3502
0 3503
0 3504
0 3505
0 3506
0 3507
0 3508
0 3509
0 3510
0 3511
0 3512
0 3513
0 3514
0 3515
0 3516
0 3517
0 3518
0 3519
0 3520
0 3521
0 3522
0 3523
0 3524
0 3525
0 3526
0 3527
0 3528
0 3529
0 3530
0 3531
0 3532
0 3533
0 3534
0 3535
0 3536
0 3537
0 3538
0 3539
0 3540
0 3541
0 3542
0 3543
0 3544
0 3545
0 3546
0 3547
0 3548
0 3549
0 3550
0 3551
0 3552
0 3553
0 3554
0 3555
0 3556
0 3557
0 3558
0 3559
0 3560
0 3561
0 3562
0 3563
0 3564
0 3565
0 3566
0 3567
0 3568
0 3569
0 3570
0 3571
0 3572
0 3573
0 3574
0 3575
0 3576
0 3577
0 3578
0 3579
0 3580
0 3581
0 3582
0 3583
0 3584
0 3585
0 3586
0 3587
0 3588
0 3589
0 3590
0 3591
0 3592
0 3593
0 3594
0 3595
0 3596
0 3597
0 3598
0 3599
0 3600
0 3601
0 3602
0 3603
0 3604
0 3605
0 3606
0 3607
0 3608
0 3609
0 3610
0 3611
0 3612
0 3613
0 3614
0 3615
0 3616
0 3617
0 3618
0 3619
0 3620
0 3621
0 3622
0 3623
0 3624
0 3625
0 3626
0 3627
0 3628
0 3629
0 3630
0 3631
0 3632
0 3633
0 3634
0 3635
0 3636
0 3637
0 3638
0 3639
0 3640
0 3641
0 3642
0 3643
0 3644
0 3645
0 3646
0 3647
0 3648
0 3649
0 3650
0 3651
0 3652
0 3653
0 3654
0 3655
0 3656
0 3657
0 3658
0 3659
0 3660
0 3661
0 3662
0 3663
0 3664
0 3665
0 3666
0 3667
0 3668
0 3669
0 3670
0 3671
0 3672
0 3673
0 3674
0 3675
0 3676
0 3677
0 3678
0 3679
0 3680
0 3681
0 3682
0 3683
0 3684
0 3685
0 3686
0 3687
0 3688
0 3689
0 3690
0 3691
0 3692
0 3693
0 3694
0 3695
0 3696
0 3697
0 3698
0 3699
0 3700
0 3701
0 3702
0 3703
0 3704
0 3705
0 3706
0 3707
0 3708
0 3709
0 3710
0 3711
0 3712
0 3713
0 3714
0 3715
0 3716
0 3717
0 3718
0 3719
0 3720
0 3721
0 3722
0 3723
0 3724
0 3725
0 3726
0 3727
0 3728
0 3729
0 3730
0 3731
0 3732
0 3733
0 3734
0 3735
0 3736
0 3737
0 3738
0 3739
0 3740
0 3741
0 3742
0 3743
0 3744
0 3745
0 3746
0 3747
0 3748
0 3749
0 3750
0 3751
0 3752
0 3753
0 3754
0 3755
0 3756
0 3757
0 3758
0 3759
0 3760
0 3761
0 3762
0 3763
0 3764
0 3765
0 3766
0 3767
0 3768
0 3769
0 3770
0 3771
0 3772
0 3773
0 3774
0 3775
0 3776
0 3777
0 3778
0 3779
0 3780
0 3781
0 3782
0 3783
0 3784
0 3785
0 3786
0 3787
0 3788
0 3789
0 3790
0 3791
0 3792
0 3793
0 3794
0 3795
0 3796
0 3797
0 3798
0 3799
0 3800
0 3801
0 3802
0 3803
0 3804
0 3805
0 3806
0 3807
0 3808
0 3809
0 3810
0 3811
0 3812
0 3813
0 3814
0 3815
0 3816
0 3817
0 3818
0 3819
0 3820
0 3821
0 3822
0 3823
0 3824
0 3825
0 3826
0 3827
0 3828
0 3829
0 3830
0 3831
0 3832
0 3833
0 3834
0 3835
0 3836
0 3837
0 3838
0 3839
0 3840
0 3841
0 3842
0 3843
0 3844
0 3845
0 3846
0 3847
0 3848
0 3849
0 3850
0 3851
0 3852
0 3853
0 3854
0 3855
0 3856
0 3857
0 3858
0 3859
0 3860
0 3861
0 3862
0 3863
0 3864
0 3865
0 3866
0 3867
0 3868
0 3869
0 3870
0 3871
0 3872
0 3873
0 3874
0 3875
0 3876
0 3877
0 3878
0 3879
0 3880
0 3881
0 3882
0 3883
0 3884
0 3885
0 3886
0 3887
0 3888
0 3889
0 3890
0 3891
0 3892
0 3893
0 3894
0 3895
0 3896
0 3897
0 3898
0 3899
0 3900
0 3901
0 3902
0 3903
0 3904
0 3905
0 3906
0 3907
0 3908
0 3909
0 3910
0 3911
0 3912
0 3913
0 3914
0 3915
0 3916
0 3917
0 3918
0 3919
0 3920
0 3921
0 3922
0 3923
0 3924
0 3925
0 3926
0 3927
0 3928
0 3929
0 3930
0 3931
0 3932
0 3933
0 3934
0 3935
0 3936
0 3937
0 3938
0 3939
0 3940
0 3941
0 3942
0 3943
0 3944
0 3945
0 3946
0 3947
0 3948
0 3949
0 3950
0 3951
0 3952
0 3953
0 3954
0 3955
0 3956
0 3957
0 3958
0 3959
0 3960
0 3961
0 3962
0 3963
0 3964
0 3965
0 3966
0 3967
0 3968
0 3969
0 3970
0 3971
0 3972
0 3973
0 3974
0 3975
0 3976
0 3977
0 3978
0 3979
0 3980
0 3981
0 3982
0 3983
0 3984
0 3985
0 3986
0 3987
0 3988
0 3989
0 3990
0 3991
0 3992
0 3993
0 3994
0 3995
0 3996
0 3997
0 3998
0 3999
0 4000
0 4001
0 4002
0 4003
0 4004
0 4005
0 4006
0 4007
0 4008
0 4009
0 4010
0 4011
0 4012
0 4013
0 4014
0 4015
0 4016
0 4017
0 4018
0 4019
0 4020
0 4021
0 4022
0 4023
0 4024
0 4025
0 4026
0 4027
0 4028
0 4029
0 4030
0 4031
0 4032
0 4033
0 4034
0 4035
0 4036
0 4037
0 4038
0 4039
0 4040
0 4041
0 4042
0 4043
0 4044
0 4045
0 4046
0 4047
0 4048
0 4049
0 4050
0 4051
0 4052
0 4053
0 4054
0 4055
0 4056
0 4057
0 4058
0 4059
0 4060
0 4061
0 4062
0 4063
0 4064
0 4065
0 4066
0 4067
0 4068
0 4069
0 4070
0 4071
0 4072
0 4073
0 4074
0 4075
0 4076
0 4077
0 4078
0 4079
0 4080
0 4081
0 4082
0 4083
0 4084
0 4085
0 4086
0 4087
0 4088
0 4089
0 4090
0 4091
0 4092
0 4093
0 4094
0 4095
0 4096
0 4097
0 4098
0 4099
0 4100
0 4101
0 4102
0 4103
0 4104
0 4105
0 4106
0 4107
0 4108
0 4109
0 4110
0 4111
0 4112
0 4113
0 4114
0 4115
0 4116
0 4117
0 4118
0 4119
0 4120
0 4121
0 4122
0 4123
0 4124
0 4125
0 4126
0 4127
0 4128
0 4129
0 4130
0 4131
0 4132
0 4133
0 4134
0 4135
0 4136
0 4137
0 4138
0 4139
0 4140
0 4141
0 4142
0 4143
0 4144
0 4145
0 4146
0 4147
0 4148
0 4149
0 4150
0 4151
0 4152
0 4153
0 4154
0 4155
0 4156
0 4157
0 4158
0 4159
0 4160
0 4161
0 4162
0 4163
0 4164
0 4165
0 4166
0 4167
0 4168
0 4169
0 4170
0 4171
0 4172
0 4173
0 4174
0 4175
0 4176
0 4177
0 4178
0 4179
0 4180
0 4181
0 4182
0 4183
0 4184
0 4185
0 4186
0 4187
0 4188
0 4189
0 4190
0 4191
0 4192
0 4193
0 4194
0 4195
0 4196
0 4197
0 4198
0 4199
0 4200
0 4201
0 4202
0 4203
0 4204
0 4205
0 4206
0 4207
0 4208
0 4209
0 4210
0 4211
0 4212
0 4213
0 4214
0 4215
0 4216
0 4217
0 4218
0 4219
0 4220
0 4221
0 4222
0 4223
0 4224
0 4225
0 4226
0 4227
0 4228
0 4229
0 4230
0 4231
0 4232
0 4233
0 4234
0 4235
0 4236
0 4237
0 4238
0 4239
0 4240
0 4241
0 4242
0 4243
0 4244
0 4245
0 4246
0 4247
0 4248
0 4249
0 4250
0 4251
0 4252
0 4253
0 4254
0 4255
0 4256
0 4257
0 4258
0 4259
0 4260
0 4261
0 4262
0 4263
0 4264
0 4265
0 4266
0 4267
0 4268
0 4269
0 4270
0 4271
0 4272
0 4273
0 4274
0 4275
0 4276
0 4277
0 4278
0 4279
0 4280
0 4281
0 4282
0 4283
0 4284
0 4285
0 4286
0 4287
0 4288
0 4289
0 4290
0 4291
0 4292
0 4293
0 4294
0 4295
0 4296
0 4297
0 4298
0 4299
0 4300
0 4301
0 4302
0 4303
0 4304
0 4305
0 4306
0 4307
0 4308
0 4309
0 4310
0 4311
0 4312
0 4313
0 4314
0 4315
0 4316
0 4317
0 4318
0 4319
0 4320
0 4321
0 4322
0 4323
0 4324
0 4325
0 4326
0 4327
0 4328
0 4329
0 4330
0 4331
0 4332
0 4333
0 4334
0 4335
0 4336
0 4337
0 4338
0 4339
0 4340
0 4341
0 4342
0 4343
0 4344
0 4345
0 4346
0 4347
0 4348
0 4349
0 4350
0 4351
0 4352
0 4353
0 4354
0 4355
0 4356
0 4357
0 4358
0 4359
0 4360
0 4361
0 4362
0 4363
0 4364
0 4365
0 4366
0 4367
0 4368
0 4369
0 4370
0 4371
0 4372
0 4373
0 4374
0 4375
0 4376
0 4377
0 4378
0 4379
0 4380
0 4381
0 4382
0 4383
0 4384
0 4385
0 4386
0 4387
0 4388
0 4389
0 4390
0 4391
0 4392
0 4393
0 4394
0 4395
0 4396
0 4397
0 4398
0 4399
0 4400
0 4401
0 4402
0 4403
0 4404
0 4405
0 4406
0 4407
0 4408
0 4409
0 4410
0 4411
0 4412
0 4413
0 4414
0 4415
0 4416
0 4417
0 4418
0 4419
0 4420
0 4421
0 4422
0 4423
0 4424
0 4425
0 4426
0 4427
0 4428
0 4429
0 4430
0 4431
0 4432
0 4433
0 4434
0 4435
0 4436
0 4437
0 4438
0 4439
0 4440
0 4441
0 4442
0 4443
0 4444
0 4445
0 4446
0 4447
0 4448
0 4449
0 4450
0 4451
0 4452
0 4453
0 4454
0 4455
0 4456
0 4457
0 4458
0 4459
0 4460
0 4461
0 4462
0 4463
0 4464
0 4465
0 4466
0 4467
0 4468
0 4469
0 4470
0 4471
0 4472
0 4473
0 4474
0 4475
0 4476
0 4477
0 4478
0 4479
0 4480
0 4481
0 4482
0 4483
0 4484
0 4485
0 4486
0 4487
0 4488
0 4489
0 4490
0 4491
0 4492
0 4493
0 4494
0 4495
0 4496
0 4497
0 4498
0 4499
0 4500
0 4501
0 4502
0 4503
0 4504
0 4505
0 4506
0 4507
0 4508
0 4509
0 4510
0 4511
0 4512
0 4513
0 4514
0 4515
0 4516
0 4517
0 4518
0 4519
0 4520
0 4521
0 4522
0 4523
0 4524
0 4525
0 4526
0 4527
0 4528
0 4529
0 4530
0 4531
0 4532
0 4533
0 4534
0 4535
0 4536
0 4537
0 4538
0 4539
0 4540
0 4541
0 4542
0 4543
0 4544
0 4545
0 4546
0 4547
0 4548
0 4549
0 4550
0 4551
0 4552
0 4553
0 4554
0 4555
0 4556
0 4557
0 4558
0 4559
0 4560
0 4561
0 4562
0 4563
0 4564
0 4565
0 4566
0 4567
0 4568
0 4569
0 4570
0 4571
0 4572
0 4573
0 4574
0 4575
0 4576
0 4577
0 4578
0 4579
0 4580
0 4581
0 4582
0 4583
0 4584
0 4585
0 4586
0 4587
0 4588
0 4589
0 4590
0 4591
0 4592
0 4593
0 4594
0 4595
0 4596
0 4597
0 4598
0 4599
0 4600
0 4601
0 4602
0 4603
0 4604
0 4605
0 4606
0 4607
0 4608
0 4609
0 4610
0 4611
0 4612
0 4613
0 4614
0 4615
0 4616
0 4617
0 4618
0 4619
0 4620
0 4621
0 4622
0 4623
0 4624
0 4625
0 4626
0 4627
0 4628
0 4629
0 4630
0 4631
0 4632
0 4633
0 4634
0 4635
0 4636
0 4637
0 4638
0 4639
0 4640
0 4641
0 4642
0 4643
0 4644
0 4645
0 4646
0 4647
0 4648
0 4649
0 4650
0 4651
0 4652
0 4653
0 4654
0 4655
0 4656
0 4657
0 4658
0 4659
0 4660
0 4661
0 4662
0 4663
0 4664
0 4665
0 4666
0 4667
0 4668
0 4669
0 4670
0 4671
0 4672
0 4673
0 4674
0 4675
0 4676
0 4677
0 4678
0 4679
0 4680
0 4681
0 4682
0 4683
0 4684
0 4685
0 4686
0 4687
0 4688
0 4689
0 4690
0 4691
0 4692
0 4693
0 4694
0 4695
0 4696
0 4697
0 4698
0 4699
0 4700
0 4701
0 4702
0 4703
0 4704
0 4705
0 4706
0 4707
0 4708
0 4709
0 4710
0 4711
0 4712
0 4713
0 4714
0 4715
0 4716
0 4717
0 4718
0 4719
0 4720
0 4721
0 4722
0 4723
0 4724
0 4725
0 4726
0 4727
0 4728
0 4729
0 4730
0 4731
0 4732
0 4733
0 4734
0 4735
0 4736
0 4737
0 4738
0 4739
0 4740
0 4741
0 4742
0 4743
0 4744
0 4745
0 4746
0 4747
0 4748
0 4749
0 4750
0 4751
0 4752
0 4753
0 4754
0 4755
0 4756
0 4757
0 4758
0 4759
0 4760
0 4761
0 4762
0 4763
0 4764
0 4765
0 4766
0 4767
0 4768
0 4769
0 4770
0 4771
0 4772
0 4773
0 4774
0 4775
0 4776
0 4777
0 4778
0 4779
0 4780
0 4781
0 4782
0 4783
0 4784
0 4785
0 4786
0 4787
0 4788
0 4789
0 4790
0 4791
0 4792
0 4793
0 4794
0 4795
0 4796
0 4797
0 4798
0 4799
0 4800
0 4801
0 4802
0 4803
0 4804
0 4805
0 4806
0 4807
0 4808
0 4809
0 4810
0 4811
0 4812
0 4813
0 4814
0 4815
0 4816
0 4817
0 4818
0 4819
0 4820
0 4821
0 4822
0 4823
0 4824
0 4825
0 4826
0 4827
0 4828
0 4829
0 4830
0 4831
0 4832
0 4833
0 4834
0 4835
0 4836
0 4837
0 4838
0 4839
0 4840
0 4841
0 4842
0 4843
0 4844
0 4845
0 4846
0 4847
0 4848
0 4849
0 4850
0 4851
0 4852
0 4853
0 4854
0 4855
0 4856
0 4857
0 4858
0 4859
0 4860
0 4861
0 4862
0 4863
0 4864
0 4865
0 4866
0 4867
0 4868
0 4869
0 4870
0 4871
0 4872
0 4873
0 4874
0 4875
0 4876
0 4877
0 4878
0 4879
0 4880
0 4881
0 4882
0 4883
0 4884
0 4885
0 4886
0 4887
0 4888
0 4889
0 4890
0 4891
0 4892
0 4893
0 4894
0 4895
0 4896
0 4897
0 4898
0 4899
0 4900
0 4901
0 4902
0 4903
0 4904
0 4905
0 4906
0 4907
0 4908
0 4909
0 4910
0 4911
0 4912
0 4913
0 4914
0 4915
0 4916
0 4917
0 4918
0 4919
0 4920
0 4921
0 4922
0 4923
0 4924
0 4925
0 4926
0 4927
0 4928
0 4929
0 4930
0 4931
0 4932
0 4933
0 4934
0 4935
0 4936
0 4937
0 4938
0 4939
0 4940
0 4941
0 4942
0 4943
0 4944
0 4945
0 4946
0 4947
0 4948
0 4949
0 4950
0 4951
0 4952
0 4953
0 4954
0 4955
0 4956
0 4957
0 4958
0 4959
0 4960
0 4961
0 4962
0 4963
0 4964
0 4965
0 4966
0 4967
0 4968
0 4969
0 4970
0 4971
0 4972
0 4973
0 4974
0 4975
0 4976
0 4977
0 4978
0 4979
0 4980
0 4981
0 4982
0 4983
0 4984
0 4985
0 4986
0 4987
0 4988
0 4989
0 4990
0 4991
0 4992
0 4993
0 4994
0 4995
0 4996
0 4997
0 4998
0 4999
0 5000
0 5001
0 5002
0 5003
0 5004
0 5005
0 5006
0 5007
0 5008
0 5009
0 5010
0 5011
0 5012
0 5013
0 5014
0 5015
0 5016
0 5017
0 5018
0 5019
0 5020
0 5021
0 5022
0 5023
0 5024
0 5025
0 5026
0 5027
0 5028
0 5029
0 5030
0 5031
0 5032
0 5033
0 5034
0 5035
0 5036
0 5037
0 5038
0 5039
0 5040
0 5041
0 5042
0 5043
0 5044
0 5045
0 5046
0 5047
0 5048
0 5049
0 5050
0 5051
0 5052
0 5053
0 5054
0 5055
0 5056
0 5057
0 5058
0 5059
0 5060
0 5061
0 5062
0 5063
0 5064
0 5065
0 5066
0 5067
0 5068
0 5069
0 5070
0 5071
0 5072
0 5073
0 5074
0 5075
0 5076
0 5077
0 5078
0 5079
0 5080
0 5081
0 5082
0 5083
0 5084
0 5085
0 5086
0 5087
0 5088
0 5089
0 5090
0 5091
0 5092
0 5093
0 5094
0 5095
0 5096
0 5097
0 5098
0 5099
0 5100
0 5101
0 5102
0 5103
0 5104
0 5105
0 5106
0 5107
0 5108
0 5109
0 5110
0 5111
0 5112
0 5113
0 5114
0 5115
0 5116
0 5117
0 5118
0 5119
0 5120
0 5121
0 5122
0 5123
0 5124
0 5125
0 5126
0 5127
0 5128
0 5129
0 5130
0 5131
0 5132
0 5133
0 5134
0 5135
0 5136
0 5137
0 5138
0 5139
0 5140
0 5141
0 5142
0 5143
0 5144
0 5145
0 5146
0 5147
0 5148
0 5149
0 5150
0 5151
0 5152
0 5153
0 5154
0 5155
0 5156
0 5157
0 5158
0 5159
0 5160
0 5161
0 5162
0 5163
0 5164
0 5165
0 5166
0 5167
0 5168
0 5169
0 5170
0 5171
0 5172
0 5173
0 5174
0 5175
0 5176
0 5177
0 5178
0 5179
0 5180
0 5181
0 5182
0 5183
0 5184
0 5185
0 5186
0 5187
0 5188
0 5189
0 5190
0 5191
0 5192
0 5193
0 5194
0 5195
0 5196
0 5197
0 5198
0 5199
0 5200
0 5201
0 5202
0 5203
0 5204
0 5205
0 5206
0 5207
0 5208
0 5209
0 5210
0 5211
0 5212
0 5213
0 5214
0 5215
0 5216
0 5217
0 5218
0 5219
0 5220
0 5221
0 5222
0 5223
0 5224
0 5225
0 5226
0 5227
0 5228
0 5229
0 5230
0 5231
0 5232
0 5233
0 5234
0 5235
0 5236
0 5237
0 5238
0 5239
0 5240
0 5241
0 5242
0 5243
0 5244
0 5245
0 5246
0 5247
0 5248
0 5249
0 5250
0 5251
0 5252
0 5253
0 5254
0 5255
0 5256
0 5257
0 5258
0 5259
0 5260
0 5261
0 5262
0 5263
0 5264
0 5265
0 5266
0 5267
0 5268
0 5269
0 5270
0 5271
0 5272
0 5273
0 5274
0 5275
0 5276
0 5277
0 5278
0 5279
0 5280
0 5281
0 5282
0 5283
0 5284
0 5285
0 5286
0 5287
0 5288
0 5289
0 5290
0 5291
0 5292
0 5293
0 5294
0 5295
0 5296
0 5297
0 5298
0 5299
0 5300
0 5301
0 5302
0 5303
0 5304
0 5305
0 5306
0 5307
0 5308
0 5309
0 5310
0 5311
0 5312
0 5313
0 5314
0 5315
0 5316
0 5317
0 5318
0 5319
0 5320
0 5321
0 5322
0 5323
0 5324
0 5325
0 5326
0 5327
0 5328
0 5329
0 5330
0 5331
0 5332
0 5333
0 5334
0 5335
0 5336
0 5337
0 5338
0 5339
0 5340
0 5341
0 5342
0 5343
0 5344
0 5345
0 5346
0 5347
0 5348
0 5349
0 5350
0 5351
0 5352
0 5353
0 5354
0 5355
0 5356
0 5357
0 5358
0 5359
0 5360
0 5361
0 5362
0 5363
0 5364
0 5365
0 5366
0 5367
0 5368
0 5369
0 5370
0 5371
0 5372
0 5373
0 5374
0 5375
0 5376
0 5377
0 5378
0 5379
0 5380
0 5381
0 5382
0 5383
0 5384
0 5385
0 5386
0 5387
0 5388
0 5389
0 5390
0 5391
0 5392
0 5393
0 5394
0 5395
0 5396
0 5397
0 5398
0 5399
0 5400
0 5401
0 5402
0 5403
0 5404
0 5405
0 5406
0 5407
0 5408
0 5409
0 5410
0 5411
0 5412
0 5413
0 5414
0 5415
0 5416
0 5417
0 5418
0 5419
0 5420
0 5421
0 5422
0 5423
0 5424
0 5425
0 5426
0 5427
0 5428
0 5429
0 5430
0 5431
0 5432
0 5433
0 5434
0 5435
0 5436
0 5437
0 5438
0 5439
0 5440
0 5441
0 5442
0 5443
0 5444
0 5445
0 5446
0 5447
0 5448
0 5449
0 5450
0 5451
0 5452
0 5453
0 5454
0 5455
0 5456
0 5457
0 5458
0 5459
0 5460
0 5461
0 5462
0 5463
0 5464
0 5465
0 5466
0 5467
0 5468
0 5469
0 5470
0 5471
0 5472
0 5473
0 5474
0 5475
0 5476
0 5477
0 5478
0 5479
0 5480
0 5481
0 5482
0 5483
0 5484
0 5485
0 5486
0 5487
0 5488
0 5489
0 5490
0 5491
0 5492
0 5493
0 5494
0 5495
0 5496
0 5497
0 5498
0 5499
0 5500
0 5501
0 5502
0 5503
0 5504
0 5505
0 5506
0 5507
0 5508
0 5509
0 5510
0 5511
0 5512
0 5513
0 5514
0 5515
0 5516
0 5517
0 5518
0 5519
0 5520
0 5521
0 5522
0 5523
0 5524
0 5525
0 5526
0 5527
0 5528
0 5529
0 5530
0 5531
0 5532
0 5533
0 5534
0 5535
0 5536
0 5537
0 5538
0 5539
0 5540
0 5541
0 5542
0 5543
0 5544
0 5545
0 5546
0 5547
0 5548
0 5549
0 5550
0 5551
0 5552
0 5553
0 5554
0 5555
0 5556
0 5557
0 5558
0 5559
0 5560
0 5561
0 5562
0 5563
0 5564
0 5565
0 5566
0 5567
0 5568
0 5569
0 5570
0 5571
0 5572
0 5573
0 5574
0 5575
0 5576
0 5577
0 5578
0 5579
0 5580
0 5581
0 5582
0 5583
0 5584
0 5585
0 5586
0 5587
0 5588
0 5589
0 5590
0 5591
0 5592
0 5593
0 5594
0 5595
0 5596
0 5597
0 5598
0 5599
