2
28 94
1 0 28 29 30 31 32 33 34 35 36 37 38 39 40 41 42 43 44 45 46 47
1 1 60 61 62 63 64 65 48 49 50 51 52 53 54 55 56 57 58 59
1 2 60 63 64 52 56 59
1 3 29 66 34 67 35 68 36 69 70 38 39 71 72 41 73 42 44 45 46 47
1 4 92 93 74 75 76 77 78 79 80 81 82 83 84 85 86 87 88 89 90 91
1 5 52 59
1 6 92 29 94 95 96 97 66 67 35 68 69 70 39 71 72 73 46 83 89 90
1 7 60 61 93 62 63 64 65 48 49 81 50 82 51 53 54 55 56 88 57 58
1 8 98 99 100 101 102 103 104 105 106 107 108 109 110 111 112 113 114 115 116 117
1 9 109 110 112 113 114 115 100 116 101 102 103 104
1 10 29 94 95 96 97 66 34 67 35 68 69 70 38 39 71 72 41 73 45 46
1 11 61 93 62 74 76 77 78 79 80 49 81 50 82 51 84 85 54 55 88 58
1 12 61 93 62 65 74 78 48 80 49 81 50 82 51 84 53 54 55 88 57 58
1 13 98 100 101 102 103 104 105 106 108 109 110 112 113 114 115 116
1 14 28 30 31 32 33 98 99 37 40 105 106 107 43 108 111 117 118 119 120 121
1 15 29 30 31 32 66 34 35 36 38 39 71 72 41 73 42 43 44 45 46 47
1 16 60 61 63 64 65 48 49 52 53 54 55 56 57 59
1 17 28 30 31 32 33 34 36 37 38 40 41 42 43 44 45 47 118 119 120 121
1 18 92 94 95 96 97 74 75 76 77 78 79 80 83 84 85 86 87 89 90 91
1 19 28 33 98 99 100 37 104 40 105 106 107 108 111 113 115 117 118 119 120 121
1 20 28 30 31 32 33 99 36 37 40 42 107 43 44 111 47 117 118 119 120 121
1 21 92 94 95 96 97 67 68 69 70 75 76 77 79 83 85 86 87 89 90 91
1 22 93 62 74 75 76 77 78 79 80 81 50 82 51 84 85 86 87 88 58 91
1 23 98 99 100 101 104 105 106 107 108 109 110 111 113 115 116 117 118 119 120 121
1 24 60 63 48 64 65 52 53 56 57 59
0 25 109 110 112 114 116 101 102 103
0 26 92 94 95 96 97 66 67 68 69 70 71 72 73 75 83 86 87 89 90 91
0 27 112 114 102 103
1 1
1 8
1 9
1 10
1 11
1 13
1 14
1 23
1 25
1 26
1 41
1 44
1 45
1 55
1 57
1 61
1 73
1 77
1 78
1 83
1 2
1 3
1 6
1 12
1 15
1 16
1 17
1 27
1 29
1 46
1 50
1 53
1 56
1 69
1 74
1 75
1 76
1 79
1 5
1 19
1 20
1 31
1 40
1 48
1 64
1 70
1 21
1 33
1 35
1 37
1 38
1 42
1 47
1 49
1 51
1 52
1 54
1 62
1 63
1 66
1 67
1 68
1 71
1 72
1 80
1 81
1 0
1 36
1 65
1 82
1 4
1 7
1 18
1 22
1 24
1 28
1 30
1 32
1 34
1 39
1 43
1 58
1 59
1 60
0 85
0 86
0 87
0 88
0 90
0 91
0 84
0 89
0 92
0 93
