2
28 94
1 0 28 29 30 31 32 33 34 35 36 37 38 39 40 41 42 43 44 45 46 47
1 1 60 61 62 63 64 65 66 67 48 49 50 51 52 53 54 55 56 57 58 59
1 2 68 69 70 71 72 73 74 75 76 77 78 79 80 81
1 3 92 93 64 65 67 49 82 83 84 52 85 53 86 87 88 56 89 58 90 91
1 4 60 92 63 64 65 67 49 50 84 52 85 53 86 87 88 56 89 58 90 59
1 5 94 95 96 33 97 34 98 99 36 100 101 40 42 43 44 47
1 6 92 93 65 67 102 103 104 105 82 83 84 85 53 86 87 88 56 89 90 91
1 7 92 93 102 103 104 105 106 107 108 109 82 83 84 85 86 87 88 89 90 91
1 8 76 68 70 71 72 73
1 9 29 94 31 32 33 34 98 99 36 37 101 39 40 41 42 43 44 45 46 47
1 10 28 29 30 31 32 33 34 35 37 38 39 41 42 44 45 110 46 111 112 113
1 11 94 95 96 97 98 99 100 101
1 12 61 62 66 69 77 78 48 80 114 115 51 116 117 54 118 55 119 120 57 121
1 13 60 61 62 63 66 48 114 50 115 51 116 117 54 118 55 119 120 57 121 59
1 14 94 95 47 96 97 98 99 36 100 101 40 43
1 15 28 29 30 32 35 37 102 38 103 39 104 105 106 107 108 109 110 111 112 113
1 16 68 69 70 71 73 74 75 77 78 79 80 81 114 115 116 117 118 119 120 121
1 17 68 69 70 71 72 73 74 75 76 77 78 79 80 81 115 117 119 120
1 18 60 61 62 63 64 66 48 49 114 50 51 52 116 54 118 55 57 121 58 59
1 19 92 93 102 103 104 105 106 107 108 109 110 111 112 113 82 83 84 85 88 91
1 20 76 72
1 21 28 93 30 35 102 38 103 104 105 106 107 108 109 110 111 112 113 82 83 91
1 22 28 29 30 31 32 35 37 38 39 41 106 107 108 109 45 110 46 111 112 113
1 23 94 95 31 96 33 97 34 98 99 36 100 101 40 41 42 43 44 45 46 47
1 24 62 69 74 75 77 78 79 48 80 81 114 115 116 117 118 55 119 120 57 121
0 25 76 79 81 68 70 71 72 73 74 75
0 26 60 61 63 64 65 66 67 49 50 51 52 53 86 54 87 56 89 58 90 59
0 27 95 96 97 100
1 1
1 3
1 6
1 13
1 21
1 23
1 29
1 34
1 35
1 37
1 42
1 44
1 46
1 50
1 55
1 57
1 61
1 68
1 75
1 77
1 12
1 15
1 28
1 31
1 33
1 38
1 40
1 41
1 53
1 59
1 60
1 63
1 64
1 65
1 67
1 70
1 76
1 78
1 79
1 80
1 2
1 5
1 7
1 14
1 17
1 25
1 26
1 36
1 39
1 43
1 49
1 58
1 66
1 73
1 16
1 18
1 19
1 20
1 30
1 51
1 52
1 71
1 72
1 74
1 81
1 82
1 8
1 11
1 24
1 27
1 45
1 54
1 56
1 83
1 22
1 32
1 62
1 69
1 0
1 9
1 47
1 48
1 4
1 10
0 86
0 88
0 84
0 85
0 87
0 89
0 90
0 91
0 92
0 93
