2
28 94
1 0 28 29 30 31 32 33 34 35 36 37 38 39 40 41
1 1 29 30 32 33 35 36 37 38 39 41
1 2 60 61 42 43 44 45 46 47 48 49 50 51 52 53 54 55 56 57 58 59
1 3 62 63 64 65 66 67 68 69 70 71 72 73
1 4 92 93 74 75 76 77 78 79 80 81 82 83 84 85 86 87 88 89 90 91
1 5 94 62 95 63 96 64 65 97 66 98 67 99 68 100 69 101 70 71 72 73
1 6 35 38
1 7 60 102 103 104 105 42 43 44 77 45 46 47 79 48 49 51 85 87 57 58
1 8 60 102 103 104 105 42 43 44 45 46 47 48 49 50 51 52 53 56 57 58
1 9 65 66 67 68 70 71 72 73
1 10 60 93 102 103 104 105 75 43 44 77 45 46 79 80 49 83 51 85 87 58
1 11 94 62 95 63 96 64 97 66 98 67 99 68 100 69 101 71 106 107 108 109
1 12 92 94 96 99 101 106 107 76 108 109 110 78 111 112 113 82 86 88 89 90
1 13 30 32 35 38 39 41
1 14 92 74 106 107 76 108 109 110 78 111 112 81 113 82 84 86 88 89 90 91
1 15 28 61 31 34 40 114 50 115 116 52 53 117 54 118 55 119 56 120 121 59
1 16 65 70 72 73
1 17 28 29 30 31 32 33 34 35 36 37 38 39 40 41 114 115 119 120
1 18 28 29 61 31 33 34 36 37 40 114 115 116 117 54 118 55 119 120 121 59
1 19 62 95 63 64 65 97 66 98 67 68 100 69 70 71 72 73
1 20 61 42 43 47 48 49 50 51 116 52 53 117 54 118 55 56 57 121 58 59
1 21 61 42 47 48 114 50 115 116 52 53 117 54 118 55 119 56 120 57 121 59
0 22 94 62 95 63 96 64 97 98 99 100 69 101 106 107 108 109 110 111 112 113
0 23 60 93 102 103 104 105 74 75 44 77 45 46 79 80 81 83 84 85 87 91
0 24 92 94 95 96 97 98 99 100 101 106 107 108 109 110 78 111 112 113 82 88
0 25 92 93 74 75 76 110 78 111 112 80 81 113 82 83 84 86 88 89 90 91
0 26 28 29 30 31 32 33 34 36 37 39 40 41 114 115 116 117 118 119 120 121
0 27 93 102 103 104 105 74 75 76 77 79 80 81 83 84 85 86 87 89 90 91
1 3
1 7
1 11
1 13
1 19
1 23
1 35
1 37
1 40
1 41
1 60
1 63
1 64
1 67
1 1
1 4
1 6
1 14
1 17
1 18
1 26
1 28
1 32
1 42
1 46
1 48
1 50
1 51
1 59
1 62
1 65
1 66
1 69
1 72
1 12
1 15
1 24
1 27
1 39
1 43
1 44
1 53
1 56
1 57
1 70
1 71
1 0
1 2
1 5
1 8
1 16
1 20
1 25
1 29
1 30
1 31
1 33
1 34
1 38
1 45
1 52
1 54
1 58
1 68
1 73
1 74
1 9
1 10
1 21
1 36
1 47
1 49
1 55
1 61
1 22
0 80
0 81
0 82
0 75
0 78
0 79
0 83
0 76
0 77
0 85
0 88
0 84
0 86
0 87
0 89
0 90
0 91
0 92
0 93
