2
28 94
1 0 28 29 30 31 32 33 34 35 36 37 38 39 40 41 42 43 44 45 46 47
1 1 31 37 38 40 41 44 45 47 48 49 50 51 52 53 54 55 56 57 58 59
1 2 60 61 62 63 64 65 66 67 68 69 70 71 72 73 74 75 76 77 78 79
1 3 92 93 94 95 80 81 82 83 84 85 86 87 88 89 90 91
1 4 60 62 64 96 65 97 69 71 72 75 76 77 78 79
1 5 28 29 30 31 32 33 34 98 35 99 36 100 101 39 42 43 44 45 46 47
1 6 60 76 77 62 78 79 64 96 97 69
1 7 96 97
1 8 61 62 63 64 65 66 67 68 69 70 102 71 103 72 104 73 105 74 75 77
1 9 30 31 32 33 34 37 38 40 41 44 45 47 48 49 52 53 54 56 58 59
1 10 37 38 40 41 106 107 108 109 48 49 50 51 52 53 54 55 56 57 58 59
1 11 92 93 95 110 111 80 112 81 113 82 114 83 115 84 116 117 86 87 88 91
1 12 93 106 107 108 109 110 111 112 113 114 83 115 116 117 118 86 119 87 120 121
1 13 28 61 29 98 35 99 36 68 100 101 102 39 103 104 73 105 74 42 43 46
1 14 60 76 78 79 96 97
1 15 92 93 94 95 111 80 81 82 114 83 115 84 85 117 86 87 88 89 90 91
1 16 92 93 110 111 80 112 113 82 114 83 115 116 117 118 86 119 87 88 120 121
1 17 28 61 63 66 98 67 35 99 36 68 100 101 70 102 39 103 104 73 105 74
1 18 28 29 30 32 33 34 98 35 99 36 100 101 102 39 103 104 105 42 43 46
1 19 92 94 95 80 81 82 84 85 88 89 90 91
1 20 61 63 65 66 98 67 99 68 100 101 70 102 71 103 72 104 73 105 74 75
1 21 29 30 31 32 33 34 37 38 40 41 42 43 44 45 46 47 49 52 54 59
1 22 106 107 108 109 48 49 50 51 52 53 118 54 119 55 56 120 57 121 58 59
1 23 94 95 81 84 85 89 90 91
1 24 94 85 89 90
0 25 60 62 63 64 96 65 97 66 67 69 70 71 72 75 76 77 78 79
0 26 106 107 108 109 110 48 112 113 50 51 116 53 118 119 55 56 120 57 121 58
0 27 106 107 108 109 110 111 112 113 50 114 51 115 116 117 118 119 55 120 57 121
1 1
1 17
1 18
1 19
1 20
1 21
1 22
1 23
1 24
1 28
1 34
1 40
1 41
1 43
1 45
1 48
1 50
1 72
1 78
1 79
1 9
1 13
1 14
1 47
1 53
1 57
1 58
1 60
1 69
1 70
1 74
1 80
1 0
1 2
1 3
1 4
1 7
1 10
1 11
1 16
1 30
1 31
1 35
1 36
1 38
1 39
1 42
1 46
1 49
1 54
1 76
1 82
1 5
1 8
1 15
1 26
1 29
1 33
1 44
1 51
1 55
1 56
1 59
1 61
1 64
1 65
1 71
1 73
1 25
1 62
1 27
1 32
1 77
1 81
1 63
1 66
1 67
1 75
1 6
1 52
1 68
1 83
1 12
1 37
0 86
0 87
0 88
0 89
0 92
0 93
0 84
0 85
0 90
0 91
