2
28 94
1 0 28 29 30 31 32 33 34 35 36 37 38 39 40 41 42 43 44 45 46 47
1 1 60 61 62 63 64 65 66 67 48 49 50 51 52 53 54 55 56 57 58 59
1 2 60 61 63 64 66 67 68 69 70 71 48 49 50 52 53 54 55 56 58 59
1 3 76 77 78 79 80 81 72 73 74 75
1 4 72 73 74 75 76 77 78 79 80 81 82 83 84 85
1 5 92 93 94 95 96 97 98 99 100 101 82 83 84 85 86 87 88 89 90 91
1 6 28 29 30 31 32 33 34 35 102 38 103 39 104 40 41 105 42 43 44 45
1 7 108 109 110 111 112 113 114 115 116 117 106 107
1 8 28 29 30 31 32 34 35 36 37 106 107 108 45 110 46 111 47 112 116 117
1 9 36 37 106 107 108 109 110 46 111 47 112 113 114 115 116 117
1 10 92 61 95 63 97 66 68 69 70 71 49 118 54 119 55 120 56 121 90 58
1 11 62 64 33 65 102 38 103 39 104 40 41 105 42 43 44 50 51 53 57 59
1 12 92 93 95 96 97 98 99 68 100 69 101 70 71 118 87 119 120 89 121 90
1 13 92 93 94 95 96 97 98 99 100 101 86 118 87 119 88 120 89 121 90 91
1 14 94 72 73 74 75 76 77 78 79 80 81 82 83 84 85 86 88 91
1 15 60 61 62 63 64 65 66 67 102 103 104 105 48 50 51 52 53 55 57 59
1 16 93 94 96 98 99 100 101 72 73 74 81 82 83 84 85 86 87 88 89 91
1 17 28 29 30 31 32 33 34 35 36 37 38 41 108 44 45 46 111 47 112 117
1 18 60 62 64 65 67 102 103 39 104 40 105 42 43 48 50 51 52 53 57 59
0 19 31 32 34 35 36 37 106 107 108 109 110 46 111 47 112 113 114 115 116 117
0 20 60 61 63 66 67 68 69 70 71 48 49 52 118 54 119 55 120 56 121 58
0 21 28 29 30 62 33 65 102 38 103 39 104 40 41 105 42 43 44 45 51 57
0 22 109 110 113 114 115 116 106 107
0 23 92 95 97 99 68 100 69 101 70 71 49 118 54 87 119 120 56 121 90 58
0 24 76 77 78 79 80 75
0 25 93 94 96 98 72 73 74 76 77 78 79 81 82 83 84 85 86 88 89 91
0 26 80 75
0 27 109 113 114 115
1 0
1 5
1 10
1 17
1 18
1 19
1 20
1 21
1 23
1 25
1 26
1 32
1 35
1 38
1 46
1 47
1 54
1 59
1 61
1 64
1 11
1 12
1 16
1 27
1 31
1 33
1 34
1 37
1 39
1 40
1 41
1 42
1 43
1 51
1 52
1 55
1 56
1 57
1 58
1 63
1 24
1 49
1 50
1 62
1 1
1 6
1 8
1 9
1 22
1 28
1 36
1 44
1 45
1 53
1 3
1 4
1 48
1 60
1 2
1 7
1 13
1 14
1 15
1 29
1 30
0 66
0 67
0 68
0 69
0 70
0 71
0 72
0 73
0 74
0 65
0 81
0 82
0 83
0 75
0 76
0 77
0 78
0 79
0 80
0 84
0 85
0 87
0 88
0 89
0 91
0 86
0 90
0 92
0 93
