2
28 94
1 0 28 29
1 1 30 31 32 33 34 35 36 37 38 39 40 41 42 43 44 45 46 47 48 49
1 2 60 61 62 63 64 65 66 67 68 69 50 51 52 53 54 55 56 57 58 59
1 3 61 65 50 51 52 54 56 57
1 4 28 29 70 71 72 73
1 5 28 29 70 71 72 73 74 75 76 77 78 79 80 81 82 83 84 85
1 6 60 92 93 62 63 64 66 67 68 69 53 86 55 87 88 89 58 90 59 91
1 7 28 29 70 71 72 73 74 75 78 80 82 83 84 85
1 8 28 29 80 84 70 71 72 73 74 75
1 9 60 92 93 94 95 63 96 64 97 66 67 69 53 86 87 88 89 90 59 91
1 10 98 99 100 101 70 71 72 73 74 75 76 77 78 79 80 81 82 83 84 85
1 11 92 94 95 96 97 102 103 104 105 106 107 108 109 110 111 112 113 86 87 91
1 12 60 92 93 94 95 96 64 97 69 107 108 112 113 53 86 87 88 89 90 91
1 13 30 32 98 34 99 100 37 101 41 42 43 76 77 78 46 79 81 82 83 85
1 14 30 31 32 98 34 35 99 36 100 37 101 38 40 41 42 43 46 47 48 49
1 15 102 103 104 105 106 107 108 109 110 111 112 113 114 115 116 117 118 119 120 121
1 16 33 102 103 39 104 105 106 44 109 45 110 111 114 115 116 117 118 119 120 121
1 17 92 93 94 95 96 97 102 106 107 108 109 111 112 113 86 87 88 89 90 91
1 18 30 31 32 98 34 35 99 100 37 101 40 41 42 43 76 77 46 79 47 81
1 19 31 33 35 36 38 39 40 44 45 47 48 49 114 115 116 117 118 119 120 121
1 20 31 32 33 35 36 38 39 40 41 42 44 45 46 47 48 49 114 118 119 121
1 21 60 61 93 62 63 64 65 66 67 68 69 53 55 56 88 57 89 58 90 59
1 22 30 98 34 99 100 37 101 74 75 43 76 77 78 79 80 81 82 83 84 85
1 23 61 62 65 50 51 52 68 54 55 56 57 58
1 24 50 51 52 54
0 25 61 62 63 65 66 67 68 50 51 52 54 55 56 57 58 59
0 26 94 95 96 97 102 103 104 105 106 107 108 109 110 111 112 113 115 116 117 120
0 27 33 36 38 103 39 104 105 44 45 110 48 49 114 115 116 117 118 119 120 121
1 2
1 12
1 3
1 7
1 8
1 17
1 18
1 21
1 24
1 25
1 28
1 34
1 36
1 40
1 47
1 51
1 58
1 60
1 69
1 74
1 75
1 82
1 4
1 13
1 15
1 16
1 23
1 26
1 29
1 30
1 33
1 37
1 45
1 52
1 54
1 64
1 67
1 68
1 70
1 77
1 78
1 80
1 0
1 22
1 71
1 73
1 10
1 19
1 27
1 44
1 48
1 50
1 56
1 61
1 62
1 76
1 79
1 83
1 1
1 35
1 38
1 43
1 46
1 49
1 59
1 66
1 42
1 63
1 65
1 81
1 6
1 39
1 53
1 72
1 5
1 9
1 11
1 14
1 20
1 31
1 32
1 41
1 55
1 57
0 91
0 93
0 84
0 85
0 86
0 87
0 88
0 89
0 90
0 92
