2
28 94
1 0 28 29 30 31 32 33 34 35 36 37 38 39 40 41 42 43 44 45 46 47
1 1 48 49 50 51 52 53 54 55 56 57
1 2 60 61 62 63 64 65 66 67 68 69 70 71 72 73 74 75 76 77 58 59
1 3 92 93 64 67 77 78 79 80 81 82 83 84 85 86 87 88 89 90 59 91
1 4 94 95 96 97 98 99 100 101 102 103 104 105
1 5 61 66 71 72 106 107 108 109 110 111 48 112 49 113 50 51 52 53 54 56
1 6 28 29 30 31 33 34 35 36 37 39 40 41 43 44 45 47 114 115 116 117
1 7 94 30 95 32 96 98 99 36 38 102 40 104 105 42 45 46 118 119 120 121
1 8 92 93 63 64 65 67 69 77 78 80 81 83 84 85 86 89 58 90 59 91
1 9 29 94 30 32 96 33 34 99 36 38 40 105 42 43 45 46 118 119 120 121
1 10 94 95 32 96 97 98 99 100 101 38 102 103 104 105 42 46 118 119 120 121
1 11 60 62 63 64 65 67 68 69 70 73 74 75 76 77 78 80 81 83 58 59
1 12 60 92 93 62 63 64 65 67 69 73 75 77 78 80 81 83 58 90 59 91
1 13 28 29 31 33 34 35 37 39 41 43 44 79 47 82 114 115 116 117 87 88
1 14 95 97 98 100 101 102 103 104
1 15 60 61 62 66 68 70 71 72 73 106 74 107 75 108 76 109 110 111 112 113
1 16 92 93 35 39 44 79 47 82 114 115 84 116 85 117 86 87 88 89 90 91
1 17 28 31 35 37 39 41 44 79 47 82 114 115 84 116 85 117 86 87 88 89
1 18 108 109 111 48 49 113 50 51 52 53 54 55 56 57
1 19 94 95 96 97 98 99 100 101 102 103 104 105 118 119 120 121
1 20 48 50 51 55 56 57
1 21 97 100 101 103
1 22 60 61 62 63 65 66 68 69 70 71 72 73 106 74 107 75 76 110 112 58
1 23 55 57
1 24 106 107 108 109 110 111 48 112 49 113 50 51 52 53 54 55 56 57
0 25 92 93 78 79 80 81 82 114 83 115 84 116 85 117 86 87 88 89 90 91
0 26 61 66 68 70 71 72 106 74 107 108 76 109 110 111 112 49 113 52 53 54
0 27 28 29 30 31 32 33 34 36 37 38 40 41 42 43 45 46 118 119 120 121
1 0
1 13
1 14
1 15
1 24
1 25
1 29
1 34
1 46
1 50
1 51
1 53
1 62
1 68
1 69
1 70
1 75
1 77
1 81
1 83
1 22
1 31
1 38
1 52
1 57
1 60
1 65
1 67
1 71
1 79
1 1
1 3
1 10
1 16
1 20
1 21
1 23
1 30
1 36
1 39
1 40
1 41
1 42
1 43
1 47
1 61
1 73
1 76
1 80
1 82
1 4
1 5
1 6
1 7
1 11
1 12
1 19
1 27
1 28
1 32
1 33
1 35
1 48
1 49
1 55
1 59
1 2
1 8
1 26
1 37
1 44
1 54
1 58
1 63
1 64
1 72
1 74
1 78
1 9
1 17
1 18
1 45
1 56
1 66
0 91
0 92
0 85
0 87
0 89
0 90
0 84
0 86
0 88
0 93
