2
28 94
1 0 28 29 30 31 32 33 34 35 36 37 38 39 40 41 42 43 44 45 46 47
1 1 60 61 62 63 64 65 48 49 50 51 52 53 54 55 56 57 58 59
1 2 60 61 48 64 65 51 52 55 56 58
1 3 29 31 32 33 66 67 35 68 69 70 71 39 72 73 41 74 75 76 77 45
1 4 92 93 66 73 76 77 78 79 80 81 82 83 84 85 86 87 88 89 90 91
1 5 60 65
1 6 94 95 96 97 98 99 100 101 102 103 104 105 106 107 108 109 78 81 89 91
1 7 92 93 66 67 68 71 73 75 76 77 79 80 82 83 84 85 86 87 88 90
1 8 28 29 30 31 32 33 35 36 69 37 70 39 72 41 74 43 44 45 46 47
1 9 60 61 63 64 65 48 50 51 52 53 54 55 56 58
1 10 93 66 67 68 69 70 71 72 73 74 75 76 77 79 80 82 85 86 88 90
1 11 28 30 62 34 36 37 38 40 42 43 44 110 46 111 47 112 49 113 57 59
1 12 61 62 63 64 110 111 48 112 49 113 50 51 52 53 54 55 56 57 58 59
1 13 95 96 97 98 99 101 104 105 106 107 108 109 114 115 116 117 118 119 120 121
1 14 115 119 120 121
1 15 114 115 116 117 118 119 120 121
1 16 92 93 94 100 102 103 78 79 80 81 82 83 84 85 86 87 88 89 90 91
1 17 61 62 63 34 38 40 42 110 111 48 112 49 113 50 52 53 54 57 58 59
1 18 96 97 104 105 106 107 108 109 114 115 116 117 118 119 120 121
1 19 29 31 32 33 66 67 68 69 70 71 72 73 74 75 76 77 79 80 86 90
1 20 60 64 65 51 55 56
1 21 94 95 96 97 98 99 100 101 102 103 104 105 106 107 108 109 114 116 117 118
0 22 109 96 97 114 115 116 117 118 119 120 105 121
0 23 92 93 94 95 98 99 100 101 102 103 78 81 82 83 84 85 87 88 89 91
0 24 29 30 31 32 33 67 35 68 36 69 37 70 71 39 72 41 74 75 44 45
0 25 28 30 34 35 36 37 38 39 40 41 42 43 44 45 110 46 111 47 112 113
0 26 28 62 63 34 38 40 42 43 110 46 111 47 112 49 113 50 53 54 57 59
0 27 92 94 95 98 99 100 101 102 103 104 106 107 108 78 81 83 84 87 89 91
1 4
1 5
1 6
1 9
1 14
1 19
1 24
1 25
1 27
1 35
1 36
1 49
1 50
1 54
1 56
1 58
1 67
1 69
1 71
1 73
1 0
1 17
1 18
1 23
1 29
1 30
1 33
1 38
1 39
1 45
1 47
1 48
1 52
1 53
1 60
1 61
1 63
1 74
1 1
1 12
1 15
1 31
1 41
1 42
1 46
1 51
1 59
1 64
1 65
1 66
1 2
1 3
1 7
1 8
1 16
1 26
1 28
1 32
1 43
1 44
1 55
1 57
1 62
1 68
1 70
1 72
1 10
1 11
1 13
1 20
1 21
1 22
1 34
1 37
1 40
0 76
0 77
0 79
0 80
0 81
0 82
0 83
0 75
0 78
0 85
0 90
0 84
0 86
0 87
0 88
0 89
0 91
0 92
0 93
