2
28 94
1 0 28 29 30 31 32 33 34 35 36 37 38 39 40 41 42 43 44 45 46 47
1 1 60 61 62 63 64 65 48 49 50 51 52 53 54 55 56 57 58 59
1 2 66 67 68 69 70 71 72 73 74 75 76 77 78 79 80 81 82 83 84 85
1 3 61 62 63 64 65 48 49 50 52 54 55 56 57 58
1 4 28 29 31 32 33 35 36 37 38 39 40 41 43 44 46 47 86 87 88 89
1 5 92 93 94 95 96 97 66 67 68 72 73 75 77 79 80 83 84 85 90 91
1 6 60 61 64 65 98 99 100 101 48 49 50 51 52 53 54 55 56 57 58 59
1 7 92 94 96 97 98 99 100 101 102 103 104 105 106 107 108 109 110 111 112 113
1 8 93 95 66 67 68 70 72 73 74 75 77 78 79 80 82 83 84 85 90 91
1 9 92 93 94 95 96 97 66 67 102 103 72 73 106 77 110 79 80 83 90 91
1 10 114 115 116 117
1 11 62 63
1 12 28 30 33 34 35 39 40 42 43 44 45 47 114 115 116 117 118 119 120 121
1 13 29 31 32 36 69 37 70 38 71 41 74 76 78 46 81 82 86 87 88 89
1 14 114 115 116 117 118 119 120 121
1 15 60 61 65 98 99 100 101 104 107 109 48 112 49 50 51 52 53 54 57 59
1 16 66 68 69 70 71 72 74 75 76 77 78 79 81 82 84 85 86 87 88 89
1 17 62 63 64 55 56 58
1 18 28 30 32 33 34 35 36 39 40 41 42 43 44 45 46 47 118 119 120 121
0 19 92 93 94 95 96 97 67 102 103 105 73 106 108 110 111 80 113 83 90 91
0 20 45 30 34 114 115 116 117 118 119 120 121 42
0 21 28 30 34 35 42 43 44 45 114 115 116 117 118 119 120 121
0 22 92 93 94 95 96 97 102 103 104 105 106 107 108 109 110 111 112 113 90 91
0 23 60 65 98 99 100 101 104 105 107 108 109 111 48 112 113 50 51 53 54 59
0 24 60 98 99 100 101 102 103 104 105 106 107 108 109 110 111 112 113 51 53 59
0 25 61 62 63 64 49 52 55 56 57 58
0 26 29 31 32 33 36 69 37 38 71 39 40 41 76 46 47 81 86 87 88 89
0 27 29 31 68 69 37 70 38 71 74 75 76 78 81 82 84 85 86 87 88 89
1 2
1 3
1 10
1 15
1 18
1 19
1 21
1 24
1 26
1 30
1 32
1 33
1 36
1 39
1 40
1 45
1 47
1 53
1 55
1 59
1 1
1 4
1 8
1 9
1 16
1 25
1 27
1 29
1 35
1 37
1 38
1 46
1 50
1 51
1 54
1 57
1 60
1 64
1 6
1 12
1 13
1 17
1 20
1 23
1 28
1 31
1 34
1 41
1 42
1 43
1 48
1 49
1 52
1 56
1 58
1 61
1 62
1 63
1 0
1 7
1 11
1 44
1 5
1 14
1 22
0 66
0 68
0 70
0 72
0 73
0 67
0 69
0 71
0 74
0 65
0 75
0 76
0 77
0 78
0 79
0 80
0 81
0 82
0 83
0 90
0 92
0 87
0 88
0 89
0 93
0 84
0 85
0 86
0 91
