2
28 94
1 0 28 29 30 31 32 33 34 35 36 37 38 39 40 41 42 43 44 45 46 47
1 1 48 49 50 51
1 2 60 61 62 63 64 65 66 67 68 69 70 71 52 53 54 55 56 57 58 59
1 3 28 31 32 34 36 37 38 72 40 73 41 74 42 75 76 77 45 78 46 79
1 4 60 62 63 64 65 66 67 68 69 71 80 81 82 83 53 54 55 56 58 59
1 5 92 61 93 62 94 95 64 70 84 52 53 85 86 87 56 88 57 89 90 91
1 6 96 97 98 99 100 101
1 7 60 63 66 67 68 102 103 71 104 105 106 107 108 109 80 81 82 83 54 55
1 8 28 30 31 32 34 36 37 38 39 40 73 41 74 42 75 43 45 78 46 47
1 9 96 97 98 99 100 101 102 103 104 105 106 107 108 109
1 10 29 30 33 35 39 43 44 110 111 47 48 112 49 113 50 114 115 51 116 117
1 11 92 61 93 94 95 70 84 52 85 118 86 119 87 120 88 57 121 89 90 91
1 12 28 29 30 33 35 36 39 40 41 43 44 110 111 47 112 113 114 115 116 117
1 13 92 93 94 95 72 76 77 79 84 85 118 86 119 87 120 88 121 89 90 91
1 14 93 94 95 72 73 74 75 76 77 78 79 84 85 118 119 87 120 121 89 90
1 15 60 92 61 62 63 64 65 66 67 69 70 52 53 86 56 88 57 58 59 91
1 16 60 63 65 66 67 68 69 103 71 105 106 108 80 81 82 83 54 55 58 59
1 17 110 111 48 112 49 113 50 114 115 51 116 117
1 18 110 111 48 49 50 115 51 117
1 19 96 97 98 99 100 101 102 103 104 105 106 107 108 109 80 81 82 83
1 20 28 29 30 32 33 35 36 39 40 41 42 43 44 45 46 47 112 113 114 116
1 21 31 32 34 37 38 72 73 74 42 75 76 77 45 78 46 79 118 119 120 121
1 22 96 97 98 68 101 102 103 71 104 105 106 107 108 109 80 81 82 83 54 55
1 23 29 33 35 44 110 111 48 112 49 113 50 114 115 51 116 117
1 24 92 61 93 62 94 64 65 69 70 52 53 86 87 56 88 57 89 58 59 91
0 25 99 100
0 26 31 95 34 37 38 72 73 74 75 76 77 78 79 84 85 118 119 120 121 90
0 27 109 96 97 98 99 100 101 102 104 107
1 0
1 7
1 8
1 16
1 24
1 27
1 29
1 30
1 33
1 34
1 38
1 48
1 50
1 55
1 61
1 71
1 74
1 76
1 78
1 81
1 10
1 23
1 32
1 72
1 2
1 3
1 4
1 18
1 19
1 21
1 39
1 44
1 52
1 53
1 56
1 57
1 59
1 63
1 67
1 70
1 75
1 77
1 82
1 83
1 12
1 20
1 25
1 26
1 37
1 46
1 51
1 65
1 5
1 6
1 9
1 17
1 1
1 15
1 28
1 35
1 40
1 43
1 54
1 58
1 64
1 69
1 73
1 80
1 14
1 36
1 49
1 62
1 66
1 79
1 11
1 31
1 41
1 42
1 45
1 47
1 60
1 68
1 13
1 22
0 86
0 89
0 90
0 91
0 92
0 93
0 84
0 85
0 87
0 88
