2
28 94
1 0 28 29 30 31 32 33 34 35 36 37 38 39 40 41 42 43 44 45 46 47
1 1 29 31 32 33 35 36 39 47 48 49 50 51 52 53 54 55 56 57 58 59
1 2 60 61 62 63 64 65 66 67 68 69 70 71
1 3 60 61 62 63 64 65 66 67 68 69 70 71 72 73 74 75 76 77 78 79
1 4 92 93 94 95 48 80 81 82 50 83 52 84 85 86 54 87 88 89 90 91
1 5 28 30 96 97 98 34 99 100 37 101 38 102 103 40 41 42 43 44 45 46
1 6 29 31 32 33 35 36 37 39 42 43 44 47 49 51 53 55 56 57 58 59
1 7 96 64 99 67 69 102 70 103 72 104 73 105 74 106 75 107 76 77 78 79
1 8 96 97 98 99 100 101 102 103 72 104 73 105 74 106 75 107 76 77 78 79
1 9 108 109 110 111 112 113
1 10 60 61 62 63 65 66 68 71
1 11 108 109 110 111 112 113 114 115 116 117
1 12 28 29 30 31 32 33 34 35 36 37 39 42 43 44 46 47 51 53 58 59
1 13 92 93 94 95 80 81 82 83 84 85 118 86 119 87 120 88 121 89 90 91
1 14 61 62 63 64 67 68 69 70 72 104 73 105 74 106 75 107 76 77 78 79
1 15 60 61 62 63 64 65 66 67 68 69 70 71 76 77 78 79
1 16 28 30 31 33 97 98 34 100 37 101 38 39 40 41 42 43 44 45 46 47
1 17 92 93 94 95 48 80 81 49 50 83 52 85 86 54 87 55 88 56 57 90
1 18 108 109 110 111 112 113 114 115 116 117 118 119 120 121
1 19 60 65 66 71
1 20 92 29 32 35 36 48 80 49 50 51 52 85 53 54 55 88 56 57 58 59
1 21 28 30 96 97 98 34 99 100 101 38 102 103 104 40 105 41 106 107 45 46
0 22 109 113
0 23 96 97 98 99 100 101 38 102 103 72 104 40 73 105 41 74 106 75 107 45
0 24 93 94 95 81 114 82 83 115 84 116 117 118 86 119 87 120 121 89 90 91
0 25 94 108 110 111 112 81 114 82 83 115 84 116 117 118 119 87 120 121 89 91
0 26 108 109 110 111 112 113 114 82 115 84 116 117 118 119 120 121 89 91
0 27 92 93 95 48 80 49 50 51 52 85 53 86 54 55 88 56 57 90 58 59
1 0
1 1
1 2
1 4
1 5
1 10
1 20
1 21
1 34
1 41
1 43
1 46
1 52
1 54
1 56
1 57
1 58
1 64
1 71
1 73
1 6
1 15
1 19
1 23
1 25
1 30
1 49
1 50
1 53
1 55
1 69
1 74
1 3
1 14
1 24
1 29
1 32
1 36
1 37
1 39
1 40
1 42
1 68
1 70
1 8
1 18
1 31
1 35
1 38
1 45
1 61
1 72
1 7
1 11
1 16
1 22
1 26
1 27
1 28
1 33
1 44
1 47
1 51
1 59
1 62
1 63
1 66
1 67
1 9
1 12
1 13
1 17
1 48
1 60
1 65
0 82
0 75
0 77
0 81
0 83
0 76
0 78
0 79
0 80
0 92
0 93
0 85
0 87
0 88
0 91
0 84
0 86
0 89
0 90
