2
28 94
1 0 28 29 30 31 32 33 34 35 36 37 38 39 40 41 42 43 44 45 46 47
1 1 60 61 62 63 64 65 66 67 48 49 50 51 52 53 54 55 56 57 58 59
1 2 61 63 64 65 66 67 68 69 70 71 48 49 50 53 54 55 56 57 58 59
1 3 28 32 35 36 39 72 40 73 74 75 76 77 78 46 79 47 80 81 82 83
1 4 84 85
1 5 92 93 94 95 96 97 72 74 75 77 78 79 81 83 86 87 88 89 90 91
1 6 92 93 94 95 96 97 84 85 86 87 88 89 90 91
1 7 60 29 30 62 63 64 65 98 66 99 100 101 43 44 48 51 52 53 55 57
1 8 67 68 69 102 70 103 71 104 105 106 107 108 109 110 111 112 49 113 54 56
1 9 93 94 97 84 85 90
1 10 28 29 30 31 33 98 34 99 100 37 101 38 39 41 42 43 44 45 46 47
1 11 60 29 30 62 31 63 98 99 100 101 38 41 43 44 45 51 52 53 55 57
1 12 92 95 96 72 73 74 75 76 77 78 79 80 81 82 83 86 87 88 89 91
1 13 92 95 32 35 36 72 40 73 74 75 76 77 78 79 80 81 82 83 88 91
1 14 92 93 94 95 96 97 72 75 79 81 84 85 86 87 88 89 90 91
1 15 60 61 62 63 64 65 98 66 99 100 101 48 50 51 52 53 55 57 58 59
1 16 102 103 104 105 106 107 108 109 110 111 112 113 114 115 116 117 118 119 120 121
1 17 61 64 65 66 67 68 69 102 70 103 71 105 48 112 49 50 54 56 58 59
1 18 61 67 68 69 102 70 103 71 104 105 106 107 112 49 113 50 54 56 58 59
0 19 28 31 32 33 34 35 36 37 38 39 40 73 41 42 76 45 46 47 80 82
0 20 115 117 119 121
0 21 114 115 116 117 118 119 120 121
0 22 104 106 107 108 109 110 111 113 114 115 116 117 118 119 120 121
0 23 28 32 33 34 35 36 37 39 40 73 74 42 76 77 78 46 47 80 82 83
0 24 68 69 102 70 103 71 104 105 106 107 108 109 110 111 112 113 114 116 118 120
0 25 93 94 96 97 84 85 86 87 89 90
0 26 108 109 110 111 114 115 116 117 118 119 120 121
0 27 60 29 30 62 31 33 98 34 99 100 37 101 38 41 42 43 44 45 51 52
1 2
1 3
1 15
1 18
1 19
1 20
1 23
1 26
1 27
1 29
1 35
1 38
1 40
1 44
1 45
1 48
1 52
1 54
1 57
1 58
1 1
1 4
1 5
1 6
1 7
1 11
1 13
1 17
1 25
1 30
1 34
1 36
1 37
1 41
1 43
1 51
1 56
1 61
1 62
1 63
1 50
1 55
1 60
1 64
1 0
1 9
1 14
1 16
1 22
1 39
1 42
1 46
1 47
1 49
1 53
1 59
1 12
1 28
1 8
1 10
1 21
1 24
1 31
1 32
1 33
0 69
0 70
0 71
0 73
0 74
0 66
0 67
0 68
0 72
0 65
0 75
0 76
0 77
0 78
0 79
0 80
0 81
0 82
0 83
0 89
0 92
0 84
0 85
0 86
0 87
0 88
0 90
0 91
0 93
