2
28 94
1 0 28 29 30 31 32 33 34 35 36 37 38 39 40 41 42 43 44 45 46 47
1 1 60 61 62 63 48 49 50 51 52 53 54 55 56 57 58 59
1 2 64 65 66 67 68 69 70 71 72 73 74 75 76 77 78 79 80 81 82 83
1 3 92 93 94 63 95 49 50 51 84 85 86 87 88 56 89 57 90 58 91 59
1 4 64 96 65 97 68 69 70 71 72 73 75 76 77 78 80 81 82 83
1 5 92 93 94 95 98 99 100 101 102 103 104 105 84 85 86 87 88 89 90 91
1 6 30 31 32 66 34 67 35 36 40 41 74 106 42 107 43 108 109 46 79 47
1 7 78 64 96 97 83 75
1 8 60 61 62 48 49 50 52 53 54 55 56 59
1 9 28 29 33 35 37 38 39 43 44 45 110 46 111 47 112 113 114 115 116 117
1 10 65 66 67 68 69 70 71 72 73 74 106 107 76 108 77 109 79 80 81 82
1 11 96 97
1 12 98 99 100 101 102 103 104 105 110 111 112 113 114 115 116 117 118 119 120 121
1 13 30 31 32 65 66 34 67 68 36 70 40 73 41 74 106 42 107 108 109 79
1 14 60 61 62 48 52 53 54 55
1 15 52 53 54 55
1 16 93 95 98 99 100 101 102 103 104 105 111 112 113 116 118 86 119 120 121 91
1 17 28 29 30 31 32 34 35 36 37 39 40 41 106 42 107 43 108 109 46 47
1 18 77 78 64 96 81 97 82 83 72 75
1 19 92 60 61 94 62 63 48 49 50 51 84 85 87 88 56 89 57 90 58 59
1 20 92 93 94 63 95 98 100 102 105 51 84 85 86 87 88 89 57 90 58 91
1 21 92 93 95 98 99 100 101 102 103 104 105 84 85 118 86 119 120 121 90 91
0 22 28 29 33 37 38 39 44 45 110 111 112 113 114 115 116 117 118 119 120 121
0 23 28 29 30 32 33 35 37 38 39 41 42 43 44 45 110 46 47 114 115 117
0 24 60 61 94 62 63 48 49 50 51 52 53 54 87 55 88 56 89 57 58 59
0 25 31 65 66 34 67 68 36 69 70 71 40 73 74 106 107 76 108 109 79 80
0 26 33 99 101 38 103 104 44 45 110 111 112 113 114 115 116 117 118 119 120 121
0 27 64 96 97 69 71 72 75 76 77 78 80 81 82 83
1 2
1 3
1 7
1 10
1 11
1 20
1 22
1 24
1 27
1 28
1 34
1 38
1 43
1 45
1 51
1 56
1 63
1 68
1 72
1 73
1 4
1 16
1 21
1 29
1 30
1 31
1 35
1 39
1 44
1 46
1 50
1 54
1 55
1 60
1 64
1 65
1 0
1 5
1 9
1 12
1 18
1 25
1 26
1 33
1 37
1 40
1 41
1 48
1 49
1 57
1 58
1 59
1 66
1 69
1 70
1 71
1 13
1 17
1 19
1 23
1 32
1 36
1 42
1 47
1 52
1 53
1 62
1 67
1 61
1 74
1 1
1 6
1 8
1 14
1 15
0 77
0 78
0 83
0 79
0 80
0 81
0 82
0 75
0 76
0 86
0 87
0 88
0 90
0 91
0 93
0 84
0 85
0 89
0 92
