2
28 94
1 0 28 29 30 31 32 33 34 35 36 37 38 39 40 41 42 43 44 45 46 47
1 1 60 61 62 63 64 65 66 67 48 49 50 51 52 53 54 55 56 57 58 59
1 2 68 69 70 71
1 3 60 61 62 64 65 67 72 73 74 75 76 77 78 79 48 52 54 57 58 59
1 4 92 93 94 95 96 97 80 81 82 83 84 85 86 87 88 89 90 91
1 5 31 32 98 99 100 101 102 38 103 104 105 41 106 42 107 43 108 109 45 46
1 6 64 72 73 74 75 76 77 110 78 111 79 48 112 113 114 115 52 116 117 58
1 7 28 29 30 34 35 68 37 69 70 71 40 47 118 119 120 121
1 8 92 93 94 95 82 83 84 85 86 87 88 89 90 91
1 9 63 32 98 66 99 100 101 102 103 104 105 106 42 107 43 108 109 45 50 53
1 10 92 93 94 95 82 83 85 86 87 91
1 11 96 97 72 73 74 75 76 77 110 78 111 79 112 80 81 113 114 115 116 117
1 12 92 93 94 95 83 86
1 13 60 61 62 63 65 98 66 67 100 101 103 49 50 51 53 54 55 56 57 59
1 14 92 94 95 96 97 110 80 81 82 114 115 84 85 117 86 87 88 89 90 91
1 15 60 61 64 72 73 74 75 76 77 78 111 79 48 112 113 52 116 54 57 58
1 16 63 98 66 99 100 101 102 103 104 105 106 107 108 109 49 50 51 53 55 56
1 17 28 29 30 31 33 34 35 36 37 38 39 40 41 44 46 47 118 119 120 121
1 18 68 69 118 70 119 71 120 121
0 19 28 29 47 34 68 69 118 70 119 71 120 121
0 20 60 61 62 64 65 67 73 74 77 79 48 49 51 52 54 55 56 57 58 59
0 21 96 97 110 111 112 80 81 113 82 114 115 84 116 85 117 87 88 89 90 91
0 22 62 63 65 98 66 99 67 100 101 103 104 106 109 49 50 51 53 55 56 59
0 23 30 31 32 33 35 36 37 102 38 39 40 105 41 42 107 43 108 44 45 46
0 24 31 32 33 99 36 102 38 39 104 105 41 106 42 107 43 108 44 109 45 46
0 25 93 83
0 26 28 29 30 33 34 35 36 68 37 69 70 39 71 40 44 47 118 119 120 121
0 27 96 97 72 75 76 110 78 111 112 80 81 113 114 115 84 116 117 88 89 90
1 4
1 9
1 10
1 12
1 19
1 21
1 22
1 29
1 31
1 34
1 35
1 45
1 46
1 48
1 51
1 54
1 55
1 56
1 58
1 60
1 0
1 1
1 2
1 5
1 6
1 7
1 18
1 20
1 24
1 25
1 30
1 38
1 39
1 42
1 43
1 50
1 53
1 57
1 59
1 62
1 37
1 41
1 63
1 64
1 3
1 13
1 17
1 26
1 28
1 40
1 52
1 61
1 8
1 11
1 14
1 15
1 16
1 23
1 27
1 32
1 33
1 36
1 44
1 47
1 49
0 70
0 71
0 72
0 73
0 74
0 65
0 66
0 67
0 68
0 69
0 77
0 78
0 79
0 80
0 81
0 82
0 83
0 75
0 76
0 85
0 86
0 88
0 90
0 91
0 92
0 84
0 87
0 89
0 93
