2
28 94
1 0 28 29 30 31 32 33 34 35 36 37 38 39 40 41 42 43 44 45 46 47
1 1 60 61 62 63 64 65 66 67 48 49 50 51 52 53 54 55 56 57 58 59
1 2 68 69
1 3 70 71 72 73
1 4 92 93 74 75 76 77 78 79 80 81 82 83 84 85 86 87 88 89 90 91
1 5 92 94 95 32 96 97 98 99 36 100 101 43 76 77 78 46 81 88 89 90
1 6 68 69 102 103 104 105 106 107 108 109 110 111 112 113
1 7 31 63 64 33 65 42 44 49 114 115 116 53 117 54 118 119 56 120 121 58
1 8 92 29 94 30 95 32 96 97 34 98 99 36 100 101 41 43 76 46 81 89
1 9 92 93 94 95 96 97 98 99 100 101 74 76 77 78 81 83 88 89 90 91
1 10 109 111 113 68 69 102 103 104 106 107
1 11 61 62 63 64 65 66 49 114 51 115 52 116 53 54 118 55 56 57 58 59
1 12 84 85 70 71 87 72 73 75
1 13 28 29 30 31 33 34 35 37 38 39 40 41 42 44 45 47 117 119 120 121
1 14 79 80 82 84 85 70 86 71 87 72 73 75
1 15 28 29 94 30 95 32 96 97 34 98 99 36 100 37 101 38 41 43 45 46
1 16 60 61 66 67 102 103 104 105 106 107 108 109 110 111 48 112 113 50 55 57
1 17 92 93 98 99 100 101 74 76 77 78 79 80 81 82 83 86 88 89 90 91
1 18 60 67 68 69 102 103 104 105 106 107 108 109 110 111 48 112 113 50
1 19 28 31 33 35 37 38 39 40 42 44 45 47 114 115 116 117 118 119 120 121
1 20 93 70 71 72 73 74 75 77 78 79 80 82 83 84 85 86 87 88 90 91
1 21 60 61 62 66 67 103 104 105 107 108 109 110 48 112 50 51 52 55 57 59
1 22 111 113 68 69 102 106
1 23 93 70 71 72 73 74 75 79 80 82 83 84 85 86 87 91
1 24 31 64 33 65 35 39 40 42 44 47 114 115 116 53 117 54 118 119 120 121
0 25 60 61 62 63 66 67 105 108 110 48 112 49 50 51 52 55 56 57 58 59
0 26 28 29 94 30 95 32 96 97 34 35 36 37 38 39 40 41 43 45 46 47
0 27 62 63 64 65 49 114 51 115 52 116 53 117 54 118 119 56 120 121 58 59
1 1
1 3
1 14
1 15
1 26
1 28
1 29
1 39
1 41
1 43
1 44
1 55
1 57
1 65
1 68
1 72
1 75
1 80
1 82
1 83
1 4
1 6
1 8
1 9
1 13
1 16
1 17
1 18
1 20
1 25
1 33
1 35
1 45
1 58
1 59
1 61
1 63
1 73
1 74
1 77
1 42
1 79
1 7
1 27
1 52
1 69
1 0
1 5
1 10
1 12
1 19
1 21
1 23
1 30
1 31
1 34
1 36
1 37
1 40
1 54
1 56
1 62
1 67
1 70
1 76
1 81
1 2
1 11
1 38
1 46
1 47
1 66
1 71
1 78
1 22
1 24
1 32
1 48
1 49
1 50
1 51
1 53
1 60
1 64
0 91
0 93
0 84
0 85
0 86
0 87
0 88
0 89
0 90
0 92
