2
28 94
1 0 28 29 30 31 32 33 34 35 36 37 38 39 40 41 42 43 44 45 46 47
1 1 48 49 50 51
1 2 29 32 33 35 36 37 39 40 43 45 46 47 52 53 54 55 56 57 58 59
1 3 60 61 62 63 64 65 66 67 68 69 70 71 72 73 74 75 76 77 78 79
1 4 80 48 81 49 82 50 83 51 84 85 86 87 88 89 90 91
1 5 92 29 93 94 95 96 97 98 99 43 46 47 52 53 54 55 56 57 58 59
1 6 94 95 96 99 100 101
1 7 102 103 104 105 106 107 108 109 110 111 112 113 114 115 116 117 118 119 120 121
1 8 64 66 102 103 104 105 106 74 109 77 110 111 112 113 114 115 118 119 120 121
1 9 60 28 30 62 31 34 67 68 69 38 71 72 41 73 42 75 76 44 78 79
1 10 48 81 49 82 50 83 51 84 85 87 90 91
1 11 100 101
1 12 92 93 94 95 96 97 98 99 100 101
1 13 28 30 62 31 32 34 67 36 68 69 38 71 40 41 42 75 76 44 45 79
1 14 28 30 62 31 32 33 34 35 67 36 37 38 39 40 41 42 76 44 45 79
1 15 107 108 80 48 81 49 82 50 83 51 84 116 85 117 86 87 88 89 90 91
1 16 48 49 50 83 51 84 85 87
1 17 104 107 108 109 111 80 81 113 82 115 116 117 86 118 119 120 88 89 90 91
1 18 92 93 94 95 96 97 98 99 100 101 52 53 54 55 56 57 58 59
1 19 92 29 93 33 97 98 35 37 39 43 46 47 52 53 54 55 56 57 58 59
1 20 102 103 104 105 107 108 109 111 80 112 113 115 116 117 86 118 119 120 88 89
1 21 60 61 63 64 65 66 68 69 70 71 72 73 106 74 75 77 110 78 114 121
0 22 60 61 30 62 63 65 67 68 69 38 70 71 72 41 73 42 75 76 78 79
0 23 60 61 63 64 65 66 102 70 103 72 105 73 106 74 77 110 78 112 114 121
0 24 104 107 108 111 80 81 82 83 84 116 85 117 86 118 87 119 88 89 90 91
0 25 92 93 94 95 96 97 98 99 100 101 55 56 57 58
0 26 61 63 64 65 66 102 70 103 105 106 74 109 77 110 112 113 114 115 120 121
0 27 28 29 31 32 33 34 35 36 37 39 40 43 44 45 46 47 52 53 54 59
1 2
1 6
1 8
1 12
1 18
1 20
1 22
1 26
1 27
1 31
1 34
1 40
1 47
1 48
1 49
1 59
1 61
1 66
1 68
1 70
1 19
1 21
1 39
1 71
1 5
1 13
1 35
1 43
1 45
1 57
1 60
1 73
1 1
1 4
1 9
1 14
1 15
1 24
1 29
1 33
1 36
1 37
1 42
1 44
1 52
1 53
1 54
1 55
1 56
1 62
1 64
1 67
1 7
1 11
1 17
1 25
1 32
1 38
1 51
1 58
1 65
1 69
1 72
1 74
1 0
1 10
1 28
1 30
1 41
1 46
1 50
1 63
1 16
1 23
1 3
0 75
0 76
0 77
0 78
0 79
0 80
0 81
0 82
0 83
0 84
0 85
0 86
0 87
0 88
0 89
0 90
0 91
0 92
0 93
