2
28 94
1 0 28 29 30 31 32 33 34 35 36 37 38 39 40 41 42 43 44 45 46 47
1 1 60 61 30 62 31 63 37 46 48 49 50 51 52 53 54 55 56 57 58 59
1 2 64 65 66 67 68 69 70 71 72 73
1 3 60 61 30 62 31 63 32 33 37 41 45 46 49 50 52 53 54 57 58 59
1 4 64 65 67 69 70 73
1 5 28 29 32 33 34 35 36 38 39 40 41 74 42 75 43 76 44 77 45 47
1 6 78 79 80 81
1 7 92 93 94 95 96 97 98 99 100 101 82 83 84 85 86 87 88 89 90 91
1 8 60 29 30 62 31 63 32 33 35 37 38 40 41 45 46 52 53 54 57 58
1 9 64 65 66 67 68 69 102 70 103 71 104 72 105 73
1 10 93 61 95 100 101 106 107 108 109 48 49 50 51 85 86 87 55 56 91 59
1 11 28 66 34 68 36 102 39 103 71 104 72 105 74 42 75 43 76 44 77 47
1 12 28 64 66 34 68 69 102 70 103 71 104 72 105 73 74 75 76 44 77 47
1 13 60 29 30 31 32 33 35 36 37 38 39 40 41 42 43 45 46 52 53 57
1 14 92 94 96 97 98 99 110 111 112 113 82 114 83 115 84 116 117 88 89 90
1 15 78 79 80 81 118 119 120 121
1 16 28 29 34 35 36 102 38 39 103 40 104 105 74 42 75 43 76 44 77 47
1 17 94 96 97 98 99 110 111 112 113 82 114 115 84 116 117 118 119 120 121 90
1 18 93 61 62 95 63 101 106 107 108 109 48 49 50 51 54 87 55 56 58 59
0 19 110 78 111 79 112 80 113 81 114 115 116 117 118 119 120 121
0 20 60 61 62 63 106 107 108 109 48 49 50 51 52 53 54 55 56 57 58 59
0 21 92 93 94 95 96 98 100 101 106 107 108 109 83 85 86 87 88 89 90 91
0 22 92 93 95 100 101 106 107 108 109 48 83 51 85 86 87 55 88 56 89 91
0 23 78 111 79 80 113 81 114 115 118 119 120 121
0 24 65 67
0 25 97 99 110 78 111 79 112 80 113 81 82 114 115 84 116 117 118 119 120 121
0 26 64 65 66 67 68 69 102 70 103 71 104 72 105 73 74 75 76 77
0 27 92 94 96 97 98 99 100 110 112 82 83 84 116 85 117 86 88 89 90 91
1 6
1 7
1 11
1 16
1 21
1 24
1 31
1 36
1 37
1 38
1 39
1 40
1 43
1 46
1 48
1 52
1 58
1 61
1 62
1 63
1 5
1 9
1 15
1 25
1 27
1 29
1 35
1 45
1 47
1 50
1 51
1 54
1 55
1 57
1 59
1 60
1 0
1 1
1 2
1 3
1 8
1 17
1 33
1 49
1 53
1 64
1 4
1 18
1 44
1 56
1 19
1 23
1 41
1 42
1 10
1 12
1 13
1 14
1 20
1 22
1 26
1 28
1 30
1 32
1 34
0 66
0 67
0 68
0 69
0 70
0 71
0 72
0 73
0 74
0 65
0 80
0 82
0 83
0 75
0 78
0 79
0 81
0 76
0 77
0 84
0 85
0 87
0 89
0 90
0 91
0 86
0 88
0 92
0 93
