2
28 94
1 0 28 29 30 31 32 33 34 35 36 37 38 39
1 1 40 41 42 43 44 45 46 47 48 49 50 51 52 53 54 55 56 57 58 59
1 2 60 61 62 63 64 65 66 67 42 43 48 49 50 51 52 53 55 57 58 59
1 3 60 61 62 63 64 65 66 67 68 69 70 71 72 73 42 74 75 48 49 52
1 4 92 93 94 95 76 77 78 79 80 81 82 83 84 85 86 87 88 89 90 91
1 5 92 93 96 97 98 99 100 101 102 103 80 81 83 84 85 86 87 88 89 91
1 6 60 61 62 63 64 65 66 67 68 70 73 42 74 48 49 51 52 53 55 57
1 7 104 105 106 107 108 109 110 111 112 113 114 115 116 117
1 8 92 93 94 95 104 105 76 77 78 79 113 82 83 115 84 85 87 89 90 91
1 9 28 31 32 33 34 35 36 37
1 10 60 63 65 66 42 43 44 45 46 48 49 50 51 52 53 55 56 57 58 59
1 11 108 109 116 117 106 107
1 12 108 109 110 111 112 114 116 117 106 107
1 13 96 97 98 99 100 101 102 103 80 81 83 84 85 118 86 119 87 120 88 121
1 14 28 29 30 31 34 36 38 39 40 41 43 44 45 46 47 50 54 56 58 59
1 15 92 93 94 95 104 105 76 77 78 110 79 111 112 113 82 114 115 89 90 91
1 16 29 30 38 39 40 41 43 44 45 46 47 50 51 53 54 55 56 57 58 59
1 17 108 109
1 18 60 61 62 63 64 65 66 67 68 69 70 71 72 73 74 75 118 119 120 121
1 19 61 62 64 97 98 67 68 69 101 70 71 103 72 73 74 75 118 119 120 121
1 20 32 33 35 37
1 21 96 97 98 99 68 100 69 101 70 102 71 103 72 73 74 75 118 119 120 121
0 22 92 93 94 95 96 99 100 102 77 79 80 81 83 84 85 86 87 88 89 91
0 23 94 95 104 105 106 107 76 77 78 110 79 111 112 113 82 114 115 116 117 90
0 24 104 105 106 107 76 108 109 78 110 111 112 113 82 114 115 116 117 90
0 25 96 97 98 99 100 69 101 102 71 103 72 75 80 81 118 86 119 120 88 121
0 26 28 29 30 31 32 33 34 35 36 37 38 39 40 41 44 45 46 47 54 56
0 27 28 29 30 31 32 33 34 35 36 37 38 39 40 41 47 54
1 0
1 1
1 10
1 15
1 24
1 30
1 40
1 49
1 52
1 63
1 65
1 68
1 2
1 7
1 12
1 14
1 21
1 23
1 27
1 28
1 36
1 37
1 38
1 44
1 50
1 53
1 54
1 57
1 61
1 71
1 72
1 74
1 34
1 41
1 45
1 56
1 58
1 64
1 66
1 67
1 4
1 5
1 9
1 16
1 20
1 51
1 70
1 73
1 3
1 6
1 8
1 11
1 17
1 18
1 25
1 31
1 32
1 33
1 35
1 42
1 46
1 47
1 48
1 55
1 59
1 60
1 62
1 69
1 13
1 19
1 22
1 26
1 29
1 39
1 43
0 83
0 75
0 76
0 77
0 78
0 79
0 80
0 81
0 82
0 86
0 87
0 89
0 90
0 91
0 92
0 84
0 85
0 88
0 93
