2
28 94
1 0 28 29 30 31 32 33 34 35
1 1 36 37 38 39 40 41 42 43 44 45 46 47 48 49 50 51 52 53 54 55
1 2 36 37 38 39 41 42 44 46 47 48 49 50 51 52 53 54 56 57 58 59
1 3 60 61 62 63 36 37 38 39 41 42 46 48 50 51 53 54 56 57 58 59
1 4 28 29 30 31 64 32 65 33 66 34 67 35
1 5 60 61 62 63 64 65 66 67 68 37 69 38 70 71 48 50 56 57 58 59
1 6 72 73 74 75 76 77 78 79 80 81 82 83 84 85 86 87 88 89 90 91
1 7 28 29 30 31 64 32 65 33 66 34 67 35 68 69 70 71
1 8 92 93 94 95 72 73 74 75 76 77 78 80 81 83 84 86 87 88 89 91
1 9 92 93 94 95 96 97 98 99 40 43 44 77 45 47 49 83 52 87 55 89
1 10 60 61 62 63 36 68 37 69 38 70 71 42 48 50 53 54 56 57 58 59
1 11 100 101 102 103 104 105
1 12 60 28 61 30 62 31 63 64 65 66 67 35 68 69 70 71 56 57 58 59
1 13 100 101 102 103 104 105 106 107 108 109 110 111 112 113 114 115 116 117
1 14 100 101 102 103 104 105 107 109 110 111 112 113 116 117
1 15 92 93 94 95 96 97 98 99 72 73 74 75 76 77 81 83 84 86 87 89
1 16 29 32 33 34
1 17 60 28 29 61 30 62 31 63 64 32 65 33 66 34 67 35 68 69 70 71
1 18 92 93 94 95 96 97 98 99 40 73 74 43 77 45 81 83 86 87 55 89
1 19 96 97 98 99 36 39 40 41 42 43 44 45 46 47 49 51 52 53 54 55
1 20 106 107 108 109 110 79 111 112 113 82 114 115 116 85 117 118 119 120 121 90
1 21 111 113 100 101 117 102 103 104 105 107
0 22 72 73 74 75 76 78 79 80 81 82 84 85 118 86 119 120 88 121 90 91
0 23 72 106 75 108 76 78 79 80 82 114 115 84 85 118 119 120 88 121 90 91
0 24 101 103 104 105 106 107 108 109 110 111 112 113 114 115 116 117 118 119 120 121
0 25 100 102
0 26 106 108 109 78 110 79 80 112 82 114 115 116 85 118 119 120 88 121 90 91
0 27 92 93 94 95 96 97 98 99 39 40 41 43 44 45 46 47 49 51 52 55
1 7
1 13
1 41
1 44
1 47
1 65
1 67
1 70
1 0
1 2
1 8
1 9
1 10
1 14
1 20
1 27
1 32
1 45
1 46
1 55
1 56
1 57
1 58
1 59
1 60
1 61
1 69
1 72
1 34
1 35
1 50
1 63
1 1
1 49
1 64
1 68
1 11
1 18
1 39
1 40
1 12
1 25
1 36
1 71
1 3
1 4
1 5
1 6
1 15
1 16
1 19
1 23
1 26
1 28
1 29
1 38
1 43
1 51
1 52
1 53
1 54
1 62
1 73
1 74
1 22
1 30
1 48
1 66
1 17
1 24
1 31
1 42
1 21
1 33
1 37
0 81
0 82
0 83
0 75
0 76
0 77
0 78
0 79
0 80
0 86
0 87
0 89
0 90
0 92
0 93
0 84
0 85
0 88
0 91
