2
28 94
1 0 28 29 30 31 32 33 34 35 36 37 38 39 40 41 42 43 44 45 46 47
1 1 60 61 62 63 64 65 66 67 48 49 50 51 52 53 54 55 56 57 58 59
1 2 61 64 49 65 50 51 56 57
1 3 60 61 48 64 49 65 50 51 55 56 57 58
1 4 68 69 70 71 72 73 74 75 76 77 78 79 80 81 82 83 84 85 86 87
1 5 28 92 93 94 95 31 96 97 98 99 36 100 101 102 103 41 88 89 90 91
1 6 28 92 31 96 97 34 98 99 36 100 102 39 103 40 41 42 88 89 90 91
1 7 29 30 32 33 34 35 37 38 39 104 40 105 42 43 44 45 46 47
1 8 104 105
1 9 28 29 31 97 34 98 99 36 100 38 102 39 40 41 42 46 47 89 90 91
1 10 69 72 73 106 74 107 76 108 77 109 110 111 80 112 81 113 82 84 86 87
1 11 62 66 67 68 69 70 71 73 74 75 77 78 79 81 82 83 84 53 85 86
1 12 60 62 63 65 66 67 70 71 75 48 49 52 53 85 54 55 56 57 58 59
1 13 92 93 94 95 96 97 98 99 100 101 102 103 114 115 116 117 88 89 90 91
1 14 30 32 33 37 104 105
1 15 62 63 66 67 68 69 70 71 74 75 77 78 79 83 52 53 85 54 86 59
1 16 93 94 95 101 106 107 108 109 110 111 112 113 114 115 116 117 118 119 120 121
1 17 60 61 63 64 65 48 49 50 51 52 54 55 56 57 58 59
1 18 92 93 94 95 96 97 100 101 103 114 115 116 117 118 119 88 120 89 121 91
0 19 72 73 106 107 76 108 109 110 111 80 112 81 113 82 84 118 119 87 120 121
0 20 92 93 94 95 96 101 103 106 108 110 111 114 115 116 117 118 119 88 120 121
0 21 28 29 31 34 98 35 99 36 38 102 39 40 41 42 43 44 45 46 47 90
0 22 61 64 50 51
0 23 60 62 63 66 67 68 70 71 75 78 79 48 83 52 53 85 54 55 58 59
0 24 72 106 107 76 108 109 110 111 80 112 113 114 115 116 117 118 119 87 120 121
0 25 68 69 72 73 74 107 76 77 109 78 79 80 112 81 113 82 83 84 86 87
0 26 44 45 30 32 33 35 37 104 105 43
0 27 29 30 32 33 35 37 38 104 105 43 44 45 46 47
1 0
1 17
1 18
1 19
1 22
1 24
1 26
1 31
1 36
1 37
1 39
1 40
1 41
1 44
1 45
1 51
1 53
1 55
1 59
1 62
1 2
1 4
1 8
1 11
1 14
1 25
1 28
1 29
1 32
1 38
1 42
1 43
1 46
1 47
1 48
1 49
1 50
1 52
1 63
1 64
1 1
1 3
1 5
1 13
1 15
1 16
1 20
1 21
1 23
1 27
1 30
1 33
1 34
1 35
1 54
1 56
1 57
1 58
1 60
1 61
1 6
1 7
1 9
1 10
1 12
0 65
0 66
0 67
0 68
0 69
0 70
0 71
0 72
0 73
0 74
0 83
0 75
0 81
0 76
0 77
0 78
0 79
0 80
0 82
0 91
0 92
0 84
0 85
0 88
0 93
0 86
0 87
0 89
0 90
