2
28 94
1 0 28 29 30 31 32 33 34 35 36 37 38 39 40 41
1 1 34 35 39 40 42 43 44 45 46 47 48 49 50 51 52 53 54 55 56 57
1 2 60 61 62 63 64 65 66 67 68 69 70 71 72 73 74 75 76 77 58 59
1 3 60 61 63 64 65 66 68 69 73 74 76 78 79 80 81 82 83 84 85 59
1 4 92 93 94 95 96 97 42 45 47 48 51 86 54 87 88 56 89 57 90 91
1 5 92 93 94 95 96 97 98 99 100 101 102 103 104 105 106 107 108 109 87 88
1 6 60 61 63 64 65 66 67 68 69 70 73 74 75 76 77 78 80 81 85 59
1 7 60 61 62 63 64 65 66 67 68 70 71 72 74 75 77 110 111 112 113 58
1 8 29 31
1 9 32 34 35 36 38 39 40 41 43 44 45 46 47 49 50 52 53 55 56 57
1 10 28 29 30 31 33 37
1 11 62 67 70 71 72 75 77 110 111 112 113 114 115 116 117 118 119 120 121 58
1 12 28 29 30 31 32 33 36 37 38 41
1 13 60 61 62 64 65 67 70 71 72 75 77 110 111 112 113 114 115 116 118 58
1 14 42 43 44 45 46 47 48 49 50 51 52 53 86 54 55 56 89 57 90 91
1 15 79 82 83 84
1 16 28 30 32 33 34 35 36 37 38 39 40 41 43 44 46 49 50 52 53 55
1 17 98 99 100 101 102 103 104 105 106 107 108 109 114 115 116 117 118 119 120 121
1 18 63 66 68 69 73 74 76 78 79 80 81 82 83 84 85 59
1 19 28 29 30 31 32 33 34 35 36 37 38 39 40 41 46 50 53 55
1 20 76 78 79 80 81 82 83 84 69 85 73 59
1 21 62 98 71 103 72 104 105 110 111 112 113 114 115 116 117 118 119 120 121 58
1 22 78 79 80 81 82 83 84 85
1 23 98 99 101 103 104 105 107 109 110 111 112 113 114 115 116 117 118 119 120 121
1 24 92 93 94 95 96 97 100 102 42 106 108 48 51 86 54 87 88 89 90 91
0 25 92 93 94 95 96 97 99 100 101 102 106 107 108 109 86 87 88 89 90 91
0 26 96 97 42 43 44 45 47 48 49 51 52 86 54 87 88 56 89 57 90 91
0 27 92 93 94 95 98 99 100 101 102 103 104 105 106 107 108 109 117 119 120 121
1 5
1 14
1 22
1 29
1 31
1 32
1 40
1 48
1 60
1 62
1 64
1 65
1 70
1 81
1 1
1 8
1 16
1 19
1 28
1 35
1 37
1 52
1 54
1 57
1 61
1 68
1 71
1 72
1 75
1 83
1 3
1 7
1 9
1 10
1 15
1 23
1 24
1 26
1 27
1 30
1 33
1 34
1 36
1 46
1 47
1 49
1 51
1 56
1 59
1 74
1 12
1 20
1 25
1 41
1 42
1 45
1 50
1 73
1 2
1 4
1 21
1 39
1 43
1 44
1 66
1 69
1 77
1 78
1 79
1 80
1 0
1 6
1 11
1 13
1 18
1 53
1 55
1 58
1 63
1 67
1 76
1 82
1 17
1 38
0 90
0 91
0 84
0 85
0 86
0 87
0 88
0 89
0 92
0 93
