2
28 94
1 0 28 29 30 31 32 33 34 35 36 37
1 1 44 45 46 47 48 49 38 39 40 41 42 43
1 2 60 29 61 30 31 32 33 34 35 37 50 51 52 53 54 55 56 57 58 59
1 3 62 63 64 65 66 67 68 69 38 39 40 41 42 43 44 45 46 47 48 49
1 4 62 67 68 69 70 71 72 73 74 75 76 77 78 79 80 81 82 83 84 85
1 5 92 93 61 94 95 96 97 50 51 52 86 87 55 88 89 57 90 58 91 59
1 6 28 60 29 30 31 32 33 34 35 36 37 53 54 56
1 7 92 93 94 95 96 97 98 99 100 101 51 52 86 87 88 89 57 90 58 91
1 8 28 36
1 9 62 63 64 65 66 67 68 69 70 71 41 73 76 77 45 46 79 49 83 85
1 10 44 47 48 38 39 40 42 43
1 11 62 63 64 65 66 67 68 69 38 70 39 40 41 73 76 45 46 47 49 83
1 12 93 95 96 97 98 99 100 101 102 103 104 105 106 107 108 109 88 89 90 91
1 13 63 64 65 66 38 39 40 41 42 43 44 45 46 47 48 49
1 14 98 99 100 101 102 103 104 105 106 107 108 109 110 111 112 113 114 115 116 117
1 15 93 95 98 99 100 101 102 103 104 105 106 107 108 109 110 112 113 115 90 91
1 16 44 48 42 43
1 17 28 32 33 35 36 37
1 18 92 93 94 95 96 97 98 99 100 101 103 105 107 108 86 87 88 89 90 91
1 19 102 104 72 106 74 109 110 111 112 80 113 114 115 116 84 117 118 119 120 121
1 20 62 63 64 65 66 67 68 69 70 71 73 75 76 77 78 79 81 82 83 85
1 21 102 103 104 105 106 107 108 109 110 111 112 113 114 115 116 117 118 119 120 121
0 22 72 74 75 110 78 111 112 80 113 81 114 82 115 116 84 117 118 119 120 121
0 23 70 71 72 73 74 75 76 77 78 79 80 81 82 83 84 85 118 119 120 121
0 24 28 60 29 61 30 31 32 33 34 35 36 37 50 53 54 55 56 59
0 25 92 60 29 61 30 94 31 34 50 51 52 53 86 54 87 55 56 57 58 59
0 26 71 72 74 75 77 78 111 79 80 81 114 82 116 84 117 85 118 119 120 121
0 27 92 60 61 94 96 97 50 51 52 53 86 54 87 55 88 56 89 57 58 59
1 3
1 17
1 18
1 24
1 25
1 44
1 48
1 60
1 67
1 74
1 0
1 6
1 7
1 13
1 20
1 23
1 42
1 52
1 56
1 61
1 68
1 72
1 5
1 16
1 28
1 31
1 32
1 41
1 43
1 45
1 50
1 65
1 69
1 71
1 19
1 21
1 30
1 36
1 37
1 38
1 53
1 64
1 2
1 12
1 14
1 15
1 27
1 34
1 35
1 40
1 47
1 51
1 55
1 57
1 58
1 62
1 70
1 73
1 1
1 9
1 11
1 22
1 26
1 29
1 33
1 39
1 54
1 59
1 63
1 66
1 8
1 10
1 46
1 49
1 4
0 75
0 77
0 78
0 79
0 81
0 82
0 83
0 76
0 80
0 86
0 87
0 90
0 91
0 92
0 93
0 84
0 85
0 88
0 89
