2
28 94
1 0 28 29 30 31 32 33 34 35 36 37
1 1 28 29 30 31 33 34 35 37 38 39 40 41 42 43 44 45 46 47 48 49
1 2 32 36
1 3 60 61 62 63 64 65 66 67 68 69 50 51 52 53 54 55 56 57 58 59
1 4 29 30 32 33 36 37
1 5 60 62 66 69 70 71 72 73 74 75 76 77 51 52 53 55 56 57 58 59
1 6 92 93 78 79 80 81 82 83 84 85 86 87 88 89 90 91
1 7 92 93 78 81 83 88 89 91
1 8 28 29 30 31 32 33 34 35 36 37 38 39 42 43 44 45 46 47
1 9 94 95 96 97 98 99 100 101 38 39 40 41 42 43 44 45 46 47 48 49
1 10 60 62 63 66 67 68 69 70 73 75 77 51 52 53 54 55 56 57 58 59
1 11 92 83 89 91
1 12 66 70 102 103 71 104 72 105 73 106 74 75 107 76 108 77 109 52 56 59
1 13 92 93 78 80 81 83 84 85 88 89 90 91
1 14 102 103 71 104 72 105 106 74 107 76 108 109 110 111 112 113 114 115 116 117
1 15 61 93 64 65 78 79 80 81 50 82 84 85 118 86 119 87 120 88 121 90
1 16 92 93 78 79 80 81 82 83 84 85 118 86 119 87 120 88 89 121 90 91
1 17 28 29 30 31 32 33 34 35 36 37 42 45 46 47
1 18 60 62 66 69 70 102 103 71 72 73 74 75 107 76 77 109 51 52 56 59
1 19 70 102 103 71 104 72 105 73 106 74 75 107 76 108 77 109 111 115 116 117
1 20 28 95 31 96 98 34 99 35 38 39 40 41 42 43 44 45 46 47 48 49
1 21 94 95 96 97 98 99 100 101 104 105 106 108 110 111 112 113 114 115 116 117
1 22 61 63 64 65 67 68 79 50 82 53 118 54 86 55 119 87 120 57 121 58
1 23 60 61 62 63 64 65 67 68 69 50 51 53 118 54 55 119 120 57 121 58
1 24 61 63 64 65 67 68 79 80 50 82 84 85 118 54 86 119 87 120 121 90
0 25 94 95 96 97 98 99 100 101 40 41 110 111 112 48 113 49 114 115 116 117
0 26 94 97 100 101 102 103 104 105 106 107 108 109 110 111 112 113 114 115 116 117
0 27 94 95 96 97 98 99 100 101 38 39 40 41 43 44 110 112 48 113 49 114
1 8
1 42
1 52
1 58
1 63
1 65
1 70
1 71
1 81
1 83
1 2
1 3
1 16
1 21
1 33
1 36
1 45
1 47
1 49
1 50
1 51
1 82
1 5
1 6
1 9
1 12
1 20
1 24
1 25
1 27
1 29
1 31
1 34
1 35
1 38
1 41
1 46
1 48
1 59
1 62
1 76
1 79
1 10
1 28
1 32
1 44
1 54
1 57
1 68
1 69
1 1
1 7
1 11
1 15
1 18
1 23
1 26
1 39
1 53
1 56
1 60
1 61
1 66
1 67
1 78
1 80
1 0
1 37
1 40
1 43
1 55
1 64
1 74
1 75
1 13
1 14
1 19
1 22
1 30
1 72
1 73
1 77
1 4
1 17
0 85
0 88
0 89
0 90
0 91
0 93
0 84
0 86
0 87
0 92
