2
28 94
1 0 28 29 30 31
1 1 32 33 34 35 36 37 38 39 40 41
1 2 32 40
1 3 60 61 42 43 44 45 46 47 48 49 50 51 52 53 54 55 56 57 58 59
1 4 62 63 64 65 66 67 68 69 70 71 72 73 74 75 76 77 78 79 80 81
1 5 32 34 36 37 38 40
1 6 28 92 29 93 30 31 82 83 84 85 86 87 88 89 90 91
1 7 62 94 63 95 64 96 97 66 67 70 71 72 73 74 75 76 77 78 80 81
1 8 60 61 94 95 96 97 42 43 44 45 46 49 50 51 52 53 54 55 58 59
1 9 60 98 99 100 101 102 103 104 105 42 43 45 46 47 48 51 53 55 56 57
1 10 32 33 98 34 99 35 100 36 101 37 102 38 103 39 104 40 105 41
1 11 62 94 95 64 96 97 67 70 71 72 73 74 75 44 76 77 81 52 54 58
1 12 92 106 107 108 109 110 111 112 113 82 114 115 84 116 117 86 87 88 90 91
1 13 62 63 64 65 66 68 69 70 71 72 75 76 78 79 80 81 118 119 120 121
1 14 61 94 95 96 97 67 70 72 73 74 44 76 77 49 81 50 52 54 58 59
1 15 60 61 94 95 96 97 67 73 74 43 44 45 77 46 49 50 52 54 58 59
1 16 33 98 99 35 100 101 102 103 39 104 105 41 42 47 48 51 53 55 56 57
1 17 60 61 101 103 104 105 42 43 45 46 47 48 49 50 51 53 55 56 57 59
1 18 28 29 93 30 31 83 85 89
0 19 92 106 107 108 109 110 111 112 113 114 115 116 117 118 87 119 88 120 121 91
0 20 28 92 29 93 30 31 108 111 112 82 83 115 84 85 86 87 88 89 90 91
0 21 65 68 69 106 107 108 109 110 111 79 112 113 114 115 116 117 118 119 120 121
0 22 33 98 34 99 35 100 36 101 37 102 38 103 39 104 105 41 47 48 56 57
0 23 92 93 107 108 109 111 112 82 83 115 84 116 85 117 86 87 88 89 90 91
0 24 32 33 98 34 99 35 100 36 37 102 38 39 40 41
0 25 62 63 64 65 66 68 69 71 106 75 110 78 79 80 113 114 118 119 120 121
0 26 63 65 66 68 69 106 107 109 110 78 79 80 113 114 116 117 118 119 120 121
0 27 28 29 93 30 31 82 83 84 85 86 89 90
1 28
1 35
1 37
1 54
1 22
1 27
1 30
1 36
1 39
1 43
1 47
1 48
1 60
1 63
1 2
1 3
1 6
1 8
1 9
1 10
1 11
1 14
1 17
1 23
1 25
1 29
1 33
1 40
1 42
1 51
1 52
1 55
1 58
1 59
1 7
1 12
1 13
1 20
1 21
1 24
1 31
1 32
1 38
1 41
1 44
1 45
1 49
1 50
1 53
1 56
1 57
1 61
1 62
1 64
1 0
1 1
1 4
1 5
1 15
1 16
1 18
1 19
1 26
1 34
1 46
0 73
0 70
0 71
0 72
0 74
0 65
0 66
0 67
0 68
0 69
0 78
0 80
0 83
0 75
0 76
0 77
0 79
0 81
0 82
0 86
0 87
0 88
0 90
0 91
0 92
0 84
0 85
0 89
0 93
