2
28 94
1 0 28 29 30 31 32 33 34 35 36 37 38 39 40 41 42 43 44 45 46 47
1 1 60 61 62 63 64 65 66 67 48 49 50 51 52 53 54 55 56 57 58 59
1 2 68 69 70 71
1 3 72 73 74 75 76 77 78 79 80 81 82 83 84 85 86 87 88 89 90 91
1 4 60 72 73 75 78 79 48 80 81 50 82 83 84 85 87 88 89 58 90 91
1 5 45 33 35 68 69 70 71 42
1 6 92 93 94 95 73 74 75 76 77 78 79 80 81 82 83 85 86 87 89 90
1 7 61 62 96 97 98 66 99 100 101 102 103 104 105 106 107 51 54 55 57 59
1 8 60 65 67 72 73 75 78 79 48 49 81 50 83 84 87 56 88 89 58 91
1 9 28 29 32 33 34 35 68 69 70 71 41 42 43 44 45 46
1 10 108 109
1 11 28 29 45 32 33 35 68 69 70 71 42 43
1 12 97 98 99 100 101 103 105 107 108 109 110 111 112 113 114 115 116 117
1 13 62 96 97 98 99 100 101 102 103 104 105 106 107 110 111 112 114 55 57 59
1 14 92 93 94 95 36 37 38 74 76 77 47 80 82 85 118 86 119 120 121 90
1 15 60 63 64 65 67 72 79 48 49 81 50 83 52 84 53 87 56 88 58 91
1 16 108 109 113 115 116 117
1 17 92 93 30 94 31 95 34 36 37 38 39 40 41 44 46 47 118 119 120 121
1 18 60 61 63 64 65 66 67 72 48 49 50 51 52 84 53 54 56 88 58 91
1 19 28 29 30 31 32 33 34 35 68 69 70 39 71 40 41 42 43 44 45 46
1 20 61 62 63 96 64 98 66 100 101 102 103 104 106 51 52 53 54 55 57 59
1 21 92 93 30 94 31 95 36 37 38 39 40 74 76 77 47 118 86 119 120 121
0 22 92 93 94 95 73 74 75 76 77 78 80 82 85 118 86 119 120 89 121 90
0 23 97 99 105 107 108 109 110 111 112 113 114 115 116 117
0 24 61 62 63 96 64 65 66 67 102 104 106 49 51 52 53 54 55 56 57 59
0 25 28 29 30 31 32 34 36 37 38 39 40 41 43 44 46 47 118 119 120 121
0 26 108 109 110 111 112 113 114 115 116 117
0 27 96 97 98 99 100 101 102 103 104 105 106 107 110 111 112 113 114 115 116 117
1 1
1 3
1 7
1 8
1 10
1 14
1 16
1 37
1 38
1 44
1 45
1 55
1 56
1 58
1 59
1 60
1 62
1 68
1 70
1 71
1 0
1 5
1 18
1 20
1 21
1 26
1 28
1 33
1 34
1 40
1 42
1 46
1 51
1 54
1 61
1 63
1 65
1 69
1 73
1 74
1 15
1 24
1 49
1 66
1 2
1 4
1 9
1 11
1 13
1 17
1 19
1 22
1 23
1 29
1 30
1 31
1 36
1 39
1 47
1 50
1 52
1 64
1 67
1 72
1 25
1 48
1 53
1 57
1 6
1 12
1 27
1 32
1 35
1 41
1 43
0 78
0 79
0 80
0 82
0 83
0 77
0 81
0 75
0 76
0 84
0 85
0 88
0 90
0 91
0 92
0 86
0 87
0 89
0 93
