2
28 94
1 0 28 29 30 31 32 33 34 35 36 37 38 39 40 41 42 43 44 45 46 47
1 1 48 49 50 51 52 53 54 55 56 57 58 59
1 2 60 61 62 63 64 65
1 3 29 30 32 33 66 34 67 35 68 36 69 37 70 71 40 72 73 42 46 47
1 4 29 30 32 66 67 35 68 36 69 70 71 40 72 73 74 75 76 77 46 47
1 5 92 93 94 95 96 97 78 79 80 81 82 83 84 85 86 87 88 89 90 91
1 6 60 61 62 63 64 65 98 99 100 101 102 103 104 105
1 7 93 106 107 108 109 110 79 111 112 113 114 51 115 52 116 85 117 56 89 57
1 8 93 94 95 96 97 79 80 81 113 82 114 115 84 116 85 87 88 89 90 91
1 9 28 92 94 95 96 97 38 39 45 78 82 83 84 118 86 119 87 120 121 90
1 10 63 64
1 11 28 31 32 33 34 36 37 38 39 41 42 43 44 45 46 47 118 119 120 121
1 12 93 95 96 107 109 110 79 80 112 81 113 82 114 115 84 116 85 88 89 91
1 13 50 54 55 59
1 14 60 61 62 63 64 65 99 101 104 105
1 15 93 106 107 108 109 110 79 111 80 112 81 113 114 115 116 85 117 88 89 91
1 16 28 92 94 31 97 38 39 41 43 44 45 78 83 118 86 119 87 120 121 90
1 17 29 30 31 32 33 34 67 35 68 36 37 70 40 72 41 42 43 44 46 47
1 18 28 92 31 33 34 37 38 39 41 42 43 44 45 78 83 118 86 119 120 121
1 19 106 108 111 48 49 50 51 52 53 117 54 55 56 57 58 59
1 20 98 66 99 67 68 100 69 101 70 102 71 103 72 104 73 105 74 75 76 77
1 21 29 30 98 66 67 35 68 100 69 70 102 71 103 40 72 73 74 75 76 77
1 22 106 107 108 109 110 111 48 112 49 113 114 51 115 52 116 53 117 56 57 58
1 23 92 94 95 96 97 78 80 81 82 83 84 118 86 119 87 120 88 121 90 91
1 24 60 61 62 63 64 65 98 99 100 101 102 103 104 105 74 75 76 77
0 25 60 61 62 65 98 66 99 100 69 101 102 71 103 104 73 105 74 75 76 77
0 26 106 107 108 109 110 111 48 112 49 50 51 52 53 117 54 55 56 57 58 59
0 27 48 49 50 53 54 55 58 59
1 12
1 14
1 20
1 22
1 24
1 29
1 36
1 42
1 44
1 46
1 49
1 51
1 55
1 56
1 60
1 70
1 77
1 78
1 79
1 80
1 5
1 19
1 25
1 27
1 30
1 37
1 57
1 58
1 66
1 67
1 73
1 82
1 7
1 18
1 26
1 31
1 35
1 48
1 4
1 6
1 8
1 13
1 34
1 47
1 62
1 71
1 1
1 10
1 43
1 72
1 0
1 9
1 15
1 17
1 28
1 32
1 38
1 45
1 52
1 53
1 54
1 59
1 63
1 64
1 65
1 68
1 69
1 74
1 75
1 76
1 2
1 3
1 39
1 40
1 50
1 61
1 81
1 83
1 11
1 16
1 21
1 23
1 33
1 41
0 86
0 87
0 89
0 91
0 92
0 93
0 84
0 85
0 88
0 90
