2
28 94
1 0 28 29
1 1 30 31 32 33
1 2 34 35 36 37 38 39 40 41 42 43 44 45 46 47 48 49 50 51 52 53
1 3 60 61 62 63 64 65 66 67 68 69 70 71 72 73 54 55 56 57 58 59
1 4 92 93 74 75 76 77 78 79 80 81 82 83 84 85 86 87 88 89 90 91
1 5 94 95 96 97 98 35 99 100 101 102 103 104 41 105 106 107 108 109 48 50
1 6 64 68 70 71 75 76 78 79 81 83 84 54 86 55 87 57 89 90 59 91
1 7 34 36 37 38 39 40 42 43 44 45 110 46 47 111 112 49 113 51 52 53
1 8 63 64 66 67 68 70 71 73 75 78 83 84 54 55 87 57 89 90 59 91
1 9 60 62 65 36 37 69 38 39 42 44 45 110 47 111 112 49 113 51 52 53
1 10 28 29 114 115 116 117
1 11 94 34 35 99 36 38 39 40 41 42 106 43 45 109 46 48 49 50 51 53
1 12 92 93 30 31 32 33 74 75 76 77 78 79 80 81 82 83 85 86 88 90
1 13 92 77 93 30 31 32 80 33 82 85 88 74
1 14 94 95 96 97 98 99 100 101 102 103 104 105 106 107 108 109 118 119 120 121
1 15 95 96 97 98 100 101 102 103 104 105 107 108 114 115 116 117 118 119 120 121
1 16 60 61 62 65 36 37 69 38 39 72 44 110 47 111 112 49 113 52 56 58
1 17 28 29 114 115 116 117 118 119 120 121
1 18 92 30 31 32 80 33 85 88
1 19 92 93 30 31 32 33 74 76 77 79 80 81 82 85 86 88
1 20 60 61 62 63 65 66 67 68 69 71 72 73 110 111 112 113 55 56 57 58
1 21 28 29 95 96 98 101 103 105 107 108 114 115 116 117 118 119 120 121
0 22 61 63 64 66 67 68 70 71 72 73 84 54 55 87 56 57 89 58 59 91
0 23 94 96 97 34 98 35 99 100 102 103 40 104 41 106 43 107 109 46 48 50
0 24 28 29 95 101 105 108 114 115 116 117 118 119 120 121
0 25 60 61 62 63 65 66 67 37 69 72 73 44 110 47 111 112 113 52 56 58
0 26 93 64 70 74 75 76 77 78 79 81 82 83 84 54 86 87 89 90 59 91
0 27 94 97 34 35 99 100 102 40 104 41 42 106 43 45 109 46 48 50 51 53
1 10
1 36
1 0
1 14
1 15
1 57
1 4
1 11
1 12
1 17
1 18
1 29
1 32
1 35
1 37
1 45
1 46
1 50
1 51
1 52
1 53
1 54
1 55
1 56
1 71
1 72
1 1
1 5
1 6
1 7
1 8
1 13
1 16
1 22
1 24
1 26
1 34
1 44
1 58
1 59
1 61
1 63
1 66
1 69
1 73
1 74
1 3
1 9
1 19
1 20
1 23
1 27
1 28
1 38
1 39
1 40
1 41
1 42
1 43
1 60
1 62
1 64
1 65
1 67
1 68
1 70
1 2
1 21
1 25
1 30
1 31
1 33
1 47
1 48
1 49
0 76
0 77
0 78
0 80
0 81
0 82
0 83
0 75
0 79
0 91
0 92
0 85
0 86
0 88
0 89
0 84
0 87
0 90
0 93
