2
28 94
1 0 28 29 30 31 32 33 34 35 36 37 38 39 40 41 42 43 44 45 46 47
1 1 48 49 50 51
1 2 28 60 61 62 31 63 32 33 39 40 43 47 52 53 54 55 56 57 58 59
1 3 60 61 63 64 65 66 67 68 69 70 71 72 73 74 75 52 53 56 58 59
1 4 92 93 76 77 78 79 80 81 82 83 84 85 86 87 88 89 90 91
1 5 94 95 96 97 98 99 100 101 102 103 104 105 106 107 108 109 48 49 50 51
1 6 64 66 67 68 70 71 72 74 110 111 112 113 114 115 116 117 118 119 120 121
1 7 109 48 97 49 50 51 100 102
1 8 64 65 66 67 68 69 70 71 72 73 74 75 110 111 112 114 116 117 119 121
1 9 28 29 30 62 31 32 33 36 38 39 40 41 42 43 45 46 47 54 55 57
1 10 77 93 78 79 80 83 85 88 90 91
1 11 28 29 30 32 34 35 99 36 37 38 39 103 41 42 106 43 107 44 45 46
1 12 60 61 62 31 63 33 65 69 40 73 75 47 52 53 54 55 56 57 58 59
1 13 28 29 61 30 62 31 63 32 33 38 39 40 43 46 47 53 54 55 56 57
1 14 93 78 80 83 85 91
1 15 92 76 77 78 79 80 81 113 82 83 115 84 86 118 87 88 120 89 90 91
1 16 29 94 30 34 35 99 36 37 101 38 103 41 105 42 106 107 44 108 45 46
1 17 92 76 77 110 111 79 81 113 82 115 84 86 118 87 119 88 120 89 121 90
1 18 60 64 65 66 67 68 69 70 71 72 73 74 75 112 114 52 116 117 58 59
1 19 94 95 96 97 98 100 101 102 104 105 108 109 48 49 50 51
1 20 93 76 77 78 79 80 82 83 85 87 88 89 90 91
1 21 94 95 96 97 34 98 35 99 100 37 101 102 103 104 105 106 107 44 108 109
1 22 60 61 62 63 64 65 67 68 69 72 73 75 52 53 54 55 56 57 58 59
1 23 109 95 48 96 97 49 98 50 51 100 102 104
1 24 92 76 110 111 112 81 113 82 114 115 84 116 117 86 118 87 119 120 89 121
0 25 94 95 96 34 98 35 99 36 37 101 103 104 41 105 42 106 107 44 108 45
0 26 92 66 70 71 74 110 111 112 81 113 114 115 84 116 117 86 118 119 120 121
0 27 93 85
1 0
1 2
1 3
1 4
1 9
1 11
1 12
1 13
1 24
1 32
1 34
1 35
1 43
1 46
1 48
1 62
1 66
1 71
1 79
1 81
1 5
1 38
1 47
1 80
1 7
1 10
1 18
1 27
1 31
1 41
1 55
1 65
1 74
1 76
1 78
1 82
1 14
1 15
1 25
1 29
1 33
1 39
1 45
1 49
1 51
1 56
1 68
1 75
1 8
1 19
1 22
1 23
1 26
1 28
1 37
1 50
1 52
1 53
1 54
1 59
1 60
1 61
1 67
1 69
1 70
1 83
1 1
1 16
1 20
1 21
1 30
1 36
1 40
1 42
1 44
1 57
1 58
1 63
1 64
1 72
1 73
1 77
1 6
1 17
0 84
0 85
0 86
0 87
0 88
0 89
0 90
0 91
0 92
0 93
