2
28 94
1 0 28 29 30 31 32 33 34 35 36 37 38 39 40 41
1 1 28 37
1 2 60 61 42 43 44 45 46 47 48 49 50 51 52 53 54 55 56 57 58 59
1 3 62 63 64 65 66 67 68 69 70 71 72 73 74 75 76 77 78 79 80 81
1 4 92 93 94 95 96 97 98 99 100 101 82 83 84 85 86 87 88 89 90 91
1 5 83 99 101 102 103 104 89 105
1 6 94 95 96 98 99 100 101 102 103 104 105 83 84 88 89 90
1 7 62 65 66 67 68 70 71 73 106 74 107 75 108 76 109 77 78 79 80 81
1 8 95 96 98 83 99 100 101 102 103 104 89 105
1 9 67 68 70 71 73 106 74 107 75 108 76 109 110 78 111 79 112 80 113 81
1 10 28 29 30 31 32 33 34 37 38 40
1 11 29 30 62 31 63 64 65 33 66 35 36 69 39 72 41 77 114 115 116 117
1 12 68 70 71 106 107 75 108 76 109 110 78 111 112 80 113 81 118 119 120 121
1 13 29 30 31 63 64 32 33 34 35 36 69 38 39 72 40 41 114 115 116 117
1 14 28 32 34 37 38 40
1 15 92 93 94 95 96 97 98 100 44 47 82 84 85 86 87 88 56 90 58 91
1 16 92 60 61 42 44 45 46 47 48 50 51 52 85 53 87 55 56 57 58 91
1 17 92 93 61 97 42 44 45 46 47 82 50 51 52 85 53 86 87 56 58 91
1 18 60 61 42 43 45 46 48 49 50 51 52 53 118 54 119 55 120 121 57 59
0 19 68 106 43 107 108 109 110 78 111 112 80 49 113 81 118 54 119 120 121 59
0 20 92 93 94 97 42 44 45 46 47 82 51 84 85 86 87 88 56 90 58 91
0 21 60 106 43 107 108 109 110 111 48 112 49 113 118 54 119 55 120 121 57 59
0 22 102 103 104 105
0 23 93 94 95 96 97 98 99 100 101 102 103 104 105 82 83 84 86 88 89 90
0 24 60 61 43 110 111 48 112 49 113 50 52 53 118 54 119 55 120 121 57 59
0 25 28 29 30 31 32 33 34 35 36 37 38 39 40 41 114 115 116 117
0 26 62 63 64 65 66 67 69 70 71 72 73 74 75 76 77 79 114 115 116 117
0 27 62 63 64 65 66 67 35 36 69 39 72 73 41 74 77 79 114 115 116 117
1 0
1 2
1 3
1 6
1 17
1 22
1 23
1 27
1 30
1 34
1 36
1 43
1 49
1 52
1 1
1 4
1 9
1 20
1 25
1 26
1 28
1 33
1 35
1 39
1 40
1 41
1 48
1 50
1 51
1 55
1 57
1 58
1 60
1 61
1 5
1 11
1 12
1 13
1 16
1 18
1 21
1 29
1 31
1 32
1 38
1 42
1 47
1 53
1 54
1 56
1 59
1 62
1 63
1 64
1 7
1 8
1 10
1 14
1 15
1 19
1 24
1 37
1 44
1 45
1 46
0 66
0 67
0 68
0 69
0 70
0 71
0 72
0 73
0 74
0 65
0 76
0 77
0 81
0 75
0 78
0 79
0 82
0 80
0 83
0 91
0 92
0 84
0 89
0 90
0 93
0 85
0 86
0 87
0 88
