2
28 94
1 0 28 29 30 31 32 33 34 35 36 37 38 39 40 41 42 43 44 45 46 47
1 1 60 61 62 63 64 65 66 67 48 49 50 51 52 53 54 55 56 57 58 59
1 2 28 68 69 70 71 72 73 41 74 42 75 76 44 77 78 79 80 81 82 83
1 3 28 31 35 36 38 71 39 72 40 73 41 74 42 43 76 44 79 47 81 83
1 4 84 85 86 87 88 89
1 5 92 29 93 30 31 32 33 34 35 36 37 38 39 40 43 45 46 47 90 91
1 6 60 61 62 63 65 66 67 48 49 50 51 52 53 54 56 57
1 7 94 95 96 97 98 99 68 100 69 101 70 102 103 104 105 75 77 78 80 82
1 8 28 31 35 36 69 71 72 40 73 41 74 42 76 44 77 78 79 80 81 83
1 9 95 96 64 97 100 101 102 103 105 106 107 108 109 110 111 112 113 55 58 59
1 10 95 64 97 100 103 106 107 108 109 110 111 48 112 113 50 51 55 57 58 59
1 11 60 61 63 64 65 66 67 106 107 111 48 49 113 50 51 55 56 57 58 59
1 12 114 115 84 116 85 117 86 87 88 89
1 13 92 29 93 30 32 33 34 37 38 39 43 45 46 47 118 119 120 121 90 91
1 14 94 96 98 99 68 69 101 70 102 72 104 105 74 75 77 78 80 81 82 83
1 15 114 115 84 116 85 117 118 86 119 87 88 120 121 89
1 16 92 29 93 32 33 37 114 115 84 116 117 118 119 87 88 120 121 89 90 91
1 17 85 86
1 18 62 52 53 54
1 19 61 63 64 67 106 107 108 109 110 111 48 112 113 50 51 55 56 57 58 59
1 20 60 62 49 65 66 52 53 54
1 21 94 95 96 97 98 99 100 101 102 103 104 105 106 107 108 109 110 111 112 113
0 22 60 61 62 63 49 65 66 67 52 53 54 56
0 23 94 98 99 68 69 70 71 72 104 73 74 75 76 77 78 79 80 81 82 83
0 24 94 95 96 97 98 99 68 100 101 70 102 103 104 105 75 108 109 110 112 82
0 25 92 93 114 115 84 116 85 117 118 86 119 87 88 120 121 89 90 91
0 26 92 29 93 30 32 33 34 37 45 46 114 115 116 117 118 119 120 121 90 91
0 27 28 30 31 34 35 36 38 71 39 40 73 41 42 43 76 44 45 46 79 47
1 10
1 14
1 15
1 17
1 26
1 27
1 30
1 31
1 33
1 45
1 46
1 47
1 48
1 51
1 53
1 55
1 57
1 59
1 64
1 70
1 0
1 1
1 2
1 4
1 6
1 13
1 18
1 28
1 29
1 32
1 35
1 37
1 42
1 43
1 49
1 58
1 61
1 62
1 69
1 71
1 3
1 5
1 11
1 12
1 21
1 25
1 39
1 41
1 54
1 56
1 60
1 63
1 65
1 67
1 68
1 72
1 19
1 20
1 23
1 44
1 52
1 73
1 22
1 38
1 66
1 74
1 7
1 8
1 9
1 16
1 24
1 34
1 36
1 40
1 50
0 81
0 82
0 83
0 75
0 76
0 77
0 78
0 79
0 80
0 90
0 91
0 86
0 87
0 92
0 93
0 84
0 85
0 88
0 89
