2
28 94
1 0 28 29 30 31
1 1 32 33 34 35 36 37 38 39 40 41 42 43 44 45 46 47 48 49 50 51
1 2 60 61 62 63 64 65 66 67 68 69 70 71 52 53 54 55 56 57 58 59
1 3 72 73 74 75 76 77 78 79 80 81 82 83 84 85 86 87 88 89 90 91
1 4 92 93 94 95 96 97 98 99 100 101 102 103 73 77 78 79 80 81 88 91
1 5 28 60 61 29 62 30 63 31 66 68 69 71 53 54 57 59
1 6 64 33 35 70 104 40 105 41 42 106 107 44 45 47 48 49 50 51 55 56
1 7 33 35 36 37 38 104 40 105 41 42 106 43 107 44 45 47 48 49 50 51
1 8 62 63 64 65 67 68 69 70 71 104 105 106 107 52 53 54 55 56 58 59
1 9 32 33 34 36 37 38 39 42 43 108 44 109 45 110 46 47 111 48 50 51
1 10 112 113
1 11 64 33 65 35 67 70 104 40 105 41 106 107 45 47 49 50 52 55 56 58
1 12 95 98 100 103 73 75 76 77 78 79 80 81 82 83 84 85 86 87 88 91
1 13 72 74 75 76 112 113 82 83 84 85 86 87 89 90
1 14 28 60 61 29 30 31 66 57
1 15 62 64 65 35 67 68 69 70 104 40 105 41 106 107 49 52 53 55 56 58
1 16 112 113 82 84 85 87 72 89 74 90
1 17 32 34 36 37 38 39 42 43 108 44 109 110 46 111 48 114 115 51 116 117
1 18 93 94 32 96 34 102 39 108 109 110 46 111 114 115 116 117 118 119 120 121
1 19 32 34 36 37 38 39 43 108 109 110 46 111 114 115 116 117 118 119 120 121
1 20 92 95 97 98 99 100 101 103 73 75 76 77 78 79 80 81 83 86 88 91
1 21 92 93 94 95 96 97 98 99 100 101 102 103 114 115 116 117 118 119 120 121
0 22 72 73 74 75 76 112 113 81 82 83 84 85 86 87 88 89 90 91
0 23 112 113 72 89 74 90
0 24 92 93 94 95 96 97 98 99 100 101 102 103 77 78 79 80 118 119 120 121
0 25 92 93 94 96 97 99 101 102 108 109 110 111 114 115 116 117 118 119 120 121
0 26 28 60 61 29 30 63 31 66 54 71 57 59
0 27 28 60 61 29 62 30 63 31 65 66 67 68 69 71 52 53 54 57 58 59
1 2
1 53
1 69
1 71
1 7
1 9
1 17
1 27
1 30
1 31
1 35
1 37
1 38
1 44
1 46
1 49
1 50
1 52
1 56
1 57
1 58
1 70
1 73
1 74
1 0
1 4
1 10
1 13
1 15
1 19
1 23
1 24
1 25
1 26
1 28
1 34
1 43
1 45
1 51
1 60
1 62
1 63
1 66
1 72
1 1
1 3
1 5
1 8
1 11
1 18
1 20
1 21
1 29
1 32
1 33
1 39
1 41
1 48
1 54
1 59
1 61
1 64
1 67
1 68
1 6
1 12
1 14
1 16
1 22
1 36
1 40
1 42
1 47
1 55
1 65
0 83
0 75
0 77
0 79
0 82
0 76
0 78
0 80
0 81
0 84
0 85
0 86
0 91
0 92
0 93
0 87
0 88
0 89
0 90
