2
28 94
1 0 28 29 30 31 32 33 34 35 36 37 38 39 40 41 42 43 44 45 46 47
1 1 29 32 33 34 35 37 41 47 48 49 50 51 52 53 54 55 56 57 58 59
1 2 60 61 62 63 64 65 66 67 68 69 70 71 72 73 74 75 76 77 78 79
1 3 76 77 62 80 65 81
1 4 92 93 48 82 50 83 84 52 85 53 86 54 87 55 88 89 57 90 58 91
1 5 28 29 94 30 95 31 96 33 97 35 36 38 39 40 42 43 44 45 46 47
1 6 60 94 95 96 97 98 66 99 100 101 70 102 71 103 72 104 73 105 75 78
1 7 108 109 106 107
1 8 60 61 63 64 66 67 68 69 101 70 102 71 103 72 73 105 74 75 78 79
1 9 76 77 62 63 64 80 65 81 67 69
1 10 92 93 110 111 112 113 82 114 83 115 84 116 85 117 86 87 88 89 90 91
1 11 93 110 111 112 113 82 114 83 115 116 85 117 86 118 87 119 88 120 121 90
1 12 60 61 98 66 99 100 68 101 70 102 71 103 72 104 73 105 74 75 78 79
1 13 60 61 62 63 64 65 66 67 68 69 70 74 75 76 77 79 80 81
1 14 92 32 34 37 41 48 49 50 51 84 52 53 54 55 56 89 57 58 91 59
1 15 106 107 108 109 110 111 112 113 114 115 116 117 118 119 120 121
1 16 94 95 96 97 98 99 100 36 101 38 102 71 103 72 40 104 73 105 45 78
1 17 92 93 82 114 83 115 84 116 85 53 117 86 54 87 88 89 57 90 58 91
1 18 80 81
1 19 108 109 110 111 112 113 118 119 120 121 106 107
1 20 61 62 63 64 65 67 68 69 74 76 77 79 80 81
1 21 92 93 48 49 50 51 84 52 85 53 86 54 87 55 56 89 57 58 91 59
1 22 28 29 30 32 33 34 35 37 39 41 42 47 48 49 50 51 52 55 56 59
1 23 94 95 31 96 97 98 99 100 36 101 38 102 103 40 104 105 43 44 45 46
1 24 108 109 118 119 120 121 106 107
0 25 28 29 30 31 32 33 34 35 37 39 41 42 43 44 46 47 49 51 56 59
0 26 106 107 108 109 110 111 112 113 82 114 83 115 116 117 118 119 88 120 121 90
0 27 28 94 30 95 31 96 97 98 99 100 36 38 39 40 104 42 43 44 45 46
1 7
1 12
1 19
1 30
1 32
1 34
1 36
1 37
1 42
1 48
1 49
1 56
1 58
1 60
1 62
1 65
1 68
1 78
1 79
1 81
1 5
1 24
1 26
1 27
1 28
1 33
1 45
1 50
1 52
1 61
1 64
1 83
1 2
1 3
1 6
1 9
1 11
1 17
1 20
1 21
1 29
1 31
1 35
1 47
1 51
1 54
1 67
1 70
1 71
1 74
1 80
1 82
1 25
1 69
1 8
1 15
1 16
1 23
1 38
1 39
1 40
1 44
1 46
1 53
1 55
1 73
1 1
1 18
1 57
1 77
1 0
1 14
1 22
1 43
1 63
1 66
1 75
1 76
1 13
1 41
1 59
1 72
1 4
1 10
0 84
0 85
0 86
0 87
0 89
0 90
0 88
0 91
0 92
0 93
