2
28 94
1 0 28 29 30 31 32 33 34 35 36 37 38 39 40 41 42 43 44 45 46 47
1 1 48 49 50 51 52 53 54 55
1 2 28 30 32 33 36 37 38 39 40 41 42 43 44 45 46 47 56 57 58 59
1 3 60 61 62 63 64 65 66 67 68 69
1 4 48 49 51 54
1 5 29 31 32 34 35 70 71 72 73 41 74 75 43 76 77 78 79 47 80 81
1 6 28 30 33 38 42 44 45 46 82 83 84 85 86 87 56 88 57 89 58 59
1 7 92 29 93 31 34 35 70 71 72 73 74 75 76 77 78 79 80 81 90 91
1 8 94 95 96 97 98 99 100 101 102 103 104 105 106 107 108 109 82 85 86 88
1 9 94 95 96 97 98 99 100 101 102 103 104 105 106 107 108 109 110 111 112 113
1 10 94 96 97 100 101 102 103 104 105 107 108 109 82 83 84 85 86 87 88 89
1 11 95 96 97 98 99 101 103 104 105 106 108 109 110 111 112 113 114 115 116 117
1 12 29 30 31 32 33 34 35 36 37 70 39 72 40 73 41 42 43 44 77 47
1 13 92 61 93 66 67 68 71 74 75 76 78 79 80 81 118 119 120 121 90 91
1 14 60 92 61 93 62 63 64 65 66 67 68 69 118 119 120 121 90 91
1 15 29 31 32 34 35 36 37 70 39 72 40 73 41 74 43 76 77 78 47 81
1 16 94 97 100 102 105 107 108 109 82 83 84 85 86 87 56 88 57 89 58 59
1 17 28 94 100 102 38 107 45 46 82 83 84 85 86 87 56 88 57 89 58 59
1 18 95 98 99 106 110 111 48 112 49 113 114 50 115 51 116 52 117 53 54 55
0 19 48 49 114 50 115 51 116 52 117 53 54 55
0 20 60 92 61 93 62 63 66 67 68 69 71 75 79 80 118 119 120 121 90 91
0 21 92 93 70 71 72 73 74 75 76 77 78 79 80 81 118 119 120 121 90 91
0 22 110 111 48 112 49 113 114 50 115 51 116 52 117 53 54 55
0 23 60 61 62 63 64 65 66 67 68 69 118 119 120 121
0 24 64 65
0 25 95 96 98 99 101 103 104 106 110 111 112 113 114 50 115 116 52 117 53 55
0 26 60 62 63 64 65 69
0 27 28 30 33 36 37 38 39 40 42 44 45 46 83 84 87 56 57 89 58 59
1 0
1 12
1 16
1 21
1 23
1 25
1 27
1 31
1 33
1 34
1 36
1 40
1 42
1 46
1 49
1 53
1 55
1 59
1 60
1 62
1 5
1 10
1 30
1 32
1 41
1 51
1 54
1 56
1 7
1 35
1 43
1 48
1 6
1 9
1 17
1 24
1 26
1 28
1 38
1 47
1 50
1 52
1 3
1 4
1 8
1 11
1 13
1 20
1 22
1 37
1 45
1 57
1 63
1 64
1 1
1 15
1 19
1 29
1 39
1 44
1 58
1 61
1 2
1 14
1 18
0 74
0 65
0 66
0 67
0 68
0 69
0 70
0 71
0 72
0 73
0 77
0 78
0 79
0 80
0 81
0 82
0 83
0 75
0 76
0 86
0 87
0 85
0 90
0 91
0 92
0 84
0 88
0 89
0 93
