2
28 94
1 0 28 29 30 31 32 33 34 35 36 37 38 39 40 41 42 43 44 45 46 47
1 1 48 49 50 51 52 53 54 55 56 57 58 59
1 2 60 61 62 63 64 65 66 67 68 69 70 71 72 73 74 75 76 77 78 79
1 3 61 62 69 71 72 74 75 76 80 81 82 83 84 85 86 87 88 89 90 91
1 4 92 93 94 95 96 97 98 99 80 81 82 83 84 85 86 87 88 89 90 91
1 5 60 63 64 100 68 101 102 70 103 104 105 77 78 79
1 6 28 92 94 31 95 98 36 106 107 108 109 110 46 111 112 113 114 115 116 117
1 7 61 62 65 66 67 69 71 72 73 74 75 76 82 83 84 85 88 89 90 91
1 8 28 29 30 31 32 36 37 40 106 42 107 108 44 109 46 111 47 112 115 116
1 9 92 93 94 95 96 97 98 99 108 109 110 80 112 81 113 114 115 117 86 87
1 10 34 35 39 41 48 49 50 51 52 53 118 54 119 55 56 120 57 121 58 59
1 11 60 61 63 64 65 66 67 100 68 69 70 103 71 104 73 105 75 77 78 79
1 12 33 34 35 38 39 41 43 45 48 49 50 51 52 53 118 119 56 120 121 59
1 13 101 102
1 14 60 63 64 65 66 67 100 68 101 102 70 103 104 73 105 77 78 79
1 15 60 61 62 63 64 65 66 67 68 69 71 72 73 74 75 76 82 83 85 91
1 16 48 49 50 51 52 53 118 54 119 55 56 120 57 121 58 59
1 17 30 32 33 34 35 38 39 40 41 42 43 45 48 51 53 118 119 120 121 59
1 18 29 30 32 33 34 35 37 38 39 40 41 42 43 44 45 47 118 119 120 121
1 19 92 93 94 95 96 97 98 99 110 80 81 113 114 84 117 86 87 88 89 90
1 20 49 50 52 54 55 56 57 58
1 21 28 29 31 36 37 106 107 108 44 109 110 46 111 47 112 113 114 115 116 117
1 22 28 29 30 31 32 33 36 37 38 40 106 42 107 43 44 45 46 111 47 116
1 23 77 78 79 100 101 102 70 103 104 105
1 24 92 93 94 95 96 97 98 99 106 107 108 109 110 111 112 113 114 115 116 117
0 25 54 55 57 58
0 26 93 62 96 97 99 72 74 76 80 81 82 83 84 85 86 87 88 89 90 91
0 27 100 101 102 103 104 105
1 0
1 9
1 11
1 12
1 14
1 15
1 21
1 22
1 28
1 32
1 35
1 36
1 37
1 38
1 47
1 56
1 65
1 70
1 72
1 83
1 2
1 5
1 19
1 24
1 42
1 58
1 61
1 63
1 68
1 75
1 78
1 82
1 3
1 4
1 25
1 27
1 29
1 44
1 45
1 46
1 48
1 49
1 52
1 53
1 57
1 60
1 62
1 66
1 67
1 73
1 79
1 80
1 8
1 16
1 17
1 18
1 39
1 40
1 43
1 54
1 59
1 74
1 76
1 77
1 10
1 20
1 41
1 50
1 51
1 69
1 71
1 81
1 7
1 26
1 31
1 34
1 55
1 64
1 1
1 6
1 13
1 23
1 30
1 33
0 86
0 87
0 88
0 89
0 91
0 93
0 84
0 85
0 90
0 92
