2
28 94
1 0 28 29 30 31 32 33 34 35 36 37 38 39 40 41 42 43 44 45 46 47
1 1 48 49 50 51 52 53 54 55
1 2 60 61 62 63 48 49 50 51 52 53 54 55 56 57 58 59
1 3 64 65
1 4 60 61 63 48 49 50 51 52 53 54 55 59
1 5 29 30 31 33 66 34 67 68 69 70 38 71 72 41 73 74 75 44 76 77
1 6 92 93 62 78 79 80 81 82 83 84 85 86 87 56 88 57 89 58 90 91
1 7 94 95 96 97 98 35 99 36 100 37 101 102 39 103 40 104 105 43 46 47
1 8 64 65 66 69 70 71 72 106 74 107 75 108 109 77 110 111 112 113
1 9 66 67 68 69 70 71 72 73 106 74 107 75 108 76 109 77 110 111 112 113
1 10 64 65 70 72 106 74 107 75 108 109 110 111 112 113
1 11 28 95 96 32 97 98 35 36 100 37 101 39 103 40 104 42 43 45 46 47
1 12 92 94 95 99 100 101 102 104 105 79 114 82 115 116 117 118 87 119 120 121
1 13 94 95 96 97 98 99 36 100 101 102 39 103 40 104 105 47 115 116 117 119
1 14 92 93 78 79 80 81 114 82 83 84 85 86 118 87 88 120 89 121 90 91
1 15 49 51 52 53
1 16 92 93 78 79 80 81 114 82 115 116 84 117 85 86 118 87 119 120 89 121
1 17 60 61 93 62 63 48 80 50 83 54 86 55 56 88 57 89 58 90 59 91
1 18 108 109 110 111 64 112 65 113 106 107
1 19 60 61 62 63 48 49 50 51 83 52 53 54 55 56 88 57 58 90 59 91
1 20 28 29 96 32 33 97 34 98 35 36 37 38 39 103 40 42 43 45 46 47
1 21 28 29 30 31 32 33 66 34 67 68 69 38 71 41 73 42 44 76 45 77
1 22 30 31 66 67 68 69 70 71 72 41 73 74 75 44 76 109 77 110 111 112
1 23 60 61 93 62 63 78 80 81 83 84 85 86 56 88 57 89 58 90 59 91
1 24 28 29 30 31 32 33 34 67 35 68 37 38 41 73 42 43 44 76 45 46
0 25 108 64 65 113 106 107
0 26 94 95 96 97 98 99 100 101 102 103 104 105 114 115 116 117 118 119 120 121
0 27 92 94 99 102 105 78 79 81 114 82 115 116 84 117 85 118 87 119 120 121
1 2
1 6
1 9
1 20
1 29
1 30
1 31
1 32
1 34
1 35
1 40
1 42
1 43
1 44
1 50
1 52
1 60
1 66
1 71
1 74
1 1
1 10
1 17
1 21
1 25
1 28
1 33
1 51
1 8
1 23
1 37
1 53
1 57
1 68
1 72
1 81
1 41
1 48
1 4
1 12
1 14
1 18
1 24
1 39
1 46
1 49
1 54
1 61
1 69
1 83
1 5
1 11
1 15
1 16
1 19
1 22
1 45
1 47
1 59
1 62
1 67
1 70
1 73
1 75
1 77
1 80
1 0
1 7
1 27
1 38
1 55
1 56
1 58
1 63
1 64
1 65
1 78
1 79
1 3
1 13
1 26
1 36
1 76
1 82
0 92
0 93
0 84
0 85
0 86
0 87
0 88
0 89
0 90
0 91
