2
28 94
1 0 28 29 30 31 32 33 34 35 36 37 38 39 40 41 42 43 44 45 46 47
1 1 60 61 62 63 64 65 66 67 48 49 50 51 52 53 54 55 56 57 58 59
1 2 60 61 63 64 65 68 69 70 71 72 73 74 75 51 52 55
1 3 62 66 67 76 77 78 79 48 80 49 81 50 82 83 53 54 56 57 58 59
1 4 92 93 94 95 96 97 84 85 86 87 88 89 90 91
1 5 68 69 70 71 72 73 74 75
1 6 29 30 94 95 32 96 98 34 99 35 100 37 101 40 41 42 44 45 46 90
1 7 102 103 104 105 106 107 76 108 77 109 78 110 79 111 80 112 81 113 82 83
1 8 28 31 102 103 39 106 107 43 110 111 112 113 114 115 116 117 118 119 120 121
1 9 66 67 104 105 106 76 108 77 109 78 110 79 111 80 81 113 50 82 83 57
1 10 28 29 30 31 33 34 36 37 38 39 40 42 43 44 45 47 116 119 120 121
1 11 29 30 32 33 98 34 99 35 100 36 37 101 38 40 41 42 44 45 46 47
1 12 60 61 62 63 64 65 72 73 74 75 48 49 51 52 53 54 55 56 58 59
1 13 28 31 33 36 102 38 103 39 107 43 47 112 114 115 116 117 118 119 120 121
1 14 92 29 93 94 95 32 96 98 99 35 100 101 41 42 44 45 46 86 87 90
1 15 60 62 64 65 66 67 76 78 79 48 80 49 50 53 54 55 56 57 58 59
1 16 92 93 94 95 96 97 98 99 100 101 84 85 86 87 88 89 90 91
1 17 66 67 104 105 76 108 77 109 78 79 48 80 49 81 50 82 83 56 57 59
1 18 97 84 85 88 89 91
0 19 92 93 94 95 32 96 97 98 99 35 100 101 41 46 84 85 86 87 89 90
0 20 88 91
0 21 68 69 70 71
0 22 28 30 31 33 34 36 37 38 39 40 43 47 114 115 116 117 118 119 120 121
0 23 60 61 62 63 64 65 68 69 70 71 72 73 74 75 51 52 53 54 55 58
0 24 102 103 104 105 106 107 108 77 109 110 111 112 81 113 114 82 115 83 117 118
0 25 102 103 104 105 106 107 108 109 110 111 112 113 114 115 116 117 118 119 120 121
0 26 92 93 97 84 85 86 87 88 89 91
0 27 61 63 51 68 52 69 70 71 72 73 74 75
1 1
1 3
1 5
1 7
1 10
1 15
1 18
1 19
1 34
1 38
1 41
1 42
1 46
1 49
1 51
1 53
1 54
1 57
1 61
1 63
1 6
1 13
1 14
1 21
1 23
1 24
1 27
1 28
1 30
1 33
1 40
1 48
1 50
1 52
1 55
1 56
1 58
1 59
1 62
1 64
1 8
1 20
1 22
1 31
1 32
1 39
1 44
1 60
1 0
1 4
1 12
1 16
1 17
1 26
1 35
1 45
1 2
1 9
1 11
1 25
1 29
1 36
1 37
1 43
1 47
0 70
0 71
0 72
0 73
0 74
0 66
0 67
0 68
0 69
0 65
0 75
0 76
0 77
0 78
0 79
0 80
0 81
0 82
0 83
0 92
0 93
0 84
0 85
0 86
0 87
0 88
0 89
0 90
0 91
