2
28 94
1 0 28 29 30 31 32 33 34 35 36 37 38 39 40 41
1 1 60 61 42 43 44 45 46 47 48 49 50 51 52 53 54 55 56 57 58 59
1 2 60 61 62 63 64 65 42 44 45 46 47 48 49 51 52 54 56 57 58 59
1 3 28 32 34 36 37 39
1 4 28 39
1 5 66 67 68 69 70 71 72 73 74 75 76 77 78 79 80 81 82 83 84 85
1 6 67 68 71 72 73 74 75 76 77 78 79 80 81 82 83 85 86 87 88 89
1 7 92 93 94 95 96 97 90 91
1 8 66 98 99 68 100 69 101 70 102 71 103 72 104 73 105 75 77 79 80 84
1 9 92 93 61 62 94 63 95 64 96 65 97 42 46 90 58 91
1 10 60 106 43 107 108 109 110 111 48 112 113 50 114 115 116 53 117 54 55 56
1 11 98 99 100 101 102 103 104 105 106 107 108 109 110 111 112 113 114 115 116 117
1 12 66 98 99 68 100 69 101 70 102 71 103 104 105 77 110 79 113 115 84 117
1 13 92 93 61 62 94 63 95 64 96 65 97 42 44 45 46 51 90 58 91 59
1 14 67 72 73 74 75 76 78 80 81 82 83 85 86 118 87 119 120 88 121 89
1 15 61 62 94 63 95 64 65 97 42 44 45 46 47 49 51 52 57 90 58 59
1 16 31 33 67 38 40 74 76 78 81 82 83 85 86 118 87 119 120 88 121 89
1 17 99 100 103 104 106 43 107 108 109 110 111 112 113 50 114 115 116 53 117 55
1 18 60 106 43 107 108 109 47 111 48 112 49 50 114 52 116 53 54 55 56 57
1 19 92 93 96 91
1 20 29 30 31 33 35 38 40 41 74 78 81 82 86 118 87 119 120 88 121 89
1 21 92 93 62 94 63 95 64 96 65 97 90 91
1 22 29 30 31 32 33 34 35 36 37 38 40 41 86 118 87 119 120 88 121 89
1 23 66 98 99 100 69 101 70 102 103 104 105 106 107 110 111 113 115 84 116 117
1 24 28 29 30 31 32 33 34 35 36 37 38 39 40 41 118 119 120 121
0 25 66 98 67 68 69 101 70 102 71 72 73 105 75 76 77 79 80 83 84 85
0 26 28 29 30 32 34 35 36 37 39 41
0 27 60 43 44 108 45 109 47 48 112 49 50 114 51 52 53 54 55 56 57 59
1 0
1 6
1 9
1 22
1 23
1 24
1 25
1 28
1 32
1 34
1 58
1 63
1 66
1 80
1 1
1 4
1 8
1 10
1 11
1 12
1 13
1 41
1 53
1 56
1 57
1 59
1 61
1 67
1 68
1 71
1 72
1 76
1 79
1 81
1 2
1 27
1 35
1 75
1 7
1 14
1 18
1 19
1 31
1 33
1 36
1 38
1 40
1 42
1 43
1 45
1 46
1 48
1 49
1 54
1 55
1 64
1 73
1 77
1 5
1 21
1 69
1 74
1 26
1 39
1 50
1 51
1 62
1 65
1 70
1 78
1 16
1 30
1 44
1 47
1 52
1 60
1 82
1 83
1 3
1 15
1 17
1 20
1 29
1 37
0 88
0 89
0 90
0 91
0 92
0 93
0 84
0 85
0 86
0 87
