2
28 94
1 0 28 29 30 31 32 33 34 35 36 37 38 39 40 41 42 43 44 45 46 47
1 1 60 61 62 63 64 65 66 67 48 49 50 51 52 53 54 55 56 57 58 59
1 2 68 69 70 71 72 73 74 75 76 77 78 79 80 81 82 83 84 85 86 87
1 3 92 60 61 93 62 94 63 95 65 66 67 48 49 53 88 89 57 90 58 91
1 4 96 97 98 99 100 101
1 5 96 64 97 98 99 100 101 50 51 52 54 55 56 59
1 6 96 100
1 7 92 60 93 94 63 95 65 67 102 103 104 105 106 107 108 109 88 89 90 91
1 8 93 94 95 68 69 70 102 103 104 73 105 106 107 76 108 77 109 78 86 90
1 9 28 29 32 33 34 35 37 38 39 40 42 43 44 45 46 47
1 10 28 30 31 35 36 37 41 44 110 111 112 113 114 115 116 117 118 119 120 121
1 11 96 64 97 98 99 100 101 54 55 56
1 12 29 45 46 47 32 33 34 38 39 40 42 43
1 13 61 96 64 97 98 66 99 100 101 48 50 51 52 54 55 56 57 59
1 14 28 30 31 35 36 37 38 39 41 44 45 110 46 111 114 115 116 118 120 121
1 15 70 71 72 73 74 75 77 78 79 112 80 113 81 82 83 84 117 85 119 87
1 16 92 93 94 95 68 69 102 103 104 105 106 107 76 108 109 86 88 89 90 91
1 17 29 47 40 42
1 18 28 30 31 32 33 34 35 36 37 38 39 41 43 44 45 110 46 115 116 120
1 19 30 31 36 41 74 110 111 112 80 113 114 82 115 116 84 117 118 119 120 121
1 20 71 72 74 75 110 111 112 80 113 81 114 82 115 116 84 117 118 119 120 121
1 21 92 60 93 62 94 63 95 65 67 103 104 108 109 49 53 88 89 90 58 91
1 22 71 72 74 75 111 79 112 80 113 81 114 82 83 84 117 85 118 119 87 121
1 23 92 60 61 62 63 65 66 67 48 49 50 51 52 53 88 89 57 58 91 59
1 24 61 62 64 97 98 66 99 101 48 49 50 51 52 53 54 55 56 57 58 59
0 25 68 69 70 102 103 104 73 105 106 107 76 108 77 109 78 79 83 85 86 87
0 26 29 47 32 33 34 40 42 43
0 27 68 69 70 102 71 72 73 105 106 75 107 76 77 78 79 81 83 85 86 87
1 2
1 12
1 19
1 26
1 27
1 31
1 34
1 36
1 38
1 46
1 51
1 53
1 54
1 55
1 56
1 64
1 69
1 71
1 74
1 80
1 3
1 4
1 9
1 10
1 11
1 20
1 21
1 39
1 45
1 48
1 50
1 58
1 61
1 65
1 68
1 70
1 72
1 78
1 79
1 83
1 1
1 7
1 14
1 22
1 25
1 28
1 30
1 33
1 40
1 41
1 43
1 47
1 49
1 57
1 59
1 60
1 62
1 63
1 66
1 81
1 0
1 8
1 13
1 18
1 42
1 67
1 76
1 82
1 17
1 23
1 24
1 29
1 35
1 75
1 15
1 16
1 32
1 37
1 44
1 52
1 73
1 77
1 5
1 6
0 84
0 85
0 86
0 87
0 88
0 89
0 90
0 91
0 92
0 93
