2
28 94
1 0 28 29 30 31 32 33 34 35 36 37 38 39
1 1 40 41 42 43 44 45 46 47 48 49 50 51 52 53 54 55 56 57 58 59
1 2 30 34 36 37
1 3 60 61 62 63 64 65 66 67 68 69 70 71 72 73 74 75 76 77 78 79
1 4 60 62 63 64 68 69 71 76 80 81 82 83 84 85
1 5 92 61 93 65 66 67 70 72 73 74 75 77 78 79 86 87 88 89 90 91
1 6 80 85
1 7 94 95 96 97 98 99 100 101 102 103 104 105 106 107 108 109 110 111 112 113
1 8 40 41 42 44 47 48 49 114 50 115 51 116 52 117 53 54 55 57 58 59
1 9 92 93 94 99 100 101 102 103 104 107 110 111 112 113 118 119 120 89 121 91
1 10 92 61 93 65 70 73 74 75 77 78 86 118 87 119 88 120 89 121 90 91
1 11 96 41 105 42 106 43 44 108 45 46 47 48 49 52 53 54 55 56 57 59
1 12 80 81 82 83 84 85
1 13 28 29 30 31 32 33 34 35 36 37 38 39 114 115 116 117
1 14 76 64 80 81 82 83 68 84 69 85
1 15 92 93 100 101 102 103 104 107 111 112 86 118 87 119 88 120 89 121 90 91
1 16 94 95 97 98 99 100 101 102 103 104 107 109 110 111 112 113 118 119 120 121
1 17 92 61 93 65 100 101 102 77 78 112 86 118 87 119 88 120 89 121 90 91
1 18 95 96 97 98 105 42 106 43 44 108 45 109 46 49 52 53 55 56 57 59
0 19 60 62 63 64 66 67 68 69 71 72 76 79 80 81 82 83 84 85
0 20 28 31 33 35 40 41 44 47 48 49 114 50 115 51 116 117 53 54 58 59
0 21 94 95 96 97 98 99 105 42 106 43 108 45 109 46 110 113 52 55 56 57
0 22 60 62 63 64 66 67 68 69 70 71 72 73 74 75 76 79 81 82 83 84
0 23 29 30 32 34 36 37 38 39
0 24 94 95 96 97 98 99 103 104 105 106 43 107 108 45 109 46 110 111 113 56
0 25 28 29 31 32 33 35 38 39 40 41 47 48 114 50 115 51 116 117 54 58
0 26 60 61 62 63 65 66 67 70 71 72 73 74 75 77 78 79 86 87 88 90
0 27 28 29 30 31 32 33 34 35 36 37 38 39 40 114 50 115 51 116 117 58
1 4
1 13
1 16
1 26
1 44
1 45
1 47
1 50
1 51
1 57
1 60
1 63
1 3
1 8
1 15
1 18
1 19
1 22
1 30
1 34
1 36
1 38
1 39
1 40
1 42
1 48
1 52
1 53
1 54
1 56
1 59
1 61
1 1
1 2
1 5
1 6
1 7
1 9
1 10
1 11
1 12
1 17
1 23
1 27
1 29
1 31
1 32
1 33
1 35
1 46
1 58
1 62
1 20
1 24
1 25
1 43
1 55
1 64
1 0
1 14
1 21
1 28
1 37
1 41
1 49
0 74
0 65
0 66
0 67
0 68
0 69
0 70
0 71
0 72
0 73
0 75
0 76
0 77
0 78
0 79
0 80
0 81
0 82
0 83
0 92
0 93
0 84
0 87
0 89
0 91
0 85
0 86
0 88
0 90
