2
28 94
1 0 28 29
1 1 30 31 32 33 34 35 36 37 38 39 40 41 42 43 44 45 46 47 48 49
1 2 60 61 62 63 64 65 66 67 68 69 50 51 52 53 54 55 56 57 58 59
1 3 30 32 33 35 36 37 70 38 71 39 72 73 42 74 43 75 76 77 48 49
1 4 28 61 29 78 79 80 64 65 81 69
1 5 60 63 67 68 72 73 74 75 50 82 51 83 52 84 53 85 54 55 56 58
1 6 92 93 31 32 34 38 40 41 43 44 45 46 47 48 86 87 88 89 90 91
1 7 92 93 94 31 95 96 97 34 40 41 44 45 46 47 86 87 88 89 90 91
1 8 108 109 98 99 100 101 102 103 104 105 106 107
1 9 60 61 62 64 65 66 67 69 78 79 80 81 50 51 52 53 55 56 57 59
1 10 28 61 29 62 64 65 66 69 78 79 80 81 57 59
1 11 63 33 68 37 70 71 39 72 73 74 75 76 77 49 82 83 84 85 54 58
1 12 63 67 68 70 71 72 73 74 75 76 77 50 82 51 83 84 85 54 56 58
1 13 98 100 101 103 104 106 108 109 110 111 112 113 114 115 116 117 118 119 120 121
1 14 99 102 105 107
1 15 60 62 63 66 67 68 50 82 51 83 52 84 53 85 54 55 56 57 58 59
1 16 92 93 94 31 95 96 97 34 40 41 111 112 114 115 86 87 88 89 90 91
1 17 98 99 100 101 102 103 104 105 106 107 108 109 117 118 119 121
1 18 92 94 95 96 97 110 111 112 113 114 115 116 117 118 87 119 88 120 89 121
0 19 98 99 100 101 102 103 104 105 106 107 108 109 110 113 116 117 118 119 120 121
0 20 93 30 31 32 34 35 36 38 40 41 42 43 44 45 46 47 48 86 90 91
0 21 99 100 101 102 103 105 106 107
0 22 94 95 96 97 98 104 108 109 110 111 112 113 114 115 116 117 118 119 120 121
0 23 30 32 33 35 36 37 70 38 71 39 42 43 44 76 45 77 46 47 48 49
0 24 92 93 94 95 96 97 110 111 112 113 114 115 116 86 87 88 120 89 90 91
0 25 28 29 78 79 80 81
0 26 30 33 35 36 37 70 71 39 72 73 42 74 75 76 77 49 82 83 84 85
0 27 28 60 61 29 62 64 65 66 69 78 79 80 81 52 53 55 57 59
1 19
1 49
1 0
1 1
1 5
1 8
1 12
1 15
1 16
1 17
1 24
1 28
1 29
1 30
1 33
1 36
1 41
1 44
1 48
1 53
1 54
1 57
1 2
1 3
1 4
1 6
1 11
1 13
1 21
1 22
1 25
1 31
1 35
1 39
1 45
1 47
1 51
1 55
1 58
1 60
1 61
1 62
1 9
1 20
1 23
1 26
1 37
1 50
1 59
1 63
1 27
1 34
1 38
1 64
1 7
1 14
1 32
1 40
1 10
1 18
1 42
1 43
1 46
1 52
1 56
0 74
0 66
0 71
0 72
0 73
0 65
0 67
0 68
0 69
0 70
0 77
0 78
0 79
0 80
0 81
0 82
0 83
0 75
0 76
0 84
0 85
0 86
0 87
0 88
0 89
0 90
0 91
0 92
0 93
