2
28 94
1 0 28 29 30 31 32 33
1 1 28 29 30 31 32 33 34 35 36 37
1 2 38 39 40 41 42 43 44 45 46 47 48 49 50 51 52 53 54 55 56 57
1 3 60 28 29 61 30 31 32 33 34 35 36 37 58 59
1 4 62 63 64 65 66 67 68 69 70 71 40 72 73 42 74 75 76 45 77 57
1 5 63 64 67 68 69 38 70 71 40 72 73 42 75 76 45 77 49 52 54 57
1 6 92 93 94 95 96 97 78 79 80 81 82 83 84 85 86 87 88 89 90 91
1 7 62 63 64 96 65 97 66 67 68 69 70 71 72 73 74 75 76 77 86 87
1 8 98 99 100 101 102 103 104 105 106 107 108 109 110 111 112 113 114 115 116 117
1 9 60 28 29 61 32 33 34 35 36 101 37 104 105 107 109 112 113 117 58 59
1 10 92 93 94 95 81 82 83 85 118 119 120 121
1 11 60 61 99 100 101 104 105 106 107 108 109 110 111 112 113 114 115 117 58 59
1 12 30 31
1 13 118 119 120 121
1 14 92 93 94 95 78 79 80 81 82 83 84 85 118 119 88 120 89 121 90 91
1 15 98 99 100 102 39 103 41 106 43 44 108 46 110 111 48 50 114 115 116 56
1 16 62 63 64 96 65 97 66 69 70 72 73 74 75 76 80 84 86 87 90 91
1 17 64 67 68 69 38 71 40 42 75 76 45 77 47 49 51 52 53 54 55 57
1 18 60 28 29 61 30 31 32 33 34 35 36 37 104 105 112 117 58 59
1 19 60 61 34 99 35 36 101 37 104 105 107 109 111 112 113 114 115 117 58 59
1 20 62 63 96 65 97 66 70 72 73 74 78 79 80 84 86 87 88 89 90 91
1 21 98 100 102 39 103 41 106 43 44 108 46 110 47 48 50 51 116 53 55 56
0 22 67 68 38 71 40 41 42 44 45 77 46 47 49 51 52 53 54 55 56 57
0 23 92 62 94 95 96 65 97 66 74 78 79 80 84 85 86 87 88 89 90 91
0 24 98 99 100 101 102 39 103 106 43 107 108 109 110 111 48 113 50 114 115 116
0 25 92 93 94 95 78 79 81 82 83 85 118 119 88 120 89 121
0 26 93 81 82 83 118 119 120 121
0 27 98 38 102 39 103 41 43 44 46 47 48 49 50 51 52 116 53 54 55 56
1 34
1 43
1 58
1 61
1 68
1 71
1 17
1 27
1 50
1 63
1 13
1 18
1 19
1 22
1 23
1 25
1 28
1 29
1 31
1 33
1 37
1 40
1 44
1 46
1 53
1 57
1 62
1 69
1 70
1 72
1 2
1 5
1 15
1 55
1 1
1 6
1 7
1 30
1 32
1 38
1 39
1 42
1 45
1 47
1 51
1 59
1 64
1 65
1 66
1 67
1 0
1 9
1 11
1 12
1 14
1 16
1 20
1 21
1 26
1 35
1 36
1 41
1 48
1 49
1 52
1 54
1 56
1 60
1 73
1 74
1 3
1 4
1 8
1 10
1 24
0 75
0 76
0 77
0 78
0 79
0 80
0 81
0 82
0 83
0 86
0 87
0 88
0 89
0 91
0 92
0 84
0 85
0 90
0 93
