2
28 94
1 0 28 29 30 31 32 33 34 35 36 37 38 39 40 41 42 43 44 45 46 47
1 1 60 29 61 62 63 39 44 45 48 49 50 51 52 53 54 55 56 57 58 59
1 2 64 32 65 66 67 68 37 69 70 71 40 72 41 73 74 75 76 77 78 79
1 3 64 65 66 67 68 69 70 71 72 73 74 75 76 77 78 79 80 81 82 83
1 4 84 85 86 87
1 5 92 93 88 89 90 91
1 6 94 62 95 63 96 97 98 99 100 101 48 49 50 52 53 55 56 57 58 59
1 7 28 60 29 61 30 31 33 34 35 36 38 39 42 43 44 45 46 47 51 54
1 8 64 65 66 67 68 69 102 103 104 72 105 73 74 75 78 79 80 81 82 83
1 9 60 29 61 63 34 35 38 39 44 45 47 50 51 52 53 54 56 57 58 59
1 10 64 66 69 102 103 104 105 73 106 107 108 109 80 81 82 83 84 85 86 87
1 11 60 29 61 30 33 34 35 38 39 42 44 45 46 47 51 52 53 54 58 59
1 12 94 62 95 63 96 97 98 99 100 101 110 111 48 112 49 113 50 55 56 57
1 13 92 97 98 100 101 110 111 112 113 114 115 116 117 118 119 120 89 121 90 91
1 14 64 66 67 68 69 102 103 104 72 105 73 106 107 108 109 78 80 81 82 83
1 15 108 109 84 85 102 86 103 87 104 105 106 107
1 16 94 95 96 97 98 99 100 101 110 111 112 113 114 115 116 117 118 119 120 121
1 17 93 88
1 18 28 31 32 65 67 36 68 37 70 71 40 72 41 74 43 75 76 77 78 79
0 19 92 93 114 115 116 117 118 119 88 120 89 121 90 91
0 20 28 30 31 32 33 65 36 37 70 71 40 41 42 74 43 75 76 77 46 79
0 21 92 93 110 111 112 113 114 115 116 117 118 119 88 120 89 121 90 91
0 22 92 93 115 117 118 88 89 121 90 91
0 23 28 30 31 32 33 34 35 36 37 38 70 71 40 41 42 43 76 77 46 47
0 24 108 109 84 85 86 87 106 107
0 25 102 103 104 105 106 107 108 109 80 81 82 83 84 85 86 87
0 26 94 62 95 96 97 98 99 100 101 110 111 48 112 49 113 114 116 55 119 120
0 27 60 61 94 62 95 63 96 99 48 49 50 51 52 53 54 55 56 57 58 59
1 5
1 6
1 9
1 10
1 11
1 14
1 16
1 18
1 22
1 23
1 26
1 33
1 40
1 45
1 46
1 48
1 49
1 53
1 62
1 63
1 8
1 15
1 17
1 24
1 25
1 28
1 30
1 31
1 32
1 34
1 39
1 44
1 47
1 50
1 55
1 56
1 3
1 20
1 21
1 27
1 35
1 38
1 41
1 43
1 51
1 52
1 54
1 57
1 58
1 60
1 61
1 64
1 1
1 13
1 36
1 42
1 0
1 19
1 29
1 37
1 2
1 4
1 7
1 12
1 59
0 73
0 65
0 67
0 68
0 69
0 70
0 71
0 72
0 74
0 66
0 77
0 80
0 82
0 76
0 78
0 81
0 83
0 75
0 79
0 90
0 92
0 84
0 85
0 86
0 87
0 88
0 89
0 91
0 93
