2
28 94
1 0 28 29 30 31 32 33 34 35 36 37 38 39 40 41 42 43 44 45
1 1 60 61 62 63 64 65 46 47 48 49 50 51 52 53 54 55 56 57 58 59
1 2 66 67 68 69 70 71 72 73
1 3 45 32 35 37 38 39 40 41 42 43
1 4 28 60 61 63 34 36 74 75 76 44 77 46 47 48 49 51 52 53 56 59
1 5 62 64 65 78 79 80 81 50 82 83 84 85 54 86 55 87 88 57 89 58
1 6 92 93 94 95 96 97 66 67 68 69 70 71 72 73 90 91
1 7 92 96 97 98 99 100 101 102 103 104 105 106 107 108 109 110 111 112 113 90
1 8 98 99 100 101 102 103 104 105 106 107 108 109 110 111 112 113 114 115 116 117
1 9 60 61 62 63 64 65 46 48 81 50 52 85 54 86 55 56 88 57 58 59
1 10 67 68 72 73
1 11 92 93 94 95 96 97 66 67 68 69 102 70 71 72 73 108 109 112 90 91
1 12 92 93 94 95 96 97 98 66 101 69 102 70 103 71 107 108 109 112 90 91
1 13 98 99 100 101 103 104 105 106 107 110 111 113 114 115 116 117 118 119 120 121
1 14 35 40
1 15 29 30 31 32 33 35 37 38 39 40 41 42 43 45
1 16 60 61 63 65 74 75 76 77 46 47 48 49 51 52 53 54 55 56 58 59
1 17 93 94 95 66 67 68 69 70 71 72 73 91
1 18 92 93 94 95 96 97 98 101 102 103 104 106 107 108 109 111 112 113 90 91
1 19 28 29 30 31 32 33 34 36 39 41 74 42 75 76 44 77 47 49 51 53
1 20 28 60 29 30 31 33 34 36 74 75 76 44 77 46 47 48 49 51 53 56
1 21 99 100 105 78 110 79 80 114 82 83 115 84 116 117 118 119 87 120 121 89
0 22 62 64 78 79 80 81 50 82 83 84 85 118 86 119 87 120 88 57 121 89
0 23 78 79 80 81 114 82 83 115 84 116 85 117 118 86 119 87 120 88 121 89
0 24 45 35 37 38 40 43
0 25 28 29 30 31 32 33 34 36 37 38 39 41 74 42 75 43 76 44 77 45
0 26 61 62 63 64 65 79 81 50 82 52 85 54 86 55 87 88 57 89 58 59
0 27 99 100 104 105 106 78 110 111 80 113 114 83 115 84 116 117 118 119 120 121
1 13
1 17
1 18
1 24
1 27
1 32
1 33
1 35
1 41
1 43
1 53
1 54
1 58
1 60
1 64
1 67
1 69
1 71
1 0
1 14
1 15
1 19
1 20
1 23
1 28
1 31
1 36
1 37
1 39
1 40
1 44
1 45
1 47
1 48
1 59
1 62
1 63
1 72
1 3
1 16
1 30
1 42
1 46
1 49
1 73
1 74
1 6
1 52
1 65
1 66
1 5
1 8
1 12
1 22
1 26
1 34
1 50
1 51
1 55
1 56
1 57
1 68
1 4
1 9
1 10
1 11
1 29
1 38
1 61
1 70
1 1
1 2
1 7
1 21
1 25
0 75
0 76
0 77
0 78
0 79
0 80
0 81
0 82
0 83
0 92
0 93
0 86
0 88
0 90
0 91
0 84
0 85
0 87
0 89
