2
28 94
1 0 28 29 30 31 32 33 34 35 36 37 38 39 40 41 42 43 44 45 46 47
1 1 60 61 62 63 64 65 66 67 48 49 50 51 52 53 54 55 56 57 58 59
1 2 60 63 64 66 68 69 70 71 72 73 74 75 76 77 78 79 49 51 55 58
1 3 28 29 30 31 32 34 35 36 37 40 41 42 43 44 45 46 80 81 82 83
1 4 92 93 94 95 96 97 98 99 100 101 102 103 84 85 86 87 88 89 90 91
1 5 92 93 94 95 96 97 99 100 101 102 103 104 105 106 107 86 88 89 90 91
1 6 28 29 30 33 35 36 37 38 39 40 41 42 43 108 44 109 110 46 111 47
1 7 112 113 114 115
1 8 77 78 116 117 71 73
1 9 28 61 30 62 31 32 65 34 35 41 45 80 81 82 83 118 54 119 120 121
1 10 60 63 64 66 67 68 69 70 72 74 75 76 79 49 50 51 53 55 57 58
1 11 92 93 95 98 101 103 112 113 114 115 84 85 87 88 90 91
1 12 92 93 94 95 97 98 101 103 112 113 114 115 84 85 86 87 88 89 90 91
1 13 92 94 96 97 99 100 101 102 103 104 105 106 107 108 109 110 111 86 88 89
1 14 112 113 114 98 115 84 85 87
1 15 68 69 70 71 72 73 74 75 76 77 78 79 116 117
1 16 61 62 31 32 65 34 45 48 80 81 82 83 52 118 54 119 120 56 121 59
1 17 29 96 33 99 36 100 38 102 39 104 40 105 106 107 108 44 109 110 111 47
1 18 76 77 78 116 117 70 71 72 73 74
0 19 93 95 112 113 114 98 115 84 85 87 90 91
0 20 60 63 64 68 69 70 71 72 73 74 75 76 77 78 79 116 117 55
0 21 29 33 36 37 38 39 104 40 105 106 42 43 107 108 44 109 110 46 111 47
0 22 60 63 64 66 67 68 69 75 79 48 49 50 51 52 53 55 56 57 58 59
0 23 28 30 31 32 34 35 37 41 42 43 45 46 80 81 82 83 118 119 120 121
0 24 116 117
0 25 94 96 33 97 99 100 38 102 39 104 105 106 107 108 109 110 111 47 86 89
0 26 61 62 65 66 67 48 49 50 51 52 53 118 54 119 120 56 57 121 58 59
0 27 61 62 65 67 48 80 81 50 82 83 52 53 118 54 119 120 56 57 121 59
1 0
1 1
1 5
1 7
1 8
1 9
1 14
1 17
1 18
1 24
1 25
1 26
1 33
1 40
1 43
1 45
1 52
1 53
1 54
1 57
1 2
1 4
1 11
1 16
1 27
1 30
1 32
1 34
1 35
1 36
1 37
1 38
1 42
1 49
1 50
1 56
1 58
1 61
1 62
1 63
1 15
1 19
1 22
1 29
1 31
1 39
1 46
1 47
1 48
1 59
1 60
1 64
1 10
1 44
1 51
1 55
1 3
1 6
1 12
1 13
1 20
1 21
1 23
1 28
1 41
0 65
0 66
0 67
0 68
0 69
0 70
0 71
0 72
0 73
0 74
0 83
0 75
0 76
0 79
0 82
0 77
0 78
0 80
0 81
0 84
0 87
0 89
0 92
0 91
0 93
0 85
0 86
0 88
0 90
