2
28 94
1 0 28 29 30 31 32 33 34 35 36 37 38 39 40 41 42 43 44 45 46 47
1 1 29 32 33 34 35 36 39 40 43 44 45 46 48 49 50 51 52 53 54 55
1 2 60 61 62 63 64 65 66 67 68 69 70 71 72 73 74 75 56 57 58 59
1 3 76 77 78 79 48 80 49 81 50 82 51 83 52 84 53 85 54 86 55 87
1 4 92 93 30 94 95 96 97 98 99 100 101 38 102 103 42 47 88 89 90 91
1 5 92 95 96 99 100 101 103 104 105 106 91 107
1 6 60 62 65 70 71 73 74 108 109 110 111 112 113 58
1 7 104 105 106 107
1 8 28 29 31 32 33 34 35 36 37 39 40 41 43 44 45 46 48 49 51 54
1 9 63 68 77 79 81 114 82 115 83 116 117 85 118 86 119 87 56 120 121 59
1 10 92 95 100 104 105 106 91 107
1 11 108 109
1 12 60 61 62 64 65 66 70 71 72 73 74 108 109 110 111 112 113 58
1 13 63 67 68 69 75 77 79 114 82 115 83 116 117 118 119 56 120 57 121 59
1 14 60 61 62 64 65 66 67 69 70 71 72 73 74 75 110 111 112 113 57 58
1 15 61 63 64 66 67 68 69 72 75 114 115 116 117 118 119 56 120 57 121 59
1 16 92 94 95 96 97 98 99 100 101 103 104 105 106 107 89 91
1 17 108 109 110 111 112 113
1 18 76 77 78 79 80 81 50 82 83 52 84 117 53 85 118 86 119 55 87 121
0 19 28 29 93 30 31 32 35 36 37 38 102 39 40 41 42 44 46 47 88 90
0 20 60 61 63 64 65 66 67 68 69 71 72 75 114 115 116 56 120 57 58 59
0 21 108 109 110 62 111 112 113 70 73 74
0 22 28 93 30 94 31 32 97 98 35 37 38 102 39 40 41 42 47 88 89 90
0 23 33 34 43 76 45 78 48 80 49 81 50 51 52 84 53 85 54 86 55 87
0 24 28 93 30 94 31 96 97 98 99 37 101 38 102 103 41 42 47 88 89 90
0 25 76 77 78 79 80 81 114 82 115 83 116 84 117 85 118 86 119 87 120 121
0 26 92 93 94 95 96 97 98 99 100 101 102 103 104 105 106 107 88 89 90 91
0 27 29 33 34 36 43 76 44 45 78 46 48 80 49 50 51 52 84 53 54 55
1 0
1 5
1 6
1 7
1 10
1 15
1 16
1 18
1 21
1 23
1 26
1 27
1 33
1 36
1 41
1 43
1 46
1 47
1 60
1 62
1 2
1 13
1 20
1 32
1 45
1 50
1 51
1 52
1 1
1 4
1 11
1 12
1 22
1 25
1 29
1 34
1 35
1 37
1 38
1 40
1 42
1 48
1 54
1 56
1 58
1 61
1 63
1 64
1 3
1 8
1 9
1 14
1 17
1 39
1 44
1 49
1 53
1 55
1 57
1 59
1 19
1 24
1 28
1 30
1 31
0 65
0 66
0 67
0 68
0 69
0 70
0 71
0 72
0 73
0 74
0 83
0 75
0 77
0 80
0 81
0 76
0 78
0 79
0 82
0 90
0 92
0 84
0 85
0 86
0 87
0 88
0 89
0 91
0 93
