2
28 94
1 0 28 29 30 31 32 33 34 35 36 37 38 39 40 41 42 43 44 45 46 47
1 1 60 61 62 63 64 65 66 67 48 49 50 51 52 53 54 55 56 57 58 59
1 2 28 30 31 32 33 34 68 36 69 38 39 40 41 42 43 44 45 47
1 3 70 71 72 73 74 75 76 77 78 79 80 81 82 83 84 85 86 87 88 89
1 4 33 68 69 39 40 43
1 5 92 93 94 95 96 97 98 99 100 101 102 103 104 105 74 80 86 89 90 91
1 6 28 60 29 61 62 31 64 35 37 38 106 107 108 44 109 46 48 50 51 54
1 7 110 111 112 113
1 8 95 97 98 70 71 72 104 74 75 77 78 79 80 81 82 85 86 87 88 89
1 9 45 47 32 33 68 36 69 39 40 43
1 10 70 72 73 76 77 79 81 114 82 115 83 116 84 117 118 119 87 120 88 121
1 11 94 95 96 97 98 99 100 101 71 104 105 74 75 78 80 85 86 89 90 91
1 12 60 29 61 62 64 35 67 37 106 107 108 109 46 48 50 51 54 56 58 59
1 13 92 93 110 111 112 113 102 103
1 14 92 93 94 95 96 97 98 99 100 101 102 103 104 105 110 111 112 113 90 91
1 15 60 61 62 63 64 65 67 106 107 108 109 48 49 50 51 54 56 57 58 59
1 16 63 65 66 67 49 114 115 52 116 53 117 118 55 119 56 120 57 121 58 59
1 17 28 60 29 30 62 31 34 35 37 38 41 106 42 107 108 44 109 46 50 51
1 18 92 93 110 94 111 112 113 99 100 101 102 103
1 19 95 96 97 98 70 71 72 104 105 74 75 78 79 80 85 86 87 89 90 91
1 20 30 32 33 34 68 36 69 39 40 41 42 43 45 47
1 21 61 63 64 65 66 67 48 49 115 52 53 117 54 55 56 120 57 121 58 59
0 22 63 65 66 73 76 49 114 115 83 52 116 84 53 117 118 55 119 120 57 121
0 23 28 29 30 31 32 34 35 36 37 38 41 106 42 107 108 44 109 45 46 47
0 24 66 73 76 77 81 114 82 115 83 52 116 84 53 117 118 55 119 120 88 121
0 25 68 69
0 26 92 93 94 96 99 100 101 102 103 105 110 111 112 113 90 91
0 27 70 71 72 73 75 76 77 78 79 81 114 82 83 116 84 85 118 119 87 88
1 2
1 9
1 10
1 14
1 17
1 28
1 41
1 42
1 44
1 47
1 48
1 53
1 54
1 55
1 57
1 59
1 65
1 70
1 71
1 72
1 0
1 5
1 7
1 16
1 20
1 24
1 29
1 30
1 34
1 35
1 38
1 49
1 50
1 52
1 58
1 60
1 61
1 62
1 66
1 67
1 40
1 45
1 1
1 3
1 6
1 8
1 15
1 19
1 21
1 23
1 26
1 27
1 31
1 39
1 46
1 56
1 63
1 64
1 68
1 69
1 73
1 74
1 4
1 11
1 12
1 13
1 18
1 22
1 25
1 32
1 33
1 36
1 37
1 43
1 51
0 80
0 81
0 82
0 75
0 78
0 79
0 83
0 76
0 77
0 87
0 88
0 84
0 85
0 86
0 89
0 90
0 91
0 92
0 93
