2
28 94
1 0 28 29 30 31 32 33 34 35 36 37 38 39 40 41 42 43 44 45 46 47
1 1 60 61 48 49 50 51 52 53 54 55 56 57 58 59
1 2 62 63 64 65 66 67 68 69 70 71 72 73 74 75 76 77 78 79 80 81
1 3 28 29 30 31 32 34 35 36 37 38 40 42 43 45 46 47 82 83 84 85
1 4 60 66 67 71 74 77 78 48 80 49 81 50 51 52 53 55 56 57 58 59
1 5 60 62 64 66 67 71 72 74 76 77 78 48 80 49 81 50 51 52 55 58
1 6 62 64 66 67 68 70 71 72 73 74 76 77 78 79 48 80 49 81 52 55
1 7 60 61 50 51 53 54 56 57 58 59
1 8 92 93 62 63 64 65 68 69 70 72 73 75 76 79 86 87 88 89 90 91
1 9 92 62 63 64 65 66 68 69 70 71 72 73 75 76 78 79 81 86 88 89
1 10 94 95 96 97 98 99 100 101 102 103 104 105
1 11 28 29 94 95 31 96 33 34 36 38 39 40 41 105 106 107 108 44 109 46
1 12 92 93 63 65 69 75 110 111 112 113 114 115 116 117 86 87 88 89 90 91
1 13 93 110 111 112 113 82 114 83 115 84 116 117 85 118 119 87 120 121 90 91
1 14 30 32 37 110 111 47 112 113 82 114 83 115 84 116 117 85 118 119 120 121
1 15 30 32 35 37 42 43 45 111 47 82 83 115 84 116 117 85 118 119 120 121
1 16 97 99 103 104
1 17 97 98 99 100 101 102 103 104
1 18 28 29 31 33 34 35 36 38 39 40 41 106 42 107 43 108 44 109 45 46
0 19 94 95 96 33 97 98 99 100 101 102 39 103 104 41 105 106 107 108 44 109
0 20 92 93 63 65 68 69 70 73 75 110 79 112 113 114 86 87 88 89 90 91
0 21 30 31 32 35 36 37 38 42 43 45 46 47 82 83 84 85 118 119 120 121
0 22 28 29 94 95 96 33 34 98 100 101 102 39 40 41 105 106 107 108 44 109
0 23 61 54
0 24 94 95 96 97 98 99 100 101 102 103 104 105 106 107 108 109
0 25 60 61 67 74 77 48 80 49 50 51 52 53 54 55 56 57 58 59
0 26 61 53 54 56 57 59
0 27 92 93 110 111 112 113 114 115 116 117 118 86 119 87 88 120 89 121 90 91
1 2
1 7
1 9
1 18
1 20
1 21
1 23
1 25
1 26
1 28
1 34
1 40
1 44
1 45
1 46
1 56
1 57
1 61
1 62
1 64
1 0
1 1
1 10
1 17
1 30
1 32
1 33
1 35
1 43
1 48
1 51
1 52
1 55
1 59
1 4
1 5
1 6
1 11
1 13
1 14
1 19
1 22
1 29
1 31
1 37
1 38
1 39
1 42
1 49
1 50
1 53
1 58
1 60
1 63
1 8
1 12
1 24
1 54
1 3
1 15
1 16
1 27
1 36
1 41
1 47
0 74
0 65
0 66
0 67
0 68
0 69
0 70
0 71
0 72
0 73
0 81
0 82
0 83
0 75
0 78
0 79
0 80
0 76
0 77
0 86
0 87
0 88
0 89
0 90
0 92
0 84
0 85
0 91
0 93
