2
28 94
1 0 28 29 30 31 32 33 34 35 36 37 38 39 40 41 42 43 44 45 46 47
1 1 60 61 62 63 48 49 50 51 52 53 54 55 56 57 58 59
1 2 64 65 66 67 68 69 70 71 72 73 74 75 76 77
1 3 61 63 78 79 80 49 81 82 83 52 84 53 85 54 86 55 87 88 89 58
1 4 92 93 94 95 64 96 65 97 66 67 68 69 70 71 73 74 76 77 90 91
1 5 72 75
1 6 28 29 31 33 98 99 100 101 102 103 104 40 105 106 107 43 108 44 109 46
1 7 60 62 48 50 51 56 57 59
1 8 30 32 34 35 36 37 38 39 41 42 45 78 110 111 47 80 112 113 84 87
1 9 48 50 51 57
1 10 34 35 36 37 38 41 42 78 110 79 111 47 80 112 81 113 83 84 87 88
1 11 92 93 94 95 96 97 67 68 69 70 71 73 76 77 114 115 116 117 90 91
1 12 64 65 66 72 74 75
1 13 28 29 30 31 32 33 99 100 101 102 39 40 105 106 107 43 44 45 109 46
1 14 28 29 30 31 32 33 99 100 36 37 39 40 105 41 106 42 43 44 45 46
1 15 92 93 64 65 97 66 67 68 69 70 71 72 73 74 75 76 77 91
1 16 94 95 96 98 101 102 103 104 107 108 109 114 115 116 117 118 119 120 121 90
1 17 60 61 62 63 48 49 50 82 51 52 53 85 54 86 55 56 57 89 58 59
1 18 92 93 94 95 96 97 68 69 73 77 114 115 116 117 118 119 120 121 90 91
1 19 60 61 62 63 79 49 81 82 83 52 53 85 54 86 55 56 88 89 58 59
1 20 98 99 100 101 102 103 104 105 106 107 108 109 114 115 116 117 118 119 120 121
1 21 61 63 78 110 79 111 80 112 81 113 82 83 52 84 85 86 87 88 89 58
0 22 60 62 48 49 50 51 53 54 55 56 57 59
0 23 28 29 98 99 100 101 102 103 104 105 106 107 108 44 109 46 118 119 120 121
0 24 76 64 65 66 67 70 71 72 74 75
0 25 92 93 94 95 96 97 98 103 104 108 114 115 116 117 118 119 120 121 90 91
0 26 34 35 38 78 110 79 111 47 80 112 81 113 82 83 84 85 86 87 88 89
0 27 30 31 32 33 34 35 36 37 38 39 40 41 42 43 45 110 111 47 112 113
1 3
1 9
1 10
1 12
1 14
1 27
1 29
1 32
1 34
1 40
1 42
1 53
1 56
1 61
1 63
1 64
1 66
1 68
1 71
1 73
1 1
1 2
1 8
1 13
1 15
1 16
1 22
1 25
1 35
1 44
1 45
1 46
1 50
1 51
1 54
1 72
1 17
1 19
1 23
1 28
1 30
1 31
1 33
1 38
1 47
1 49
1 55
1 59
1 60
1 70
1 0
1 20
1 24
1 39
1 43
1 48
1 52
1 57
1 58
1 62
1 65
1 67
1 4
1 6
1 7
1 18
1 37
1 41
1 69
1 74
1 5
1 11
1 21
1 26
1 36
0 76
0 77
0 78
0 79
0 80
0 82
0 83
0 75
0 81
0 89
0 90
0 86
0 87
0 88
0 93
0 84
0 85
0 91
0 92
