2
28 94
1 0 28 29 30 31 32 33 34 35 36 37 38 39 40 41 42 43 44 45 46 47
1 1 28 29 30 31 32 33 34 35 37 38 39 40 43 45 46 47 48 49 50 51
1 2 60 61 62 63 64 65 66 67 68 69 70 71 52 53 54 55 56 57 58 59
1 3 76 77 78 79 80 81 82 83 72 73 74 75
1 4 60 61 66 67 68 69 71 52 84 85 54 86 87 56 88 57 89 90 59 91
1 5 92 93 94 95 96 97 98 99 36 100 101 102 103 104 41 105 42 106 107 44
1 6 108 109 95 96 97 98 101 102 106 107
1 7 61 66 67 71 73 74 75 76 77 78 80 82 84 85 86 87 88 89 90 91
1 8 63 64 110 111 112 48 113 49 114 50 115 51 116 53 117 118 55 119 120 121
1 9 79 81 83 72
1 10 60 61 62 65 66 67 68 69 70 71 52 54 86 56 88 57 58 90 59 91
1 11 92 93 94 95 96 97 98 99 100 101 102 103 104 105 106 107 108 109
1 12 60 62 63 64 65 68 69 70 112 114 52 53 54 55 119 56 120 57 58 59
1 13 76 77 79 80 81 83 72 73
1 14 72 73 74 75 76 77 78 79 80 81 82 83 84 85 86 87 88 89 90 91
1 15 60 62 63 64 65 69 70 110 112 114 52 116 53 54 118 55 119 120 121 58
1 16 108 109
1 17 108 109 95 98 106 107
1 18 92 93 94 31 96 32 97 34 99 36 100 101 102 38 103 104 41 105 42 44
1 19 61 66 67 68 71 74 75 78 82 84 85 86 87 56 88 57 89 90 59 91
1 20 28 29 30 33 35 37 39 40 43 45 46 111 47 48 113 49 50 115 51 117
1 21 72 73 74 75 76 77 78 79 80 81 82 83 84 85 87 89
1 22 92 29 93 31 32 34 35 36 37 38 103 39 40 104 41 42 44 45 46 47
1 23 28 30 33 35 39 40 43 110 111 47 48 113 49 50 115 51 116 117 118 121
1 24 92 29 93 94 31 32 34 99 36 100 37 38 103 104 41 105 42 44 45 46
0 25 62 63 64 65 70 110 111 112 113 114 115 116 53 117 118 55 119 120 121 58
0 26 28 30 33 43 110 111 112 48 113 49 114 50 115 51 116 117 118 119 120 121
0 27 94 95 96 97 98 99 100 101 102 105 106 107 108 109
1 6
1 7
1 14
1 32
1 36
1 37
1 39
1 41
1 42
1 48
1 60
1 62
1 64
1 66
1 71
1 72
1 73
1 77
1 82
1 83
1 19
1 24
1 70
1 80
1 2
1 3
1 11
1 12
1 13
1 16
1 20
1 29
1 31
1 33
1 35
1 43
1 45
1 50
1 54
1 57
1 61
1 63
1 68
1 69
1 1
1 9
1 21
1 22
1 26
1 30
1 46
1 47
1 53
1 56
1 67
1 74
1 4
1 5
1 17
1 23
1 25
1 38
1 49
1 81
1 10
1 15
1 18
1 27
1 28
1 40
1 44
1 51
1 52
1 55
1 58
1 59
1 65
1 75
1 78
1 79
1 34
1 76
1 0
1 8
0 84
0 85
0 86
0 87
0 88
0 89
0 90
0 91
0 92
0 93
