2
28 94
1 0 28 29 30 31 32 33 34 35 36 37 38 39 40 41 42 43 44 45
1 1 46 47 48 49
1 2 60 61 31 32 33 36 37 40 41 44 50 51 52 53 54 55 56 57 58 59
1 3 62 63 64 65 66 67 68 69 70 71 72 73 74 75 76 77 78 79 80 81
1 4 92 93 94 95 96 97 73 74 76 77 82 83 84 85 86 87 88 89 90 91
1 5 92 93 94 95 96 97 66 67 71 73 74 75 76 77 82 85 86 87 89 91
1 6 46 47 48 49 83 84 88 90
1 7 60 61 98 99 100 101 102 103 104 105 50 51 52 53 54 55 56 57 58 59
1 8 63 65 106 107 108 109 110 78 111 79 112 113 114 115 116 117 118 119 120 121
1 9 60 30 31 32 33 36 37 38 40 41 42 43 44 51 53 54 55 56 58 59
1 10 100 102 103 105 106 107 108 109 110 111 112 113 114 115 116 117 118 119 120 121
1 11 28 29 45 30 34 35 38 39 42 43
1 12 28 29 30 31 32 33 34 35 37 38 39 42 43 45
1 13 63 64 65 68 69 70 106 107 108 109 78 111 79 112 113 115 117 118 119 120
1 14 28 30 31 32 33 34 36 37 38 39 40 41 42 43 44 45 51 53 58 59
1 15 61 98 99 100 101 102 103 104 105 106 110 50 114 52 116 118 119 120 57 121
1 16 62 63 64 65 66 67 68 69 70 71 72 107 75 108 78 111 79 80 113 81
1 17 28 29 45 34 35 39
1 18 62 63 64 65 68 69 70 72 107 108 109 78 111 79 112 80 113 81 115 117
0 19 29 35
0 20 98 99 100 101 102 103 104 105 106 109 110 112 114 115 116 117 118 119 120 121
0 21 60 61 98 99 100 101 102 103 104 105 110 50 114 52 116 54 55 56 57 121
0 22 92 93 94 95 96 97 46 47 48 49 82 83 84 85 86 87 88 89 90 91
0 23 92 93 96 97 46 47 48 49 82 83 84 85 86 88 90 91
0 24 92 93 46 47 48 49 83 84 86 88 90 91
0 25 62 94 95 64 66 67 68 69 70 71 72 73 74 75 76 77 80 81 87 89
0 26 60 61 98 99 36 101 104 40 41 44 50 51 52 53 54 55 56 57 58 59
0 27 62 94 95 96 97 66 67 71 72 73 74 75 76 77 80 81 82 85 87 89
1 7
1 13
1 14
1 20
1 21
1 28
1 37
1 42
1 44
1 49
1 50
1 51
1 55
1 57
1 58
1 60
1 62
1 64
1 17
1 48
1 56
1 63
1 1
1 8
1 12
1 22
1 24
1 25
1 29
1 35
1 43
1 45
1 52
1 59
1 0
1 2
1 4
1 9
1 10
1 11
1 15
1 16
1 19
1 23
1 27
1 30
1 33
1 36
1 38
1 39
1 47
1 53
1 54
1 61
1 3
1 5
1 6
1 18
1 26
1 31
1 32
1 34
1 40
1 41
1 46
0 70
0 71
0 72
0 73
0 74
0 65
0 66
0 67
0 68
0 69
0 81
0 82
0 83
0 75
0 76
0 77
0 78
0 79
0 80
0 84
0 85
0 86
0 87
0 88
0 89
0 90
0 91
0 92
0 93
