2
35 22
1 0 35 36
1 1 37 38
1 2 39 40
1 3 38 39 41 42
1 4 43 44
1 5 36 45 46 47
1 6 35 48 49 50
1 7 51 41
1 8 43 47
1 9 51 52 49 50
1 10 36 45 46 47
1 11 38 39 41 42
1 12 53 49
1 13 35 48 49 50
1 14 51 52 37 54
1 15 38 39 43 44
1 16 38 39 43 44
1 17 53 55 41 42
1 18 52 55
1 19 37 54 56 40
1 20 53 55 45 46
1 21 35 48
1 22 53 55 41 42
1 23 37 54 56 40
0 24 56 44
0 25 54 42
0 26 36 56 40 47
0 27 51 52 37 54
0 28 45 48
0 29 46 50
0 30 35 48
0 31 43 44
0 32 51 52 49 50
0 33 53 55 45 46
0 34 36 56 40 47
1 4
1 11
1 13
1 14
1 8
1 10
1 2
1 3
1 1
1 5
1 7
1 9
1 12
1 0
1 6
0 15
0 16
0 18
0 17
0 21
0 19
0 20
