2
35 22
1 0 35 36
1 1 35 37 38 39
1 2 36 40 41 42
1 3 40 41 43 44
1 4 40 41 43 44
1 5 42 45
1 6 36 42 46 47
1 7 48 49
1 8 51 50
1 9 52 53 46 47
1 10 36 40 41 42
1 11 54 38 39 55
1 12 51 56 45 50
1 13 54 55 43 44
1 14 35 37 56 45
1 15 52 53 48 49
1 16 35 37 38 39
1 17 35 37 56 45
1 18 51 41
1 19 54 55 43 44
1 20 44 50
1 21 52 53 46 47
1 22 51 56 45 50
1 23 51 50
0 24 56 40
0 25 48 49
0 26 37 47
0 27 54 38 39 55
0 28 43 48
0 29 53 39
0 30 38 46
0 31 52 53 48 49
0 32 36 42 46 47
0 33 55 49
0 34 52 54
1 4
1 13
1 3
1 5
1 8
1 2
1 11
1 12
1 7
1 9
1 6
1 1
1 10
1 0
1 14
0 15
0 16
0 17
0 18
0 19
0 21
0 20
