2
35 22
1 0 35 36 37 38
1 1 39 40
1 2 41 42 43 44
1 3 37 45
1 4 37 38 46 47
1 5 46 47 48 49
1 6 35 51 36 50
1 7 52 53 41 42
1 8 54 43 44 45
1 9 51 52 53 50
1 10 46 47 48 49
1 11 37 38 46 47
1 12 54 55 56 45
1 13 35 51 36 50
1 14 39 40 48 49
1 15 35 56
1 16 42 47
1 17 44 46
1 18 41 42 43 44
1 19 39 40 48 49
1 20 41 49
1 21 38 43
1 22 54 43 44 45
1 23 55 56
1 24 51 52 53 50
1 25 52 53 41 42
1 26 53 39
1 27 36 54
1 28 51 55
1 29 39 40
1 30 55 56
0 31 35 36 37 38
0 32 52 48
0 33 54 55 56 45
0 34 40 50
1 5
1 11
1 14
1 15
1 1
1 18
1 3
1 7
1 13
1 16
1 17
1 4
1 9
1 2
1 12
1 6
1 10
1 0
1 8
0 21
0 19
0 20
