2
35 22
1 0 35 36
1 1 37 38
1 2 39 40 41 42
1 3 39 40 41 42
1 4 35 43
1 5 40 42 44 45
1 6 35 36 37 46
1 7 39 47
1 8 47 48 49 50
1 9 51 52 49 50
1 10 53 54 47 48
1 11 35 36
1 12 40 42 44 45
1 13 38 43 44 45
1 14 45 46
1 15 39 55 56 41
1 16 53 54 47 48
1 17 55 56
1 18 55 56
1 19 53 38 54 43
1 20 42 49
1 21 52 40
1 22 36 54
1 23 41 50
1 24 39 55 56 41
1 25 47 48 49 50
1 26 35 36 37 46
1 27 53 56
0 28 55 48
0 29 51 52 49 50
0 30 51 52 37 46
0 31 51 52 37 46
0 32 38 43 44 45
0 33 51 44
0 34 53 38 54 43
1 0
1 16
1 3
1 4
1 1
1 2
1 7
1 11
1 13
1 8
1 14
1 12
1 6
1 9
1 10
1 15
1 5
0 18
0 17
0 20
0 19
0 21
