2
35 22
1 0 35 36
1 1 37 38 39 40
1 2 37 38 41 42
1 3 38 43
1 4 44 45 46 47
1 5 48 49
1 6 37 50
1 7 37 38 41 42
1 8 39 40 45 47
1 9 51 52 48 49
1 10 53 41
1 11 54 55 43 50
1 12 52 40
1 13 54 42
1 14 53 56 44 46
1 15 55 39
1 16 54 55 43 50
1 17 48 49
1 18 35 36 41 42
1 19 53 54 56 43
1 20 51 45
1 21 51 52 55 50
1 22 36 44
1 23 46 49
0 24 37 38 39 40
0 25 47 48
0 26 35 56
0 27 51 52 48 49
0 28 51 52 55 50
0 29 35 36 41 42
0 30 53 54 56 43
0 31 53 56 44 46
0 32 35 36
0 33 39 40 45 47
0 34 44 45 46 47
1 1
1 10
1 2
1 11
1 12
1 13
1 5
1 14
1 7
1 0
1 4
1 8
1 9
1 3
1 6
0 16
0 15
0 17
0 18
0 20
0 21
0 19
