2
35 22
1 0 35 36
1 1 37 38 39 40
1 2 35 38 39 41
1 3 42 43
1 4 35 38 39 41
1 5 36 44
1 6 42 43 45 46
1 7 36 44
1 8 45 46 47 48
1 9 36 44 49 50
1 10 35 51 52 41
1 11 41 43
1 12 53 54
1 13 40 45
1 14 45 46 47 48
1 15 55 48
1 16 51 52 53 56
1 17 52 50
1 18 42 43 45 46
1 19 37 54 55 40
1 20 56 49
1 21 51 52 53 56
1 22 37 38 39 40
1 23 35 51 52 41
0 24 54 55 49 50
0 25 51 44
0 26 37 54 55 40
0 27 42 43
0 28 36 44 49 50
0 29 38 46
0 30 53 56 47 48
0 31 39 42
0 32 53 56 47 48
0 33 54 55 49 50
0 34 37 47
1 5
1 8
1 1
1 2
1 6
1 12
1 14
1 9
1 11
1 13
1 3
1 10
1 0
1 7
1 4
0 16
0 15
0 18
0 17
0 21
0 19
0 20
