2
35 22
1 0 35 36
1 1 37 38 39 40
1 2 37 38 39 40
1 3 35 41 42 43
1 4 37 38 44 45
1 5 42 46
1 6 47 48 49 50
1 7 38 47
1 8 51 52 47 50
1 9 53 54 44 45
1 10 36 55
1 11 56 46
1 12 54 56
1 13 40 43
1 14 45 49
1 15 51 37
1 16 56 46 48 49
1 17 52 39
1 18 53 54 44 45
1 19 47 48 49 50
1 20 55 41
1 21 53 54 41 42
1 22 36 55
1 23 51 52 47 50
1 24 36 55 39 40
1 25 51 35 52 43
1 26 53 54 41 42
1 27 56 46 48 49
0 28 37 38 44 45
0 29 53 48
0 30 44 50
0 31 35 41 42 43
0 32 36 55 39 40
0 33 56 46
0 34 51 35 52 43
1 1
1 8
1 2
1 3
1 6
1 7
1 12
1 13
1 16
1 5
1 11
1 4
1 9
1 10
1 14
1 15
1 0
0 17
0 18
0 21
0 19
0 20
