2
35 22
1 0 35 36 37 38
1 1 35 38 39 40
1 2 41 42
1 3 43 44 45 46
1 4 38 45
1 5 36 37 47 48
1 6 44 45 49 50
1 7 51 52 47 48
1 8 53 54 41 42
1 9 35 36 37 38
1 10 53 54 43 46
1 11 51 52 49 50
1 12 51 42
1 13 53 37
1 14 55 39 56 40
1 15 41 48
1 16 40 50
1 17 36 46
1 18 51 52 47 48
1 19 53 54 43 46
1 20 55 49
1 21 51 52 49 50
1 22 43 44 45 46
1 23 35 38 39 40
0 24 55 39 56 40
0 25 39 44
0 26 54 47
0 27 55 56
0 28 52 56
0 29 53 54 41 42
0 30 41 42
0 31 35 43
0 32 36 37 47 48
0 33 44 45 49 50
0 34 55 56
1 5
1 6
1 9
1 14
1 11
1 13
1 1
1 12
1 2
1 3
1 7
1 10
1 4
1 8
1 0
0 16
0 15
0 18
0 17
0 21
0 19
0 20
