2
35 22
1 0 35 36
1 1 37 38
1 2 38 39 40 41
1 3 42 43 44 45
1 4 43 46
1 5 38 40 47 48
1 6 35 36 37 49
1 7 41 49
1 8 51 52 46 50
1 9 38 39 40 41
1 10 53 40
1 11 51 39 41 50
1 12 43 45 47 48
1 13 42 50
1 14 52 54 55 46
1 15 53 54 55 56
1 16 51 39 41 50
1 17 35 36
1 18 43 45 47 48
1 19 38 40 47 48
1 20 55 48
1 21 37 53 56 49
1 22 42 43 44 45
1 23 52 54 55 46
0 24 54 45
0 25 42 44
0 26 37 53 56 49
0 27 53 54 55 56
0 28 42 44
0 29 56 47
0 30 51 52 46 50
0 31 35 36 37 49
0 32 35 51
0 33 36 39
0 34 52 44
1 5
1 8
1 6
1 9
1 0
1 3
1 14
1 1
1 7
1 12
1 13
1 4
1 2
1 10
1 11
0 15
0 16
0 18
0 17
0 19
0 21
0 20
