2
35 22
1 0 35 36
1 1 35 37 38 39
1 2 40 41
1 3 42 43
1 4 36 44 45 46
1 5 40 43 47 48
1 6 51 52 49 50
1 7 37 45
1 8 40 43 47 48
1 9 51 37 39 50
1 10 39 46
1 11 53 50
1 12 52 54 42 49
1 13 53 55 44 45
1 14 35 37 38 39
1 15 35 38 40 43
1 16 36 56 41 46
1 17 36 44 45 46
1 18 51 37 39 50
1 19 36 56 41 46
1 20 53 55 44 45
1 21 52 54 42 49
1 22 54 56 41 42
1 23 53 55
1 24 52 48
1 25 51 52 49 50
1 26 54 47
1 27 38 56
0 28 55 49
0 29 54 56 41 42
0 30 47 48
0 31 35 38 40 43
0 32 53 55
0 33 51 44
0 34 47 48
1 4
1 16
1 2
1 3
1 15
1 1
1 7
1 6
1 11
1 8
1 12
1 13
1 5
1 10
1 0
1 9
1 14
0 18
0 17
0 20
0 19
0 21
