2
35 22
1 0 35 36
1 1 37 38 39 40
1 2 37 38 39 40
1 3 41 42 43 44
1 4 45 46 47 48
1 5 36 46
1 6 41 43 49 50
1 7 37 38 47 48
1 8 51 39
1 9 51 52 42 44
1 10 40 44
1 11 35 36
1 12 37 38 47 48
1 13 53 54
1 14 37 42
1 15 38 43
1 16 45 46 47 48
1 17 47 49
1 18 45 50
1 19 35 36 49 50
1 20 53 55 45 46
1 21 41 42 43 44
1 22 51 52 53 55
1 23 51 52 42 44
1 24 41 48
1 25 52 56
1 26 54 39 56 40
1 27 53 55 45 46
0 28 51 52 53 55
0 29 54 56
0 30 54 56
0 31 35 36 49 50
0 32 41 43 49 50
0 33 54 39 56 40
0 34 35 55
1 3
1 9
1 4
1 5
1 6
1 12
1 2
1 8
1 14
1 15
1 7
1 10
1 11
1 16
1 0
1 13
1 1
0 18
0 17
0 21
0 20
0 19
