2
35 22
1 0 35 36
1 1 37 38
1 2 39 40 41 42
1 3 43 44 45 46
1 4 43 46 47 48
1 5 51 52 49 50
1 6 38 49
1 7 53 54 40 42
1 8 51 55 56 49
1 9 55 56 44 45
1 10 51 52 49 50
1 11 52 39 41 50
1 12 42 44
1 13 41 47
1 14 51 55 56 49
1 15 35 36 47 48
1 16 35 36
1 17 43 44 45 46
1 18 40 43
1 19 35 36 47 48
1 20 52 48
1 21 53 45
1 22 43 46 47 48
1 23 53 54 40 42
0 24 35 50
0 25 53 37 54 38
0 26 51 36
0 27 37 55
0 28 37 38
0 29 39 46
0 30 53 37 54 38
0 31 54 56
0 32 52 39 41 50
0 33 39 40 41 42
0 34 55 56 44 45
1 5
1 12
1 2
1 9
1 6
1 10
1 11
1 14
1 3
1 7
1 8
1 13
1 0
1 4
1 1
0 15
0 16
0 18
0 17
0 20
0 19
0 21
