2
35 22
1 0 35 36 37 38
1 1 39 40
1 2 38 41
1 3 42 43 44 45
1 4 41 42 44 46
1 5 47 48
1 6 45 49
1 7 51 52 49 50
1 8 44 50
1 9 47 48
1 10 36 53 37 54
1 11 53 54 43 45
1 12 52 55 56 50
1 13 53 47
1 14 55 42
1 15 41 42 44 46
1 16 39 40 41 46
1 17 51 54
1 18 35 38 55 56
1 19 36 53 37 54
1 20 37 40
1 21 39 40
1 22 51 47 48 49
1 23 35 36 37 38
1 24 51 47 48 49
1 25 39 40 41 46
1 26 36 48
1 27 42 43 44 45
0 28 53 54 43 45
0 29 56 46
0 30 51 52 49 50
0 31 52 55 56 50
0 32 52 43
0 33 35 39
0 34 35 38 55 56
1 1
1 2
1 6
1 9
1 7
1 8
1 3
1 5
1 10
1 11
1 16
1 13
1 0
1 12
1 15
1 4
1 14
0 18
0 17
0 20
0 19
0 21
