2
35 22
1 0 35 36
1 1 36 37 38 39
1 2 35 40 41 42
1 3 43 44 45 46
1 4 37 39 47 48
1 5 36 38 49 50
1 6 43 44 45 46
1 7 51 52 53 54
1 8 53 54 49 50
1 9 55 56 40 41
1 10 51 52
1 11 42 50
1 12 43 44
1 13 35 42 45 46
1 14 55 56 47 48
1 15 37 46
1 16 37 39 47 48
1 17 52 48
1 18 51 52
1 19 35 40 41 42
1 20 39 43
1 21 51 56
1 22 44 47
1 23 55 56 47 48
0 24 54 55
0 25 36 37 38 39
0 26 43 44
0 27 55 56 40 41
0 28 41 49
0 29 51 52 53 54
0 30 53 54 49 50
0 31 38 45
0 32 36 38 49 50
0 33 35 42 45 46
0 34 53 40
1 9
1 12
1 7
1 8
1 13
1 4
1 6
1 14
1 0
1 2
1 5
1 11
1 3
1 10
1 1
0 16
0 15
0 17
0 18
0 21
0 19
0 20
