2
35 22
1 0 35 36
1 1 35 37 38 39
1 2 37 40
1 3 41 42
1 4 41 43
1 5 44 45
1 6 46 47 48 49
1 7 51 50
1 8 52 53 38 39
1 9 44 45
1 10 54 39
1 11 52 49
1 12 46 47 48 49
1 13 52 53 38 39
1 14 51 36 54 40
1 15 41 43
1 16 55 42 46 47
1 17 54 40 48 49
1 18 35 37 38 39
1 19 54 40 48 49
1 20 35 37 56 50
1 21 43 46
1 22 55 56 42 50
1 23 52 53 41 43
1 24 55 42 46 47
1 25 55 56 42 50
1 26 56 45
1 27 51 36 44 45
1 28 35 37 56 50
1 29 51 36 54 40
1 30 51 36 44 45
0 31 53 47
0 32 52 53 41 43
0 33 38 48
0 34 55 44
1 16
1 17
1 2
1 10
1 11
1 13
1 6
1 18
1 8
1 5
1 14
1 3
1 4
1 12
1 15
1 0
1 9
1 1
1 7
0 21
0 20
0 19
