2
35 22
1 0 35 36 37 38
1 1 39 40 41 42
1 2 36 43
1 3 44 45 46 47
1 4 39 42 48 49
1 5 51 52 53 50
1 6 51 52 54 55
1 7 56 43 46 47
1 8 54 41
1 9 55 56
1 10 35 37 48 49
1 11 48 50
1 12 54 55
1 13 35 37 48 49
1 14 52 39
1 15 35 47
1 16 35 36 37 38
1 17 51 52 53 50
1 18 53 42
1 19 39 42 48 49
1 20 53 44 45 50
1 21 37 44
1 22 56 40 41 43
1 23 56 40 41 43
1 24 36 38
1 25 51 52 54 55
1 26 56 43 46 47
1 27 45 49
0 28 54 55
0 29 39 40 41 42
0 30 38 46
0 31 36 38
0 32 53 44 45 50
0 33 44 45 46 47
0 34 51 40
1 2
1 3
1 7
1 16
1 6
1 10
1 13
1 15
1 1
1 0
1 4
1 5
1 14
1 9
1 11
1 8
1 12
0 17
0 18
0 20
0 21
0 19
