2
35 22
1 0 35 36
1 1 37 38 39 40
1 2 40 41
1 3 42 43 44 45
1 4 42 43
1 5 43 46
1 6 37 38 47 48
1 7 36 39 40 49
1 8 44 45 47 48
1 9 36 46 49 50
1 10 42 43
1 11 51 45
1 12 52 38
1 13 37 38 39 40
1 14 35 52 53 41
1 15 51 54 55 56
1 16 36 39 40 49
1 17 42 49
1 18 51 56 46 50
1 19 52 54 55 41
1 20 54 47
1 21 56 48
1 22 35 52 53 41
1 23 35 53
1 24 37 38 47 48
1 25 35 53
1 26 53 39
1 27 44 45 47 48
1 28 51 56 46 50
1 29 51 54 55 56
1 30 44 50
0 31 42 43 44 45
0 32 52 54 55 41
0 33 36 46 49 50
0 34 37 55
1 9
1 13
1 0
1 5
1 6
1 18
1 12
1 2
1 11
1 14
1 15
1 1
1 8
1 17
1 4
1 10
1 3
1 16
1 7
0 19
0 20
0 21
