 300  300     900
   1  307
   1  446
   1  363
   2  534
   2  536
   2  413
   3  581
   3  518
   3  586
   4  322
   4  549
   4  532
   5  528
   5  428
   5  362
   6  317
   6  322
   6  574
   7  476
   7  390
   7  474
   8  373
   8  545
   8  584
   9  312
   9  350
   9  546
  10  513
  10  405
  10  387
  11  506
  11  593
  11  361
  12  340
  12  487
  12  444
  13  337
  13  450
  13  445
  14  336
  14  396
  14  450
  15  425
  15  541
  15  561
  16  582
  16  379
  16  527
  17  422
  17  439
  17  598
  18  331
  18  583
  18  497
  19  518
  19  314
  19  335
  20  489
  20  455
  20  549
  21  465
  21  363
  21  564
  22  546
  22  591
  22  350
  23  515
  23  395
  23  385
  24  590
  24  454
  24  495
  25  556
  25  491
  25  357
  26  384
  26  363
  26  317
  27  310
  27  531
  27  537
  28  362
  28  353
  28  384
  29  569
  29  393
  29  537
  30  375
  30  437
  30  428
  31  571
  31  330
  31  402
  32  465
  32  362
  32  452
  33  358
  33  586
  33  521
  34  488
  34  510
  34  348
  35  507
  35  508
  35  490
  36  487
  36  434
  36  422
  37  473
  37  352
  37  570
  38  416
  38  568
  38  576
  39  425
  39  386
  39  555
  40  586
  40  452
  40  397
  41  315
  41  523
  41  460
  42  447
  42  453
  42  553
  43  465
  43  308
  43  304
  44  311
  44  378
  44  421
  45  302
  45  307
  45  582
  46  460
  46  526
  46  453
  47  514
  47  564
  47  373
  48  452
  48  403
  48  386
  49  379
  49  524
  49  397
  50  541
  50  597
  50  535
  51  328
  51  370
  51  538
  52  425
  52  566
  52  456
  53  596
  53  497
  53  373
  54  564
  54  477
  54  417
  55  411
  55  454
  55  537
  56  319
  56  597
  56  555
  57  444
  57  347
  57  443
  58  429
  58  421
  58  307
  59  353
  59  456
  59  431
  60  417
  60  485
  60  569
  61  541
  61  502
  61  454
  62  438
  62  368
  62  533
  63  317
  63  485
  63  490
  64  550
  64  496
  64  588
  65  421
  65  471
  65  302
  66  553
  66  314
  66  473
  67  522
  67  450
  67  451
  68  434
  68  415
  68  527
  69  461
  69  385
  69  514
  70  470
  70  436
  70  328
  71  560
  71  466
  71  386
  72  469
  72  525
  72  423
  73  456
  73  361
  73  358
  74  401
  74  507
  74  480
  75  323
  75  472
  75  332
  76  306
  76  331
  76  328
  77  338
  77  469
  77  521
  78  485
  78  475
  78  381
  79  506
  79  501
  79  487
  80  413
  80  472
  80  366
  81  534
  81  551
  81  318
  82  358
  82  466
  82  355
  83  385
  83  571
  83  301
  84  509
  84  493
  84  403
  85  504
  85  381
  85  301
  86  476
  86  528
  86  302
  87  406
  87  380
  87  382
  88  392
  88  545
  88  415
  89  334
  89  408
  89  438
  90  330
  90  516
  90  422
  91  566
  91  482
  91  472
  92  336
  92  436
  92  596
  93  503
  93  330
  93  336
  94  575
  94  532
  94  359
  95  392
  95  431
  95  405
  96  510
  96  433
  96  440
  97  321
  97  458
  97  389
  98  381
  98  479
  98  344
  99  316
  99  398
  99  458
 100  453
 100  319
 100  492
 101  356
 101  468
 101  575
 102  428
 102  486
 102  334
 103  379
 103  473
 103  451
 104  406
 104  308
 104  501
 105  565
 105  311
 105  534
 106  410
 106  367
 106  355
 107  403
 107  321
 107  344
 108  383
 108  390
 108  478
 109  304
 109  513
 109  549
 110  400
 110  470
 110  489
 111  584
 111  384
 111  543
 112  387
 112  415
 112  341
 113  339
 113  460
 113  507
 114  540
 114  449
 114  364
 115  597
 115  391
 115  600
 116  306
 116  457
 116  467
 117  426
 117  553
 117  521
 118  561
 118  305
 118  578
 119  448
 119  345
 119  498
 120  519
 120  559
 120  477
 121  536
 121  599
 121  579
 122  398
 122  448
 122  329
 123  313
 123  408
 123  474
 124  390
 124  515
 124  435
 125  374
 125  332
 125  558
 126  573
 126  540
 126  417
 127  475
 127  533
 127  408
 128  523
 128  490
 128  439
 129  388
 129  579
 129  375
 130  431
 130  515
 130  374
 131  305
 131  500
 131  306
 132  583
 132  359
 132  327
 133  467
 133  571
 133  441
 134  352
 134  372
 134  492
 135  503
 135  545
 135  442
 136  344
 136  535
 136  505
 137  321
 137  398
 137  334
 138  338
 138  343
 138  426
 139  441
 139  550
 139  324
 140  579
 140  466
 140  402
 141  479
 141  532
 141  585
 142  399
 142  331
 142  560
 143  569
 143  419
 143  467
 144  457
 144  590
 144  596
 145  400
 145  538
 145  346
 146  314
 146  502
 146  550
 147  514
 147  470
 147  568
 148  353
 148  500
 148  469
 149  441
 149  413
 149  575
 150  557
 150  332
 150  591
 151  499
 151  594
 151  443
 152  558
 152  585
 152  366
 153  459
 153  394
 153  401
 154  320
 154  461
 154  352
 155  377
 155  372
 155  447
 156  445
 156  420
 156  301
 157  557
 157  327
 157  555
 158  354
 158  369
 158  305
 159  350
 159  525
 159  420
 160  402
 160  455
 160  590
 161  455
 161  326
 161  401
 162  548
 162  325
 162  335
 163  562
 163  342
 163  313
 164  315
 164  599
 164  520
 165  310
 165  395
 165  414
 166  418
 166  377
 166  399
 167  595
 167  471
 167  407
 168  424
 168  308
 168  411
 169  499
 169  378
 169  361
 170  481
 170  346
 170  501
 171  457
 171  327
 171  479
 172  519
 172  349
 172  414
 173  357
 173  337
 173  463
 174  391
 174  407
 174  459
 175  447
 175  527
 175  432
 176  364
 176  570
 176  400
 177  560
 177  581
 177  427
 178  458
 178  310
 178  535
 179  581
 179  478
 179  380
 180  416
 180  341
 180  599
 181  593
 181  585
 181  475
 182  360
 182  563
 182  595
 183  489
 183  367
 183  351
 184  559
 184  558
 184  584
 185  396
 185  503
 185  437
 186  551
 186  335
 186  329
 187  347
 187  526
 187  399
 188  446
 188  396
 188  423
 189  566
 189  397
 189  565
 190  372
 190  313
 190  324
 191  483
 191  600
 191  478
 192  394
 192  427
 192  547
 193  357
 193  337
 193  434
 194  349
 194  565
 194  557
 195  589
 195  464
 195  303
 196  420
 196  561
 196  338
 197  595
 197  522
 197  491
 198  319
 198  570
 198  438
 199  424
 199  365
 199  333
 200  547
 200  360
 200  498
 201  525
 201  484
 201  411
 202  562
 202  459
 202  476
 203  436
 203  405
 203  587
 204  588
 204  377
 204  562
 205  340
 205  580
 205  492
 206  341
 206  540
 206  340
 207  416
 207  311
 207  592
 208  519
 208  322
 208  574
 209  439
 209  505
 209  526
 210  548
 210  518
 210  509
 211  368
 211  486
 211  533
 212  486
 212  354
 212  315
 213  303
 213  392
 213  364
 214  354
 214  312
 214  493
 215  446
 215  348
 215  395
 216  427
 216  589
 216  543
 217  389
 217  463
 217  433
 218  348
 218  445
 218  576
 219  530
 219  482
 219  502
 220  548
 220  462
 220  461
 221  343
 221  481
 221  528
 222  542
 222  559
 222  488
 223  374
 223  380
 223  497
 224  369
 224  552
 224  582
 225  437
 225  368
 225  554
 226  499
 226  406
 226  369
 227  468
 227  511
 227  493
 228  591
 228  546
 228  587
 229  375
 229  536
 229  309
 230  412
 230  355
 230  371
 231  418
 231  303
 231  577
 232  552
 232  508
 232  551
 233  448
 233  316
 233  512
 234  480
 234  516
 234  498
 235  383
 235  588
 235  394
 236  378
 236  343
 236  483
 237  426
 237  547
 237  468
 238  480
 238  508
 238  312
 239  329
 239  563
 239  429
 240  432
 240  491
 240  462
 241  481
 241  320
 241  463
 242  345
 242  513
 242  594
 243  574
 243  563
 243  482
 244  389
 244  449
 244  320
 245  382
 245  393
 245  600
 246  316
 246  524
 246  543
 247  366
 247  471
 247  510
 248  539
 248  449
 248  351
 249  531
 249  522
 249  594
 250  440
 250  376
 250  583
 251  410
 251  495
 251  512
 252  451
 252  567
 252  539
 253  410
 253  496
 253  587
 254  567
 254  511
 254  442
 255  494
 255  345
 255  418
 256  578
 256  531
 256  326
 257  520
 257  367
 257  506
 258  500
 258  383
 258  433
 259  517
 259  530
 259  542
 260  524
 260  342
 260  347
 261  578
 261  442
 261  496
 262  371
 262  512
 262  333
 263  435
 263  387
 263  356
 264  443
 264  419
 264  577
 265  346
 265  568
 265  339
 266  440
 266  483
 266  388
 267  430
 267  511
 267  414
 268  477
 268  324
 268  424
 269  598
 269  430
 269  484
 270  573
 270  462
 270  388
 271  318
 271  573
 271  432
 272  304
 272  592
 272  333
 273  505
 273  412
 273  339
 274  509
 274  556
 274  593
 275  444
 275  554
 275  360
 276  576
 276  371
 276  404
 277  504
 277  430
 277  495
 278  391
 278  382
 278  349
 279  404
 279  326
 279  325
 280  356
 280  407
 280  516
 281  530
 281  523
 281  592
 282  554
 282  370
 282  474
 283  539
 283  376
 283  370
 284  351
 284  409
 284  544
 285  365
 285  464
 285  494
 286  423
 286  488
 286  542
 287  538
 287  520
 287  484
 288  589
 288  318
 288  323
 289  409
 289  435
 289  429
 290  359
 290  504
 290  409
 291  494
 291  419
 291  567
 292  598
 292  556
 292  342
 293  393
 293  323
 293  412
 294  580
 294  376
 294  325
 295  572
 295  552
 295  404
 296  572
 296  464
 296  529
 297  572
 297  309
 297  544
 298  580
 298  517
 298  365
 299  529
 299  544
 299  577
 300  529
 300  309
 300  517
