  75   75     375
   1   80
   1  149
   1  133
   1  131
   1  103
   2   76
   2  106
   2  103
   2   85
   2  138
   3  122
   3  123
   3  112
   3   83
   3  146
   4  146
   4  111
   4  102
   4  122
   4  100
   5  107
   5  139
   5  141
   5  128
   5  147
   6  124
   6   96
   6   83
   6  114
   6  105
   7  110
   7   79
   7  149
   7  123
   7  136
   8   80
   8  116
   8  125
   8  138
   8  121
   9  118
   9   94
   9  119
   9   98
   9  130
  10   86
  10   90
  10  144
  10  103
  10  119
  11  128
  11  114
  11  121
  11   80
  11   88
  12  128
  12  134
  12  144
  12  138
  12  123
  13  144
  13  136
  13  132
  13   76
  13   94
  14   83
  14  108
  14  116
  14  117
  14  102
  15  126
  15   80
  15  113
  15  150
  15   95
  16   91
  16  143
  16  107
  16   96
  16  106
  17  109
  17  135
  17  119
  17   89
  17  146
  18  142
  18  109
  18  121
  18   78
  18   92
  19  146
  19  125
  19  148
  19  113
  19   86
  20  136
  20  133
  20  127
  20   78
  20   85
  21  134
  21  138
  21  149
  21   92
  21   88
  22   82
  22  144
  22  149
  22   83
  22  112
  23  123
  23  132
  23   86
  23  134
  23  116
  24  103
  24  113
  24   79
  24  104
  24  105
  25  118
  25  102
  25  105
  25   89
  25  119
  26  120
  26  101
  26  134
  26  141
  26   92
  27  127
  27  129
  27  118
  27  131
  27  115
  28   86
  28  134
  28   83
  28  121
  28  146
  29   96
  29   78
  29   86
  29  123
  29  122
  30  127
  30  144
  30  130
  30   79
  30   85
  31   87
  31  107
  31  129
  31   94
  31   82
  32  116
  32   79
  32  100
  32   82
  32  113
  33  106
  33   82
  33  127
  33   79
  33   95
  34  103
  34  102
  34  132
  34   90
  34  131
  35  105
  35  135
  35   80
  35  147
  35  142
  36  122
  36   76
  36   84
  36  131
  36   78
  37  111
  37  137
  37   76
  37  120
  37  109
  38  129
  38   94
  38  121
  38   82
  38  108
  39  149
  39  118
  39  142
  39  109
  39  116
  40   81
  40  114
  40  125
  40  137
  40   95
  41   77
  41   90
  41  101
  41  118
  41  147
  42  142
  42  108
  42  120
  42   76
  42   90
  43   95
  43  109
  43  138
  43   85
  43  131
  44  130
  44  117
  44  142
  44  128
  44  105
  45  124
  45   99
  45  117
  45  140
  45  111
  46  132
  46   95
  46  148
  46  106
  46  130
  47   94
  47   78
  47   85
  47  104
  47  119
  48  132
  48  107
  48  137
  48   87
  48  112
  49   89
  49  100
  49  136
  49  133
  49  117
  50  127
  50   89
  50  100
  50   87
  50  145
  51   93
  51  139
  51  115
  51   98
  51  124
  52  129
  52  136
  52   84
  52   87
  52  115
  53  110
  53   87
  53  108
  53   89
  53  106
  54   99
  54   88
  54  126
  54  124
  54  112
  55   91
  55   88
  55  110
  55  133
  55  140
  56   96
  56   91
  56  102
  56   99
  56  108
  57   81
  57  111
  57  117
  57   77
  57   90
  58   84
  58   77
  58  148
  58  147
  58  133
  59  112
  59  124
  59  107
  59  139
  59  104
  60  150
  60  145
  60   99
  60  114
  60  143
  61  122
  61  141
  61   88
  61  104
  61  150
  62  115
  62  101
  62  128
  62  148
  62   97
  63   77
  63  150
  63  125
  63  120
  63   91
  64   99
  64   93
  64  110
  64   96
  64   97
  65   97
  65  141
  65  148
  65   84
  65   91
  66  104
  66  101
  66  113
  66   92
  66  110
  67   92
  67  114
  67  143
  67  137
  67  129
  68   84
  68   97
  68   98
  68  141
  68   93
  69  130
  69  140
  69  145
  69   98
  69  125
  70   93
  70   97
  70  143
  70   77
  70  111
  71  100
  71  101
  71  143
  71  135
  71  140
  72   93
  72   81
  72  135
  72  150
  72  139
  73   81
  73  126
  73  140
  73  120
  73  137
  74  139
  74   81
  74  145
  74  126
  74   98
  75  145
  75  126
  75  135
  75  147
  75  115
