 350  350    3500
   1  362
   1  631
   1  368
   1  562
   1  597
   1  424
   1  545
   1  364
   1  636
   1  527
   2  427
   2  425
   2  463
   2  599
   2  434
   2  683
   2  424
   2  351
   2  644
   2  645
   3  522
   3  670
   3  481
   3  637
   3  529
   3  503
   3  453
   3  468
   3  456
   3  640
   4  422
   4  510
   4  356
   4  458
   4  659
   4  513
   4  653
   4  487
   4  604
   4  594
   5  680
   5  512
   5  385
   5  593
   5  476
   5  404
   5  458
   5  600
   5  575
   5  406
   6  462
   6  675
   6  500
   6  624
   6  511
   6  409
   6  506
   6  542
   6  548
   6  612
   7  576
   7  644
   7  429
   7  362
   7  514
   7  670
   7  475
   7  411
   7  643
   7  547
   8  504
   8  657
   8  639
   8  607
   8  594
   8  592
   8  604
   8  419
   8  561
   8  603
   9  433
   9  401
   9  685
   9  666
   9  455
   9  355
   9  517
   9  535
   9  606
   9  621
  10  468
  10  483
  10  410
  10  586
  10  440
  10  608
  10  357
  10  405
  10  539
  10  622
  11  551
  11  397
  11  678
  11  457
  11  592
  11  478
  11  557
  11  489
  11  653
  11  413
  12  683
  12  578
  12  491
  12  627
  12  523
  12  474
  12  403
  12  490
  12  367
  12  414
  13  437
  13  510
  13  511
  13  426
  13  601
  13  562
  13  429
  13  586
  13  687
  13  440
  14  428
  14  563
  14  679
  14  478
  14  638
  14  618
  14  496
  14  452
  14  425
  14  370
  15  379
  15  572
  15  664
  15  651
  15  558
  15  597
  15  538
  15  448
  15  381
  15  355
  16  381
  16  446
  16  667
  16  486
  16  392
  16  478
  16  561
  16  455
  16  396
  16  608
  17  452
  17  534
  17  482
  17  664
  17  681
  17  439
  17  677
  17  463
  17  591
  17  579
  18  473
  18  574
  18  408
  18  441
  18  493
  18  696
  18  392
  18  573
  18  694
  18  539
  19  539
  19  695
  19  623
  19  367
  19  529
  19  621
  19  373
  19  484
  19  615
  19  553
  20  693
  20  664
  20  642
  20  560
  20  365
  20  541
  20  601
  20  586
  20  484
  20  442
  21  383
  21  376
  21  612
  21  525
  21  602
  21  588
  21  378
  21  524
  21  684
  21  390
  22  494
  22  493
  22  618
  22  591
  22  446
  22  687
  22  555
  22  374
  22  637
  22  659
  23  431
  23  455
  23  700
  23  354
  23  670
  23  536
  23  537
  23  572
  23  496
  23  551
  24  516
  24  632
  24  418
  24  570
  24  693
  24  620
  24  545
  24  391
  24  521
  24  385
  25  495
  25  410
  25  419
  25  435
  25  537
  25  449
  25  368
  25  602
  25  672
  25  482
  26  431
  26  608
  26  599
  26  418
  26  635
  26  515
  26  395
  26  670
  26  444
  26  482
  27  515
  27  632
  27  539
  27  696
  27  639
  27  368
  27  689
  27  595
  27  682
  27  466
  28  431
  28  422
  28  567
  28  394
  28  470
  28  456
  28  499
  28  531
  28  407
  28  665
  29  545
  29  529
  29  383
  29  684
  29  435
  29  638
  29  612
  29  428
  29  433
  29  450
  30  449
  30  396
  30  648
  30  698
  30  375
  30  560
  30  425
  30  434
  30  454
  30  548
  31  620
  31  690
  31  411
  31  404
  31  566
  31  418
  31  581
  31  535
  31  423
  31  413
  32  353
  32  602
  32  510
  32  672
  32  497
  32  431
  32  354
  32  483
  32  520
  32  561
  33  611
  33  562
  33  591
  33  463
  33  550
  33  542
  33  538
  33  629
  33  425
  33  618
  34  510
  34  361
  34  536
  34  375
  34  594
  34  574
  34  358
  34  467
  34  481
  34  540
  35  411
  35  572
  35  501
  35  419
  35  494
  35  629
  35  361
  35  478
  35  474
  35  359
  36  603
  36  467
  36  429
  36  534
  36  376
  36  415
  36  357
  36  436
  36  655
  36  490
  37  657
  37  557
  37  660
  37  650
  37  451
  37  496
  37  394
  37  419
  37  580
  37  405
  38  440
  38  546
  38  529
  38  483
  38  594
  38  408
  38  551
  38  387
  38  393
  38  450
  39  699
  39  608
  39  674
  39  440
  39  378
  39  666
  39  473
  39  542
  39  668
  39  538
  40  466
  40  632
  40  437
  40  390
  40  693
  40  459
  40  658
  40  592
  40  389
  40  629
  41  462
  41  652
  41  589
  41  672
  41  631
  41  514
  41  692
  41  360
  41  580
  41  477
  42  597
  42  423
  42  581
  42  574
  42  485
  42  593
  42  539
  42  572
  42  585
  42  596
  43  506
  43  432
  43  566
  43  556
  43  657
  43  623
  43  397
  43  697
  43  406
  43  628
  44  643
  44  579
  44  521
  44  491
  44  365
  44  473
  44  417
  44  562
  44  556
  44  545
  45  467
  45  383
  45  562
  45  695
  45  512
  45  491
  45  504
  45  539
  45  498
  45  679
  46  527
  46  526
  46  683
  46  662
  46  354
  46  498
  46  378
  46  598
  46  574
  46  511
  47  467
  47  589
  47  610
  47  623
  47  530
  47  639
  47  534
  47  415
  47  468
  47  402
  48  543
  48  411
  48  445
  48  533
  48  687
  48  659
  48  688
  48  497
  48  682
  48  388
  49  441
  49  420
  49  700
  49  592
  49  549
  49  621
  49  614
  49  662
  49  384
  49  421
  50  461
  50  390
  50  386
  50  541
  50  429
  50  622
  50  518
  50  578
  50  657
  50  529
  51  438
  51  548
  51  586
  51  509
  51  642
  51  613
  51  417
  51  668
  51  561
  51  549
  52  490
  52  466
  52  362
  52  437
  52  559
  52  491
  52  355
  52  455
  52  665
  52  388
  53  654
  53  387
  53  395
  53  509
  53  408
  53  398
  53  488
  53  490
  53  487
  53  591
  54  572
  54  556
  54  429
  54  639
  54  644
  54  647
  54  667
  54  373
  54  534
  54  541
  55  578
  55  360
  55  536
  55  442
  55  572
  55  449
  55  466
  55  548
  55  516
  55  533
  56  609
  56  657
  56  418
  56  596
  56  652
  56  621
  56  481
  56  547
  56  658
  56  638
  57  651
  57  383
  57  592
  57  525
  57  426
  57  428
  57  658
  57  544
  57  381
  57  459
  58  610
  58  396
  58  653
  58  631
  58  586
  58  451
  58  541
  58  447
  58  657
  58  567
  59  473
  59  644
  59  595
  59  569
  59  698
  59  411
  59  417
  59  432
  59  519
  59  603
  60  423
  60  623
  60  625
  60  373
  60  364
  60  498
  60  634
  60  508
  60  610
  60  473
  61  657
  61  538
  61  482
  61  590
  61  564
  61  426
  61  406
  61  580
  61  440
  61  566
  62  463
  62  616
  62  449
  62  693
  62  698
  62  378
  62  601
  62  676
  62  593
  62  660
  63  635
  63  401
  63  632
  63  471
  63  441
  63  653
  63  365
  63  430
  63  683
  63  371
  64  622
  64  472
  64  531
  64  437
  64  359
  64  509
  64  569
  64  556
  64  351
  64  405
  65  517
  65  386
  65  514
  65  543
  65  637
  65  420
  65  434
  65  513
  65  527
  65  438
  66  561
  66  485
  66  353
  66  489
  66  401
  66  441
  66  530
  66  491
  66  612
  66  360
  67  626
  67  485
  67  502
  67  472
  67  388
  67  377
  67  420
  67  589
  67  596
  67  669
  68  380
  68  689
  68  513
  68  524
  68  354
  68  598
  68  414
  68  372
  68  537
  68  394
  69  636
  69  698
  69  635
  69  629
  69  460
  69  391
  69  553
  69  620
  69  487
  69  462
  70  465
  70  450
  70  539
  70  364
  70  545
  70  400
  70  695
  70  486
  70  658
  70  690
  71  371
  71  512
  71  518
  71  472
  71  372
  71  434
  71  367
  71  546
  71  374
  71  554
  72  415
  72  624
  72  620
  72  370
  72  386
  72  618
  72  564
  72  486
  72  581
  72  488
  73  351
  73  625
  73  638
  73  535
  73  552
  73  492
  73  370
  73  516
  73  507
  73  672
  74  583
  74  698
  74  674
  74  609
  74  460
  74  570
  74  689
  74  557
  74  408
  74  446
  75  608
  75  377
  75  484
  75  571
  75  432
  75  676
  75  615
  75  530
  75  620
  75  683
  76  622
  76  373
  76  436
  76  494
  76  381
  76  430
  76  465
  76  700
  76  647
  76  685
  77  542
  77  455
  77  430
  77  391
  77  446
  77  543
  77  571
  77  387
  77  390
  77  679
  78  569
  78  384
  78  488
  78  466
  78  449
  78  610
  78  482
  78  371
  78  448
  78  625
  79  620
  79  493
  79  504
  79  353
  79  661
  79  416
  79  467
  79  389
  79  670
  79  700
  80  455
  80  420
  80  470
  80  612
  80  464
  80  543
  80  632
  80  389
  80  526
  80  555
  81  623
  81  646
  81  538
  81  666
  81  423
  81  386
  81  491
  81  592
  81  454
  81  366
  82  356
  82  698
  82  648
  82  501
  82  534
  82  685
  82  431
  82  606
  82  582
  82  663
  83  583
  83  461
  83  546
  83  378
  83  355
  83  565
  83  380
  83  377
  83  470
  83  596
  84  365
  84  428
  84  659
  84  420
  84  353
  84  390
  84  438
  84  451
  84  359
  84  565
  85  435
  85  637
  85  477
  85  600
  85  456
  85  576
  85  478
  85  548
  85  602
  85  368
  86  669
  86  489
  86  514
  86  633
  86  486
  86  543
  86  442
  86  460
  86  566
  86  664
  87  430
  87  645
  87  506
  87  450
  87  411
  87  449
  87  574
  87  496
  87  365
  87  615
  88  688
  88  666
  88  676
  88  684
  88  391
  88  682
  88  397
  88  509
  88  662
  88  514
  89  689
  89  513
  89  370
  89  691
  89  545
  89  373
  89  398
  89  610
  89  390
  89  694
  90  382
  90  430
  90  648
  90  653
  90  516
  90  495
  90  489
  90  576
  90  602
  90  375
  91  556
  91  411
  91  562
  91  381
  91  446
  91  371
  91  594
  91  377
  91  538
  91  470
  92  461
  92  543
  92  531
  92  512
  92  553
  92  367
  92  587
  92  634
  92  689
  92  396
  93  691
  93  449
  93  485
  93  463
  93  538
  93  458
  93  671
  93  354
  93  439
  93  588
  94  572
  94  460
  94  643
  94  598
  94  384
  94  439
  94  380
  94  369
  94  487
  94  383
  95  690
  95  692
  95  475
  95  420
  95  352
  95  571
  95  570
  95  556
  95  462
  95  369
  96  530
  96  413
  96  529
  96  527
  96  378
  96  431
  96  499
  96  443
  96  665
  96  652
  97  351
  97  472
  97  471
  97  452
  97  436
  97  617
  97  557
  97  568
  97  482
  97  658
  98  403
  98  459
  98  444
  98  455
  98  400
  98  578
  98  630
  98  485
  98  365
  98  589
  99  444
  99  614
  99  426
  99  427
  99  590
  99  673
  99  589
  99  419
  99  435
  99  428
 100  486
 100  417
 100  519
 100  435
 100  669
 100  512
 100  394
 100  434
 100  563
 100  623
 101  644
 101  610
 101  587
 101  530
 101  358
 101  684
 101  472
 101  539
 101  445
 101  557
 102  535
 102  422
 102  447
 102  473
 102  385
 102  687
 102  358
 102  405
 102  430
 102  592
 103  355
 103  567
 103  413
 103  442
 103  575
 103  557
 103  627
 103  648
 103  617
 103  641
 104  575
 104  554
 104  685
 104  571
 104  464
 104  393
 104  563
 104  576
 104  590
 104  605
 105  463
 105  380
 105  691
 105  575
 105  512
 105  687
 105  412
 105  546
 105  640
 105  508
 106  499
 106  390
 106  602
 106  619
 106  379
 106  447
 106  604
 106  580
 106  509
 106  510
 107  699
 107  429
 107  362
 107  522
 107  532
 107  486
 107  482
 107  491
 107  384
 107  460
 108  421
 108  419
 108  461
 108  516
 108  542
 108  532
 108  395
 108  389
 108  581
 108  458
 109  575
 109  490
 109  365
 109  375
 109  599
 109  451
 109  368
 109  420
 109  668
 109  517
 110  638
 110  451
 110  607
 110  483
 110  615
 110  575
 110  678
 110  658
 110  642
 110  407
 111  639
 111  651
 111  473
 111  452
 111  691
 111  447
 111  497
 111  490
 111  641
 111  384
 112  395
 112  570
 112  683
 112  549
 112  478
 112  398
 112  622
 112  483
 112  375
 112  546
 113  507
 113  613
 113  504
 113  405
 113  452
 113  556
 113  586
 113  656
 113  526
 113  450
 114  694
 114  569
 114  530
 114  584
 114  469
 114  582
 114  426
 114  649
 114  675
 114  543
 115  541
 115  688
 115  522
 115  606
 115  471
 115  563
 115  519
 115  460
 115  627
 115  482
 116  429
 116  514
 116  371
 116  449
 116  629
 116  647
 116  510
 116  464
 116  481
 116  693
 117  377
 117  482
 117  670
 117  572
 117  664
 117  415
 117  543
 117  362
 117  538
 117  688
 118  426
 118  381
 118  446
 118  385
 118  481
 118  680
 118  417
 118  600
 118  433
 118  407
 119  634
 119  690
 119  545
 119  518
 119  470
 119  504
 119  699
 119  672
 119  648
 119  700
 120  467
 120  472
 120  639
 120  420
 120  478
 120  684
 120  379
 120  611
 120  658
 120  533
 121  486
 121  678
 121  591
 121  435
 121  436
 121  442
 121  529
 121  653
 121  357
 121  498
 122  698
 122  527
 122  408
 122  656
 122  508
 122  405
 122  503
 122  398
 122  658
 122  618
 123  428
 123  362
 123  393
 123  446
 123  534
 123  637
 123  479
 123  599
 123  638
 123  437
 124  515
 124  656
 124  357
 124  479
 124  511
 124  620
 124  591
 124  634
 124  512
 124  695
 125  534
 125  451
 125  557
 125  689
 125  601
 125  412
 125  622
 125  551
 125  661
 125  634
 126  574
 126  550
 126  392
 126  663
 126  581
 126  514
 126  379
 126  575
 126  561
 126  687
 127  697
 127  624
 127  534
 127  583
 127  481
 127  444
 127  680
 127  586
 127  479
 127  563
 128  675
 128  643
 128  606
 128  506
 128  690
 128  459
 128  670
 128  523
 128  397
 128  524
 129  552
 129  417
 129  367
 129  351
 129  531
 129  443
 129  637
 129  577
 129  516
 129  535
 130  629
 130  696
 130  556
 130  422
 130  634
 130  658
 130  700
 130  485
 130  657
 130  619
 131  508
 131  559
 131  603
 131  629
 131  609
 131  630
 131  492
 131  612
 131  465
 131  380
 132  508
 132  500
 132  675
 132  491
 132  378
 132  700
 132  549
 132  621
 132  613
 132  558
 133  474
 133  626
 133  392
 133  407
 133  385
 133  467
 133  375
 133  448
 133  506
 133  563
 134  508
 134  583
 134  488
 134  422
 134  667
 134  473
 134  471
 134  374
 134  448
 134  669
 135  355
 135  480
 135  674
 135  425
 135  610
 135  620
 135  528
 135  553
 135  401
 135  589
 136  485
 136  657
 136  476
 136  444
 136  421
 136  396
 136  553
 136  700
 136  353
 136  673
 137  490
 137  679
 137  672
 137  426
 137  516
 137  443
 137  554
 137  628
 137  416
 137  379
 138  528
 138  625
 138  391
 138  689
 138  508
 138  550
 138  471
 138  357
 138  637
 138  619
 139  355
 139  574
 139  629
 139  613
 139  414
 139  606
 139  484
 139  467
 139  480
 139  442
 140  417
 140  510
 140  528
 140  368
 140  489
 140  641
 140  437
 140  600
 140  421
 140  681
 141  456
 141  634
 141  692
 141  556
 141  575
 141  643
 141  478
 141  500
 141  604
 141  589
 142  533
 142  607
 142  371
 142  593
 142  651
 142  567
 142  640
 142  512
 142  599
 142  579
 143  378
 143  543
 143  526
 143  493
 143  467
 143  357
 143  644
 143  439
 143  521
 143  656
 144  394
 144  503
 144  451
 144  547
 144  527
 144  377
 144  429
 144  410
 144  428
 144  606
 145  631
 145  674
 145  373
 145  394
 145  696
 145  388
 145  478
 145  669
 145  650
 145  665
 146  579
 146  576
 146  539
 146  439
 146  491
 146  473
 146  562
 146  661
 146  441
 146  654
 147  679
 147  628
 147  640
 147  390
 147  527
 147  618
 147  479
 147  410
 147  480
 147  484
 148  572
 148  642
 148  530
 148  363
 148  492
 148  351
 148  358
 148  426
 148  531
 148  497
 149  638
 149  676
 149  565
 149  359
 149  365
 149  424
 149  564
 149  379
 149  692
 149  494
 150  694
 150  508
 150  461
 150  383
 150  506
 150  688
 150  496
 150  373
 150  386
 150  565
 151  372
 151  523
 151  509
 151  511
 151  667
 151  582
 151  576
 151  615
 151  669
 151  510
 152  540
 152  502
 152  571
 152  361
 152  491
 152  541
 152  486
 152  647
 152  579
 152  603
 153  405
 153  444
 153  646
 153  650
 153  499
 153  414
 153  420
 153  391
 153  396
 153  667
 154  423
 154  468
 154  610
 154  479
 154  532
 154  697
 154  628
 154  399
 154  445
 154  526
 155  523
 155  697
 155  629
 155  401
 155  484
 155  518
 155  699
 155  483
 155  515
 155  506
 156  671
 156  423
 156  694
 156  362
 156  670
 156  379
 156  657
 156  692
 156  540
 156  473
 157  639
 157  468
 157  358
 157  583
 157  617
 157  499
 157  668
 157  374
 157  507
 157  576
 158  538
 158  576
 158  406
 158  690
 158  497
 158  594
 158  637
 158  411
 158  481
 158  532
 159  431
 159  512
 159  518
 159  496
 159  405
 159  691
 159  399
 159  392
 159  646
 159  534
 160  579
 160  606
 160  688
 160  575
 160  668
 160  581
 160  434
 160  448
 160  500
 160  651
 161  444
 161  378
 161  572
 161  690
 161  485
 161  599
 161  369
 161  408
 161  413
 161  366
 162  694
 162  597
 162  450
 162  691
 162  361
 162  519
 162  430
 162  445
 162  529
 162  365
 163  502
 163  438
 163  526
 163  639
 163  499
 163  374
 163  364
 163  440
 163  496
 163  558
 164  684
 164  554
 164  381
 164  469
 164  503
 164  518
 164  647
 164  686
 164  474
 164  352
 165  372
 165  533
 165  662
 165  675
 165  640
 165  521
 165  688
 165  509
 165  686
 165  384
 166  459
 166  500
 166  466
 166  621
 166  691
 166  577
 166  447
 166  549
 166  660
 166  445
 167  563
 167  415
 167  464
 167  412
 167  676
 167  401
 167  596
 167  468
 167  431
 167  689
 168  502
 168  617
 168  663
 168  538
 168  558
 168  543
 168  594
 168  592
 168  674
 168  463
 169  528
 169  548
 169  402
 169  360
 169  639
 169  357
 169  630
 169  471
 169  588
 169  474
 170  401
 170  403
 170  579
 170  604
 170  636
 170  378
 170  622
 170  595
 170  459
 170  514
 171  646
 171  563
 171  658
 171  351
 171  352
 171  634
 171  366
 171  434
 171  534
 171  623
 172  402
 172  474
 172  510
 172  524
 172  505
 172  686
 172  689
 172  584
 172  394
 172  437
 173  428
 173  416
 173  630
 173  560
 173  429
 173  370
 173  453
 173  422
 173  677
 173  669
 174  638
 174  488
 174  684
 174  660
 174  371
 174  385
 174  663
 174  618
 174  424
 174  458
 175  700
 175  571
 175  677
 175  396
 175  580
 175  549
 175  556
 175  441
 175  497
 175  565
 176  566
 176  638
 176  553
 176  468
 176  675
 176  374
 176  440
 176  482
 176  422
 176  579
 177  640
 177  550
 177  520
 177  459
 177  476
 177  677
 177  642
 177  457
 177  399
 177  370
 178  565
 178  388
 178  399
 178  679
 178  535
 178  548
 178  496
 178  640
 178  579
 178  450
 179  681
 179  648
 179  507
 179  466
 179  690
 179  586
 179  533
 179  452
 179  499
 179  383
 180  446
 180  634
 180  513
 180  599
 180  585
 180  638
 180  434
 180  465
 180  380
 180  624
 181  483
 181  628
 181  676
 181  358
 181  493
 181  536
 181  487
 181  553
 181  640
 181  612
 182  562
 182  546
 182  633
 182  681
 182  413
 182  641
 182  462
 182  374
 182  682
 182  389
 183  367
 183  362
 183  523
 183  444
 183  403
 183  700
 183  680
 183  382
 183  386
 183  505
 184  519
 184  366
 184  372
 184  447
 184  498
 184  641
 184  536
 184  451
 184  389
 184  537
 185  528
 185  673
 185  596
 185  550
 185  518
 185  415
 185  437
 185  455
 185  540
 185  582
 186  455
 186  356
 186  449
 186  462
 186  642
 186  472
 186  651
 186  544
 186  487
 186  492
 187  363
 187  644
 187  500
 187  356
 187  653
 187  371
 187  415
 187  678
 187  479
 187  433
 188  514
 188  571
 188  623
 188  426
 188  498
 188  570
 188  522
 188  450
 188  438
 188  666
 189  535
 189  464
 189  360
 189  598
 189  552
 189  358
 189  688
 189  561
 189  613
 189  381
 190  370
 190  641
 190  430
 190  548
 190  445
 190  466
 190  418
 190  656
 190  352
 190  498
 191  518
 191  495
 191  671
 191  438
 191  411
 191  500
 191  401
 191  517
 191  471
 191  627
 192  646
 192  490
 192  431
 192  371
 192  535
 192  519
 192  598
 192  524
 192  484
 192  376
 193  571
 193  486
 193  661
 193  390
 193  597
 193  507
 193  642
 193  693
 193  392
 193  568
 194  668
 194  623
 194  620
 194  685
 194  448
 194  418
 194  664
 194  397
 194  360
 194  557
 195  485
 195  374
 195  665
 195  436
 195  624
 195  623
 195  696
 195  437
 195  650
 195  559
 196  544
 196  485
 196  687
 196  540
 196  634
 196  457
 196  392
 196  595
 196  484
 196  545
 197  507
 197  371
 197  664
 197  674
 197  425
 197  636
 197  486
 197  452
 197  699
 197  524
 198  628
 198  605
 198  515
 198  406
 198  555
 198  456
 198  641
 198  585
 198  421
 198  625
 199  688
 199  612
 199  574
 199  567
 199  493
 199  635
 199  463
 199  385
 199  490
 199  479
 200  631
 200  410
 200  393
 200  671
 200  530
 200  681
 200  428
 200  669
 200  526
 200  621
 201  375
 201  464
 201  421
 201  448
 201  567
 201  633
 201  635
 201  614
 201  481
 201  372
 202  408
 202  592
 202  560
 202  596
 202  672
 202  603
 202  666
 202  642
 202  423
 202  426
 203  682
 203  678
 203  363
 203  606
 203  522
 203  636
 203  686
 203  661
 203  359
 203  399
 204  696
 204  386
 204  466
 204  654
 204  447
 204  577
 204  404
 204  616
 204  667
 204  637
 205  439
 205  415
 205  390
 205  400
 205  695
 205  433
 205  551
 205  398
 205  575
 205  633
 206  477
 206  419
 206  642
 206  577
 206  367
 206  637
 206  376
 206  401
 206  398
 206  497
 207  602
 207  416
 207  494
 207  536
 207  456
 207  528
 207  351
 207  610
 207  410
 207  460
 208  417
 208  655
 208  664
 208  586
 208  515
 208  504
 208  425
 208  484
 208  460
 208  636
 209  430
 209  649
 209  359
 209  675
 209  477
 209  667
 209  450
 209  483
 209  502
 209  452
 210  410
 210  604
 210  416
 210  569
 210  680
 210  669
 210  490
 210  553
 210  454
 210  626
 211  640
 211  676
 211  597
 211  430
 211  437
 211  399
 211  419
 211  639
 211  386
 211  447
 212  674
 212  387
 212  455
 212  438
 212  468
 212  392
 212  521
 212  393
 212  376
 212  684
 213  641
 213  446
 213  488
 213  527
 213  566
 213  409
 213  353
 213  581
 213  614
 213  674
 214  369
 214  376
 214  624
 214  435
 214  596
 214  663
 214  471
 214  614
 214  593
 214  615
 215  354
 215  673
 215  429
 215  434
 215  649
 215  619
 215  615
 215  626
 215  525
 215  654
 216  427
 216  502
 216  622
 216  655
 216  601
 216  401
 216  492
 216  505
 216  617
 216  495
 217  566
 217  382
 217  582
 217  653
 217  606
 217  697
 217  699
 217  435
 217  387
 217  535
 218  423
 218  509
 218  531
 218  458
 218  646
 218  659
 218  361
 218  489
 218  381
 218  554
 219  530
 219  433
 219  679
 219  551
 219  576
 219  685
 219  565
 219  548
 219  631
 219  596
 220  368
 220  525
 220  412
 220  644
 220  384
 220  464
 220  621
 220  405
 220  596
 220  690
 221  682
 221  537
 221  672
 221  370
 221  464
 221  412
 221  396
 221  523
 221  519
 221  462
 222  554
 222  571
 222  468
 222  373
 222  495
 222  410
 222  352
 222  422
 222  643
 222  600
 223  447
 223  498
 223  503
 223  628
 223  595
 223  500
 223  659
 223  365
 223  526
 223  652
 224  553
 224  579
 224  488
 224  516
 224  370
 224  664
 224  359
 224  633
 224  527
 224  659
 225  617
 225  565
 225  611
 225  479
 225  383
 225  675
 225  587
 225  687
 225  448
 225  680
 226  368
 226  541
 226  484
 226  591
 226  668
 226  693
 226  576
 226  500
 226  636
 226  559
 227  651
 227  520
 227  522
 227  352
 227  592
 227  689
 227  670
 227  552
 227  663
 227  379
 228  554
 228  514
 228  501
 228  666
 228  537
 228  398
 228  672
 228  570
 228  644
 228  582
 229  503
 229  695
 229  366
 229  438
 229  495
 229  549
 229  351
 229  445
 229  403
 229  352
 230  416
 230  402
 230  501
 230  670
 230  653
 230  383
 230  564
 230  601
 230  625
 230  636
 231  622
 231  471
 231  495
 231  399
 231  677
 231  679
 231  395
 231  692
 231  420
 231  527
 232  598
 232  607
 232  400
 232  551
 232  385
 232  495
 232  512
 232  659
 232  666
 232  483
 233  677
 233  481
 233  415
 233  435
 233  506
 233  375
 233  698
 233  404
 233  469
 233  504
 234  488
 234  531
 234  545
 234  663
 234  652
 234  493
 234  606
 234  635
 234  676
 234  410
 235  581
 235  668
 235  499
 235  357
 235  660
 235  422
 235  571
 235  550
 235  577
 235  513
 236  412
 236  400
 236  362
 236  666
 236  621
 236  496
 236  699
 236  428
 236  617
 236  440
 237  551
 237  375
 237  587
 237  468
 237  553
 237  511
 237  537
 237  664
 237  542
 237  416
 238  678
 238  396
 238  602
 238  453
 238  605
 238  629
 238  495
 238  443
 238  682
 238  552
 239  470
 239  611
 239  440
 239  505
 239  400
 239  628
 239  434
 239  495
 239  600
 239  560
 240  677
 240  630
 240  380
 240  415
 240  525
 240  536
 240  542
 240  382
 240  361
 240  392
 241  688
 241  627
 241  574
 241  384
 241  408
 241  393
 241  546
 241  650
 241  493
 241  376
 242  569
 242  550
 242  551
 242  655
 242  408
 242  532
 242  364
 242  504
 242  632
 242  459
 243  654
 243  443
 243  465
 243  385
 243  367
 243  453
 243  589
 243  525
 243  649
 243  618
 244  686
 244  393
 244  625
 244  665
 244  560
 244  687
 244  640
 244  493
 244  356
 244  394
 245  631
 245  517
 245  671
 245  387
 245  493
 245  496
 245  357
 245  666
 245  411
 245  449
 246  384
 246  617
 246  605
 246  603
 246  526
 246  535
 246  646
 246  447
 246  550
 246  546
 247  414
 247  483
 247  522
 247  362
 247  649
 247  413
 247  673
 247  509
 247  479
 247  524
 248  497
 248  351
 248  680
 248  673
 248  394
 248  644
 248  597
 248  487
 248  435
 248  441
 249  597
 249  444
 249  513
 249  388
 249  382
 249  671
 249  617
 249  604
 249  573
 249  641
 250  695
 250  479
 250  654
 250  423
 250  443
 250  421
 250  503
 250  573
 250  405
 250  618
 251  593
 251  539
 251  461
 251  580
 251  617
 251  601
 251  611
 251  459
 251  376
 251  696
 252  381
 252  593
 252  432
 252  536
 252  366
 252  393
 252  454
 252  466
 252  604
 252  385
 253  422
 253  643
 253  549
 253  358
 253  676
 253  419
 253  398
 253  530
 253  581
 253  458
 254  528
 254  364
 254  601
 254  522
 254  548
 254  632
 254  565
 254  388
 254  580
 254  519
 255  372
 255  642
 255  659
 255  586
 255  605
 255  404
 255  407
 255  655
 255  691
 255  627
 256  547
 256  671
 256  613
 256  355
 256  573
 256  593
 256  510
 256  588
 256  361
 256  474
 257  361
 257  681
 257  528
 257  386
 257  461
 257  517
 257  432
 257  573
 257  511
 257  460
 258  412
 258  395
 258  594
 258  517
 258  388
 258  500
 258  509
 258  654
 258  463
 258  374
 259  591
 259  523
 259  474
 259  397
 259  573
 259  583
 259  550
 259  439
 259  418
 259  684
 260  610
 260  487
 260  599
 260  440
 260  665
 260  557
 260  386
 260  540
 260  641
 260  552
 261  660
 261  680
 261  686
 261  661
 261  619
 261  659
 261  545
 261  522
 261  403
 261  531
 262  675
 262  511
 262  524
 262  536
 262  691
 262  621
 262  558
 262  516
 262  380
 262  441
 263  601
 263  608
 263  471
 263  481
 263  554
 263  673
 263  662
 263  451
 263  525
 263  653
 264  589
 264  557
 264  477
 264  384
 264  656
 264  578
 264  696
 264  516
 264  632
 264  360
 265  620
 265  515
 265  546
 265  567
 265  554
 265  654
 265  452
 265  613
 265  442
 265  391
 266  631
 266  419
 266  357
 266  648
 266  524
 266  598
 266  413
 266  697
 266  599
 266  665
 267  508
 267  477
 267  633
 267  370
 267  697
 267  462
 267  585
 267  392
 267  661
 267  601
 268  526
 268  528
 268  358
 268  498
 268  615
 268  686
 268  520
 268  375
 268  511
 268  421
 269  400
 269  600
 269  612
 269  583
 269  631
 269  636
 269  433
 269  626
 269  380
 269  463
 270  627
 270  615
 270  417
 270  408
 270  410
 270  503
 270  469
 270  632
 270  506
 270  413
 271  424
 271  477
 271  489
 271  616
 271  499
 271  396
 271  423
 271  501
 271  603
 271  608
 272  645
 272  519
 272  544
 272  421
 272  646
 272  521
 272  424
 272  611
 272  602
 272  476
 273  616
 273  469
 273  436
 273  567
 273  522
 273  448
 273  691
 273  394
 273  400
 273  608
 274  454
 274  643
 274  525
 274  672
 274  563
 274  494
 274  585
 274  406
 274  595
 274  652
 275  699
 275  442
 275  355
 275  647
 275  677
 275  379
 275  570
 275  464
 275  517
 275  697
 276  358
 276  627
 276  683
 276  675
 276  503
 276  685
 276  581
 276  697
 276  585
 276  684
 277  395
 277  578
 277  407
 277  671
 277  478
 277  391
 277  654
 277  662
 277  685
 277  584
 278  504
 278  550
 278  529
 278  569
 278  377
 278  597
 278  599
 278  613
 278  515
 278  661
 279  608
 279  442
 279  367
 279  524
 279  626
 279  448
 279  649
 279  665
 279  395
 279  573
 280  588
 280  549
 280  594
 280  503
 280  409
 280  555
 280  489
 280  445
 280  607
 280  506
 281  388
 281  391
 281  418
 281  612
 281  574
 281  651
 281  376
 281  616
 281  578
 281  417
 282  453
 282  692
 282  652
 282  467
 282  683
 282  669
 282  472
 282  480
 282  504
 282  361
 283  611
 283  517
 283  665
 283  625
 283  685
 283  696
 283  406
 283  582
 283  645
 283  555
 284  464
 284  584
 284  457
 284  582
 284  619
 284  518
 284  549
 284  544
 284  470
 284  595
 285  598
 285  614
 285  568
 285  511
 285  402
 285  507
 285  487
 285  431
 285  635
 285  632
 286  359
 286  546
 286  577
 286  584
 286  541
 286  356
 286  469
 286  598
 286  607
 286  515
 287  519
 287  523
 287  692
 287  671
 287  436
 287  438
 287  580
 287  616
 287  540
 287  577
 288  578
 288  453
 288  633
 288  683
 288  663
 288  460
 288  614
 288  480
 288  655
 288  595
 289  685
 289  569
 289  655
 289  542
 289  432
 289  373
 289  647
 289  554
 289  595
 289  438
 290  501
 290  662
 290  355
 290  409
 290  692
 290  403
 290  487
 290  608
 290  367
 290  521
 291  630
 291  651
 291  376
 291  551
 291  380
 291  442
 291  649
 291  453
 291  393
 291  508
 292  559
 292  652
 292  650
 292  441
 292  425
 292  450
 292  631
 292  624
 292  416
 292  476
 293  488
 293  636
 293  533
 293  403
 293  416
 293  656
 293  673
 293  421
 293  470
 293  404
 294  616
 294  635
 294  353
 294  532
 294  444
 294  630
 294  555
 294  690
 294  416
 294  558
 295  469
 295  398
 295  677
 295  698
 295  497
 295  695
 295  578
 295  565
 295  360
 295  603
 296  573
 296  359
 296  671
 296  361
 296  614
 296  477
 296  453
 296  457
 296  412
 296  591
 297  354
 297  613
 297  582
 297  654
 297  677
 297  668
 297  618
 297  595
 297  407
 297  573
 298  683
 298  412
 298  633
 298  647
 298  470
 298  649
 298  566
 298  528
 298  441
 298  598
 299  393
 299  698
 299  648
 299  570
 299  567
 299  533
 299  591
 299  695
 299  628
 299  622
 300  678
 300  635
 300  627
 300  587
 300  477
 300  560
 300  398
 300  469
 300  578
 300  461
 301  388
 301  633
 301  387
 301  446
 301  436
 301  585
 301  555
 301  697
 301  626
 301  499
 302  590
 302  564
 302  625
 302  649
 302  633
 302  472
 302  593
 302  547
 302  400
 302  577
 303  655
 303  469
 303  518
 303  580
 303  379
 303  457
 303  525
 303  523
 303  354
 303  649
 304  501
 304  418
 304  462
 304  364
 304  587
 304  532
 304  682
 304  497
 304  635
 304  363
 305  457
 305  589
 305  648
 305  537
 305  611
 305  585
 305  458
 305  616
 305  513
 305  660
 306  488
 306  532
 306  515
 306  368
 306  607
 306  544
 306  352
 306  397
 306  651
 306  662
 307  699
 307  404
 307  523
 307  480
 307  461
 307  676
 307  360
 307  372
 307  687
 307  457
 308  660
 308  383
 308  693
 308  681
 308  458
 308  414
 308  537
 308  673
 308  476
 308  373
 309  364
 309  502
 309  457
 309  459
 309  427
 309  456
 309  569
 309  352
 309  480
 309  625
 310  573
 310  453
 310  541
 310  529
 310  552
 310  418
 310  425
 310  525
 310  693
 310  583
 311  674
 311  369
 311  567
 311  368
 311  673
 311  436
 311  457
 311  577
 311  627
 311  406
 312  570
 312  695
 312  678
 312  521
 312  611
 312  626
 312  661
 312  542
 312  594
 312  600
 313  580
 313  359
 313  660
 313  585
 313  356
 313  542
 313  563
 313  663
 313  568
 313  561
 314  521
 314  559
 314  597
 314  372
 314  604
 314  646
 314  433
 314  536
 314  472
 314  643
 315  681
 315  452
 315  494
 315  602
 315  403
 315  531
 315  407
 315  532
 315  585
 315  614
 316  568
 316  552
 316  605
 316  505
 316  432
 316  652
 316  391
 316  577
 316  372
 316  387
 317  399
 317  630
 317  352
 317  402
 317  611
 317  407
 317  433
 317  566
 317  521
 317  662
 318  603
 318  476
 318  374
 318  568
 318  648
 318  445
 318  475
 318  605
 318  395
 318  607
 319  494
 319  353
 319  686
 319  607
 319  652
 319  568
 319  540
 319  614
 319  389
 319  693
 320  656
 320  674
 320  540
 320  498
 320  489
 320  465
 320  454
 320  414
 320  588
 320  395
 321  583
 321  489
 321  696
 321  588
 321  439
 321  593
 321  507
 321  668
 321  436
 321  660
 322  643
 322  474
 322  566
 322  413
 322  475
 322  494
 322  678
 322  465
 322  547
 322  650
 323  647
 323  363
 323  412
 323  480
 323  462
 323  582
 323  443
 323  655
 323  377
 323  456
 324  645
 324  364
 324  605
 324  505
 324  628
 324  619
 324  692
 324  507
 324  541
 324  517
 325  694
 325  476
 325  439
 325  570
 325  532
 325  389
 325  607
 325  552
 325  382
 325  445
 326  456
 326  656
 326  453
 326  680
 326  409
 326  454
 326  663
 326  564
 326  678
 326  363
 327  679
 327  619
 327  588
 327  562
 327  399
 327  424
 327  558
 327  502
 327  425
 327  480
 328  465
 328  686
 328  682
 328  409
 328  616
 328  377
 328  389
 328  443
 328  544
 328  645
 329  353
 329  562
 329  583
 329  615
 329  646
 329  694
 329  552
 329  681
 329  558
 329  544
 330  680
 330  558
 330  547
 330  427
 330  397
 330  560
 330  494
 330  605
 330  624
 330  387
 331  667
 331  399
 331  661
 331  364
 331  389
 331  569
 331  406
 331  477
 331  555
 331  458
 332  353
 332  540
 332  433
 332  360
 332  400
 332  377
 332  465
 332  404
 332  427
 332  531
 333  451
 333  537
 333  427
 333  397
 333  559
 333  590
 333  480
 333  681
 333  513
 333  605
 334  404
 334  403
 334  609
 334  513
 334  547
 334  694
 334  613
 334  366
 334  555
 334  502
 335  662
 335  568
 335  475
 335  454
 335  667
 335  443
 335  558
 335  492
 335  590
 335  456
 336  694
 336  559
 336  387
 336  439
 336  406
 336  454
 336  492
 336  424
 336  533
 336  507
 337  584
 337  409
 337  630
 337  501
 337  587
 337  547
 337  474
 337  533
 337  609
 337  407
 338  655
 338  475
 338  354
 338  587
 338  501
 338  363
 338  502
 338  402
 338  584
 338  679
 339  475
 339  501
 339  427
 339  600
 339  424
 339  397
 339  369
 339  561
 339  686
 339  624
 340  656
 340  561
 340  505
 340  424
 340  404
 340  619
 340  544
 340  520
 340  616
 340  454
 341  461
 341  465
 341  604
 341  356
 341  505
 341  547
 341  619
 341  492
 341  559
 341  432
 342  682
 342  402
 342  564
 342  568
 342  470
 342  630
 342  555
 342  409
 342  356
 342  588
 343  590
 343  520
 343  624
 343  560
 343  432
 343  609
 343  363
 343  544
 343  626
 343  443
 344  564
 344  356
 344  568
 344  414
 344  469
 344  366
 344  432
 344  650
 344  476
 344  559
 345  590
 345  560
 345  584
 345  382
 345  476
 345  492
 345  505
 345  645
 345  363
 345  587
 346  475
 346  600
 346  354
 346  650
 346  382
 346  564
 346  366
 346  520
 346  369
 346  699
 347  609
 347  414
 347  645
 347  382
 347  647
 347  520
 347  427
 347  409
 347  584
 347  475
 348  645
 348  609
 348  475
 348  414
 348  369
 348  402
 348  492
 348  366
 348  584
 348  382
 349  363
 349  520
 349  409
 349  609
 349  650
 349  590
 349  369
 349  505
 349  402
 349  645
 350  609
 350  564
 350  520
 350  427
 350  369
 350  590
 350  626
 350  587
 350  588
 350  667
