 400  400    1200
   1  417
   1  578
   1  698
   2  639
   2  402
   2  669
   3  545
   3  707
   3  401
   4  467
   4  742
   4  775
   5  634
   5  736
   5  622
   6  456
   6  707
   6  728
   7  564
   7  710
   7  661
   8  671
   8  707
   8  459
   9  489
   9  720
   9  692
  10  689
  10  784
  10  503
  11  436
  11  739
  11  666
  12  614
  12  700
  12  780
  13  656
  13  763
  13  653
  14  758
  14  771
  14  691
  15  529
  15  444
  15  522
  16  578
  16  799
  16  635
  17  653
  17  775
  17  431
  18  523
  18  403
  18  437
  19  591
  19  537
  19  739
  20  630
  20  533
  20  519
  21  708
  21  757
  21  709
  22  543
  22  759
  22  536
  23  706
  23  544
  23  712
  24  602
  24  463
  24  545
  25  538
  25  471
  25  553
  26  631
  26  675
  26  434
  27  525
  27  507
  27  739
  28  606
  28  553
  28  551
  29  577
  29  650
  29  594
  30  799
  30  478
  30  632
  31  527
  31  640
  31  718
  32  466
  32  730
  32  504
  33  677
  33  454
  33  463
  34  733
  34  588
  34  613
  35  699
  35  595
  35  477
  36  468
  36  742
  36  791
  37  683
  37  654
  37  433
  38  766
  38  743
  38  711
  39  602
  39  746
  39  590
  40  625
  40  650
  40  678
  41  676
  41  606
  41  605
  42  634
  42  413
  42  756
  43  696
  43  424
  43  402
  44  652
  44  560
  44  440
  45  672
  45  478
  45  725
  46  680
  46  464
  46  475
  47  507
  47  465
  47  651
  48  532
  48  401
  48  554
  49  742
  49  619
  49  475
  50  488
  50  499
  50  525
  51  571
  51  634
  51  779
  52  403
  52  711
  52  483
  53  523
  53  770
  53  681
  54  518
  54  795
  54  591
  55  683
  55  456
  55  710
  56  542
  56  508
  56  503
  57  539
  57  617
  57  696
  58  582
  58  722
  58  421
  59  643
  59  605
  59  426
  60  765
  60  500
  60  521
  61  689
  61  499
  61  665
  62  401
  62  782
  62  779
  63  610
  63  737
  63  754
  64  491
  64  731
  64  691
  65  737
  65  497
  65  785
  66  613
  66  567
  66  462
  67  660
  67  544
  67  439
  68  604
  68  599
  68  474
  69  645
  69  553
  69  441
  70  699
  70  421
  70  702
  71  540
  71  587
  71  526
  72  788
  72  625
  72  407
  73  450
  73  533
  73  752
  74  792
  74  573
  74  798
  75  703
  75  498
  75  782
  76  520
  76  722
  76  495
  77  517
  77  694
  77  794
  78  427
  78  732
  78  422
  79  614
  79  783
  79  772
  80  510
  80  512
  80  531
  81  409
  81  587
  81  463
  82  715
  82  778
  82  439
  83  570
  83  467
  83  706
  84  550
  84  635
  84  436
  85  508
  85  598
  85  442
  86  748
  86  531
  86  706
  87  617
  87  713
  87  731
  88  498
  88  402
  88  724
  89  746
  89  792
  89  501
  90  521
  90  528
  90  549
  91  678
  91  532
  91  590
  92  528
  92  538
  92  754
  93  685
  93  643
  93  570
  94  594
  94  651
  94  798
  95  703
  95  509
  95  592
  96  574
  96  744
  96  633
  97  410
  97  669
  97  467
  98  768
  98  592
  98  530
  99  424
  99  437
  99  405
 100  643
 100  703
 100  534
 101  658
 101  422
 101  497
 102  528
 102  465
 102  577
 103  426
 103  415
 103  494
 104  551
 104  701
 104  604
 105  501
 105  534
 105  541
 106  689
 106  776
 106  559
 107  627
 107  538
 107  574
 108  597
 108  719
 108  564
 109  429
 109  470
 109  437
 110  772
 110  418
 110  697
 111  697
 111  719
 111  633
 112  494
 112  433
 112  496
 113  415
 113  622
 113  659
 114  608
 114  730
 114  712
 115  628
 115  435
 115  660
 116  480
 116  472
 116  444
 117  566
 117  717
 117  477
 118  444
 118  662
 118  773
 119  469
 119  409
 119  768
 120  618
 120  502
 120  585
 121  599
 121  540
 121  586
 122  788
 122  567
 122  411
 123  566
 123  475
 123  405
 124  738
 124  504
 124  681
 125  491
 125  492
 125  611
 126  420
 126  624
 126  549
 127  738
 127  608
 127  737
 128  686
 128  508
 128  611
 129  426
 129  775
 129  628
 130  555
 130  778
 130  693
 131  558
 131  616
 131  637
 132  705
 132  713
 132  770
 133  630
 133  487
 133  772
 134  650
 134  621
 134  468
 135  675
 135  520
 135  585
 136  407
 136  756
 136  677
 137  549
 137  589
 137  537
 138  793
 138  747
 138  522
 139  776
 139  656
 139  548
 140  431
 140  412
 140  768
 141  687
 141  655
 141  735
 142  779
 142  701
 142  609
 143  645
 143  638
 143  635
 144  719
 144  647
 144  540
 145  434
 145  622
 145  695
 146  612
 146  432
 146  587
 147  441
 147  617
 147  544
 148  685
 148  701
 148  616
 149  730
 149  710
 149  785
 150  743
 150  535
 150  767
 151  478
 151  795
 151  785
 152  662
 152  762
 152  580
 153  797
 153  472
 153  455
 154  791
 154  731
 154  727
 155  671
 155  642
 155  487
 156  424
 156  431
 156  410
 157  408
 157  413
 157  416
 158  757
 158  561
 158  513
 159  564
 159  691
 159  688
 160  755
 160  488
 160  645
 161  521
 161  443
 161  456
 162  636
 162  657
 162  506
 163  717
 163  419
 163  579
 164  497
 164  782
 164  519
 165  616
 165  490
 165  670
 166  446
 166  636
 166  417
 167  594
 167  530
 167  780
 168  607
 168  748
 168  705
 169  586
 169  446
 169  619
 170  551
 170  552
 170  688
 171  647
 171  509
 171  532
 172  487
 172  713
 172  608
 173  683
 173  495
 173  672
 174  670
 174  686
 174  443
 175  504
 175  770
 175  665
 176  726
 176  598
 176  405
 177  732
 177  440
 177  498
 178  548
 178  612
 178  559
 179  460
 179  724
 179  658
 180  624
 180  417
 180  438
 181  637
 181  474
 181  541
 182  672
 182  746
 182  503
 183  548
 183  630
 183  486
 184  760
 184  560
 184  526
 185  603
 185  529
 185  496
 186  491
 186  559
 186  430
 187  716
 187  664
 187  640
 188  674
 188  680
 188  762
 189  560
 189  465
 189  525
 190  546
 190  474
 190  712
 191  494
 191  592
 191  546
 192  651
 192  414
 192  514
 193  601
 193  516
 193  767
 194  793
 194  488
 194  699
 195  565
 195  708
 195  657
 196  524
 196  537
 196  684
 197  565
 197  749
 197  429
 198  584
 198  733
 198  547
 199  800
 199  607
 199  657
 200  453
 200  458
 200  765
 201  575
 201  585
 201  695
 202  510
 202  621
 202  416
 203  557
 203  721
 203  464
 204  515
 204  595
 204  480
 205  621
 205  800
 205  612
 206  670
 206  669
 206  705
 207  690
 207  492
 207  412
 208  773
 208  556
 208  771
 209  522
 209  735
 209  607
 210  791
 210  724
 210  682
 211  786
 211  688
 211  581
 212  536
 212  677
 212  591
 213  644
 213  518
 213  547
 214  403
 214  747
 214  566
 215  695
 215  641
 215  511
 216  686
 216  546
 216  462
 217  756
 217  777
 217  460
 218  638
 218  759
 218  545
 219  764
 219  468
 219  583
 220  698
 220  793
 220  565
 221  745
 221  561
 221  748
 222  759
 222  466
 222  472
 223  733
 223  457
 223  668
 224  495
 224  716
 224  499
 225  790
 225  581
 225  429
 226  788
 226  662
 226  757
 227  598
 227  529
 227  625
 228  660
 228  493
 228  596
 229  753
 229  425
 229  661
 230  407
 230  557
 230  773
 231  679
 231  420
 231  524
 232  447
 232  661
 232  696
 233  506
 233  447
 233  406
 234  619
 234  633
 234  747
 235  547
 235  501
 235  647
 236  649
 236  659
 236  473
 237  761
 237  664
 237  404
 238  533
 238  440
 238  573
 239  797
 239  722
 239  432
 240  464
 240  438
 240  581
 241  577
 241  443
 241  766
 242  781
 242  496
 242  420
 243  451
 243  762
 243  694
 244  436
 244  406
 244  596
 245  523
 245  678
 245  455
 246  595
 246  446
 246  519
 247  674
 247  675
 247  764
 248  552
 248  750
 248  480
 249  479
 249  679
 249  784
 250  790
 250  671
 250  435
 251  515
 251  796
 251  789
 252  554
 252  601
 252  509
 253  627
 253  636
 253  694
 254  717
 254  727
 254  654
 255  751
 255  754
 255  583
 256  653
 256  518
 256  755
 257  428
 257  473
 257  721
 258  574
 258  419
 258  493
 259  412
 259  667
 259  655
 260  784
 260  502
 260  601
 261  603
 261  751
 261  639
 262  428
 262  406
 262  740
 263  404
 263  466
 263  411
 264  640
 264  726
 264  755
 265  789
 265  526
 265  702
 266  744
 266  618
 266  631
 267  455
 267  702
 267  667
 268  428
 268  561
 268  734
 269  556
 269  588
 269  419
 270  550
 270  687
 270  620
 271  558
 271  433
 271  476
 272  795
 272  570
 272  543
 273  790
 273  627
 273  659
 274  778
 274  649
 274  485
 275  732
 275  539
 275  789
 276  502
 276  500
 276  451
 277  673
 277  652
 277  441
 278  550
 278  439
 278  555
 279  557
 279  783
 279  652
 280  668
 280  711
 280  520
 281  535
 281  458
 281  416
 282  745
 282  469
 282  736
 283  515
 283  599
 283  655
 284  422
 284  693
 284  687
 285  586
 285  682
 285  638
 286  479
 286  442
 286  649
 287  486
 287  654
 287  593
 288  629
 288  511
 288  580
 289  578
 289  718
 289  741
 290  692
 290  461
 290  500
 291  531
 291  442
 291  563
 292  745
 292  771
 292  451
 293  563
 293  571
 293  769
 294  708
 294  459
 294  447
 295  485
 295  489
 295  408
 296  432
 296  603
 296  684
 297  700
 297  690
 297  765
 298  700
 298  692
 298  506
 299  413
 299  741
 299  740
 300  753
 300  539
 300  543
 301  589
 301  558
 301  572
 302  718
 302  656
 302  674
 303  425
 303  715
 303  530
 304  750
 304  668
 304  481
 305  679
 305  697
 305  628
 306  639
 306  454
 306  458
 307  648
 307  681
 307  783
 308  482
 308  552
 308  682
 309  410
 309  723
 309  614
 310  492
 310  589
 310  685
 311  514
 311  673
 311  462
 312  644
 312  513
 312  716
 313  715
 313  743
 313  563
 314  554
 314  774
 314  476
 315  620
 315  536
 315  723
 316  734
 316  452
 316  774
 317  613
 317  421
 317  482
 318  644
 318  596
 318  763
 319  524
 319  794
 319  573
 320  535
 320  611
 320  760
 321  780
 321  693
 321  769
 322  720
 322  514
 322  666
 323  774
 323  580
 323  461
 324  452
 324  425
 324  486
 325  641
 325  631
 325  626
 326  752
 326  590
 326  786
 327  753
 327  483
 327  516
 328  758
 328  735
 328  615
 329  766
 329  786
 329  516
 330  609
 330  744
 330  482
 331  623
 331  741
 331  517
 332  673
 332  477
 332  698
 333  769
 333  726
 333  408
 334  597
 334  427
 334  618
 335  457
 335  725
 335  481
 336  727
 336  427
 336  738
 337  729
 337  728
 337  787
 338  435
 338  690
 338  483
 339  704
 339  517
 339  734
 340  624
 340  728
 340  758
 341  461
 341  666
 341  796
 342  534
 342  796
 342  684
 343  414
 343  787
 343  438
 344  610
 344  510
 344  556
 345  479
 345  448
 345  484
 346  562
 346  471
 346  740
 347  776
 347  763
 347  576
 348  571
 348  797
 348  610
 349  473
 349  415
 349  445
 350  414
 350  423
 350  663
 351  459
 351  469
 351  555
 352  448
 352  680
 352  664
 353  751
 353  704
 353  445
 354  569
 354  584
 354  449
 355  493
 355  575
 355  648
 356  511
 356  623
 356  423
 357  490
 357  750
 357  457
 358  430
 358  632
 358  667
 359  761
 359  663
 359  623
 360  646
 360  787
 360  629
 361  434
 361  409
 361  605
 362  602
 362  593
 362  404
 363  584
 363  588
 363  764
 364  569
 364  597
 364  575
 365  542
 365  507
 365  777
 366  721
 366  582
 366  513
 367  761
 367  445
 367  600
 368  583
 368  767
 368  665
 369  629
 369  569
 369  542
 370  658
 370  792
 370  411
 371  579
 371  600
 371  460
 372  749
 372  600
 372  476
 373  481
 373  423
 373  648
 374  576
 374  454
 374  777
 375  470
 375  452
 375  576
 376  470
 376  676
 376  527
 377  714
 377  449
 377  663
 378  582
 378  453
 378  615
 379  484
 379  450
 379  729
 380  505
 380  572
 380  642
 381  430
 381  704
 381  453
 382  568
 382  484
 382  800
 383  609
 383  799
 383  781
 384  642
 384  593
 384  527
 385  641
 385  752
 385  637
 386  450
 386  562
 386  749
 387  720
 387  606
 387  794
 388  709
 388  490
 388  604
 389  760
 389  512
 389  781
 390  646
 390  567
 390  714
 391  418
 391  471
 391  729
 392  489
 392  723
 392  632
 393  714
 393  620
 393  572
 394  448
 394  449
 394  562
 395  798
 395  505
 395  646
 396  615
 396  568
 396  418
 397  676
 397  568
 397  541
 398  709
 398  512
 398  505
 399  626
 399  579
 399  725
 400  485
 400  626
 400  736
