  75   75     750
   1   77
   1  111
   1   79
   1  134
   1  121
   1  141
   1  146
   1   87
   1   76
   1   86
   2  142
   2   87
   2   95
   2  120
   2  150
   2  127
   2   97
   2  132
   2  111
   2  129
   3  113
   3  106
   3  127
   3   97
   3  116
   3  103
   3   90
   3   82
   3  118
   3   88
   4  120
   4  131
   4  130
   4  109
   4   87
   4  149
   4  132
   4  117
   4  124
   4   77
   5  148
   5   95
   5   82
   5  141
   5   97
   5   80
   5  143
   5   76
   5  110
   5  139
   6   78
   6  119
   6   89
   6   86
   6  146
   6  136
   6  103
   6  141
   6  148
   6  122
   7   79
   7   91
   7  122
   7  106
   7   94
   7  138
   7  135
   7  133
   7   98
   7   83
   8  140
   8   93
   8  135
   8   98
   8  147
   8  138
   8  146
   8  124
   8  105
   8  129
   9  119
   9  111
   9   93
   9  123
   9   89
   9   85
   9  118
   9  103
   9   79
   9  122
  10  131
  10   96
  10  106
  10   81
  10  123
  10  113
  10   89
  10  150
  10  122
  10  116
  11  104
  11  126
  11   87
  11  144
  11  140
  11  103
  11   92
  11   98
  11  124
  11  142
  12  126
  12  144
  12  125
  12  108
  12   90
  12  135
  12   80
  12  124
  12   89
  12  148
  13  101
  13  138
  13  117
  13  100
  13  125
  13  141
  13  142
  13  111
  13  115
  13  122
  14   91
  14  114
  14   96
  14  142
  14  106
  14  145
  14   88
  14  124
  14  133
  14  131
  15  141
  15  118
  15  117
  15  143
  15   94
  15  146
  15   78
  15  138
  15   90
  15  108
  16   85
  16  110
  16  136
  16  138
  16   82
  16  103
  16   83
  16  108
  16  148
  16  115
  17  134
  17  140
  17  123
  17  150
  17  145
  17  112
  17   90
  17   81
  17  127
  17   85
  18   92
  18  138
  18  108
  18  113
  18  127
  18  100
  18  115
  18  131
  18  144
  18   81
  19   89
  19   95
  19  137
  19   85
  19  109
  19  148
  19   92
  19  125
  19  144
  19  135
  20  145
  20  137
  20  148
  20  107
  20  103
  20  128
  20   88
  20   92
  20  115
  20   78
  21   87
  21  132
  21   98
  21  137
  21  122
  21  142
  21  146
  21   97
  21   92
  21  100
  22  113
  22   91
  22  142
  22  148
  22  114
  22  118
  22  146
  22  131
  22  125
  22   95
  23  103
  23   82
  23  134
  23  123
  23   78
  23   94
  23   88
  23  111
  23  109
  23   99
  24  130
  24  149
  24  118
  24  137
  24  106
  24  128
  24   80
  24   97
  24  119
  24  145
  25   99
  25  126
  25   80
  25   93
  25  139
  25  103
  25  131
  25   97
  25   77
  25  106
  26  132
  26  127
  26  129
  26  128
  26  120
  26   77
  26  107
  26   79
  26  125
  26  126
  27  110
  27  107
  27  141
  27  103
  27  123
  27  135
  27  132
  27  143
  27  134
  27  101
  28  142
  28  132
  28   80
  28   86
  28   81
  28   95
  28  121
  28   79
  28  122
  28  140
  29   78
  29   83
  29  101
  29   96
  29  118
  29  146
  29  140
  29  136
  29   89
  29  103
  30  126
  30  146
  30  114
  30  150
  30   99
  30  132
  30   96
  30  127
  30  125
  30  111
  31   91
  31  127
  31  131
  31  138
  31   76
  31  100
  31   97
  31   92
  31  124
  31  146
  32   94
  32  108
  32  109
  32  139
  32  141
  32  148
  32   90
  32  125
  32  129
  32   95
  33   77
  33  107
  33  138
  33   90
  33  136
  33   91
  33   99
  33   81
  33   88
  33   79
  34  142
  34   85
  34   87
  34  147
  34  109
  34  138
  34   78
  34  141
  34  104
  34  125
  35  144
  35   90
  35  149
  35   98
  35  125
  35  116
  35  106
  35  145
  35  146
  35  120
  36  142
  36  107
  36  135
  36   82
  36  116
  36  121
  36   76
  36  148
  36  133
  36  113
  37  116
  37   77
  37  119
  37  108
  37  147
  37   80
  37   78
  37   98
  37  137
  37  115
  38  135
  38  109
  38   90
  38   92
  38  132
  38  111
  38   98
  38  102
  38  113
  38  143
  39  130
  39   93
  39  150
  39  126
  39  140
  39   99
  39  111
  39  102
  39   77
  39  104
  40  110
  40  127
  40  150
  40   95
  40   93
  40   85
  40   81
  40  137
  40  112
  40  123
  41  142
  41   95
  41  150
  41  130
  41   77
  41   99
  41  149
  41   97
  41   85
  41  137
  42   93
  42   82
  42  117
  42   84
  42   83
  42  115
  42  112
  42  106
  42  123
  42  129
  43  128
  43   76
  43  115
  43  150
  43   78
  43   90
  43   95
  43   88
  43  149
  43  148
  44  143
  44   94
  44  131
  44  135
  44  115
  44   90
  44  104
  44   93
  44  105
  44   79
  45   80
  45  135
  45  125
  45   87
  45  108
  45  131
  45   76
  45   86
  45   79
  45  115
  46  107
  46  100
  46   91
  46   83
  46  105
  46   84
  46  129
  46   97
  46  109
  46  132
  47   76
  47  145
  47   81
  47  141
  47  105
  47   87
  47  129
  47  127
  47  138
  47   92
  48  136
  48   86
  48   83
  48   89
  48  127
  48   99
  48   87
  48  143
  48   98
  48  102
  49  113
  49   80
  49  105
  49  150
  49   97
  49  117
  49  136
  49  147
  49  145
  49  104
  50  135
  50   82
  50  121
  50  144
  50  100
  50  120
  50  117
  50   77
  50  115
  50  128
  51   92
  51  107
  51  114
  51   94
  51   91
  51   87
  51  144
  51  150
  51   77
  51  113
  52  141
  52   81
  52  112
  52  111
  52  147
  52  123
  52   83
  52   98
  52  128
  52   79
  53   91
  53   99
  53   96
  53  128
  53  121
  53  112
  53  129
  53  136
  53  126
  53  124
  54  118
  54  132
  54  105
  54   94
  54   99
  54   86
  54  110
  54   85
  54   95
  54   82
  55  140
  55   76
  55   94
  55  100
  55  144
  55  116
  55   92
  55   88
  55  134
  55   89
  56  128
  56   80
  56   99
  56  101
  56  116
  56  149
  56  147
  56  137
  56  143
  56   78
  57   96
  57  117
  57  121
  57  120
  57   83
  57  137
  57  124
  57  123
  57  109
  57  144
  58  100
  58  122
  58   81
  58  139
  58  121
  58  124
  58  120
  58   88
  58   78
  58  117
  59  110
  59  117
  59  143
  59  118
  59  123
  59  101
  59   85
  59   98
  59  140
  59  136
  60  110
  60  124
  60   88
  60   80
  60  107
  60  137
  60   96
  60   81
  60   94
  60  139
  61  113
  61  109
  61  116
  61  101
  61  139
  61  133
  61   96
  61   88
  61  104
  61   85
  62  149
  62   84
  62   76
  62  119
  62  145
  62   83
  62  111
  62   96
  62  116
  62   93
  63  130
  63  110
  63  108
  63  145
  63  126
  63   96
  63  136
  63  116
  63  104
  63  102
  64  144
  64  110
  64  106
  64  129
  64   82
  64  109
  64  104
  64  119
  64  101
  64  114
  65  120
  65  106
  65   82
  65   94
  65  113
  65  134
  65  133
  65  117
  65   93
  65  122
  66  102
  66  112
  66  104
  66  120
  66  121
  66  122
  66   91
  66   93
  66  114
  66   76
  67   89
  67  104
  67  133
  67  112
  67  114
  67  121
  67   91
  67   83
  67  107
  67  105
  68  112
  68   84
  68  134
  68  139
  68  119
  68  101
  68  107
  68  110
  68   89
  68  136
  69  129
  69  133
  69  121
  69  101
  69  143
  69  102
  69  128
  69  105
  69  119
  69  112
  70  128
  70  100
  70  143
  70  112
  70   84
  70  101
  70  120
  70  147
  70   86
  70  126
  71   84
  71  119
  71  105
  71  102
  71  139
  71  149
  71  130
  71  108
  71  114
  71  134
  72  134
  72  145
  72  102
  72   84
  72  118
  72   86
  72  130
  72  126
  72  140
  72  139
  73  133
  73  134
  73  130
  73   84
  73  140
  73  147
  73  102
  73   86
  73  108
  73  119
  74  114
  74  139
  74   86
  74   84
  74  118
  74  147
  74  149
  74  130
  74  133
  74  102
  75  147
  75   84
  75  100
  75  114
  75  149
  75  130
  75  133
  75  105
  75  131
  75   79
