 400  400    2000
   1  413
   1  411
   1  724
   1  570
   1  621
   2  535
   2  792
   2  636
   2  501
   2  703
   3  533
   3  478
   3  689
   3  501
   3  665
   4  621
   4  764
   4  645
   4  401
   4  457
   5  428
   5  406
   5  716
   5  555
   5  481
   6  439
   6  715
   6  650
   6  539
   6  591
   7  402
   7  471
   7  662
   7  637
   7  680
   8  687
   8  704
   8  763
   8  607
   8  582
   9  544
   9  748
   9  430
   9  464
   9  556
  10  716
  10  759
  10  587
  10  446
  10  747
  11  683
  11  733
  11  686
  11  625
  11  437
  12  622
  12  653
  12  513
  12  688
  12  793
  13  457
  13  748
  13  470
  13  527
  13  643
  14  532
  14  743
  14  420
  14  470
  14  716
  15  489
  15  718
  15  772
  15  581
  15  420
  16  690
  16  780
  16  668
  16  617
  16  787
  17  646
  17  512
  17  418
  17  594
  17  459
  18  742
  18  503
  18  663
  18  478
  18  534
  19  441
  19  568
  19  542
  19  624
  19  764
  20  597
  20  510
  20  516
  20  426
  20  410
  21  404
  21  432
  21  761
  21  799
  21  543
  22  463
  22  646
  22  404
  22  412
  22  659
  23  568
  23  673
  23  593
  23  703
  23  406
  24  531
  24  544
  24  680
  24  595
  24  699
  25  416
  25  536
  25  615
  25  713
  25  582
  26  671
  26  747
  26  773
  26  760
  26  628
  27  502
  27  588
  27  413
  27  456
  27  491
  28  632
  28  601
  28  623
  28  516
  28  769
  29  460
  29  583
  29  441
  29  615
  29  707
  30  611
  30  502
  30  466
  30  770
  30  525
  31  451
  31  535
  31  735
  31  585
  31  461
  32  720
  32  770
  32  549
  32  797
  32  503
  33  579
  33  759
  33  676
  33  653
  33  607
  34  696
  34  694
  34  663
  34  790
  34  747
  35  646
  35  436
  35  724
  35  789
  35  552
  36  584
  36  605
  36  705
  36  714
  36  446
  37  648
  37  605
  37  597
  37  525
  37  750
  38  425
  38  557
  38  584
  38  493
  38  636
  39  779
  39  565
  39  685
  39  503
  39  489
  40  512
  40  594
  40  787
  40  442
  40  642
  41  604
  41  699
  41  619
  41  652
  41  731
  42  604
  42  481
  42  800
  42  762
  42  471
  43  442
  43  632
  43  730
  43  773
  43  423
  44  431
  44  735
  44  417
  44  747
  44  578
  45  552
  45  673
  45  561
  45  743
  45  613
  46  786
  46  478
  46  736
  46  696
  46  542
  47  421
  47  713
  47  627
  47  592
  47  404
  48  510
  48  714
  48  740
  48  597
  48  755
  49  685
  49  735
  49  539
  49  473
  49  533
  50  587
  50  641
  50  765
  50  617
  50  440
  51  613
  51  553
  51  434
  51  471
  51  556
  52  794
  52  683
  52  449
  52  656
  52  681
  53  488
  53  531
  53  691
  53  577
  53  611
  54  552
  54  549
  54  436
  54  734
  54  747
  55  783
  55  482
  55  724
  55  412
  55  706
  56  743
  56  640
  56  460
  56  622
  56  580
  57  477
  57  578
  57  776
  57  602
  57  440
  58  703
  58  775
  58  650
  58  435
  58  593
  59  672
  59  645
  59  663
  59  530
  59  660
  60  672
  60  429
  60  701
  60  614
  60  590
  61  423
  61  673
  61  657
  61  719
  61  681
  62  544
  62  519
  62  762
  62  505
  62  709
  63  644
  63  762
  63  757
  63  613
  63  490
  64  560
  64  518
  64  534
  64  419
  64  514
  65  733
  65  510
  65  766
  65  670
  65  647
  66  435
  66  557
  66  623
  66  427
  66  430
  67  769
  67  504
  67  516
  67  536
  67  795
  68  505
  68  576
  68  421
  68  558
  68  732
  69  676
  69  542
  69  445
  69  425
  69  789
  70  586
  70  521
  70  721
  70  730
  70  515
  71  601
  71  494
  71  738
  71  404
  71  763
  72  626
  72  746
  72  552
  72  718
  72  496
  73  433
  73  691
  73  752
  73  530
  73  791
  74  784
  74  664
  74  767
  74  597
  74  430
  75  662
  75  511
  75  401
  75  558
  75  559
  76  654
  76  705
  76  698
  76  582
  76  728
  77  571
  77  664
  77  780
  77  444
  77  608
  78  546
  78  768
  78  575
  78  548
  78  608
  79  468
  79  589
  79  615
  79  536
  79  772
  80  635
  80  469
  80  627
  80  762
  80  698
  81  422
  81  718
  81  551
  81  406
  81  628
  82  509
  82  730
  82  693
  82  572
  82  487
  83  433
  83  523
  83  453
  83  722
  83  488
  84  418
  84  692
  84  558
  84  688
  84  655
  85  667
  85  464
  85  679
  85  605
  85  488
  86  500
  86  409
  86  513
  86  447
  86  558
  87  504
  87  799
  87  443
  87  469
  87  583
  88  627
  88  708
  88  575
  88  573
  88  783
  89  680
  89  681
  89  594
  89  408
  89  758
  90  490
  90  599
  90  536
  90  728
  90  447
  91  576
  91  535
  91  432
  91  518
  91  694
  92  715
  92  778
  92  585
  92  649
  92  566
  93  611
  93  463
  93  752
  93  438
  93  421
  94  422
  94  728
  94  743
  94  672
  94  474
  95  524
  95  485
  95  554
  95  487
  95  449
  96  620
  96  417
  96  696
  96  798
  96  751
  97  560
  97  599
  97  403
  97  605
  97  505
  98  426
  98  486
  98  538
  98  482
  98  708
  99  568
  99  444
  99  723
  99  571
  99  517
 100  652
 100  511
 100  700
 100  426
 100  604
 101  742
 101  409
 101  572
 101  405
 101  454
 102  529
 102  736
 102  634
 102  506
 102  583
 103  738
 103  563
 103  655
 103  465
 103  570
 104  619
 104  486
 104  683
 104  555
 104  413
 105  509
 105  405
 105  666
 105  569
 105  564
 106  728
 106  644
 106  749
 106  477
 106  632
 107  597
 107  594
 107  765
 107  434
 107  710
 108  727
 108  631
 108  656
 108  725
 108  642
 109  514
 109  701
 109  616
 109  615
 109  488
 110  737
 110  757
 110  725
 110  455
 110  549
 111  575
 111  428
 111  684
 111  494
 111  697
 112  623
 112  768
 112  433
 112  730
 112  619
 113  517
 113  538
 113  498
 113  750
 113  700
 114  780
 114  482
 114  424
 114  460
 114  654
 115  682
 115  767
 115  422
 115  643
 115  592
 116  780
 116  577
 116  685
 116  792
 116  694
 117  755
 117  498
 117  682
 117  460
 117  473
 118  543
 118  661
 118  406
 118  682
 118  680
 119  470
 119  715
 119  450
 119  755
 119  411
 120  642
 120  518
 120  502
 120  689
 120  482
 121  432
 121  537
 121  614
 121  756
 121  660
 122  780
 122  517
 122  742
 122  777
 122  540
 123  792
 123  723
 123  767
 123  648
 123  736
 124  629
 124  666
 124  770
 124  498
 124  493
 125  493
 125  469
 125  624
 125  730
 125  774
 126  517
 126  440
 126  769
 126  648
 126  723
 127  502
 127  764
 127  633
 127  409
 127  521
 128  678
 128  521
 128  614
 128  551
 128  514
 129  702
 129  433
 129  419
 129  515
 129  548
 130  745
 130  686
 130  558
 130  681
 130  564
 131  529
 131  455
 131  701
 131  745
 131  763
 132  773
 132  725
 132  476
 132  560
 132  514
 133  656
 133  754
 133  797
 133  488
 133  502
 134  796
 134  673
 134  570
 134  573
 134  522
 135  612
 135  591
 135  644
 135  763
 135  662
 136  733
 136  742
 136  498
 136  792
 136  624
 137  742
 137  485
 137  627
 137  568
 137  543
 138  800
 138  570
 138  596
 138  769
 138  702
 139  546
 139  697
 139  692
 139  524
 139  752
 140  573
 140  465
 140  615
 140  445
 140  570
 141  515
 141  658
 141  636
 141  616
 141  537
 142  422
 142  584
 142  521
 142  773
 142  432
 143  754
 143  563
 143  573
 143  739
 143  540
 144  722
 144  611
 144  788
 144  656
 144  565
 145  689
 145  501
 145  516
 145  671
 145  655
 146  459
 146  711
 146  725
 146  556
 146  533
 147  432
 147  656
 147  766
 147  581
 147  767
 148  799
 148  706
 148  630
 148  675
 148  428
 149  436
 149  799
 149  669
 149  670
 149  664
 150  729
 150  523
 150  434
 150  599
 150  545
 151  512
 151  796
 151  778
 151  682
 151  415
 152  611
 152  658
 152  782
 152  679
 152  688
 153  576
 153  662
 153  586
 153  658
 153  610
 154  648
 154  712
 154  787
 154  495
 154  413
 155  718
 155  414
 155  573
 155  539
 155  547
 156  494
 156  463
 156  513
 156  541
 156  699
 157  494
 157  704
 157  577
 157  441
 157  663
 158  643
 158  650
 158  727
 158  552
 158  603
 159  693
 159  751
 159  513
 159  434
 159  563
 160  404
 160  727
 160  786
 160  688
 160  505
 161  541
 161  428
 161  623
 161  538
 161  476
 162  620
 162  760
 162  697
 162  497
 162  774
 163  741
 163  673
 163  786
 163  687
 163  543
 164  475
 164  766
 164  476
 164  452
 164  707
 165  632
 165  455
 165  663
 165  541
 165  782
 166  430
 166  585
 166  637
 166  660
 166  591
 167  411
 167  514
 167  489
 167  441
 167  538
 168  666
 168  629
 168  682
 168  648
 168  539
 169  526
 169  622
 169  507
 169  679
 169  660
 170  651
 170  613
 170  412
 170  726
 170  498
 171  677
 171  458
 171  584
 171  797
 171  559
 172  678
 172  794
 172  411
 172  632
 172  800
 173  691
 173  544
 173  758
 173  737
 173  709
 174  691
 174  582
 174  591
 174  462
 174  557
 175  751
 175  681
 175  544
 175  530
 175  651
 176  605
 176  418
 176  749
 176  709
 176  669
 177  465
 177  686
 177  559
 177  410
 177  492
 178  789
 178  584
 178  754
 178  506
 178  530
 179  650
 179  785
 179  519
 179  684
 179  555
 180  770
 180  744
 180  436
 180  492
 180  722
 181  641
 181  551
 181  458
 181  800
 181  646
 182  726
 182  613
 182  751
 182  778
 182  659
 183  676
 183  405
 183  547
 183  447
 183  566
 184  596
 184  771
 184  425
 184  568
 184  778
 185  666
 185  649
 185  576
 185  740
 185  515
 186  666
 186  450
 186  466
 186  563
 186  567
 187  755
 187  664
 187  419
 187  556
 187  771
 188  425
 188  679
 188  587
 188  482
 188  755
 189  537
 189  757
 189  451
 189  746
 189  416
 190  728
 190  617
 190  413
 190  800
 190  624
 191  471
 191  566
 191  496
 191  772
 191  635
 192  741
 192  424
 192  694
 192  454
 192  491
 193  547
 193  419
 193  751
 193  439
 193  421
 194  553
 194  517
 194  470
 194  489
 194  576
 195  699
 195  723
 195  556
 195  622
 195  405
 196  443
 196  513
 196  724
 196  738
 196  599
 197  767
 197  735
 197  680
 197  483
 197  772
 198  797
 198  504
 198  790
 198  624
 198  426
 199  423
 199  746
 199  501
 199  754
 199  479
 200  695
 200  525
 200  711
 200  789
 200  654
 201  637
 201  523
 201  587
 201  425
 201  599
 202  479
 202  547
 202  645
 202  694
 202  616
 203  538
 203  759
 203  705
 203  474
 203  583
 204  687
 204  692
 204  644
 204  796
 204  431
 205  581
 205  406
 205  766
 205  500
 205  678
 206  438
 206  417
 206  774
 206  773
 206  491
 207  703
 207  724
 207  428
 207  411
 207  616
 208  634
 208  478
 208  516
 208  719
 208  628
 209  579
 209  766
 209  653
 209  553
 209  737
 210  442
 210  725
 210  644
 210  589
 210  583
 211  797
 211  557
 211  610
 211  528
 211  664
 212  748
 212  645
 212  433
 212  566
 212  528
 213  504
 213  505
 213  465
 213  640
 213  709
 214  594
 214  723
 214  578
 214  527
 214  746
 215  423
 215  422
 215  650
 215  702
 215  531
 216  762
 216  683
 216  477
 216  675
 216  740
 217  506
 217  626
 217  543
 217  528
 217  566
 218  683
 218  515
 218  504
 218  717
 218  607
 219  419
 219  726
 219  722
 219  738
 219  756
 220  649
 220  794
 220  523
 220  699
 220  592
 221  455
 221  577
 221  739
 221  596
 221  692
 222  426
 222  437
 222  672
 222  697
 222  764
 223  481
 223  441
 223  534
 223  510
 223  554
 224  787
 224  507
 224  477
 224  791
 224  571
 225  497
 225  608
 225  601
 225  470
 225  606
 226  532
 226  622
 226  545
 226  473
 226  692
 227  499
 227  530
 227  415
 227  716
 227  786
 228  528
 228  684
 228  561
 228  623
 228  752
 229  549
 229  606
 229  729
 229  676
 229  616
 230  770
 230  689
 230  750
 230  527
 230  790
 231  753
 231  475
 231  760
 231  619
 231  531
 232  596
 232  792
 232  520
 232  608
 232  756
 233  715
 233  528
 233  549
 233  737
 233  421
 234  527
 234  479
 234  410
 234  788
 234  722
 235  522
 235  537
 235  668
 235  555
 235  509
 236  626
 236  571
 236  465
 236  740
 236  524
 237  548
 237  793
 237  760
 237  593
 237  463
 238  484
 238  679
 238  518
 238  634
 238  690
 239  749
 239  591
 239  415
 239  777
 239  439
 240  667
 240  567
 240  784
 240  659
 240  479
 241  799
 241  427
 241  738
 241  752
 241  639
 242  579
 242  581
 242  560
 242  764
 242  536
 243  405
 243  451
 243  588
 243  572
 243  626
 244  447
 244  587
 244  420
 244  709
 244  676
 245  651
 245  713
 245  741
 245  442
 245  603
 246  706
 246  721
 246  633
 246  740
 246  640
 247  719
 247  647
 247  729
 247  577
 247  706
 248  418
 248  596
 248  407
 248  753
 248  761
 249  721
 249  642
 249  693
 249  436
 249  734
 250  704
 250  407
 250  561
 250  772
 250  769
 251  484
 251  750
 251  479
 251  626
 251  759
 252  489
 252  745
 252  449
 252  600
 252  442
 253  476
 253  727
 253  652
 253  743
 253  662
 254  718
 254  776
 254  678
 254  578
 254  446
 255  452
 255  705
 255  590
 255  403
 255  546
 256  564
 256  608
 256  784
 256  486
 256  547
 257  641
 257  716
 257  402
 257  589
 257  777
 258  474
 258  564
 258  737
 258  768
 258  607
 259  630
 259  506
 259  438
 259  423
 259  439
 260  495
 260  600
 260  579
 260  697
 260  741
 261  414
 261  688
 261  546
 261  559
 261  467
 262  507
 262  460
 262  512
 262  736
 262  495
 263  507
 263  691
 263  736
 263  700
 263  572
 264  430
 264  719
 264  486
 264  462
 264  693
 265  627
 265  649
 265  475
 265  497
 265  602
 266  783
 266  467
 266  572
 266  535
 266  417
 267  669
 267  712
 267  654
 267  540
 267  563
 268  668
 268  414
 268  457
 268  758
 268  600
 269  534
 269  786
 269  620
 269  727
 269  677
 270  564
 270  705
 270  609
 270  535
 270  532
 271  407
 271  781
 271  474
 271  484
 271  641
 272  787
 272  677
 272  521
 272  687
 272  461
 273  407
 273  659
 273  402
 273  416
 273  472
 274  701
 274  401
 274  495
 274  757
 274  788
 275  560
 275  647
 275  686
 275  484
 275  458
 276  476
 276  791
 276  533
 276  672
 276  668
 277  785
 277  542
 277  793
 277  704
 277  567
 278  518
 278  510
 278  431
 278  774
 278  790
 279  720
 279  763
 279  719
 279  454
 279  485
 280  617
 280  631
 280  761
 280  445
 280  778
 281  477
 281  620
 281  458
 281  646
 281  571
 282  636
 282  440
 282  447
 282  777
 282  794
 283  761
 283  700
 283  638
 283  774
 283  453
 284  789
 284  526
 284  525
 284  739
 284  495
 285  735
 285  485
 285  592
 285  761
 285  625
 286  519
 286  527
 286  403
 286  754
 286  420
 287  467
 287  702
 287  791
 287  637
 287  451
 288  749
 288  466
 288  462
 288  480
 288  506
 289  670
 289  579
 289  410
 289  487
 289  415
 290  779
 290  569
 290  446
 290  459
 290  490
 291  710
 291  781
 291  409
 291  457
 291  607
 292  542
 292  511
 292  654
 292  629
 292  531
 293  545
 293  532
 293  575
 293  561
 293  526
 294  448
 294  712
 294  539
 294  402
 294  760
 295  490
 295  590
 295  493
 295  522
 295  469
 296  480
 296  685
 296  733
 296  653
 296  427
 297  653
 297  451
 297  588
 297  689
 297  657
 298  796
 298  546
 298  529
 298  745
 298  494
 299  578
 299  589
 299  554
 299  401
 299  711
 300  483
 300  638
 300  741
 300  602
 300  446
 301  478
 301  665
 301  503
 301  456
 301  401
 302  473
 302  652
 302  712
 302  704
 302  586
 303  781
 303  449
 303  417
 303  480
 303  467
 304  545
 304  693
 304  492
 304  557
 304  698
 305  618
 305  750
 305  431
 305  496
 305  512
 306  503
 306  655
 306  729
 306  744
 306  588
 307  492
 307  633
 307  434
 307  585
 307  416
 308  567
 308  469
 308  534
 308  449
 308  461
 309  475
 309  621
 309  548
 309  618
 309  685
 310  734
 310  634
 310  532
 310  796
 310  499
 311  600
 311  582
 311  439
 311  548
 311  711
 312  450
 312  675
 312  638
 312  748
 312  455
 313  619
 313  620
 313  457
 313  415
 313  567
 314  407
 314  522
 314  609
 314  453
 314  669
 315  537
 315  480
 315  466
 315  440
 315  533
 316  525
 316  480
 316  418
 316  466
 316  429
 317  674
 317  641
 317  643
 317  409
 317  471
 318  734
 318  609
 318  781
 318  721
 318  675
 319  569
 319  614
 319  794
 319  706
 319  491
 320  437
 320  454
 320  526
 320  791
 320  581
 321  589
 321  458
 321  461
 321  795
 321  759
 322  635
 322  781
 322  481
 322  783
 322  655
 323  431
 323  798
 323  507
 323  671
 323  708
 324  721
 324  424
 324  593
 324  483
 324  739
 325  629
 325  604
 325  637
 325  714
 325  414
 326  509
 326  600
 326  757
 326  712
 326  660
 327  765
 327  638
 327  640
 327  529
 327  448
 328  604
 328  776
 328  402
 328  790
 328  640
 329  678
 329  748
 329  645
 329  753
 329  492
 330  610
 330  775
 330  643
 330  703
 330  598
 331  695
 331  731
 331  733
 331  677
 331  437
 332  635
 332  454
 332  784
 332  776
 332  695
 333  768
 333  702
 333  612
 333  785
 333  675
 334  485
 334  445
 334  674
 334  529
 334  621
 335  696
 335  429
 335  798
 335  412
 335  753
 336  661
 336  509
 336  695
 336  717
 336  707
 337  638
 337  633
 337  526
 337  403
 337  520
 338  690
 338  459
 338  565
 338  612
 338  708
 339  714
 339  408
 339  490
 339  711
 339  771
 340  775
 340  575
 340  739
 340  784
 340  671
 341  636
 341  700
 341  749
 341  746
 341  555
 342  651
 342  731
 342  522
 342  614
 342  665
 343  496
 343  474
 343  499
 343  667
 343  710
 344  416
 344  410
 344  445
 344  647
 344  715
 345  744
 345  667
 345  745
 345  696
 345  486
 346  610
 346  501
 346  775
 346  463
 346  427
 347  651
 347  497
 347  690
 347  483
 347  720
 348  657
 348  450
 348  606
 348  618
 348  635
 349  601
 349  606
 349  756
 349  734
 349  438
 350  438
 350  443
 350  621
 350  628
 350  661
 351  554
 351  580
 351  690
 351  668
 351  667
 352  698
 352  487
 352  701
 352  785
 352  671
 353  475
 353  461
 353  448
 353  777
 353  511
 354  795
 354  603
 354  595
 354  732
 354  708
 355  698
 355  453
 355  580
 355  707
 355  717
 356  630
 356  569
 356  435
 356  731
 356  617
 357  765
 357  559
 357  783
 357  464
 357  520
 358  595
 358  606
 358  574
 358  408
 358  562
 359  472
 359  610
 359  524
 359  631
 359  642
 360  768
 360  444
 360  631
 360  710
 360  795
 361  408
 361  508
 361  467
 361  669
 361  453
 362  788
 362  424
 362  412
 362  602
 362  500
 363  497
 363  524
 363  782
 363  732
 363  541
 364  659
 364  726
 364  435
 364  483
 364  424
 365  464
 365  630
 365  633
 365  612
 365  585
 366  437
 366  677
 366  554
 366  520
 366  782
 367  586
 367  511
 367  595
 367  420
 367  473
 368  720
 368  408
 368  731
 368  634
 368  765
 369  493
 369  674
 369  456
 369  487
 369  491
 370  625
 370  540
 370  443
 370  785
 370  717
 371  629
 371  545
 371  452
 371  541
 371  551
 372  519
 372  625
 372  444
 372  523
 372  713
 373  592
 373  414
 373  508
 373  435
 373  444
 374  593
 374  595
 374  686
 374  452
 374  551
 375  631
 375  456
 375  776
 375  665
 375  443
 376  612
 376  674
 376  779
 376  456
 376  450
 377  756
 377  574
 377  588
 377  639
 377  714
 378  713
 378  707
 378  798
 378  565
 378  499
 379  574
 379  508
 379  657
 379  788
 379  590
 380  630
 380  674
 380  565
 380  687
 380  448
 381  601
 381  427
 381  618
 381  744
 381  710
 382  720
 382  795
 382  758
 382  553
 382  670
 383  695
 383  609
 383  771
 383  590
 383  550
 384  753
 384  569
 384  670
 384  625
 384  647
 385  779
 385  661
 385  649
 385  618
 385  452
 386  657
 386  598
 386  448
 386  782
 386  726
 387  779
 387  684
 387  499
 387  464
 387  574
 388  603
 388  459
 388  403
 388  562
 388  639
 389  561
 389  729
 389  508
 389  609
 389  520
 390  484
 390  758
 390  717
 390  500
 390  519
 391  732
 391  793
 391  771
 391  540
 391  574
 392  628
 392  550
 392  732
 392  665
 392  744
 393  580
 393  550
 393  562
 393  639
 393  602
 394  500
 394  586
 394  658
 394  550
 394  580
 395  496
 395  562
 395  603
 395  472
 395  798
 396  553
 396  658
 396  562
 396  652
 396  598
 397  639
 397  684
 397  429
 397  462
 397  468
 398  508
 398  468
 398  429
 398  775
 398  481
 399  468
 399  598
 399  472
 399  661
 399  793
 400  550
 400  462
 400  472
 400  468
 400  598
