 200  200     600
   1  203
   1  319
   1  316
   2  400
   2  245
   2  318
   3  392
   3  294
   3  223
   4  378
   4  254
   4  274
   5  330
   5  282
   5  299
   6  333
   6  282
   6  289
   7  228
   7  279
   7  359
   8  247
   8  361
   8  311
   9  251
   9  309
   9  349
  10  276
  10  316
  10  330
  11  378
  11  278
  11  253
  12  398
  12  359
  12  217
  13  347
  13  356
  13  334
  14  252
  14  270
  14  211
  15  320
  15  248
  15  279
  16  253
  16  270
  16  278
  17  304
  17  388
  17  354
  18  316
  18  314
  18  359
  19  319
  19  309
  19  299
  20  362
  20  299
  20  212
  21  244
  21  314
  21  342
  22  280
  22  227
  22  306
  23  350
  23  381
  23  264
  24  331
  24  361
  24  243
  25  205
  25  366
  25  344
  26  325
  26  228
  26  293
  27  223
  27  258
  27  389
  28  283
  28  317
  28  343
  29  320
  29  226
  29  280
  30  336
  30  238
  30  260
  31  343
  31  274
  31  270
  32  366
  32  393
  32  390
  33  336
  33  306
  33  344
  34  320
  34  394
  34  278
  35  283
  35  234
  35  312
  36  210
  36  235
  36  229
  37  395
  37  274
  37  252
  38  338
  38  328
  38  301
  39  230
  39  222
  39  310
  40  356
  40  311
  40  227
  41  259
  41  261
  41  288
  42  334
  42  386
  42  296
  43  327
  43  243
  43  306
  44  234
  44  383
  44  258
  45  342
  45  231
  45  335
  46  234
  46  328
  46  273
  47  333
  47  271
  47  390
  48  349
  48  260
  48  257
  49  343
  49  289
  49  368
  50  201
  50  373
  50  244
  51  203
  51  312
  51  277
  52  208
  52  337
  52  336
  53  271
  53  304
  53  230
  54  233
  54  302
  54  285
  55  368
  55  362
  55  237
  56  366
  56  226
  56  243
  57  371
  57  317
  57  215
  58  380
  58  309
  58  236
  59  205
  59  248
  59  255
  60  369
  60  304
  60  203
  61  312
  61  305
  61  364
  62  325
  62  364
  62  214
  63  248
  63  253
  63  370
  64  218
  64  339
  64  393
  65  389
  65  329
  65  205
  66  265
  66  323
  66  358
  67  347
  67  356
  67  292
  68  271
  68  392
  68  239
  69  368
  69  362
  69  314
  70  393
  70  341
  70  315
  71  391
  71  282
  71  323
  72  224
  72  303
  72  328
  73  378
  73  342
  73  260
  74  266
  74  396
  74  301
  75  363
  75  214
  75  386
  76  283
  76  374
  76  237
  77  324
  77  206
  77  295
  78  244
  78  218
  78  382
  79  400
  79  383
  79  254
  80  240
  80  223
  80  250
  81  333
  81  301
  81  285
  82  281
  82  319
  82  286
  83  218
  83  267
  83  287
  84  284
  84  206
  84  254
  85  357
  85  227
  85  238
  86  225
  86  371
  86  292
  87  215
  87  321
  87  376
  88  235
  88  361
  88  266
  89  317
  89  226
  89  206
  90  230
  90  267
  90  266
  91  240
  91  353
  91  381
  92  360
  92  400
  92  384
  93  382
  93  293
  93  338
  94  211
  94  375
  94  380
  95  239
  95  259
  95  395
  96  287
  96  238
  96  237
  97  307
  97  204
  97  388
  98  383
  98  363
  98  262
  99  381
  99  221
  99  353
 100  389
 100  239
 100  371
 101  246
 101  291
 101  355
 102  267
 102  258
 102  315
 103  285
 103  392
 103  384
 104  290
 104  246
 104  249
 105  321
 105  236
 105  351
 106  240
 106  300
 106  311
 107  290
 107  231
 107  346
 108  201
 108  374
 108  338
 109  349
 109  332
 109  204
 110  305
 110  294
 110  358
 111  346
 111  335
 111  390
 112  268
 112  384
 112  288
 113  242
 113  247
 113  352
 114  337
 114  252
 114  251
 115  360
 115  280
 115  364
 116  313
 116  255
 116  290
 117  259
 117  284
 117  276
 118  228
 118  269
 118  352
 119  398
 119  307
 119  256
 120  374
 120  335
 120  204
 121  369
 121  249
 121  245
 122  310
 122  369
 122  327
 123  284
 123  329
 123  279
 124  221
 124  202
 124  376
 125  353
 125  214
 125  331
 126  373
 126  293
 126  398
 127  201
 127  300
 127  340
 128  358
 128  275
 128  296
 129  327
 129  377
 129  375
 130  298
 130  372
 130  357
 131  295
 131  298
 131  231
 132  321
 132  286
 132  281
 133  215
 133  367
 133  251
 134  224
 134  272
 134  216
 135  329
 135  354
 135  281
 136  313
 136  347
 136  221
 137  261
 137  391
 137  297
 138  211
 138  294
 138  355
 139  394
 139  255
 139  217
 140  386
 140  233
 140  387
 141  313
 141  265
 141  352
 142  318
 142  399
 142  387
 143  262
 143  202
 143  268
 144  357
 144  345
 144  286
 145  246
 145  298
 145  256
 146  380
 146  262
 146  379
 147  241
 147  303
 147  332
 148  315
 148  355
 148  379
 149  354
 149  377
 149  225
 150  202
 150  296
 150  219
 151  345
 151  308
 151  334
 152  375
 152  307
 152  265
 153  263
 153  249
 153  224
 154  272
 154  289
 154  303
 155  308
 155  245
 155  318
 156  340
 156  263
 156  397
 157  344
 157  288
 157  350
 158  331
 158  323
 158  330
 159  220
 159  277
 159  341
 160  385
 160  207
 160  216
 161  269
 161  340
 161  395
 162  372
 162  399
 162  235
 163  295
 163  222
 163  272
 164  242
 164  337
 164  346
 165  209
 165  302
 165  367
 166  216
 166  360
 166  264
 167  332
 167  273
 167  302
 168  217
 168  339
 168  232
 169  322
 169  268
 169  399
 170  210
 170  308
 170  377
 171  222
 171  351
 171  310
 172  326
 172  242
 172  225
 173  394
 173  385
 173  257
 174  219
 174  300
 174  241
 175  210
 175  325
 175  363
 176  297
 176  207
 176  305
 177  376
 177  213
 177  250
 178  367
 178  256
 178  370
 179  322
 179  209
 179  263
 180  373
 180  379
 180  339
 181  269
 181  385
 181  213
 182  397
 182  382
 182  247
 183  212
 183  233
 183  275
 184  324
 184  396
 184  345
 185  365
 185  292
 185  212
 186  236
 186  372
 186  348
 187  291
 187  387
 187  341
 188  350
 188  264
 188  324
 189  213
 189  276
 189  219
 190  209
 190  322
 190  232
 191  348
 191  291
 191  397
 192  229
 192  241
 192  273
 193  348
 193  370
 193  391
 194  261
 194  287
 194  229
 195  388
 195  232
 195  326
 196  351
 196  207
 196  257
 197  297
 197  275
 197  277
 198  365
 198  220
 198  326
 199  396
 199  208
 199  220
 200  208
 200  250
 200  365
