  50   50     250
   1   51
   1   92
   1   68
   1   74
   1   72
   2   60
   2   65
   2   51
   2   53
   2   73
   3   75
   3  100
   3   89
   3   77
   3   65
   4   70
   4   94
   4   63
   4   92
   4   76
   5  100
   5   93
   5   76
   5   74
   5   70
   6   95
   6   98
   6   85
   6   63
   6   96
   7   59
   7   70
   7   98
   7   56
   7   80
   8  100
   8   65
   8   56
   8   61
   8   85
   9   74
   9   75
   9   52
   9   94
   9   59
  10   57
  10   53
  10   93
  10   87
  10   69
  11   93
  11   67
  11   60
  11   74
  11   65
  12   68
  12   88
  12   92
  12   65
  12   55
  13   55
  13   72
  13   67
  13   96
  13   97
  14   78
  14   94
  14  100
  14   69
  14   98
  15   98
  15   72
  15   80
  15   74
  15   92
  16   72
  16   98
  16   77
  16   54
  16   64
  17   75
  17   55
  17   71
  17   93
  17   82
  18   59
  18   82
  18   78
  18   91
  18   56
  19   96
  19   54
  19   60
  19   94
  19   58
  20   77
  20   56
  20   83
  20   78
  20   61
  21   71
  21   93
  21   57
  21   96
  21   86
  22   78
  22   54
  22   83
  22   61
  22   82
  23   77
  23   51
  23   60
  23   80
  23   92
  24   76
  24   91
  24   54
  24   62
  24   72
  25   59
  25  100
  25   90
  25   78
  25   77
  26   85
  26   51
  26   79
  26   71
  26   70
  27   71
  27   55
  27   69
  27   79
  27   94
  28   90
  28   69
  28   54
  28   61
  28   68
  29   57
  29   79
  29   81
  29   80
  29   58
  30   76
  30   95
  30   69
  30   58
  30   60
  31   87
  31   61
  31   83
  31   85
  31   70
  32   88
  32   64
  32   71
  32   57
  32   66
  33   58
  33   80
  33   73
  33   51
  33   79
  34   57
  34   59
  34   75
  34   88
  34   79
  35   84
  35   76
  35   90
  35   53
  35   55
  36   89
  36   56
  36   58
  36   84
  36   99
  37   95
  37   53
  37   82
  37   62
  37   88
  38   88
  38   64
  38   85
  38   62
  38   66
  39   84
  39   75
  39   90
  39   96
  39   53
  40   66
  40   97
  40   84
  40   99
  40   63
  41   91
  41   82
  41   97
  41   90
  41   95
  42   52
  42   97
  42   63
  42   95
  42   73
  43   99
  43   68
  43   83
  43   87
  43   84
  44   73
  44   99
  44   67
  44   97
  44   83
  45   67
  45   87
  45   91
  45   63
  45   81
  46   99
  46   73
  46   86
  46   87
  46   62
  47   91
  47   62
  47   67
  47   86
  47   52
  48   86
  48   89
  48   52
  48   81
  48   68
  49   64
  49   52
  49   89
  49   66
  49   81
  50   66
  50   86
  50   81
  50   89
  50   64
