 200  200    1000
   1  209
   1  383
   1  287
   1  238
   1  224
   2  225
   2  392
   2  369
   2  219
   2  386
   3  380
   3  320
   3  366
   3  204
   3  274
   4  230
   4  335
   4  217
   4  288
   4  210
   5  370
   5  206
   5  359
   5  355
   5  395
   6  344
   6  372
   6  390
   6  222
   6  220
   7  400
   7  353
   7  318
   7  380
   7  372
   8  396
   8  222
   8  325
   8  266
   8  263
   9  267
   9  228
   9  377
   9  343
   9  290
  10  296
  10  384
  10  333
  10  201
  10  278
  11  222
  11  310
  11  238
  11  398
  11  336
  12  343
  12  259
  12  395
  12  249
  12  271
  13  306
  13  211
  13  380
  13  241
  13  204
  14  296
  14  363
  14  289
  14  202
  14  203
  15  237
  15  246
  15  352
  15  398
  15  290
  16  386
  16  278
  16  356
  16  249
  16  263
  17  380
  17  288
  17  324
  17  278
  17  389
  18  207
  18  304
  18  244
  18  235
  18  352
  19  250
  19  219
  19  346
  19  322
  19  382
  20  335
  20  341
  20  348
  20  396
  20  263
  21  349
  21  386
  21  302
  21  309
  21  283
  22  235
  22  226
  22  355
  22  374
  22  315
  23  313
  23  272
  23  266
  23  214
  23  316
  24  301
  24  381
  24  358
  24  298
  24  227
  25  266
  25  389
  25  323
  25  245
  25  224
  26  380
  26  326
  26  243
  26  399
  26  284
  27  312
  27  254
  27  357
  27  351
  27  245
  28  325
  28  231
  28  398
  28  295
  28  378
  29  339
  29  362
  29  287
  29  224
  29  374
  30  290
  30  291
  30  285
  30  231
  30  246
  31  242
  31  295
  31  248
  31  316
  31  265
  32  321
  32  399
  32  216
  32  367
  32  390
  33  348
  33  249
  33  232
  33  264
  33  347
  34  204
  34  220
  34  300
  34  311
  34  214
  35  238
  35  314
  35  387
  35  326
  35  250
  36  367
  36  377
  36  321
  36  373
  36  354
  37  394
  37  386
  37  278
  37  298
  37  400
  38  217
  38  327
  38  335
  38  280
  38  297
  39  206
  39  387
  39  207
  39  344
  39  314
  40  352
  40  249
  40  297
  40  317
  40  239
  41  305
  41  203
  41  378
  41  389
  41  384
  42  294
  42  275
  42  331
  42  220
  42  369
  43  383
  43  255
  43  256
  43  295
  43  335
  44  270
  44  383
  44  228
  44  223
  44  281
  45  235
  45  242
  45  303
  45  292
  45  399
  46  385
  46  392
  46  287
  46  248
  46  245
  47  330
  47  246
  47  322
  47  281
  47  388
  48  349
  48  275
  48  271
  48  304
  48  211
  49  275
  49  329
  49  201
  49  373
  49  237
  50  276
  50  298
  50  224
  50  300
  50  395
  51  204
  51  283
  51  316
  51  363
  51  373
  52  218
  52  346
  52  374
  52  220
  52  247
  53  255
  53  366
  53  372
  53  242
  53  234
  54  236
  54  352
  54  235
  54  346
  54  265
  55  379
  55  217
  55  391
  55  301
  55  209
  56  367
  56  306
  56  315
  56  390
  56  296
  57  315
  57  210
  57  388
  57  325
  57  248
  58  374
  58  288
  58  231
  58  362
  58  281
  59  202
  59  261
  59  397
  59  292
  59  269
  60  304
  60  305
  60  294
  60  302
  60  226
  61  287
  61  311
  61  314
  61  253
  61  326
  62  206
  62  214
  62  226
  62  208
  62  400
  63  219
  63  210
  63  323
  63  385
  63  305
  64  293
  64  384
  64  236
  64  204
  64  294
  65  334
  65  322
  65  245
  65  236
  65  378
  66  353
  66  248
  66  237
  66  349
  66  263
  67  346
  67  289
  67  271
  67  367
  67  393
  68  237
  68  246
  68  327
  68  374
  68  247
  69  247
  69  233
  69  297
  69  368
  69  253
  70  392
  70  224
  70  291
  70  336
  70  219
  71  387
  71  207
  71  304
  71  239
  71  390
  72  276
  72  240
  72  251
  72  291
  72  369
  73  210
  73  276
  73  353
  73  369
  73  206
  74  300
  74  390
  74  373
  74  355
  74  400
  75  392
  75  387
  75  318
  75  235
  75  322
  76  385
  76  317
  76  264
  76  328
  76  334
  77  399
  77  249
  77  335
  77  218
  77  315
  78  229
  78  213
  78  265
  78  254
  78  223
  79  263
  79  256
  79  339
  79  205
  79  227
  80  337
  80  242
  80  338
  80  334
  80  284
  81  384
  81  218
  81  379
  81  264
  81  248
  82  341
  82  343
  82  313
  82  232
  82  274
  83  322
  83  265
  83  383
  83  241
  83  221
  84  394
  84  350
  84  228
  84  319
  84  219
  85  293
  85  309
  85  378
  85  308
  85  361
  86  386
  86  398
  86  306
  86  321
  86  218
  87  250
  87  329
  87  304
  87  236
  87  202
  88  234
  88  209
  88  251
  88  240
  88  270
  89  315
  89  291
  89  302
  89  227
  89  331
  90  202
  90  367
  90  247
  90  258
  90  256
  91  398
  91  337
  91  205
  91  389
  91  350
  92  337
  92  230
  92  355
  92  293
  92  253
  93  384
  93  306
  93  271
  93  326
  93  292
  94  370
  94  330
  94  276
  94  312
  94  393
  95  291
  95  387
  95  329
  95  243
  95  202
  96  205
  96  396
  96  245
  96  226
  96  295
  97  397
  97  231
  97  289
  97  328
  97  323
  98  282
  98  294
  98  299
  98  208
  98  316
  99  285
  99  240
  99  379
  99  275
  99  231
 100  227
 100  214
 100  305
 100  397
 100  255
 101  358
 101  207
 101  351
 101  345
 101  357
 102  351
 102  293
 102  395
 102  223
 102  222
 103  366
 103  210
 103  375
 103  272
 103  257
 104  277
 104  379
 104  223
 104  271
 104  264
 105  355
 105  260
 105  361
 105  312
 105  351
 106  382
 106  225
 106  268
 106  364
 106  275
 107  250
 107  240
 107  257
 107  377
 107  370
 108  347
 108  255
 108  358
 108  329
 108  261
 109  364
 109  220
 109  215
 109  330
 109  385
 110  257
 110  203
 110  353
 110  300
 110  216
 111  399
 111  396
 111  369
 111  323
 111  294
 112  216
 112  261
 112  370
 112  379
 112  213
 113  299
 113  388
 113  256
 113  320
 113  305
 114  313
 114  333
 114  262
 114  343
 114  201
 115  308
 115  373
 115  283
 115  331
 115  328
 116  331
 116  277
 116  292
 116  295
 116  332
 117  287
 117  311
 117  265
 117  201
 117  349
 118  393
 118  400
 118  280
 118  327
 118  269
 119  225
 119  323
 119  209
 119  318
 119  274
 120  268
 120  351
 120  343
 120  331
 120  228
 121  358
 121  307
 121  302
 121  339
 121  312
 122  232
 122  237
 122  314
 122  234
 122  223
 123  293
 123  303
 123  297
 123  242
 123  354
 124  284
 124  391
 124  257
 124  216
 124  309
 125  246
 125  211
 125  363
 125  314
 125  290
 126  277
 126  276
 126  312
 126  221
 126  329
 127  225
 127  375
 127  396
 127  308
 127  397
 128  277
 128  371
 128  253
 128  366
 128  207
 129  273
 129  253
 129  243
 129  328
 129  347
 130  388
 130  206
 130  346
 130  292
 130  338
 131  250
 131  313
 131  356
 131  217
 131  353
 132  267
 132  302
 132  257
 132  299
 132  375
 133  208
 133  338
 133  221
 133  273
 133  306
 134  325
 134  344
 134  332
 134  297
 134  361
 135  217
 135  395
 135  299
 135  252
 135  370
 136  236
 136  313
 136  277
 136  340
 136  285
 137  262
 137  385
 137  300
 137  376
 137  215
 138  216
 138  290
 138  299
 138  348
 138  208
 139  328
 139  238
 139  279
 139  286
 139  337
 140  340
 140  381
 140  240
 140  286
 140  360
 141  307
 141  212
 141  268
 141  342
 141  337
 142  363
 142  282
 142  309
 142  382
 142  203
 143  209
 143  330
 143  368
 143  336
 143  226
 144  259
 144  286
 144  378
 144  264
 144  266
 145  383
 145  364
 145  212
 145  238
 145  339
 146  260
 146  347
 146  269
 146  239
 146  344
 147  382
 147  310
 147  254
 147  318
 147  321
 148  212
 148  222
 148  227
 148  229
 148  221
 149  368
 149  254
 149  376
 149  388
 149  286
 150  358
 150  256
 150  338
 150  303
 150  268
 151  349
 151  282
 151  232
 151  375
 151  342
 152  325
 152  254
 152  308
 152  208
 152  319
 153  316
 153  319
 153  344
 153  357
 153  365
 154  332
 154  229
 154  243
 154  342
 154  392
 155  310
 155  347
 155  247
 155  301
 155  321
 156  324
 156  339
 156  232
 156  310
 156  286
 157  243
 157  342
 157  203
 157  336
 157  366
 158  230
 158  341
 158  301
 158  211
 158  259
 159  330
 159  362
 159  280
 159  345
 159  391
 160  288
 160  221
 160  284
 160  377
 160  372
 161  239
 161  341
 161  342
 161  332
 161  394
 162  259
 162  363
 162  326
 162  356
 162  273
 163  285
 163  382
 163  274
 163  375
 163  266
 164  274
 164  214
 164  348
 164  311
 164  393
 165  279
 165  319
 165  298
 165  273
 165  285
 166  308
 166  338
 166  212
 166  377
 166  233
 167  320
 167  269
 167  258
 167  284
 167  272
 168  233
 168  362
 168  230
 168  389
 168  296
 169  228
 169  225
 169  381
 169  364
 169  303
 170  354
 170  310
 170  345
 170  350
 170  230
 171  336
 171  278
 171  281
 171  364
 171  273
 172  270
 172  324
 172  268
 172  234
 172  348
 173  211
 173  319
 173  332
 173  397
 173  288
 174  327
 174  334
 174  272
 174  393
 174  362
 175  229
 175  212
 175  259
 175  258
 175  267
 176  282
 176  381
 176  357
 176  244
 176  233
 177  320
 177  215
 177  391
 177  279
 177  255
 178  201
 178  324
 178  215
 178  280
 178  357
 179  298
 179  233
 179  350
 179  340
 179  303
 180  260
 180  350
 180  356
 180  354
 180  252
 181  352
 181  239
 181  309
 181  327
 181  361
 182  340
 182  372
 182  251
 182  307
 182  345
 183  269
 183  317
 183  283
 183  354
 183  345
 184  281
 184  320
 184  267
 184  368
 184  333
 185  252
 185  324
 185  279
 185  371
 185  359
 186  381
 186  368
 186  356
 186  360
 186  341
 187  218
 187  361
 187  365
 187  301
 187  376
 188  251
 188  283
 188  289
 188  229
 188  365
 189  296
 189  333
 189  241
 189  318
 189  317
 190  258
 190  307
 190  262
 190  282
 190  391
 191  252
 191  340
 191  251
 191  261
 191  267
 192  365
 192  215
 192  280
 192  376
 192  262
 193  289
 193  272
 193  365
 193  252
 193  333
 194  262
 194  234
 194  360
 194  279
 194  213
 195  213
 195  261
 195  360
 195  376
 195  260
 196  394
 196  307
 196  371
 196  317
 196  359
 197  371
 197  205
 197  360
 197  260
 197  244
 198  258
 198  244
 198  241
 198  334
 198  213
 199  394
 199  270
 199  205
 199  359
 199  311
 200  270
 200  359
 200  371
 200  244
 200  241
