  50   50     500
   1   54
   1   62
   1   57
   1   70
   1   98
   1   94
   1   58
   1  100
   1   69
   1   92
   2   85
   2   90
   2   75
   2   80
   2   89
   2   91
   2   67
   2   76
   2   51
   2   68
   3   88
   3   66
   3   63
   3   74
   3   59
   3   67
   3   62
   3   76
   3   61
   3   85
   4   91
   4   89
   4   82
   4   97
   4   69
   4   98
   4   99
   4   58
   4   77
   4   93
   5   76
   5   69
   5   56
   5   54
   5   94
   5   70
   5   72
   5   73
   5   53
   5   51
   6   99
   6   82
   6   98
   6   77
   6   85
   6   53
   6   69
   6   83
   6   95
   6   59
   7   85
   7  100
   7   56
   7   98
   7   78
   7   88
   7   60
   7   90
   7   99
   7   87
   8  100
   8   63
   8   90
   8   87
   8   86
   8   75
   8   72
   8   81
   8   68
   8   96
   9   98
   9   58
   9   53
   9   83
   9   55
   9   64
   9   60
   9   92
   9   51
   9   81
  10   66
  10   62
  10   93
  10   58
  10   99
  10   68
  10   81
  10   72
  10   73
  10   80
  11   75
  11   70
  11   65
  11   71
  11   81
  11   98
  11   89
  11   55
  11   62
  11   56
  12   63
  12   61
  12   52
  12   69
  12   98
  12   53
  12   64
  12   90
  12   60
  12   70
  13   96
  13   79
  13   81
  13   54
  13   69
  13   51
  13   83
  13  100
  13   66
  13   94
  14   71
  14   61
  14   78
  14   93
  14   95
  14   63
  14   76
  14   98
  14   51
  14   57
  15   65
  15   57
  15   90
  15   55
  15   81
  15   64
  15   84
  15   72
  15   77
  15   94
  16   70
  16   77
  16   51
  16   87
  16   54
  16   73
  16   67
  16   55
  16  100
  16   61
  17   69
  17   57
  17   53
  17   91
  17   80
  17   84
  17   75
  17   87
  17   58
  17   96
  18   56
  18   93
  18   94
  18   70
  18   86
  18   80
  18   96
  18   98
  18   55
  18   83
  19   89
  19   88
  19   71
  19   84
  19   99
  19   52
  19   85
  19   55
  19   61
  19   87
  20   77
  20   90
  20   96
  20   97
  20   99
  20   80
  20   62
  20   94
  20   95
  20   87
  21  100
  21   73
  21   85
  21   92
  21   71
  21   69
  21   98
  21   52
  21   79
  21   87
  22   66
  22   96
  22   72
  22   69
  22  100
  22   84
  22   58
  22   93
  22   82
  22   99
  23   83
  23  100
  23   91
  23   54
  23   72
  23   99
  23   75
  23   57
  23   69
  23   80
  24   90
  24   88
  24   51
  24   67
  24   78
  24   95
  24   86
  24   96
  24   65
  24  100
  25   71
  25   78
  25   64
  25   79
  25   82
  25   92
  25   99
  25   89
  25   53
  25   86
  26   91
  26   67
  26   85
  26   60
  26   56
  26   87
  26   51
  26   62
  26   78
  26   75
  27   76
  27   55
  27   51
  27   54
  27   99
  27   72
  27   57
  27   96
  27   74
  27   90
  28   93
  28   76
  28   90
  28   51
  28   80
  28   88
  28   71
  28   91
  28   94
  28  100
  29   87
  29   84
  29   91
  29   89
  29   88
  29   78
  29   63
  29   66
  29   95
  29   68
  30   79
  30   84
  30   93
  30   55
  30   94
  30   57
  30   73
  30   87
  30   96
  30   88
  31   83
  31   90
  31   89
  31   74
  31   96
  31   55
  31   54
  31   65
  31   94
  31   62
  32   75
  32   95
  32   82
  32   57
  32   65
  32   73
  32   68
  32   58
  32   78
  32   59
  33   77
  33   80
  33   93
  33   61
  33   64
  33   85
  33   88
  33   82
  33   52
  33   53
  34   74
  34   64
  34   66
  34   56
  34   82
  34   61
  34   60
  34   77
  34   97
  34   75
  35   94
  35   83
  35   68
  35   59
  35   63
  35   67
  35   71
  35   86
  35   56
  35   85
  36   60
  36   58
  36   68
  36   83
  36   95
  36   75
  36   57
  36   78
  36   61
  36   76
  37   52
  37   80
  37   92
  37   74
  37   65
  37   89
  37   58
  37   81
  37   76
  37   97
  38   82
  38   92
  38   71
  38   65
  38   93
  38   52
  38   63
  38   88
  38   89
  38   97
  39   73
  39   79
  39   84
  39   55
  39   72
  39   88
  39   60
  39   62
  39   74
  39   78
  40   63
  40   54
  40   89
  40   93
  40   57
  40   82
  40   66
  40   86
  40   77
  40   52
  41   78
  41   62
  41   65
  41   71
  41   82
  41   59
  41   79
  41   66
  41   52
  41   81
  42   85
  42   56
  42   86
  42   75
  42   58
  42   81
  42   60
  42   63
  42   76
  42   61
  43   77
  43   53
  43   76
  43   62
  43   80
  43   97
  43   65
  43   61
  43   52
  43   95
  44   65
  44   71
  44   52
  44   83
  44   74
  44   66
  44   97
  44   70
  44   53
  44   63
  45   64
  45   84
  45   81
  45   67
  45   54
  45   97
  45   95
  45   60
  45   68
  45   56
  46   92
  46   97
  46   68
  46   59
  46   64
  46   77
  46   84
  46   91
  46   67
  46   79
  47   92
  47   91
  47   86
  47   68
  47   59
  47   60
  47   74
  47   72
  47   53
  47   54
  48   59
  48   73
  48   56
  48   95
  48   79
  48   97
  48   70
  48   72
  48   91
  48   74
  49   64
  49   79
  49   83
  49   59
  49   74
  49   67
  49   92
  49   73
  49   70
  49   86
  50   70
  50   59
  50   64
  50   92
  50   86
  50   79
  50   73
  50   67
  50   84
  50   66
