 150  150     750
   1  157
   1  207
   1  253
   1  287
   1  217
   2  176
   2  225
   2  286
   2  189
   2  197
   3  270
   3  292
   3  294
   3  262
   3  202
   4  271
   4  152
   4  176
   4  199
   4  153
   5  205
   5  279
   5  259
   5  180
   5  228
   6  263
   6  219
   6  215
   6  193
   6  175
   7  293
   7  207
   7  299
   7  265
   7  247
   8  175
   8  152
   8  160
   8  198
   8  173
   9  251
   9  185
   9  264
   9  220
   9  209
  10  160
  10  211
  10  275
  10  163
  10  172
  11  264
  11  234
  11  203
  11  202
  11  228
  12  196
  12  192
  12  157
  12  284
  12  253
  13  203
  13  299
  13  253
  13  249
  13  296
  14  269
  14  259
  14  193
  14  264
  14  153
  15  197
  15  234
  15  274
  15  289
  15  159
  16  185
  16  279
  16  151
  16  266
  16  286
  17  282
  17  207
  17  177
  17  274
  17  216
  18  158
  18  299
  18  256
  18  153
  18  273
  19  223
  19  245
  19  204
  19  237
  19  200
  20  229
  20  292
  20  187
  20  248
  20  245
  21  165
  21  287
  21  276
  21  224
  21  160
  22  284
  22  279
  22  227
  22  238
  22  186
  23  235
  23  186
  23  290
  23  224
  23  232
  24  168
  24  254
  24  218
  24  153
  24  269
  25  196
  25  180
  25  194
  25  154
  25  291
  26  155
  26  258
  26  225
  26  286
  26  279
  27  204
  27  273
  27  198
  27  208
  27  275
  28  261
  28  164
  28  188
  28  200
  28  217
  29  185
  29  216
  29  214
  29  240
  29  262
  30  208
  30  184
  30  263
  30  218
  30  235
  31  247
  31  177
  31  221
  31  280
  31  193
  32  284
  32  168
  32  194
  32  273
  32  222
  33  196
  33  219
  33  271
  33  187
  33  166
  34  219
  34  249
  34  275
  34  268
  34  210
  35  158
  35  214
  35  239
  35  283
  35  264
  36  174
  36  279
  36  289
  36  195
  36  205
  37  190
  37  154
  37  206
  37  285
  37  280
  38  163
  38  287
  38  214
  38  188
  38  265
  39  285
  39  273
  39  176
  39  177
  39  159
  40  290
  40  218
  40  166
  40  266
  40  228
  41  278
  41  252
  41  178
  41  213
  41  160
  42  259
  42  264
  42  261
  42  260
  42  236
  43  209
  43  243
  43  245
  43  198
  43  227
  44  293
  44  255
  44  179
  44  236
  44  250
  45  156
  45  181
  45  283
  45  192
  45  160
  46  157
  46  172
  46  255
  46  252
  46  152
  47  200
  47  175
  47  151
  47  265
  47  294
  48  216
  48  231
  48  232
  48  257
  48  167
  49  289
  49  259
  49  158
  49  178
  49  283
  50  189
  50  199
  50  183
  50  255
  50  286
  51  249
  51  156
  51  161
  51  208
  51  207
  52  209
  52  242
  52  170
  52  289
  52  250
  53  231
  53  243
  53  193
  53  268
  53  179
  54  192
  54  266
  54  199
  54  189
  54  227
  55  178
  55  262
  55  254
  55  222
  55  167
  56  169
  56  232
  56  227
  56  194
  56  195
  57  286
  57  181
  57  239
  57  288
  57  216
  58  297
  58  220
  58  196
  58  239
  58  241
  59  227
  59  261
  59  225
  59  237
  59  249
  60  225
  60  157
  60  209
  60  190
  60  167
  61  199
  61  182
  61  262
  61  255
  61  168
  62  289
  62  277
  62  191
  62  251
  62  193
  63  167
  63  256
  63  278
  63  151
  63  173
  64  202
  64  260
  64  266
  64  168
  64  235
  65  270
  65  254
  65  196
  65  200
  65  194
  66  296
  66  178
  66  183
  66  165
  66  154
  67  204
  67  194
  67  285
  67  273
  67  291
  68  240
  68  267
  68  300
  68  236
  68  282
  69  238
  69  261
  69  192
  69  181
  69  232
  70  167
  70  291
  70  153
  70  251
  70  247
  71  207
  71  151
  71  217
  71  231
  71  244
  72  214
  72  277
  72  155
  72  192
  72  258
  73  175
  73  300
  73  157
  73  249
  73  274
  74  208
  74  165
  74  170
  74  185
  74  154
  75  158
  75  260
  75  267
  75  164
  75  244
  76  176
  76  166
  76  201
  76  294
  76  266
  77  258
  77  205
  77  154
  77  259
  77  224
  78  295
  78  216
  78  294
  78  275
  78  184
  79  269
  79  260
  79  176
  79  215
  79  173
  80  296
  80  159
  80  191
  80  230
  80  169
  81  229
  81  212
  81  262
  81  174
  81  210
  82  214
  82  217
  82  265
  82  294
  82  195
  83  241
  83  221
  83  229
  83  179
  83  282
  84  210
  84  254
  84  295
  84  238
  84  189
  85  186
  85  152
  85  242
  85  269
  85  180
  86  285
  86  254
  86  217
  86  177
  86  213
  87  267
  87  226
  87  256
  87  220
  87  290
  88  269
  88  220
  88  206
  88  283
  88  228
  89  165
  89  268
  89  222
  89  229
  89  208
  90  191
  90  290
  90  163
  90  281
  90  198
  91  253
  91  255
  91  274
  91  230
  91  283
  92  270
  92  161
  92  211
  92  293
  92  287
  93  173
  93  234
  93  195
  93  174
  93  152
  94  267
  94  291
  94  268
  94  162
  94  282
  95  250
  95  248
  95  165
  95  253
  95  258
  96  300
  96  200
  96  174
  96  222
  96  199
  97  198
  97  241
  97  189
  97  267
  97  155
  98  156
  98  270
  98  297
  98  203
  98  261
  99  245
  99  171
  99  173
  99  282
  99  166
 100  228
 100  188
 100  179
 100  256
 100  258
 101  235
 101  288
 101  299
 101  213
 101  182
 102  164
 102  220
 102  183
 102  177
 102  275
 103  158
 103  170
 103  164
 103  242
 103  300
 104  280
 104  245
 104  247
 104  166
 104  197
 105  252
 105  229
 105  225
 105  300
 105  221
 106  185
 106  182
 106  236
 106  277
 106  299
 107  297
 107  219
 107  296
 107  178
 107  246
 108  240
 108  296
 108  226
 108  251
 108  187
 109  243
 109  288
 109  164
 109  202
 109  156
 110  235
 110  226
 110  197
 110  210
 110  293
 111  247
 111  226
 111  293
 111  260
 111  287
 112  211
 112  284
 112  202
 112  285
 112  244
 113  236
 113  232
 113  226
 113  218
 113  238
 114  191
 114  159
 114  244
 114  270
 114  206
 115  180
 115  295
 115  213
 115  257
 115  277
 116  213
 116  184
 116  175
 116  172
 116  155
 117  209
 117  276
 117  288
 117  246
 117  170
 118  246
 118  190
 118  291
 118  244
 118  182
 119  281
 119  278
 119  221
 119  162
 119  206
 120  288
 120  184
 120  203
 120  163
 120  250
 121  156
 121  263
 121  215
 121  272
 121  184
 122  243
 122  218
 122  180
 122  161
 122  281
 123  268
 123  251
 123  278
 123  242
 123  231
 124  240
 124  163
 124  230
 124  223
 124  161
 125  206
 125  171
 125  205
 125  280
 125  292
 126  219
 126  151
 126  233
 126  240
 126  280
 127  210
 127  174
 127  195
 127  284
 127  241
 128  155
 128  183
 128  233
 128  203
 128  191
 129  181
 129  297
 129  252
 129  223
 129  201
 130  295
 130  179
 130  188
 130  257
 130  265
 131  290
 131  274
 131  297
 131  162
 131  230
 132  272
 132  172
 132  168
 132  211
 132  205
 133  241
 133  272
 133  159
 133  162
 133  223
 134  212
 134  183
 134  231
 134  234
 134  278
 135  252
 135  188
 135  211
 135  181
 135  222
 136  243
 136  223
 136  248
 136  257
 136  239
 137  169
 137  276
 137  162
 137  234
 137  197
 138  171
 138  298
 138  256
 138  295
 138  272
 139  242
 139  171
 139  187
 139  250
 139  186
 140  204
 140  201
 140  298
 140  271
 140  170
 141  271
 141  186
 141  246
 141  239
 141  204
 142  298
 142  215
 142  271
 142  201
 142  281
 143  272
 143  292
 143  248
 143  215
 143  298
 144  212
 144  263
 144  298
 144  171
 144  190
 145  237
 145  276
 145  263
 145  248
 145  257
 146  246
 146  187
 146  161
 146  172
 146  276
 147  224
 147  237
 147  212
 147  190
 147  281
 148  230
 148  233
 148  292
 148  221
 148  224
 149  169
 149  277
 149  212
 149  233
 149  182
 150  169
 150  201
 150  237
 150  233
 150  238
