 250  250    2500
   1  258
   1  309
   1  426
   1  382
   1  459
   1  413
   1  317
   1  278
   1  445
   1  297
   2  295
   2  388
   2  472
   2  354
   2  351
   2  455
   2  468
   2  288
   2  454
   2  448
   3  324
   3  273
   3  256
   3  379
   3  358
   3  448
   3  306
   3  348
   3  364
   3  386
   4  432
   4  497
   4  500
   4  477
   4  308
   4  420
   4  262
   4  496
   4  467
   4  256
   5  495
   5  412
   5  414
   5  426
   5  308
   5  425
   5  493
   5  347
   5  300
   5  353
   6  341
   6  319
   6  340
   6  451
   6  310
   6  302
   6  419
   6  280
   6  414
   6  468
   7  273
   7  304
   7  329
   7  497
   7  417
   7  473
   7  370
   7  288
   7  346
   7  461
   8  318
   8  421
   8  332
   8  355
   8  472
   8  358
   8  450
   8  294
   8  457
   8  465
   9  391
   9  264
   9  289
   9  418
   9  478
   9  476
   9  444
   9  357
   9  463
   9  380
  10  294
  10  461
  10  480
  10  372
  10  496
  10  424
  10  347
  10  298
  10  477
  10  275
  11  405
  11  458
  11  253
  11  376
  11  444
  11  293
  11  417
  11  365
  11  391
  11  341
  12  278
  12  266
  12  326
  12  255
  12  350
  12  316
  12  297
  12  335
  12  372
  12  457
  13  256
  13  390
  13  436
  13  492
  13  273
  13  300
  13  324
  13  428
  13  309
  13  450
  14  336
  14  279
  14  464
  14  456
  14  499
  14  427
  14  369
  14  466
  14  480
  14  390
  15  454
  15  334
  15  356
  15  327
  15  400
  15  285
  15  374
  15  423
  15  318
  15  369
  16  402
  16  454
  16  415
  16  361
  16  390
  16  461
  16  331
  16  484
  16  472
  16  404
  17  370
  17  296
  17  485
  17  283
  17  286
  17  460
  17  395
  17  323
  17  295
  17  357
  18  364
  18  272
  18  261
  18  329
  18  338
  18  259
  18  353
  18  305
  18  398
  18  464
  19  296
  19  356
  19  408
  19  342
  19  373
  19  282
  19  486
  19  311
  19  430
  19  489
  20  423
  20  346
  20  435
  20  414
  20  261
  20  401
  20  400
  20  477
  20  285
  20  283
  21  408
  21  455
  21  411
  21  360
  21  497
  21  312
  21  274
  21  260
  21  287
  21  431
  22  408
  22  377
  22  407
  22  261
  22  302
  22  292
  22  278
  22  418
  22  484
  22  440
  23  396
  23  344
  23  430
  23  495
  23  367
  23  491
  23  287
  23  338
  23  409
  23  414
  24  416
  24  301
  24  435
  24  307
  24  309
  24  489
  24  273
  24  268
  24  498
  24  463
  25  341
  25  459
  25  330
  25  410
  25  435
  25  378
  25  444
  25  432
  25  282
  25  287
  26  333
  26  327
  26  323
  26  490
  26  319
  26  330
  26  374
  26  423
  26  367
  26  401
  27  468
  27  263
  27  337
  27  312
  27  499
  27  460
  27  430
  27  363
  27  375
  27  376
  28  403
  28  383
  28  265
  28  455
  28  395
  28  389
  28  410
  28  280
  28  438
  28  467
  29  443
  29  491
  29  343
  29  341
  29  487
  29  416
  29  371
  29  354
  29  405
  29  453
  30  310
  30  407
  30  326
  30  383
  30  252
  30  262
  30  357
  30  454
  30  314
  30  416
  31  354
  31  494
  31  489
  31  390
  31  270
  31  303
  31  292
  31  484
  31  305
  31  251
  32  489
  32  492
  32  443
  32  438
  32  325
  32  319
  32  253
  32  444
  32  401
  32  260
  33  480
  33  259
  33  451
  33  417
  33  400
  33  309
  33  291
  33  443
  33  484
  33  468
  34  414
  34  288
  34  362
  34  265
  34  364
  34  284
  34  484
  34  346
  34  275
  34  295
  35  345
  35  413
  35  388
  35  395
  35  314
  35  397
  35  385
  35  498
  35  384
  35  391
  36  272
  36  273
  36  498
  36  322
  36  361
  36  362
  36  431
  36  429
  36  389
  36  452
  37  314
  37  266
  37  252
  37  443
  37  435
  37  425
  37  319
  37  391
  37  440
  37  494
  38  338
  38  258
  38  408
  38  486
  38  374
  38  281
  38  322
  38  456
  38  279
  38  359
  39  348
  39  456
  39  333
  39  317
  39  367
  39  268
  39  334
  39  330
  39  441
  39  499
  40  268
  40  432
  40  324
  40  491
  40  346
  40  428
  40  317
  40  318
  40  273
  40  377
  41  337
  41  382
  41  312
  41  301
  41  481
  41  469
  41  487
  41  375
  41  451
  41  475
  42  369
  42  418
  42  399
  42  425
  42  360
  42  465
  42  396
  42  403
  42  488
  42  481
  43  262
  43  441
  43  420
  43  447
  43  480
  43  439
  43  258
  43  469
  43  425
  43  383
  44  301
  44  369
  44  272
  44  337
  44  387
  44  410
  44  466
  44  430
  44  461
  44  483
  45  486
  45  374
  45  415
  45  372
  45  363
  45  408
  45  294
  45  366
  45  453
  45  326
  46  254
  46  320
  46  418
  46  289
  46  269
  46  356
  46  481
  46  319
  46  495
  46  496
  47  335
  47  420
  47  485
  47  440
  47  343
  47  471
  47  284
  47  465
  47  468
  47  408
  48  407
  48  369
  48  429
  48  395
  48  448
  48  375
  48  259
  48  481
  48  400
  48  352
  49  440
  49  312
  49  271
  49  434
  49  353
  49  301
  49  252
  49  338
  49  319
  49  303
  50  341
  50  445
  50  425
  50  429
  50  335
  50  459
  50  285
  50  293
  50  258
  50  328
  51  338
  51  386
  51  366
  51  329
  51  481
  51  372
  51  435
  51  318
  51  259
  51  257
  52  274
  52  462
  52  263
  52  373
  52  463
  52  321
  52  377
  52  460
  52  461
  52  303
  53  428
  53  322
  53  399
  53  416
  53  491
  53  367
  53  427
  53  360
  53  422
  53  387
  54  401
  54  278
  54  290
  54  474
  54  431
  54  500
  54  314
  54  450
  54  444
  54  306
  55  264
  55  282
  55  423
  55  281
  55  499
  55  395
  55  272
  55  453
  55  490
  55  387
  56  464
  56  434
  56  448
  56  365
  56  294
  56  412
  56  481
  56  324
  56  432
  56  255
  57  273
  57  428
  57  257
  57  486
  57  253
  57  394
  57  443
  57  451
  57  437
  57  401
  58  471
  58  376
  58  279
  58  453
  58  472
  58  274
  58  377
  58  478
  58  382
  58  406
  59  303
  59  258
  59  368
  59  446
  59  459
  59  445
  59  316
  59  307
  59  463
  59  304
  60  472
  60  492
  60  369
  60  440
  60  438
  60  276
  60  302
  60  342
  60  456
  60  368
  61  352
  61  364
  61  366
  61  465
  61  251
  61  259
  61  279
  61  463
  61  353
  61  489
  62  319
  62  362
  62  316
  62  307
  62  359
  62  268
  62  358
  62  262
  62  310
  62  328
  63  291
  63  271
  63  353
  63  320
  63  462
  63  330
  63  266
  63  492
  63  405
  63  482
  64  327
  64  331
  64  297
  64  288
  64  323
  64  414
  64  280
  64  291
  64  484
  64  308
  65  304
  65  365
  65  464
  65  391
  65  432
  65  383
  65  357
  65  354
  65  329
  65  413
  66  444
  66  400
  66  356
  66  346
  66  414
  66  443
  66  396
  66  342
  66  434
  66  417
  67  433
  67  360
  67  483
  67  255
  67  292
  67  373
  67  456
  67  385
  67  478
  67  399
  68  305
  68  450
  68  279
  68  475
  68  377
  68  424
  68  383
  68  380
  68  308
  68  386
  69  372
  69  299
  69  401
  69  259
  69  375
  69  274
  69  454
  69  472
  69  315
  69  272
  70  369
  70  374
  70  301
  70  342
  70  491
  70  495
  70  287
  70  467
  70  279
  70  451
  71  308
  71  255
  71  382
  71  470
  71  487
  71  260
  71  448
  71  350
  71  444
  71  451
  72  316
  72  303
  72  324
  72  446
  72  378
  72  472
  72  468
  72  295
  72  277
  72  476
  73  465
  73  418
  73  443
  73  470
  73  425
  73  307
  73  375
  73  476
  73  270
  73  426
  74  298
  74  315
  74  460
  74  304
  74  385
  74  268
  74  456
  74  393
  74  383
  74  414
  75  347
  75  411
  75  467
  75  480
  75  348
  75  265
  75  438
  75  490
  75  449
  75  268
  76  385
  76  458
  76  318
  76  387
  76  467
  76  345
  76  441
  76  271
  76  329
  76  415
  77  354
  77  331
  77  444
  77  373
  77  351
  77  352
  77  440
  77  441
  77  307
  77  268
  78  260
  78  417
  78  346
  78  463
  78  471
  78  356
  78  265
  78  478
  78  282
  78  354
  79  339
  79  363
  79  425
  79  495
  79  304
  79  496
  79  465
  79  449
  79  293
  79  326
  80  398
  80  412
  80  476
  80  373
  80  434
  80  425
  80  396
  80  278
  80  454
  80  449
  81  301
  81  266
  81  454
  81  457
  81  383
  81  283
  81  330
  81  404
  81  492
  81  265
  82  322
  82  478
  82  460
  82  424
  82  395
  82  336
  82  485
  82  317
  82  367
  82  393
  83  412
  83  299
  83  406
  83  423
  83  385
  83  490
  83  451
  83  282
  83  353
  83  343
  84  342
  84  376
  84  346
  84  393
  84  279
  84  481
  84  394
  84  274
  84  263
  84  386
  85  436
  85  379
  85  287
  85  376
  85  372
  85  340
  85  408
  85  352
  85  384
  85  293
  86  256
  86  403
  86  275
  86  280
  86  464
  86  391
  86  309
  86  266
  86  274
  86  332
  87  348
  87  414
  87  363
  87  285
  87  328
  87  463
  87  376
  87  330
  87  356
  87  493
  88  339
  88  451
  88  358
  88  464
  88  446
  88  255
  88  379
  88  448
  88  368
  88  262
  89  287
  89  348
  89  493
  89  456
  89  331
  89  368
  89  468
  89  376
  89  321
  89  330
  90  423
  90  432
  90  484
  90  301
  90  309
  90  481
  90  411
  90  402
  90  472
  90  324
  91  332
  91  419
  91  453
  91  415
  91  497
  91  417
  91  339
  91  440
  91  271
  91  326
  92  309
  92  443
  92  354
  92  313
  92  473
  92  380
  92  274
  92  351
  92  497
  92  373
  93  323
  93  470
  93  473
  93  471
  93  423
  93  359
  93  294
  93  411
  93  406
  93  270
  94  317
  94  334
  94  422
  94  463
  94  305
  94  328
  94  371
  94  494
  94  433
  94  341
  95  334
  95  500
  95  498
  95  375
  95  350
  95  335
  95  367
  95  374
  95  372
  95  371
  96  279
  96  376
  96  438
  96  265
  96  449
  96  425
  96  366
  96  482
  96  321
  96  285
  97  487
  97  373
  97  324
  97  281
  97  412
  97  353
  97  380
  97  397
  97  454
  97  405
  98  437
  98  377
  98  303
  98  467
  98  312
  98  328
  98  333
  98  259
  98  274
  98  254
  99  318
  99  276
  99  430
  99  347
  99  417
  99  323
  99  491
  99  461
  99  406
  99  361
 100  305
 100  307
 100  415
 100  422
 100  421
 100  289
 100  322
 100  413
 100  351
 100  425
 101  275
 101  261
 101  291
 101  440
 101  277
 101  494
 101  289
 101  299
 101  312
 101  271
 102  445
 102  362
 102  388
 102  266
 102  330
 102  268
 102  293
 102  499
 102  500
 102  401
 103  405
 103  349
 103  321
 103  260
 103  301
 103  484
 103  263
 103  353
 103  347
 103  269
 104  365
 104  477
 104  336
 104  420
 104  426
 104  368
 104  465
 104  429
 104  362
 104  275
 105  337
 105  314
 105  459
 105  397
 105  433
 105  289
 105  399
 105  416
 105  429
 105  498
 106  312
 106  477
 106  380
 106  472
 106  271
 106  348
 106  396
 106  448
 106  310
 106  438
 107  477
 107  350
 107  468
 107  328
 107  377
 107  346
 107  453
 107  395
 107  270
 107  325
 108  301
 108  341
 108  459
 108  388
 108  320
 108  416
 108  405
 108  490
 108  446
 108  359
 109  266
 109  251
 109  348
 109  362
 109  483
 109  495
 109  299
 109  376
 109  381
 109  365
 110  396
 110  328
 110  279
 110  354
 110  283
 110  290
 110  286
 110  274
 110  473
 110  367
 111  426
 111  450
 111  464
 111  297
 111  422
 111  451
 111  452
 111  304
 111  306
 111  398
 112  317
 112  385
 112  405
 112  418
 112  406
 112  460
 112  313
 112  252
 112  292
 112  324
 113  331
 113  379
 113  291
 113  388
 113  394
 113  435
 113  254
 113  398
 113  440
 113  481
 114  447
 114  453
 114  349
 114  284
 114  314
 114  414
 114  451
 114  468
 114  442
 114  397
 115  392
 115  363
 115  261
 115  332
 115  265
 115  381
 115  280
 115  330
 115  492
 115  464
 116  436
 116  308
 116  352
 116  333
 116  278
 116  276
 116  287
 116  298
 116  419
 116  438
 117  372
 117  350
 117  343
 117  322
 117  307
 117  301
 117  458
 117  297
 117  326
 117  284
 118  493
 118  384
 118  381
 118  336
 118  449
 118  375
 118  303
 118  477
 118  310
 118  360
 119  298
 119  437
 119  361
 119  468
 119  294
 119  480
 119  435
 119  378
 119  330
 119  313
 120  332
 120  376
 120  285
 120  252
 120  349
 120  381
 120  261
 120  316
 120  407
 120  473
 121  310
 121  285
 121  387
 121  496
 121  345
 121  480
 121  449
 121  316
 121  359
 121  472
 122  496
 122  259
 122  348
 122  316
 122  439
 122  481
 122  275
 122  482
 122  352
 122  339
 123  361
 123  463
 123  270
 123  322
 123  476
 123  473
 123  340
 123  299
 123  300
 123  264
 124  278
 124  383
 124  336
 124  285
 124  345
 124  349
 124  479
 124  279
 124  403
 124  378
 125  285
 125  420
 125  311
 125  339
 125  382
 125  406
 125  477
 125  392
 125  386
 125  296
 126  351
 126  263
 126  289
 126  498
 126  440
 126  360
 126  386
 126  331
 126  361
 126  378
 127  312
 127  366
 127  439
 127  269
 127  459
 127  340
 127  281
 127  311
 127  453
 127  417
 128  352
 128  367
 128  400
 128  479
 128  334
 128  435
 128  494
 128  484
 128  499
 128  436
 129  413
 129  269
 129  432
 129  356
 129  296
 129  466
 129  389
 129  452
 129  416
 129  344
 130  325
 130  476
 130  464
 130  324
 130  267
 130  329
 130  334
 130  393
 130  480
 130  264
 131  302
 131  441
 131  333
 131  343
 131  297
 131  286
 131  256
 131  484
 131  487
 131  419
 132  441
 132  407
 132  467
 132  432
 132  269
 132  495
 132  473
 132  300
 132  281
 132  355
 133  387
 133  431
 133  409
 133  321
 133  407
 133  395
 133  475
 133  398
 133  304
 133  391
 134  335
 134  473
 134  386
 134  300
 134  259
 134  383
 134  253
 134  362
 134  427
 134  495
 135  305
 135  283
 135  446
 135  473
 135  395
 135  277
 135  346
 135  381
 135  310
 135  455
 136  437
 136  259
 136  315
 136  413
 136  265
 136  395
 136  459
 136  295
 136  488
 136  364
 137  361
 137  307
 137  431
 137  447
 137  489
 137  496
 137  308
 137  439
 137  384
 137  319
 138  430
 138  319
 138  370
 138  415
 138  378
 138  464
 138  336
 138  276
 138  365
 138  496
 139  263
 139  409
 139  476
 139  450
 139  373
 139  340
 139  379
 139  295
 139  322
 139  496
 140  285
 140  409
 140  256
 140  390
 140  388
 140  482
 140  359
 140  438
 140  379
 140  475
 141  493
 141  387
 141  430
 141  267
 141  448
 141  391
 141  289
 141  357
 141  364
 141  485
 142  352
 142  271
 142  307
 142  441
 142  412
 142  431
 142  471
 142  478
 142  452
 142  343
 143  334
 143  382
 143  290
 143  432
 143  257
 143  418
 143  445
 143  351
 143  438
 143  256
 144  325
 144  318
 144  264
 144  380
 144  254
 144  368
 144  375
 144  407
 144  474
 144  391
 145  256
 145  369
 145  426
 145  492
 145  495
 145  275
 145  333
 145  452
 145  499
 145  276
 146  322
 146  316
 146  333
 146  471
 146  356
 146  274
 146  310
 146  432
 146  290
 146  482
 147  435
 147  416
 147  318
 147  266
 147  410
 147  292
 147  270
 147  304
 147  400
 147  316
 148  387
 148  327
 148  370
 148  260
 148  398
 148  478
 148  378
 148  384
 148  352
 148  431
 149  438
 149  397
 149  443
 149  419
 149  321
 149  442
 149  369
 149  276
 149  500
 149  475
 150  435
 150  287
 150  331
 150  286
 150  320
 150  361
 150  281
 150  469
 150  288
 150  470
 151  447
 151  278
 151  309
 151  448
 151  485
 151  445
 151  384
 151  374
 151  413
 151  422
 152  368
 152  323
 152  372
 152  402
 152  396
 152  260
 152  264
 152  345
 152  356
 152  319
 153  394
 153  497
 153  495
 153  257
 153  352
 153  381
 153  349
 153  256
 153  265
 153  368
 154  444
 154  358
 154  313
 154  397
 154  480
 154  499
 154  320
 154  456
 154  394
 154  434
 155  436
 155  276
 155  421
 155  466
 155  392
 155  371
 155  489
 155  420
 155  313
 155  457
 156  348
 156  277
 156  443
 156  263
 156  273
 156  306
 156  446
 156  305
 156  269
 156  396
 157  282
 157  336
 157  331
 157  433
 157  475
 157  348
 157  379
 157  478
 157  255
 157  349
 158  444
 158  368
 158  357
 158  416
 158  490
 158  253
 158  454
 158  341
 158  463
 158  321
 159  263
 159  349
 159  365
 159  347
 159  311
 159  460
 159  313
 159  337
 159  379
 159  402
 160  288
 160  357
 160  428
 160  393
 160  478
 160  324
 160  287
 160  396
 160  479
 160  405
 161  483
 161  307
 161  473
 161  260
 161  300
 161  309
 161  492
 161  265
 161  345
 161  499
 162  286
 162  351
 162  453
 162  482
 162  311
 162  437
 162  297
 162  261
 162  442
 162  341
 163  315
 163  276
 163  416
 163  370
 163  413
 163  374
 163  369
 163  336
 163  485
 163  344
 164  388
 164  428
 164  439
 164  349
 164  372
 164  437
 164  253
 164  345
 164  431
 164  364
 165  402
 165  262
 165  304
 165  267
 165  442
 165  302
 165  493
 165  490
 165  393
 165  471
 166  428
 166  478
 166  340
 166  335
 166  290
 166  263
 166  442
 166  459
 166  252
 166  498
 167  303
 167  447
 167  359
 167  385
 167  427
 167  410
 167  351
 167  465
 167  271
 167  289
 168  341
 168  258
 168  260
 168  293
 168  278
 168  388
 168  441
 168  360
 168  269
 168  326
 169  252
 169  296
 169  365
 169  434
 169  448
 169  483
 169  355
 169  476
 169  449
 169  447
 170  252
 170  417
 170  384
 170  351
 170  270
 170  342
 170  309
 170  467
 170  404
 170  411
 171  293
 171  345
 171  391
 171  364
 171  283
 171  287
 171  308
 171  453
 171  429
 171  256
 172  489
 172  405
 172  360
 172  486
 172  304
 172  263
 172  269
 172  406
 172  340
 172  266
 173  351
 173  308
 173  403
 173  456
 173  446
 173  280
 173  362
 173  394
 173  421
 173  332
 174  497
 174  255
 174  262
 174  312
 174  282
 174  293
 174  491
 174  333
 174  345
 174  388
 175  283
 175  412
 175  289
 175  457
 175  383
 175  277
 175  488
 175  291
 175  374
 175  386
 176  277
 176  476
 176  406
 176  399
 176  454
 176  429
 176  442
 176  413
 176  326
 176  349
 177  264
 177  331
 177  388
 177  434
 177  365
 177  470
 177  260
 177  426
 177  378
 177  303
 178  415
 178  267
 178  343
 178  410
 178  497
 178  347
 178  446
 178  284
 178  300
 178  406
 179  407
 179  406
 179  360
 179  400
 179  373
 179  396
 179  343
 179  303
 179  456
 179  334
 180  474
 180  299
 180  477
 180  342
 180  409
 180  452
 180  450
 180  437
 180  320
 180  458
 181  439
 181  500
 181  305
 181  428
 181  322
 181  331
 181  445
 181  354
 181  450
 181  424
 182  457
 182  368
 182  423
 182  286
 182  276
 182  480
 182  429
 182  385
 182  360
 182  284
 183  399
 183  366
 183  419
 183  370
 183  258
 183  398
 183  283
 183  462
 183  345
 183  278
 184  466
 184  308
 184  371
 184  332
 184  392
 184  277
 184  290
 184  306
 184  474
 184  470
 185  499
 185  399
 185  268
 185  254
 185  413
 185  437
 185  427
 185  267
 185  375
 185  293
 186  394
 186  297
 186  449
 186  262
 186  407
 186  490
 186  340
 186  366
 186  398
 186  418
 187  469
 187  404
 187  370
 187  305
 187  496
 187  289
 187  257
 187  450
 187  337
 187  387
 188  401
 188  366
 188  488
 188  379
 188  482
 188  429
 188  436
 188  305
 188  412
 188  346
 189  288
 189  371
 189  491
 189  262
 189  290
 189  411
 189  423
 189  446
 189  482
 189  364
 190  429
 190  424
 190  447
 190  431
 190  323
 190  316
 190  311
 190  392
 190  419
 190  402
 191  424
 191  437
 191  353
 191  390
 191  276
 191  491
 191  342
 191  367
 191  328
 191  442
 192  270
 192  375
 192  362
 192  275
 192  466
 192  367
 192  381
 192  340
 192  452
 192  299
 193  349
 193  392
 193  426
 193  266
 193  409
 193  493
 193  452
 193  390
 193  359
 193  377
 194  332
 194  284
 194  317
 194  280
 194  486
 194  366
 194  358
 194  400
 194  364
 194  302
 195  338
 195  359
 195  251
 195  333
 195  486
 195  385
 195  310
 195  411
 195  335
 195  400
 196  449
 196  356
 196  374
 196  340
 196  314
 196  295
 196  411
 196  466
 196  427
 196  457
 197  299
 197  457
 197  358
 197  447
 197  344
 197  257
 197  466
 197  421
 197  449
 197  306
 198  437
 198  255
 198  269
 198  389
 198  373
 198  489
 198  377
 198  293
 198  323
 198  333
 199  334
 199  282
 199  271
 199  461
 199  294
 199  332
 199  442
 199  465
 199  310
 199  411
 200  282
 200  445
 200  321
 200  291
 200  254
 200  306
 200  424
 200  283
 200  494
 200  452
 201  254
 201  420
 201  378
 201  380
 201  379
 201  312
 201  261
 201  422
 201  384
 201  329
 202  272
 202  482
 202  408
 202  296
 202  302
 202  389
 202  485
 202  497
 202  394
 202  314
 203  271
 203  286
 203  389
 203  355
 203  475
 203  381
 203  342
 203  268
 203  272
 203  461
 204  431
 204  343
 204  477
 204  320
 204  273
 204  394
 204  280
 204  362
 204  387
 204  255
 205  452
 205  252
 205  418
 205  332
 205  371
 205  269
 205  294
 205  359
 205  465
 205  474
 206  445
 206  272
 206  318
 206  299
 206  275
 206  329
 206  486
 206  335
 206  357
 206  386
 207  426
 207  261
 207  483
 207  427
 207  412
 207  270
 207  385
 207  408
 207  498
 207  415
 208  311
 208  442
 208  407
 208  483
 208  455
 208  401
 208  252
 208  424
 208  491
 208  261
 209  378
 209  398
 209  430
 209  462
 209  403
 209  390
 209  469
 209  313
 209  409
 209  386
 210  498
 210  253
 210  288
 210  493
 210  450
 210  487
 210  254
 210  295
 210  418
 210  366
 211  295
 211  424
 211  482
 211  264
 211  283
 211  457
 211  320
 211  328
 211  497
 211  281
 212  489
 212  323
 212  336
 212  325
 212  311
 212  479
 212  355
 212  286
 212  334
 212  471
 213  382
 213  344
 213  392
 213  292
 213  417
 213  402
 213  306
 213  390
 213  277
 213  254
 214  281
 214  347
 214  370
 214  335
 214  337
 214  436
 214  455
 214  458
 214  434
 214  272
 215  467
 215  404
 215  445
 215  479
 215  353
 215  336
 215  393
 215  476
 215  389
 215  344
 216  306
 216  492
 216  471
 216  439
 216  430
 216  254
 216  410
 216  488
 216  299
 216  298
 217  370
 217  280
 217  354
 217  337
 217  393
 217  298
 217  446
 217  490
 217  321
 217  498
 218  422
 218  447
 218  267
 218  483
 218  436
 218  492
 218  381
 218  326
 218  433
 218  264
 219  436
 219  318
 219  339
 219  320
 219  398
 219  258
 219  344
 219  273
 219  327
 219  306
 220  474
 220  288
 220  343
 220  479
 220  296
 220  363
 220  302
 220  462
 220  257
 220  321
 221  428
 221  471
 221  423
 221  390
 221  393
 221  288
 221  371
 221  389
 221  258
 221  281
 222  281
 222  264
 222  479
 222  493
 222  277
 222  302
 222  420
 222  380
 222  291
 222  427
 223  253
 223  490
 223  412
 223  441
 223  270
 223  338
 223  292
 223  337
 223  296
 223  392
 224  434
 224  447
 224  377
 224  290
 224  494
 224  317
 224  470
 224  342
 224  392
 224  300
 225  363
 225  382
 225  384
 225  326
 225  434
 225  371
 225  421
 225  424
 225  313
 225  258
 226  469
 226  297
 226  320
 226  493
 226  363
 226  420
 226  253
 226  405
 226  295
 226  421
 227  461
 227  409
 227  475
 227  410
 227  363
 227  380
 227  462
 227  267
 227  347
 227  286
 228  426
 228  441
 228  298
 228  470
 228  389
 228  404
 228  422
 228  329
 228  253
 228  272
 229  402
 229  461
 229  462
 229  483
 229  370
 229  394
 229  457
 229  422
 229  466
 229  474
 230  313
 230  371
 230  460
 230  421
 230  392
 230  397
 230  311
 230  357
 230  315
 230  257
 231  296
 231  384
 231  389
 231  428
 231  403
 231  344
 231  460
 231  337
 231  350
 231  409
 232  284
 232  329
 232  311
 232  462
 232  422
 232  460
 232  458
 232  467
 232  474
 232  397
 233  486
 233  339
 233  430
 233  470
 233  436
 233  433
 233  294
 233  290
 233  335
 233  292
 234  315
 234  365
 234  458
 234  411
 234  420
 234  338
 234  439
 234  339
 234  404
 234  488
 235  494
 235  408
 235  286
 235  421
 235  315
 235  466
 235  282
 235  475
 235  344
 235  470
 236  358
 236  500
 236  403
 236  421
 236  313
 236  355
 236  357
 236  458
 236  325
 236  442
 237  255
 237  325
 237  483
 237  300
 237  294
 237  277
 237  257
 237  297
 237  314
 237  399
 238  462
 238  290
 238  284
 238  267
 238  314
 238  433
 238  439
 238  469
 238  479
 238  251
 239  410
 239  323
 239  433
 239  291
 239  488
 239  469
 239  327
 239  381
 239  427
 239  402
 240  487
 240  291
 240  317
 240  257
 240  404
 240  397
 240  315
 240  399
 240  298
 240  410
 241  327
 241  339
 241  479
 241  409
 241  500
 241  355
 241  415
 241  300
 241  402
 241  347
 242  485
 242  328
 242  401
 242  462
 242  494
 242  344
 242  403
 242  455
 242  474
 242  397
 243  267
 243  262
 243  315
 243  355
 243  339
 243  500
 243  327
 243  494
 243  296
 243  399
 244  292
 244  488
 244  284
 244  486
 244  469
 244  251
 244  403
 244  361
 244  380
 244  458
 245  251
 245  327
 245  267
 245  485
 245  315
 245  355
 245  382
 245  433
 245  298
 245  358
 246  439
 246  415
 246  419
 246  355
 246  350
 246  327
 246  363
 246  488
 246  458
 246  358
 247  419
 247  488
 247  280
 247  479
 247  487
 247  433
 247  302
 247  427
 247  404
 247  475
 248  361
 248  455
 248  317
 248  500
 248  485
 248  325
 248  298
 248  350
 248  404
 248  251
 249  487
 249  325
 249  469
 249  419
 249  338
 249  455
 249  251
 249  350
 249  275
 249  459
 250  350
 250  325
 250  251
 250  338
 250  487
 250  455
 250  292
 250  474
 250  393
 250  382
