 400  400    4000
   1  416
   1  435
   1  746
   1  706
   1  774
   1  721
   1  711
   1  702
   1  751
   1  491
   2  606
   2  466
   2  467
   2  534
   2  561
   2  729
   2  697
   2  766
   2  799
   2  530
   3  782
   3  691
   3  754
   3  504
   3  426
   3  471
   3  575
   3  738
   3  647
   3  700
   4  461
   4  540
   4  443
   4  741
   4  668
   4  483
   4  405
   4  728
   4  730
   4  410
   5  465
   5  411
   5  619
   5  712
   5  413
   5  449
   5  561
   5  775
   5  652
   5  478
   6  608
   6  713
   6  605
   6  586
   6  440
   6  551
   6  429
   6  696
   6  662
   6  557
   7  791
   7  411
   7  707
   7  748
   7  474
   7  726
   7  516
   7  417
   7  649
   7  542
   8  516
   8  667
   8  473
   8  449
   8  405
   8  529
   8  471
   8  701
   8  785
   8  741
   9  663
   9  670
   9  472
   9  408
   9  739
   9  417
   9  550
   9  442
   9  726
   9  790
  10  781
  10  499
  10  580
  10  758
  10  565
  10  460
  10  527
  10  483
  10  764
  10  654
  11  519
  11  572
  11  438
  11  799
  11  471
  11  615
  11  579
  11  737
  11  492
  11  444
  12  425
  12  735
  12  573
  12  664
  12  651
  12  689
  12  469
  12  490
  12  548
  12  641
  13  524
  13  408
  13  794
  13  489
  13  567
  13  512
  13  449
  13  800
  13  508
  13  603
  14  482
  14  677
  14  679
  14  512
  14  760
  14  528
  14  664
  14  752
  14  427
  14  417
  15  587
  15  520
  15  453
  15  728
  15  695
  15  752
  15  694
  15  501
  15  449
  15  757
  16  689
  16  526
  16  780
  16  481
  16  796
  16  562
  16  523
  16  686
  16  573
  16  690
  17  447
  17  552
  17  782
  17  739
  17  719
  17  616
  17  539
  17  757
  17  505
  17  640
  18  547
  18  636
  18  456
  18  780
  18  452
  18  540
  18  795
  18  669
  18  634
  18  517
  19  754
  19  593
  19  411
  19  543
  19  652
  19  609
  19  523
  19  502
  19  545
  19  527
  20  726
  20  483
  20  782
  20  450
  20  696
  20  591
  20  553
  20  598
  20  628
  20  587
  21  644
  21  709
  21  666
  21  560
  21  524
  21  583
  21  467
  21  726
  21  643
  21  567
  22  594
  22  572
  22  561
  22  712
  22  742
  22  784
  22  459
  22  413
  22  571
  22  508
  23  609
  23  645
  23  715
  23  484
  23  668
  23  700
  23  658
  23  472
  23  728
  23  500
  24  696
  24  442
  24  414
  24  724
  24  524
  24  633
  24  765
  24  620
  24  444
  24  685
  25  579
  25  611
  25  442
  25  634
  25  679
  25  739
  25  656
  25  796
  25  563
  25  711
  26  773
  26  533
  26  522
  26  631
  26  700
  26  543
  26  765
  26  451
  26  489
  26  490
  27  504
  27  418
  27  736
  27  687
  27  508
  27  756
  27  656
  27  458
  27  526
  27  631
  28  640
  28  622
  28  722
  28  568
  28  520
  28  575
  28  598
  28  441
  28  581
  28  473
  29  672
  29  793
  29  689
  29  450
  29  526
  29  713
  29  575
  29  459
  29  470
  29  592
  30  442
  30  457
  30  626
  30  428
  30  695
  30  704
  30  415
  30  700
  30  737
  30  725
  31  556
  31  760
  31  686
  31  761
  31  433
  31  564
  31  585
  31  656
  31  434
  31  690
  32  475
  32  712
  32  645
  32  409
  32  506
  32  662
  32  483
  32  650
  32  410
  32  491
  33  649
  33  612
  33  425
  33  475
  33  710
  33  463
  33  654
  33  661
  33  635
  33  708
  34  563
  34  701
  34  559
  34  682
  34  664
  34  734
  34  431
  34  637
  34  475
  34  430
  35  753
  35  727
  35  435
  35  405
  35  427
  35  561
  35  766
  35  707
  35  785
  35  443
  36  741
  36  599
  36  731
  36  785
  36  502
  36  405
  36  627
  36  789
  36  403
  36  668
  37  799
  37  741
  37  742
  37  453
  37  723
  37  494
  37  638
  37  628
  37  657
  37  573
  38  582
  38  595
  38  443
  38  539
  38  404
  38  793
  38  799
  38  525
  38  634
  38  665
  39  514
  39  700
  39  462
  39  527
  39  558
  39  779
  39  507
  39  457
  39  597
  39  621
  40  453
  40  755
  40  548
  40  498
  40  527
  40  460
  40  546
  40  404
  40  609
  40  447
  41  675
  41  618
  41  443
  41  551
  41  753
  41  707
  41  439
  41  478
  41  566
  41  480
  42  423
  42  704
  42  605
  42  703
  42  508
  42  557
  42  469
  42  599
  42  786
  42  687
  43  649
  43  494
  43  574
  43  687
  43  682
  43  632
  43  435
  43  617
  43  425
  43  453
  44  546
  44  794
  44  631
  44  492
  44  621
  44  559
  44  638
  44  656
  44  556
  44  601
  45  736
  45  740
  45  450
  45  440
  45  535
  45  505
  45  500
  45  617
  45  772
  45  542
  46  681
  46  588
  46  793
  46  427
  46  689
  46  690
  46  411
  46  461
  46  509
  46  703
  47  543
  47  784
  47  654
  47  623
  47  665
  47  462
  47  431
  47  768
  47  536
  47  453
  48  695
  48  778
  48  785
  48  588
  48  533
  48  483
  48  703
  48  792
  48  603
  48  787
  49  617
  49  671
  49  406
  49  735
  49  704
  49  439
  49  606
  49  641
  49  715
  49  651
  50  539
  50  625
  50  482
  50  535
  50  728
  50  637
  50  616
  50  633
  50  769
  50  584
  51  711
  51  485
  51  627
  51  786
  51  554
  51  465
  51  447
  51  739
  51  736
  51  730
  52  642
  52  727
  52  418
  52  700
  52  535
  52  444
  52  457
  52  660
  52  659
  52  562
  53  770
  53  460
  53  682
  53  462
  53  564
  53  624
  53  627
  53  669
  53  580
  53  697
  54  490
  54  555
  54  752
  54  606
  54  498
  54  581
  54  614
  54  616
  54  668
  54  501
  55  698
  55  670
  55  578
  55  587
  55  602
  55  555
  55  790
  55  705
  55  713
  55  743
  56  461
  56  586
  56  759
  56  556
  56  620
  56  527
  56  455
  56  500
  56  454
  56  655
  57  507
  57  448
  57  609
  57  667
  57  439
  57  713
  57  730
  57  673
  57  772
  57  632
  58  583
  58  768
  58  567
  58  695
  58  446
  58  459
  58  611
  58  408
  58  733
  58  681
  59  468
  59  698
  59  658
  59  636
  59  665
  59  465
  59  574
  59  464
  59  511
  59  529
  60  724
  60  437
  60  574
  60  751
  60  632
  60  449
  60  620
  60  686
  60  773
  60  500
  61  447
  61  432
  61  523
  61  531
  61  536
  61  725
  61  763
  61  589
  61  798
  61  591
  62  489
  62  710
  62  419
  62  465
  62  762
  62  760
  62  766
  62  675
  62  614
  62  486
  63  666
  63  511
  63  467
  63  638
  63  758
  63  750
  63  760
  63  685
  63  748
  63  701
  64  413
  64  590
  64  452
  64  577
  64  755
  64  663
  64  427
  64  496
  64  510
  64  722
  65  583
  65  587
  65  597
  65  455
  65  438
  65  498
  65  705
  65  591
  65  666
  65  558
  66  465
  66  615
  66  565
  66  558
  66  609
  66  743
  66  591
  66  728
  66  569
  66  484
  67  502
  67  574
  67  519
  67  628
  67  730
  67  588
  67  507
  67  562
  67  449
  67  748
  68  795
  68  458
  68  721
  68  677
  68  502
  68  443
  68  729
  68  438
  68  687
  68  703
  69  677
  69  750
  69  648
  69  514
  69  536
  69  661
  69  793
  69  433
  69  621
  69  622
  70  503
  70  753
  70  423
  70  747
  70  694
  70  509
  70  714
  70  599
  70  420
  70  595
  71  612
  71  562
  71  695
  71  425
  71  517
  71  730
  71  446
  71  494
  71  666
  71  654
  72  550
  72  791
  72  795
  72  432
  72  455
  72  729
  72  766
  72  794
  72  722
  72  715
  73  766
  73  717
  73  513
  73  749
  73  611
  73  649
  73  642
  73  599
  73  432
  73  447
  74  717
  74  539
  74  644
  74  489
  74  485
  74  697
  74  588
  74  564
  74  795
  74  530
  75  742
  75  737
  75  635
  75  526
  75  444
  75  613
  75  768
  75  550
  75  675
  75  700
  76  466
  76  780
  76  573
  76  427
  76  617
  76  721
  76  574
  76  668
  76  748
  76  708
  77  443
  77  469
  77  776
  77  766
  77  439
  77  688
  77  471
  77  734
  77  519
  77  653
  78  727
  78  749
  78  402
  78  656
  78  407
  78  711
  78  767
  78  518
  78  641
  78  668
  79  455
  79  713
  79  568
  79  544
  79  609
  79  660
  79  785
  79  678
  79  451
  79  754
  80  719
  80  475
  80  574
  80  447
  80  706
  80  781
  80  483
  80  663
  80  759
  80  583
  81  769
  81  595
  81  725
  81  544
  81  781
  81  560
  81  752
  81  452
  81  591
  81  693
  82  712
  82  452
  82  645
  82  613
  82  525
  82  743
  82  614
  82  617
  82  544
  82  462
  83  692
  83  455
  83  478
  83  719
  83  460
  83  472
  83  768
  83  574
  83  788
  83  745
  84  710
  84  498
  84  467
  84  696
  84  579
  84  772
  84  729
  84  692
  84  655
  84  529
  85  592
  85  600
  85  621
  85  609
  85  625
  85  754
  85  429
  85  667
  85  702
  85  580
  86  586
  86  758
  86  537
  86  682
  86  424
  86  747
  86  795
  86  652
  86  703
  86  718
  87  721
  87  592
  87  794
  87  672
  87  565
  87  781
  87  705
  87  436
  87  798
  87  473
  88  414
  88  512
  88  458
  88  562
  88  472
  88  418
  88  669
  88  622
  88  585
  88  524
  89  778
  89  574
  89  530
  89  730
  89  625
  89  696
  89  449
  89  734
  89  525
  89  791
  90  530
  90  564
  90  687
  90  773
  90  708
  90  444
  90  459
  90  732
  90  799
  90  666
  91  631
  91  452
  91  598
  91  502
  91  621
  91  482
  91  520
  91  619
  91  754
  91  733
  92  627
  92  574
  92  786
  92  784
  92  473
  92  615
  92  490
  92  715
  92  501
  92  702
  93  460
  93  716
  93  629
  93  501
  93  726
  93  581
  93  720
  93  549
  93  646
  93  479
  94  406
  94  650
  94  795
  94  666
  94  520
  94  433
  94  652
  94  697
  94  689
  94  593
  95  740
  95  679
  95  655
  95  668
  95  459
  95  599
  95  429
  95  637
  95  707
  95  753
  96  529
  96  596
  96  648
  96  750
  96  536
  96  649
  96  797
  96  621
  96  567
  96  551
  97  646
  97  740
  97  544
  97  421
  97  621
  97  800
  97  460
  97  702
  97  659
  97  727
  98  443
  98  551
  98  766
  98  643
  98  799
  98  628
  98  607
  98  596
  98  606
  98  476
  99  564
  99  418
  99  528
  99  549
  99  513
  99  529
  99  433
  99  526
  99  582
  99  762
 100  426
 100  738
 100  618
 100  778
 100  634
 100  739
 100  546
 100  485
 100  700
 100  619
 101  420
 101  422
 101  566
 101  463
 101  665
 101  671
 101  563
 101  777
 101  467
 101  613
 102  413
 102  579
 102  477
 102  517
 102  623
 102  410
 102  536
 102  783
 102  494
 102  581
 103  695
 103  623
 103  687
 103  536
 103  595
 103  565
 103  530
 103  451
 103  581
 103  424
 104  465
 104  664
 104  521
 104  586
 104  441
 104  787
 104  569
 104  487
 104  799
 104  527
 105  405
 105  580
 105  619
 105  675
 105  755
 105  713
 105  435
 105  516
 105  684
 105  588
 106  692
 106  619
 106  672
 106  507
 106  610
 106  749
 106  606
 106  621
 106  700
 106  596
 107  651
 107  664
 107  627
 107  584
 107  457
 107  426
 107  734
 107  549
 107  541
 107  414
 108  456
 108  459
 108  553
 108  463
 108  438
 108  580
 108  468
 108  593
 108  585
 108  732
 109  790
 109  547
 109  719
 109  581
 109  597
 109  416
 109  624
 109  499
 109  470
 109  504
 110  637
 110  571
 110  548
 110  726
 110  484
 110  780
 110  414
 110  696
 110  499
 110  758
 111  624
 111  768
 111  737
 111  513
 111  499
 111  724
 111  521
 111  763
 111  753
 111  720
 112  658
 112  753
 112  498
 112  735
 112  615
 112  586
 112  777
 112  733
 112  706
 112  555
 113  738
 113  412
 113  418
 113  521
 113  537
 113  691
 113  565
 113  479
 113  643
 113  574
 114  608
 114  487
 114  759
 114  589
 114  547
 114  489
 114  410
 114  620
 114  685
 114  470
 115  463
 115  689
 115  691
 115  419
 115  613
 115  690
 115  476
 115  698
 115  458
 115  697
 116  568
 116  750
 116  659
 116  557
 116  658
 116  545
 116  604
 116  552
 116  762
 116  673
 117  729
 117  458
 117  768
 117  707
 117  652
 117  567
 117  522
 117  732
 117  746
 117  608
 118  613
 118  600
 118  705
 118  449
 118  750
 118  530
 118  591
 118  517
 118  555
 118  528
 119  731
 119  425
 119  563
 119  450
 119  501
 119  647
 119  739
 119  549
 119  546
 119  497
 120  553
 120  490
 120  697
 120  607
 120  564
 120  728
 120  458
 120  725
 120  454
 120  634
 121  667
 121  698
 121  700
 121  416
 121  527
 121  412
 121  768
 121  680
 121  619
 121  623
 122  644
 122  462
 122  697
 122  705
 122  552
 122  774
 122  471
 122  745
 122  586
 122  718
 123  520
 123  492
 123  699
 123  438
 123  428
 123  552
 123  418
 123  723
 123  761
 123  653
 124  707
 124  411
 124  746
 124  797
 124  544
 124  560
 124  501
 124  614
 124  632
 124  513
 125  600
 125  599
 125  761
 125  455
 125  775
 125  460
 125  493
 125  629
 125  542
 125  489
 126  439
 126  726
 126  640
 126  422
 126  627
 126  548
 126  434
 126  529
 126  613
 126  579
 127  757
 127  604
 127  639
 127  409
 127  791
 127  512
 127  603
 127  510
 127  668
 127  557
 128  444
 128  566
 128  719
 128  619
 128  525
 128  724
 128  680
 128  460
 128  563
 128  737
 129  403
 129  619
 129  686
 129  420
 129  657
 129  597
 129  768
 129  660
 129  729
 129  770
 130  566
 130  673
 130  556
 130  416
 130  641
 130  548
 130  748
 130  503
 130  421
 130  646
 131  556
 131  590
 131  690
 131  612
 131  541
 131  696
 131  553
 131  550
 131  504
 131  715
 132  556
 132  755
 132  592
 132  705
 132  616
 132  438
 132  413
 132  741
 132  758
 132  510
 133  473
 133  568
 133  795
 133  698
 133  564
 133  475
 133  482
 133  797
 133  465
 133  651
 134  470
 134  609
 134  783
 134  401
 134  503
 134  779
 134  621
 134  421
 134  652
 134  563
 135  456
 135  637
 135  729
 135  683
 135  678
 135  741
 135  428
 135  602
 135  527
 135  608
 136  534
 136  669
 136  732
 136  644
 136  542
 136  432
 136  761
 136  631
 136  628
 136  580
 137  579
 137  414
 137  745
 137  800
 137  673
 137  526
 137  524
 137  583
 137  676
 137  415
 138  430
 138  433
 138  586
 138  784
 138  692
 138  683
 138  792
 138  448
 138  528
 138  404
 139  714
 139  514
 139  696
 139  446
 139  504
 139  520
 139  708
 139  607
 139  415
 139  585
 140  569
 140  603
 140  418
 140  556
 140  763
 140  618
 140  531
 140  443
 140  584
 140  486
 141  739
 141  645
 141  513
 141  579
 141  595
 141  635
 141  673
 141  765
 141  626
 141  556
 142  409
 142  419
 142  713
 142  771
 142  685
 142  445
 142  520
 142  576
 142  705
 142  761
 143  471
 143  447
 143  421
 143  525
 143  693
 143  621
 143  563
 143  631
 143  674
 143  646
 144  444
 144  647
 144  636
 144  445
 144  533
 144  551
 144  465
 144  782
 144  755
 144  493
 145  636
 145  529
 145  490
 145  668
 145  768
 145  577
 145  743
 145  732
 145  788
 145  651
 146  647
 146  523
 146  720
 146  686
 146  625
 146  603
 146  747
 146  526
 146  655
 146  696
 147  687
 147  615
 147  781
 147  715
 147  734
 147  559
 147  769
 147  452
 147  507
 147  711
 148  539
 148  557
 148  453
 148  550
 148  592
 148  618
 148  742
 148  437
 148  570
 148  735
 149  673
 149  527
 149  789
 149  415
 149  407
 149  555
 149  493
 149  688
 149  478
 149  583
 150  613
 150  564
 150  781
 150  490
 150  702
 150  480
 150  736
 150  617
 150  537
 150  455
 151  478
 151  440
 151  685
 151  504
 151  483
 151  764
 151  458
 151  613
 151  566
 151  763
 152  742
 152  686
 152  507
 152  697
 152  482
 152  471
 152  473
 152  789
 152  633
 152  648
 153  406
 153  473
 153  703
 153  450
 153  778
 153  573
 153  564
 153  445
 153  440
 153  572
 154  452
 154  717
 154  598
 154  480
 154  437
 154  477
 154  592
 154  529
 154  446
 154  582
 155  780
 155  538
 155  482
 155  424
 155  757
 155  753
 155  409
 155  591
 155  532
 155  425
 156  493
 156  516
 156  541
 156  410
 156  504
 156  511
 156  657
 156  726
 156  464
 156  490
 157  430
 157  643
 157  424
 157  548
 157  429
 157  601
 157  560
 157  628
 157  445
 157  456
 158  546
 158  462
 158  735
 158  446
 158  563
 158  504
 158  475
 158  535
 158  762
 158  662
 159  562
 159  415
 159  510
 159  652
 159  456
 159  724
 159  433
 159  416
 159  579
 159  668
 160  784
 160  631
 160  520
 160  747
 160  430
 160  643
 160  644
 160  522
 160  470
 160  594
 161  426
 161  482
 161  630
 161  614
 161  475
 161  520
 161  422
 161  506
 161  716
 161  560
 162  800
 162  485
 162  714
 162  458
 162  456
 162  509
 162  684
 162  553
 162  758
 162  451
 163  434
 163  685
 163  669
 163  526
 163  476
 163  459
 163  478
 163  684
 163  412
 163  796
 164  619
 164  426
 164  590
 164  708
 164  739
 164  647
 164  707
 164  522
 164  440
 164  768
 165  789
 165  406
 165  533
 165  508
 165  713
 165  590
 165  464
 165  687
 165  729
 165  444
 166  515
 166  739
 166  502
 166  691
 166  776
 166  566
 166  608
 166  401
 166  651
 166  489
 167  480
 167  497
 167  445
 167  693
 167  657
 167  519
 167  546
 167  558
 167  696
 167  622
 168  470
 168  602
 168  791
 168  487
 168  480
 168  702
 168  443
 168  458
 168  652
 168  421
 169  619
 169  407
 169  761
 169  441
 169  694
 169  606
 169  586
 169  567
 169  746
 169  729
 170  541
 170  588
 170  723
 170  620
 170  573
 170  658
 170  587
 170  674
 170  666
 170  616
 171  531
 171  595
 171  794
 171  586
 171  524
 171  442
 171  616
 171  583
 171  539
 171  781
 172  671
 172  777
 172  497
 172  729
 172  782
 172  710
 172  618
 172  507
 172  632
 172  654
 173  776
 173  645
 173  777
 173  796
 173  486
 173  461
 173  658
 173  424
 173  673
 173  479
 174  420
 174  645
 174  475
 174  661
 174  534
 174  739
 174  409
 174  757
 174  533
 174  519
 175  614
 175  518
 175  417
 175  748
 175  642
 175  762
 175  687
 175  615
 175  641
 175  530
 176  612
 176  523
 176  593
 176  616
 176  637
 176  719
 176  752
 176  412
 176  792
 176  694
 177  458
 177  666
 177  657
 177  771
 177  740
 177  781
 177  530
 177  523
 177  571
 177  703
 178  500
 178  493
 178  724
 178  658
 178  406
 178  606
 178  547
 178  410
 178  541
 178  415
 179  783
 179  725
 179  720
 179  487
 179  608
 179  471
 179  786
 179  709
 179  437
 179  750
 180  727
 180  415
 180  434
 180  443
 180  628
 180  724
 180  649
 180  735
 180  499
 180  534
 181  539
 181  464
 181  714
 181  447
 181  538
 181  704
 181  772
 181  425
 181  800
 181  786
 182  421
 182  554
 182  485
 182  661
 182  582
 182  690
 182  615
 182  541
 182  520
 182  767
 183  456
 183  421
 183  664
 183  656
 183  669
 183  732
 183  451
 183  782
 183  437
 183  742
 184  586
 184  695
 184  521
 184  784
 184  491
 184  589
 184  501
 184  414
 184  667
 184  669
 185  732
 185  733
 185  560
 185  678
 185  512
 185  453
 185  648
 185  403
 185  765
 185  406
 186  796
 186  478
 186  423
 186  800
 186  773
 186  587
 186  565
 186  459
 186  790
 186  513
 187  771
 187  710
 187  587
 187  778
 187  613
 187  712
 187  466
 187  684
 187  594
 187  494
 188  760
 188  448
 188  416
 188  411
 188  433
 188  620
 188  791
 188  455
 188  780
 188  584
 189  434
 189  730
 189  740
 189  604
 189  406
 189  536
 189  589
 189  517
 189  503
 189  709
 190  463
 190  466
 190  513
 190  570
 190  794
 190  410
 190  751
 190  665
 190  738
 190  758
 191  591
 191  624
 191  687
 191  731
 191  786
 191  713
 191  711
 191  679
 191  567
 191  701
 192  469
 192  535
 192  744
 192  715
 192  631
 192  671
 192  653
 192  639
 192  587
 192  727
 193  585
 193  759
 193  581
 193  497
 193  411
 193  495
 193  650
 193  488
 193  709
 193  750
 194  571
 194  556
 194  517
 194  422
 194  542
 194  592
 194  464
 194  440
 194  507
 194  595
 195  590
 195  516
 195  461
 195  420
 195  762
 195  403
 195  613
 195  721
 195  442
 195  434
 196  607
 196  659
 196  411
 196  592
 196  722
 196  589
 196  447
 196  531
 196  482
 196  521
 197  496
 197  599
 197  722
 197  756
 197  734
 197  633
 197  796
 197  480
 197  484
 197  543
 198  781
 198  703
 198  554
 198  411
 198  523
 198  654
 198  765
 198  408
 198  634
 198  409
 199  669
 199  492
 199  451
 199  548
 199  784
 199  582
 199  581
 199  644
 199  470
 199  693
 200  604
 200  525
 200  513
 200  420
 200  788
 200  502
 200  616
 200  516
 200  699
 200  435
 201  773
 201  654
 201  414
 201  705
 201  415
 201  716
 201  462
 201  579
 201  548
 201  468
 202  655
 202  703
 202  625
 202  765
 202  671
 202  436
 202  589
 202  539
 202  430
 202  755
 203  490
 203  413
 203  705
 203  558
 203  776
 203  460
 203  754
 203  728
 203  526
 203  488
 204  423
 204  782
 204  526
 204  656
 204  764
 204  466
 204  425
 204  796
 204  403
 204  434
 205  553
 205  618
 205  709
 205  777
 205  620
 205  506
 205  484
 205  499
 205  601
 205  422
 206  558
 206  660
 206  401
 206  785
 206  598
 206  679
 206  546
 206  731
 206  654
 206  535
 207  547
 207  475
 207  485
 207  632
 207  403
 207  451
 207  539
 207  667
 207  409
 207  556
 208  532
 208  489
 208  793
 208  610
 208  715
 208  713
 208  560
 208  701
 208  677
 208  723
 209  600
 209  447
 209  565
 209  753
 209  624
 209  509
 209  794
 209  410
 209  655
 209  752
 210  632
 210  709
 210  534
 210  542
 210  689
 210  782
 210  582
 210  770
 210  560
 210  792
 211  741
 211  479
 211  608
 211  648
 211  483
 211  705
 211  699
 211  482
 211  636
 211  444
 212  493
 212  518
 212  653
 212  465
 212  462
 212  485
 212  529
 212  770
 212  681
 212  603
 213  671
 213  479
 213  745
 213  640
 213  584
 213  494
 213  473
 213  669
 213  659
 213  469
 214  561
 214  641
 214  776
 214  567
 214  572
 214  594
 214  573
 214  659
 214  750
 214  592
 215  428
 215  725
 215  707
 215  539
 215  421
 215  751
 215  402
 215  533
 215  624
 215  501
 216  523
 216  721
 216  597
 216  793
 216  524
 216  616
 216  530
 216  474
 216  708
 216  561
 217  634
 217  767
 217  719
 217  607
 217  757
 217  435
 217  541
 217  773
 217  675
 217  754
 218  538
 218  685
 218  441
 218  704
 218  720
 218  448
 218  525
 218  577
 218  786
 218  430
 219  797
 219  548
 219  664
 219  416
 219  489
 219  760
 219  529
 219  406
 219  674
 219  490
 220  471
 220  407
 220  548
 220  706
 220  786
 220  695
 220  494
 220  779
 220  721
 220  402
 221  786
 221  577
 221  580
 221  430
 221  405
 221  785
 221  514
 221  446
 221  617
 221  689
 222  530
 222  777
 222  405
 222  697
 222  605
 222  525
 222  441
 222  486
 222  715
 222  707
 223  724
 223  563
 223  714
 223  611
 223  597
 223  610
 223  547
 223  641
 223  614
 223  462
 224  674
 224  759
 224  571
 224  723
 224  649
 224  693
 224  671
 224  603
 224  631
 224  555
 225  726
 225  753
 225  479
 225  468
 225  735
 225  517
 225  414
 225  478
 225  777
 225  737
 226  723
 226  439
 226  750
 226  469
 226  476
 226  408
 226  418
 226  744
 226  451
 226  761
 227  657
 227  764
 227  758
 227  550
 227  452
 227  644
 227  538
 227  496
 227  686
 227  651
 228  482
 228  418
 228  609
 228  750
 228  594
 228  689
 228  724
 228  727
 228  641
 228  648
 229  712
 229  554
 229  590
 229  436
 229  627
 229  759
 229  589
 229  545
 229  714
 229  658
 230  691
 230  693
 230  728
 230  439
 230  496
 230  502
 230  783
 230  779
 230  581
 230  659
 231  754
 231  500
 231  592
 231  631
 231  419
 231  587
 231  743
 231  781
 231  522
 231  510
 232  764
 232  736
 232  558
 232  426
 232  483
 232  554
 232  720
 232  759
 232  601
 232  410
 233  452
 233  762
 233  473
 233  540
 233  707
 233  533
 233  500
 233  751
 233  455
 233  573
 234  788
 234  463
 234  577
 234  498
 234  701
 234  441
 234  553
 234  488
 234  581
 234  461
 235  534
 235  671
 235  414
 235  718
 235  764
 235  578
 235  625
 235  664
 235  468
 235  518
 236  453
 236  534
 236  525
 236  564
 236  604
 236  481
 236  731
 236  612
 236  636
 236  480
 237  459
 237  429
 237  779
 237  491
 237  657
 237  446
 237  559
 237  771
 237  467
 237  614
 238  680
 238  612
 238  527
 238  747
 238  764
 238  518
 238  506
 238  453
 238  652
 238  718
 239  595
 239  743
 239  661
 239  785
 239  403
 239  435
 239  537
 239  615
 239  793
 239  663
 240  669
 240  457
 240  463
 240  509
 240  558
 240  512
 240  746
 240  569
 240  459
 240  714
 241  498
 241  466
 241  560
 241  590
 241  720
 241  769
 241  685
 241  686
 241  698
 241  772
 242  470
 242  412
 242  516
 242  445
 242  697
 242  747
 242  498
 242  787
 242  406
 242  615
 243  689
 243  710
 243  601
 243  662
 243  785
 243  640
 243  673
 243  602
 243  727
 243  506
 244  690
 244  773
 244  629
 244  487
 244  486
 244  652
 244  408
 244  607
 244  770
 244  589
 245  462
 245  596
 245  587
 245  620
 245  706
 245  525
 245  563
 245  537
 245  543
 245  608
 246  555
 246  603
 246  712
 246  693
 246  506
 246  599
 246  796
 246  688
 246  409
 246  420
 247  616
 247  582
 247  599
 247  532
 247  456
 247  800
 247  792
 247  499
 247  704
 247  744
 248  496
 248  545
 248  798
 248  609
 248  632
 248  457
 248  755
 248  759
 248  440
 248  514
 249  599
 249  407
 249  643
 249  651
 249  476
 249  638
 249  699
 249  606
 249  765
 249  630
 250  568
 250  682
 250  658
 250  492
 250  404
 250  423
 250  615
 250  474
 250  603
 250  622
 251  419
 251  405
 251  516
 251  421
 251  558
 251  605
 251  508
 251  485
 251  597
 251  663
 252  517
 252  460
 252  417
 252  486
 252  549
 252  692
 252  717
 252  780
 252  759
 252  453
 253  722
 253  558
 253  502
 253  416
 253  454
 253  754
 253  617
 253  407
 253  682
 253  657
 254  694
 254  481
 254  785
 254  734
 254  473
 254  543
 254  608
 254  788
 254  717
 254  411
 255  439
 255  559
 255  642
 255  417
 255  630
 255  590
 255  710
 255  684
 255  440
 255  512
 256  596
 256  681
 256  755
 256  410
 256  480
 256  476
 256  550
 256  578
 256  416
 256  408
 257  434
 257  722
 257  773
 257  670
 257  639
 257  778
 257  488
 257  658
 257  746
 257  597
 258  491
 258  674
 258  488
 258  627
 258  477
 258  732
 258  571
 258  506
 258  448
 258  760
 259  734
 259  799
 259  597
 259  533
 259  469
 259  663
 259  673
 259  417
 259  692
 259  509
 260  784
 260  630
 260  620
 260  589
 260  751
 260  405
 260  628
 260  790
 260  598
 260  454
 261  595
 261  522
 261  736
 261  701
 261  717
 261  708
 261  614
 261  727
 261  716
 261  686
 262  681
 262  732
 262  528
 262  545
 262  603
 262  531
 262  695
 262  653
 262  776
 262  753
 263  568
 263  671
 263  544
 263  756
 263  604
 263  480
 263  798
 263  624
 263  623
 263  517
 264  688
 264  577
 264  676
 264  486
 264  625
 264  632
 264  523
 264  717
 264  655
 264  635
 265  512
 265  493
 265  595
 265  596
 265  649
 265  673
 265  735
 265  789
 265  626
 265  778
 266  449
 266  584
 266  782
 266  618
 266  702
 266  518
 266  429
 266  614
 266  428
 266  666
 267  745
 267  791
 267  533
 267  552
 267  493
 267  566
 267  680
 267  598
 267  426
 267  434
 268  674
 268  777
 268  635
 268  430
 268  534
 268  771
 268  419
 268  421
 268  610
 268  657
 269  783
 269  549
 269  467
 269  667
 269  676
 269  723
 269  665
 269  657
 269  733
 269  504
 270  544
 270  647
 270  632
 270  795
 270  799
 270  674
 270  710
 270  708
 270  413
 270  580
 271  422
 271  491
 271  425
 271  479
 271  503
 271  435
 271  415
 271  555
 271  579
 271  448
 272  711
 272  561
 272  681
 272  484
 272  414
 272  596
 272  419
 272  415
 272  647
 272  510
 273  607
 273  665
 273  438
 273  532
 273  693
 273  560
 273  612
 273  704
 273  420
 273  710
 274  417
 274  769
 274  516
 274  772
 274  469
 274  547
 274  502
 274  442
 274  446
 274  536
 275  528
 275  756
 275  517
 275  742
 275  789
 275  543
 275  735
 275  779
 275  695
 275  593
 276  745
 276  728
 276  659
 276  685
 276  736
 276  639
 276  672
 276  500
 276  516
 276  423
 277  645
 277  435
 277  741
 277  405
 277  537
 277  757
 277  680
 277  720
 277  646
 277  606
 278  624
 278  576
 278  800
 278  792
 278  445
 278  476
 278  582
 278  549
 278  570
 278  543
 279  485
 279  710
 279  784
 279  679
 279  481
 279  746
 279  672
 279  567
 279  694
 279  722
 280  693
 280  483
 280  519
 280  422
 280  561
 280  625
 280  714
 280  522
 280  474
 280  575
 281  711
 281  416
 281  757
 281  423
 281  630
 281  402
 281  656
 281  620
 281  497
 281  653
 282  582
 282  703
 282  500
 282  550
 282  476
 282  709
 282  667
 282  441
 282  663
 282  716
 283  747
 283  470
 283  475
 283  602
 283  634
 283  501
 283  646
 283  724
 283  507
 283  743
 284  567
 284  630
 284  685
 284  690
 284  441
 284  532
 284  503
 284  591
 284  559
 284  474
 285  469
 285  439
 285  495
 285  583
 285  498
 285  442
 285  639
 285  593
 285  561
 285  499
 286  408
 286  627
 286  477
 286  787
 286  503
 286  478
 286  451
 286  582
 286  718
 286  436
 287  659
 287  457
 287  519
 287  432
 287  438
 287  480
 287  528
 287  408
 287  584
 287  749
 288  496
 288  578
 288  424
 288  751
 288  544
 288  509
 288  765
 288  759
 288  779
 288  478
 289  588
 289  674
 289  543
 289  719
 289  640
 289  679
 289  694
 289  725
 289  714
 289  722
 290  734
 290  709
 290  699
 290  591
 290  641
 290  688
 290  639
 290  472
 290  522
 290  782
 291  766
 291  694
 291  624
 291  776
 291  683
 291  640
 291  476
 291  541
 291  737
 291  468
 292  519
 292  779
 292  774
 292  433
 292  585
 292  417
 292  540
 292  553
 292  474
 292  510
 293  662
 293  783
 293  628
 293  431
 293  665
 293  506
 293  712
 293  607
 293  800
 293  583
 294  522
 294  590
 294  681
 294  624
 294  686
 294  757
 294  474
 294  470
 294  598
 294  656
 295  634
 295  454
 295  612
 295  611
 295  654
 295  784
 295  763
 295  532
 295  647
 295  662
 296  722
 296  497
 296  571
 296  757
 296  523
 296  790
 296  711
 296  433
 296  740
 296  623
 297  518
 297  578
 297  778
 297  484
 297  627
 297  670
 297  681
 297  559
 297  723
 297  683
 298  464
 298  698
 298  761
 298  659
 298  606
 298  691
 298  435
 298  445
 298  610
 298  671
 299  683
 299  576
 299  688
 299  730
 299  441
 299  677
 299  573
 299  438
 299  786
 299  448
 300  439
 300  660
 300  783
 300  469
 300  723
 300  791
 300  424
 300  600
 300  413
 300  559
 301  508
 301  518
 301  588
 301  725
 301  727
 301  683
 301  546
 301  645
 301  430
 301  452
 302  432
 302  570
 302  799
 302  427
 302  472
 302  650
 302  717
 302  497
 302  645
 302  605
 303  746
 303  513
 303  503
 303  461
 303  408
 303  779
 303  716
 303  680
 303  725
 303  625
 304  639
 304  773
 304  645
 304  740
 304  733
 304  510
 304  511
 304  663
 304  450
 304  752
 305  404
 305  542
 305  446
 305  476
 305  666
 305  717
 305  776
 305  569
 305  629
 305  491
 306  629
 306  486
 306  568
 306  780
 306  688
 306  550
 306  427
 306  650
 306  681
 306  655
 307  486
 307  763
 307  536
 307  489
 307  531
 307  457
 307  429
 307  488
 307  424
 307  735
 308  780
 308  622
 308  794
 308  440
 308  798
 308  554
 308  463
 308  628
 308  636
 308  461
 309  604
 309  642
 309  486
 309  754
 309  737
 309  764
 309  694
 309  711
 309  600
 309  559
 310  507
 310  426
 310  557
 310  515
 310  418
 310  534
 310  479
 310  612
 310  446
 310  551
 311  680
 311  535
 311  576
 311  670
 311  683
 311  505
 311  747
 311  728
 311  644
 311  583
 312  422
 312  622
 312  496
 312  698
 312  401
 312  540
 312  448
 312  588
 312  715
 312  538
 313  423
 313  429
 313  680
 313  531
 313  570
 313  794
 313  573
 313  534
 313  450
 313  554
 314  646
 314  602
 314  465
 314  778
 314  767
 314  417
 314  552
 314  542
 314  549
 314  429
 315  454
 315  752
 315  760
 315  745
 315  533
 315  654
 315  500
 315  535
 315  568
 315  608
 316  570
 316  577
 316  514
 316  661
 316  498
 316  756
 316  778
 316  589
 316  765
 316  649
 317  640
 317  484
 317  432
 317  555
 317  509
 317  513
 317  433
 317  524
 317  495
 317  692
 318  709
 318  412
 318  787
 318  720
 318  420
 318  751
 318  752
 318  540
 318  432
 318  725
 319  625
 319  555
 319  472
 319  535
 319  426
 319  477
 319  542
 319  765
 319  667
 319  422
 320  497
 320  647
 320  670
 320  641
 320  499
 320  636
 320  445
 320  607
 320  434
 320  524
 321  449
 321  651
 321  693
 321  407
 321  618
 321  401
 321  640
 321  406
 321  774
 321  566
 322  670
 322  643
 322  702
 322  646
 322  514
 322  511
 322  640
 322  649
 322  524
 322  495
 323  789
 323  798
 323  508
 323  450
 323  601
 323  688
 323  568
 323  552
 323  775
 323  461
 324  746
 324  664
 324  551
 324  575
 324  760
 324  626
 324  495
 324  428
 324  436
 324  617
 325  601
 325  532
 325  544
 325  626
 325  770
 325  718
 325  436
 325  488
 325  542
 325  788
 326  676
 326  545
 326  793
 326  554
 326  796
 326  626
 326  479
 326  684
 326  436
 326  580
 327  545
 327  536
 327  791
 327  665
 327  639
 327  464
 327  745
 327  626
 327  544
 327  585
 328  742
 328  571
 328  719
 328  683
 328  760
 328  601
 328  680
 328  404
 328  749
 328  639
 329  588
 329  612
 329  602
 329  623
 329  688
 329  677
 329  454
 329  512
 329  741
 329  769
 330  506
 330  441
 330  761
 330  496
 330  468
 330  456
 330  509
 330  540
 330  751
 330  647
 331  662
 331  561
 331  503
 331  663
 331  761
 331  445
 331  702
 331  737
 331  549
 331  719
 332  663
 332  598
 332  493
 332  528
 332  734
 332  428
 332  701
 332  501
 332  504
 332  467
 333  431
 333  791
 333  690
 333  741
 333  617
 333  732
 333  508
 333  709
 333  404
 333  488
 334  422
 334  402
 334  602
 334  531
 334  743
 334  577
 334  629
 334  677
 334  477
 334  797
 335  642
 335  518
 335  549
 335  455
 335  584
 335  494
 335  744
 335  712
 335  758
 335  512
 336  590
 336  795
 336  494
 336  779
 336  430
 336  499
 336  720
 336  797
 336  521
 336  584
 337  602
 337  766
 337  553
 337  767
 337  622
 337  521
 337  593
 337  787
 337  708
 337  605
 338  743
 338  793
 338  571
 338  597
 338  412
 338  798
 338  487
 338  404
 338  706
 338  623
 339  642
 339  794
 339  622
 339  633
 339  442
 339  568
 339  618
 339  511
 339  420
 339  528
 340  751
 340  675
 340  738
 340  701
 340  763
 340  660
 340  643
 340  790
 340  780
 340  733
 341  800
 341  742
 341  552
 341  584
 341  528
 341  426
 341  493
 341  699
 341  639
 341  789
 342  550
 342  672
 342  451
 342  692
 342  464
 342  424
 342  554
 342  505
 342  795
 342  674
 343  752
 343  515
 343  743
 343  546
 343  463
 343  491
 343  510
 343  642
 343  723
 343  746
 344  551
 344  642
 344  497
 344  638
 344  466
 344  572
 344  436
 344  737
 344  413
 344  748
 345  655
 345  634
 345  688
 345  594
 345  667
 345  585
 345  783
 345  763
 345  496
 345  646
 346  578
 346  572
 346  511
 346  680
 346  485
 346  540
 346  626
 346  762
 346  566
 346  776
 347  793
 347  767
 347  764
 347  770
 347  594
 347  532
 347  479
 347  691
 347  636
 347  788
 348  738
 348  518
 348  770
 348  740
 348  546
 348  694
 348  547
 348  496
 348  748
 348  642
 349  407
 349  463
 349  783
 349  758
 349  745
 349  747
 349  721
 349  497
 349  790
 349  655
 350  487
 350  578
 350  492
 350  600
 350  638
 350  438
 350  580
 350  403
 350  474
 350  495
 351  623
 351  633
 351  531
 351  662
 351  442
 351  468
 351  404
 351  454
 351  607
 351  749
 352  600
 352  651
 352  510
 352  488
 352  684
 352  436
 352  413
 352  503
 352  675
 352  672
 353  656
 353  742
 353  773
 353  678
 353  776
 353  468
 353  749
 353  769
 353  419
 353  540
 354  755
 354  716
 354  704
 354  576
 354  535
 354  679
 354  712
 354  650
 354  457
 354  468
 355  437
 355  653
 355  491
 355  635
 355  554
 355  702
 355  626
 355  662
 355  471
 355  733
 356  593
 356  748
 356  412
 356  670
 356  637
 356  717
 356  677
 356  424
 356  547
 356  437
 357  618
 357  538
 357  665
 357  788
 357  684
 357  635
 357  585
 357  714
 357  777
 357  604
 358  630
 358  572
 358  798
 358  775
 358  487
 358  454
 358  538
 358  598
 358  522
 358  576
 359  756
 359  600
 359  511
 359  569
 359  585
 359  777
 359  638
 359  636
 359  423
 359  477
 360  637
 360  622
 360  559
 360  766
 360  553
 360  731
 360  771
 360  684
 360  552
 360  772
 361  488
 361  521
 361  604
 361  448
 361  644
 361  748
 361  484
 361  431
 361  646
 361  662
 362  718
 362  429
 362  755
 362  633
 362  626
 362  704
 362  436
 362  515
 362  790
 362  577
 363  552
 363  738
 363  716
 363  464
 363  605
 363  730
 363  604
 363  630
 363  494
 363  789
 364  783
 364  792
 364  466
 364  511
 364  484
 364  740
 364  578
 364  464
 364  403
 364  605
 365  698
 365  440
 365  594
 365  684
 365  407
 365  691
 365  566
 365  611
 365  551
 365  740
 366  678
 366  432
 366  704
 366  531
 366  747
 366  541
 366  511
 366  540
 366  730
 366  427
 367  466
 367  699
 367  792
 367  505
 367  698
 367  602
 367  638
 367  450
 367  772
 367  745
 368  571
 368  672
 368  738
 368  664
 368  775
 368  788
 368  708
 368  570
 368  491
 368  404
 369  495
 369  419
 369  545
 369  454
 369  432
 369  788
 369  569
 369  538
 369  790
 369  448
 370  412
 370  630
 370  457
 370  427
 370  677
 370  692
 370  653
 370  492
 370  660
 370  594
 371  605
 371  638
 371  772
 371  682
 371  744
 371  515
 371  774
 371  648
 371  691
 371  570
 372  407
 372  736
 372  678
 372  467
 372  744
 372  679
 372  772
 372  401
 372  726
 372  774
 373  508
 373  593
 373  691
 373  562
 373  427
 373  412
 373  601
 373  450
 373  537
 373  605
 374  650
 374  601
 374  557
 374  514
 374  515
 374  547
 374  678
 374  633
 374  670
 374  403
 375  736
 375  637
 375  678
 375  456
 375  797
 375  506
 375  798
 375  474
 375  519
 375  643
 376  600
 376  731
 376  572
 376  611
 376  576
 376  690
 376  644
 376  623
 376  718
 376  492
 377  514
 377  576
 377  635
 377  509
 377  461
 377  474
 377  593
 377  677
 377  771
 377  643
 378  672
 378  487
 378  401
 378  477
 378  505
 378  423
 378  551
 378  798
 378  676
 378  495
 379  537
 379  505
 379  706
 379  565
 379  763
 379  515
 379  594
 379  437
 379  670
 379  514
 380  575
 380  572
 380  650
 380  402
 380  477
 380  569
 380  576
 380  771
 380  481
 380  770
 381  764
 381  679
 381  515
 381  796
 381  419
 381  767
 381  492
 381  562
 381  519
 381  683
 382  505
 382  633
 382  402
 382  733
 382  541
 382  701
 382  515
 382  787
 382  692
 382  437
 383  770
 383  428
 383  678
 383  736
 383  545
 383  505
 383  562
 383  763
 383  557
 383  596
 384  437
 384  749
 384  676
 384  706
 384  718
 384  577
 384  653
 384  521
 384  678
 384  681
 385  562
 385  792
 385  466
 385  797
 385  718
 385  467
 385  731
 385  775
 385  650
 385  738
 386  683
 386  675
 386  402
 386  505
 386  532
 386  637
 386  775
 386  756
 386  762
 386  409
 387  767
 387  545
 387  610
 387  635
 387  706
 387  787
 387  431
 387  428
 387  472
 387  661
 388  706
 388  653
 388  481
 388  610
 388  767
 388  731
 388  775
 388  532
 388  744
 388  660
 389  521
 389  797
 389  789
 389  538
 389  572
 389  731
 389  557
 389  487
 389  756
 389  402
 390  769
 390  738
 390  402
 390  749
 390  767
 390  472
 390  576
 390  557
 390  674
 390  477
 391  538
 391  721
 391  676
 391  648
 391  630
 391  660
 391  650
 391  638
 391  633
 391  699
 392  756
 392  401
 392  749
 392  797
 392  699
 392  610
 392  672
 392  762
 392  569
 392  495
 393  676
 393  675
 393  716
 393  401
 393  431
 393  569
 393  629
 393  575
 393  635
 393  769
 394  660
 394  596
 394  481
 394  578
 394  610
 394  771
 394  428
 394  744
 394  721
 394  492
 395  537
 395  774
 395  578
 395  481
 395  596
 395  744
 395  676
 395  401
 395  787
 395  495
 396  575
 396  610
 396  756
 396  792
 396  774
 396  769
 396  431
 396  537
 396  675
 396  716
 397  611
 397  682
 397  565
 397  481
 397  771
 397  787
 397  775
 397  661
 397  744
 397  629
 398  699
 398  570
 398  682
 398  629
 398  431
 398  661
 398  775
 398  575
 398  648
 398  409
 399  431
 399  481
 399  611
 399  774
 399  661
 399  565
 399  629
 399  648
 399  472
 399  570
 400  676
 400  774
 400  611
 400  733
 400  575
 400  682
 400  444
 400  543
 400  515
 400  425
