 150  150    1500
   1  154
   1  278
   1  207
   1  176
   1  280
   1  249
   1  180
   1  201
   1  230
   1  272
   2  239
   2  248
   2  234
   2  212
   2  166
   2  199
   2  271
   2  218
   2  200
   2  210
   3  206
   3  211
   3  278
   3  166
   3  210
   3  238
   3  221
   3  262
   3  182
   3  199
   4  283
   4  265
   4  210
   4  239
   4  287
   4  215
   4  176
   4  240
   4  151
   4  282
   5  265
   5  230
   5  224
   5  167
   5  163
   5  255
   5  241
   5  238
   5  207
   5  172
   6  264
   6  209
   6  173
   6  256
   6  255
   6  298
   6  296
   6  231
   6  261
   6  279
   7  162
   7  168
   7  289
   7  266
   7  259
   7  252
   7  190
   7  158
   7  195
   7  247
   8  271
   8  166
   8  256
   8  244
   8  201
   8  283
   8  163
   8  234
   8  273
   8  165
   9  268
   9  246
   9  188
   9  247
   9  292
   9  289
   9  198
   9  175
   9  220
   9  183
  10  208
  10  252
  10  292
  10  227
  10  262
  10  240
  10  193
  10  290
  10  209
  10  226
  11  232
  11  300
  11  156
  11  203
  11  167
  11  293
  11  281
  11  177
  11  233
  11  187
  12  183
  12  156
  12  255
  12  296
  12  253
  12  216
  12  236
  12  227
  12  197
  12  258
  13  283
  13  274
  13  205
  13  219
  13  175
  13  250
  13  211
  13  280
  13  210
  13  212
  14  195
  14  154
  14  198
  14  191
  14  292
  14  204
  14  218
  14  259
  14  245
  14  194
  15  291
  15  210
  15  164
  15  179
  15  214
  15  231
  15  202
  15  222
  15  297
  15  293
  16  178
  16  197
  16  210
  16  169
  16  190
  16  155
  16  268
  16  246
  16  215
  16  300
  17  185
  17  236
  17  271
  17  299
  17  171
  17  211
  17  223
  17  198
  17  247
  17  202
  18  206
  18  161
  18  236
  18  255
  18  191
  18  285
  18  155
  18  210
  18  181
  18  180
  19  156
  19  273
  19  282
  19  289
  19  255
  19  163
  19  168
  19  180
  19  281
  19  185
  20  177
  20  239
  20  164
  20  290
  20  157
  20  294
  20  156
  20  298
  20  192
  20  264
  21  181
  21  280
  21  224
  21  277
  21  291
  21  193
  21  290
  21  293
  21  239
  21  167
  22  161
  22  207
  22  203
  22  224
  22  299
  22  211
  22  247
  22  232
  22  242
  22  186
  23  236
  23  171
  23  290
  23  195
  23  187
  23  279
  23  164
  23  184
  23  201
  23  181
  24  184
  24  277
  24  271
  24  200
  24  153
  24  249
  24  220
  24  288
  24  209
  24  291
  25  218
  25  230
  25  291
  25  260
  25  213
  25  193
  25  184
  25  228
  25  221
  25  182
  26  295
  26  192
  26  294
  26  229
  26  157
  26  231
  26  296
  26  287
  26  230
  26  200
  27  289
  27  171
  27  254
  27  287
  27  269
  27  156
  27  153
  27  151
  27  185
  27  248
  28  177
  28  297
  28  261
  28  202
  28  221
  28  245
  28  158
  28  207
  28  178
  28  199
  29  206
  29  229
  29  261
  29  167
  29  153
  29  195
  29  201
  29  200
  29  203
  29  196
  30  205
  30  286
  30  168
  30  177
  30  225
  30  269
  30  249
  30  165
  30  174
  30  237
  31  287
  31  174
  31  212
  31  266
  31  207
  31  209
  31  164
  31  290
  31  270
  31  153
  32  224
  32  250
  32  169
  32  210
  32  191
  32  243
  32  236
  32  229
  32  208
  32  203
  33  163
  33  187
  33  258
  33  240
  33  207
  33  249
  33  177
  33  256
  33  266
  33  188
  34  278
  34  297
  34  179
  34  199
  34  219
  34  166
  34  163
  34  192
  34  224
  34  295
  35  176
  35  252
  35  181
  35  246
  35  200
  35  208
  35  212
  35  273
  35  157
  35  161
  36  285
  36  220
  36  262
  36  160
  36  300
  36  194
  36  291
  36  241
  36  198
  36  227
  37  263
  37  294
  37  197
  37  256
  37  156
  37  163
  37  235
  37  270
  37  170
  37  286
  38  154
  38  199
  38  166
  38  196
  38  176
  38  216
  38  246
  38  285
  38  261
  38  282
  39  288
  39  229
  39  158
  39  215
  39  269
  39  276
  39  186
  39  194
  39  224
  39  168
  40  262
  40  268
  40  151
  40  251
  40  224
  40  175
  40  292
  40  160
  40  177
  40  197
  41  269
  41  156
  41  244
  41  282
  41  268
  41  181
  41  239
  41  226
  41  196
  41  159
  42  165
  42  286
  42  196
  42  262
  42  259
  42  300
  42  271
  42  239
  42  241
  42  155
  43  198
  43  274
  43  297
  43  160
  43  199
  43  245
  43  268
  43  165
  43  235
  43  277
  44  183
  44  211
  44  254
  44  176
  44  299
  44  278
  44  168
  44  275
  44  277
  44  245
  45  277
  45  275
  45  221
  45  249
  45  259
  45  254
  45  163
  45  151
  45  157
  45  270
  46  263
  46  232
  46  173
  46  198
  46  195
  46  259
  46  213
  46  159
  46  229
  46  217
  47  286
  47  206
  47  247
  47  174
  47  253
  47  178
  47  185
  47  228
  47  192
  47  270
  48  255
  48  177
  48  192
  48  267
  48  203
  48  289
  48  161
  48  158
  48  175
  48  181
  49  205
  49  218
  49  274
  49  185
  49  208
  49  195
  49  152
  49  278
  49  159
  49  197
  50  214
  50  177
  50  221
  50  234
  50  209
  50  296
  50  169
  50  219
  50  294
  50  173
  51  298
  51  250
  51  169
  51  245
  51  262
  51  223
  51  297
  51  238
  51  283
  51  232
  52  162
  52  266
  52  205
  52  211
  52  300
  52  286
  52  154
  52  173
  52  164
  52  257
  53  232
  53  300
  53  257
  53  207
  53  283
  53  200
  53  206
  53  247
  53  168
  53  289
  54  171
  54  283
  54  168
  54  248
  54  257
  54  230
  54  153
  54  272
  54  290
  54  217
  55  268
  55  198
  55  206
  55  300
  55  275
  55  208
  55  200
  55  253
  55  158
  55  173
  56  211
  56  162
  56  159
  56  297
  56  196
  56  255
  56  290
  56  228
  56  240
  56  166
  57  214
  57  174
  57  246
  57  168
  57  280
  57  157
  57  227
  57  275
  57  279
  57  218
  58  294
  58  173
  58  170
  58  180
  58  201
  58  268
  58  254
  58  213
  58  210
  58  226
  59  259
  59  287
  59  231
  59  204
  59  239
  59  173
  59  230
  59  237
  59  222
  59  201
  60  237
  60  197
  60  264
  60  191
  60  299
  60  201
  60  180
  60  265
  60  161
  60  205
  61  184
  61  252
  61  263
  61  279
  61  185
  61  240
  61  300
  61  177
  61  213
  61  253
  62  203
  62  224
  62  197
  62  245
  62  187
  62  189
  62  256
  62  198
  62  240
  62  225
  63  285
  63  263
  63  259
  63  161
  63  162
  63  275
  63  300
  63  280
  63  223
  63  163
  64  194
  64  169
  64  259
  64  256
  64  277
  64  220
  64  241
  64  271
  64  152
  64  268
  65  158
  65  236
  65  237
  65  229
  65  174
  65  299
  65  201
  65  242
  65  230
  65  238
  66  232
  66  289
  66  277
  66  210
  66  208
  66  167
  66  174
  66  159
  66  274
  66  187
  67  200
  67  209
  67  167
  67  218
  67  178
  67  186
  67  263
  67  235
  67  165
  67  160
  68  200
  68  250
  68  190
  68  155
  68  254
  68  236
  68  260
  68  270
  68  242
  68  178
  69  155
  69  257
  69  282
  69  293
  69  295
  69  283
  69  199
  69  266
  69  182
  69  253
  70  171
  70  209
  70  159
  70  212
  70  279
  70  254
  70  285
  70  282
  70  158
  70  247
  71  286
  71  282
  71  155
  71  283
  71  253
  71  261
  71  177
  71  290
  71  242
  71  157
  72  290
  72  276
  72  199
  72  197
  72  168
  72  159
  72  295
  72  152
  72  298
  72  236
  73  173
  73  205
  73  220
  73  171
  73  257
  73  207
  73  264
  73  238
  73  256
  73  290
  74  273
  74  237
  74  214
  74  294
  74  164
  74  154
  74  296
  74  200
  74  278
  74  229
  75  249
  75  291
  75  289
  75  239
  75  248
  75  262
  75  231
  75  285
  75  168
  75  269
  76  195
  76  233
  76  249
  76  206
  76  159
  76  289
  76  255
  76  216
  76  256
  76  188
  77  179
  77  165
  77  201
  77  245
  77  294
  77  228
  77  280
  77  208
  77  282
  77  184
  78  175
  78  258
  78  186
  78  273
  78  213
  78  174
  78  151
  78  245
  78  274
  78  171
  79  266
  79  223
  79  273
  79  164
  79  269
  79  285
  79  282
  79  239
  79  182
  79  291
  80  198
  80  278
  80  218
  80  219
  80  188
  80  233
  80  292
  80  241
  80  206
  80  271
  81  194
  81  269
  81  258
  81  267
  81  265
  81  223
  81  280
  81  197
  81  179
  81  281
  82  157
  82  189
  82  246
  82  255
  82  205
  82  282
  82  164
  82  218
  82  266
  82  296
  83  174
  83  207
  83  251
  83  214
  83  219
  83  236
  83  265
  83  166
  83  298
  83  291
  84  283
  84  233
  84  185
  84  180
  84  245
  84  207
  84  239
  84  196
  84  243
  84  258
  85  213
  85  277
  85  169
  85  226
  85  269
  85  288
  85  292
  85  266
  85  205
  85  196
  86  252
  86  275
  86  265
  86  250
  86  298
  86  289
  86  160
  86  194
  86  248
  86  189
  87  298
  87  295
  87  155
  87  208
  87  237
  87  188
  87  281
  87  195
  87  249
  87  226
  88  263
  88  171
  88  269
  88  285
  88  166
  88  224
  88  184
  88  279
  88  174
  88  163
  89  249
  89  260
  89  238
  89  279
  89  199
  89  297
  89  281
  89  173
  89  284
  89  165
  90  274
  90  158
  90  237
  90  256
  90  198
  90  190
  90  251
  90  259
  90  295
  90  196
  91  221
  91  230
  91  214
  91  296
  91  181
  91  152
  91  238
  91  292
  91  222
  91  291
  92  244
  92  154
  92  186
  92  281
  92  245
  92  151
  92  280
  92  250
  92  184
  92  187
  93  253
  93  227
  93  172
  93  246
  93  297
  93  237
  93  212
  93  226
  93  241
  93  242
  94  253
  94  235
  94  230
  94  265
  94  284
  94  261
  94  202
  94  263
  94  182
  94  219
  95  163
  95  153
  95  274
  95  186
  95  265
  95  226
  95  213
  95  300
  95  257
  95  252
  96  233
  96  204
  96  160
  96  151
  96  246
  96  249
  96  272
  96  292
  96  252
  96  287
  97  256
  97  152
  97  165
  97  294
  97  172
  97  171
  97  219
  97  159
  97  170
  97  184
  98  294
  98  154
  98  241
  98  201
  98  277
  98  238
  98  189
  98  248
  98  288
  98  191
  99  234
  99  275
  99  247
  99  281
  99  250
  99  244
  99  233
  99  179
  99  243
  99  222
 100  285
 100  161
 100  284
 100  266
 100  247
 100  215
 100  257
 100  273
 100  237
 100  199
 101  232
 101  274
 101  172
 101  217
 101  226
 101  155
 101  297
 101  185
 101  205
 101  184
 102  197
 102  229
 102  240
 102  196
 102  182
 102  170
 102  279
 102  173
 102  152
 102  160
 103  269
 103  196
 103  193
 103  247
 103  262
 103  184
 103  220
 103  276
 103  261
 103  164
 104  178
 104  182
 104  193
 104  187
 104  170
 104  285
 104  277
 104  216
 104  189
 104  153
 105  238
 105  241
 105  262
 105  205
 105  273
 105  243
 105  287
 105  271
 105  237
 105  227
 106  191
 106  155
 106  156
 106  268
 106  186
 106  214
 106  228
 106  185
 106  223
 106  166
 107  255
 107  260
 107  236
 107  219
 107  234
 107  267
 107  186
 107  165
 107  214
 107  278
 108  203
 108  241
 108  183
 108  155
 108  161
 108  279
 108  160
 108  238
 108  193
 108  217
 109  211
 109  169
 109  194
 109  186
 109  280
 109  213
 109  262
 109  180
 109  231
 109  165
 110  251
 110  178
 110  187
 110  222
 110  244
 110  160
 110  181
 110  213
 110  242
 110  161
 111  162
 111  192
 111  212
 111  206
 111  157
 111  265
 111  181
 111  235
 111  276
 111  185
 112  254
 112  218
 112  208
 112  161
 112  281
 112  156
 112  159
 112  231
 112  225
 112  181
 113  203
 113  162
 113  292
 113  166
 113  174
 113  170
 113  202
 113  157
 113  211
 113  225
 114  222
 114  293
 114  170
 114  280
 114  156
 114  265
 114  263
 114  295
 114  190
 114  243
 115  292
 115  261
 115  223
 115  175
 115  298
 115  241
 115  216
 115  257
 115  266
 115  228
 116  176
 116  283
 116  190
 116  254
 116  268
 116  212
 116  297
 116  275
 116  233
 116  209
 117  217
 117  208
 117  295
 117  216
 117  263
 117  235
 117  275
 117  186
 117  167
 117  246
 118  267
 118  189
 118  254
 118  294
 118  252
 118  213
 118  158
 118  235
 118  279
 118  261
 119  164
 119  234
 119  272
 119  259
 119  195
 119  298
 119  212
 119  257
 119  223
 119  191
 120  221
 120  190
 120  225
 120  153
 120  167
 120  251
 120  209
 120  226
 120  272
 120  172
 121  162
 121  227
 121  298
 121  225
 121  263
 121  267
 121  187
 121  151
 121  152
 121  178
 122  172
 122  170
 122  191
 122  171
 122  284
 122  193
 122  220
 122  209
 122  169
 122  204
 123  235
 123  286
 123  295
 123  204
 123  225
 123  244
 123  180
 123  170
 123  222
 123  251
 124  232
 124  252
 124  187
 124  274
 124  278
 124  230
 124  223
 124  153
 124  190
 124  178
 125  229
 125  219
 125  260
 125  183
 125  272
 125  281
 125  274
 125  233
 125  191
 125  151
 126  234
 126  278
 126  293
 126  246
 126  284
 126  225
 126  296
 126  193
 126  211
 126  172
 127  257
 127  232
 127  287
 127  214
 127  242
 127  225
 127  288
 127  235
 127  162
 127  172
 128  284
 128  223
 128  180
 128  152
 128  272
 128  253
 128  258
 128  172
 128  191
 128  281
 129  157
 129  220
 129  252
 129  154
 129  284
 129  273
 129  188
 129  158
 129  291
 129  261
 130  227
 130  151
 130  254
 130  162
 130  182
 130  183
 130  192
 130  270
 130  153
 130  276
 131  152
 131  243
 131  275
 131  233
 131  267
 131  299
 131  228
 131  232
 131  270
 131  176
 132  152
 132  273
 132  224
 132  204
 132  175
 132  218
 132  284
 132  170
 132  231
 132  203
 133  202
 133  169
 133  194
 133  214
 133  235
 133  253
 133  234
 133  226
 133  178
 133  212
 134  194
 134  276
 134  229
 134  219
 134  284
 134  227
 134  154
 134  190
 134  204
 134  215
 135  243
 135  220
 135  195
 135  221
 135  216
 135  222
 135  242
 135  193
 135  217
 135  270
 136  286
 136  243
 136  175
 136  194
 136  264
 136  203
 136  179
 136  216
 136  217
 136  299
 137  260
 137  293
 137  222
 137  272
 137  240
 137  234
 137  190
 137  217
 137  286
 137  264
 138  293
 138  270
 138  176
 138  216
 138  227
 138  248
 138  233
 138  271
 138  217
 138  258
 139  276
 139  215
 139  167
 139  193
 139  242
 139  222
 139  260
 139  204
 139  180
 139  284
 140  299
 140  182
 140  243
 140  248
 140  240
 140  234
 140  175
 140  251
 140  169
 140  183
 141  267
 141  182
 141  288
 141  270
 141  162
 141  240
 141  243
 141  183
 141  244
 141  172
 142  189
 142  220
 142  204
 142  272
 142  286
 142  228
 142  296
 142  202
 142  276
 142  244
 143  175
 143  202
 143  216
 143  293
 143  179
 143  167
 143  276
 143  215
 143  221
 143  154
 144  176
 144  260
 144  204
 144  242
 144  276
 144  251
 144  272
 144  258
 144  231
 144  217
 145  264
 145  299
 145  251
 145  271
 145  287
 145  250
 145  244
 145  267
 145  288
 145  231
 146  251
 146  299
 146  192
 146  248
 146  250
 146  176
 146  293
 146  228
 146  188
 146  215
 147  188
 147  248
 147  264
 147  179
 147  250
 147  192
 147  267
 147  287
 147  244
 147  221
 148  288
 148  183
 148  179
 148  260
 148  264
 148  192
 148  215
 148  188
 148  189
 148  296
 149  264
 149  179
 149  260
 149  189
 149  188
 149  258
 149  202
 149  267
 149  215
 149  288
 150  288
 150  258
 150  202
 150  189
 150  183
 150  295
 150  206
 150  160
 150  225
 150  228
