 100  100    1000
   1  108
   1  170
   1  167
   1  139
   1  109
   1  163
   1  182
   1  164
   1  195
   1  185
   2  115
   2  197
   2  188
   2  131
   2  139
   2  193
   2  119
   2  109
   2  132
   2  127
   3  101
   3  119
   3  186
   3  148
   3  171
   3  193
   3  106
   3  153
   3  122
   3  149
   4  113
   4  176
   4  162
   4  174
   4  177
   4  196
   4  138
   4  114
   4  189
   4  179
   5  194
   5  133
   5  144
   5  113
   5  164
   5  142
   5  193
   5  119
   5  161
   5  176
   6  158
   6  182
   6  113
   6  102
   6  157
   6  166
   6  155
   6  148
   6  175
   6  112
   7  186
   7  141
   7  162
   7  174
   7  123
   7  142
   7  178
   7  160
   7  104
   7  126
   8  197
   8  200
   8  116
   8  151
   8  111
   8  138
   8  117
   8  103
   8  140
   8  187
   9  173
   9  174
   9  144
   9  109
   9  130
   9  169
   9  176
   9  167
   9  190
   9  164
  10  156
  10  141
  10  162
  10  147
  10  165
  10  116
  10  103
  10  173
  10  121
  10  194
  11  101
  11  112
  11  160
  11  120
  11  190
  11  137
  11  128
  11  157
  11  192
  11  170
  12  196
  12  157
  12  132
  12  198
  12  160
  12  131
  12  124
  12  153
  12  197
  12  106
  13  162
  13  186
  13  155
  13  101
  13  115
  13  146
  13  159
  13  172
  13  160
  13  197
  14  101
  14  179
  14  184
  14  166
  14  167
  14  185
  14  110
  14  155
  14  146
  14  128
  15  136
  15  188
  15  138
  15  189
  15  177
  15  190
  15  128
  15  119
  15  176
  15  174
  16  125
  16  193
  16  120
  16  192
  16  102
  16  178
  16  119
  16  181
  16  182
  16  143
  17  141
  17  112
  17  120
  17  117
  17  126
  17  106
  17  109
  17  171
  17  174
  17  200
  18  119
  18  151
  18  117
  18  161
  18  194
  18  183
  18  188
  18  155
  18  191
  18  126
  19  135
  19  115
  19  179
  19  188
  19  127
  19  160
  19  104
  19  108
  19  200
  19  149
  20  136
  20  168
  20  163
  20  184
  20  117
  20  138
  20  161
  20  167
  20  116
  20  120
  21  176
  21  161
  21  122
  21  179
  21  143
  21  194
  21  197
  21  173
  21  111
  21  163
  22  103
  22  170
  22  197
  22  123
  22  199
  22  136
  22  184
  22  105
  22  111
  22  177
  23  110
  23  178
  23  115
  23  196
  23  106
  23  157
  23  173
  23  118
  23  128
  23  151
  24  194
  24  123
  24  160
  24  121
  24  131
  24  182
  24  174
  24  161
  24  168
  24  116
  25  193
  25  136
  25  115
  25  148
  25  133
  25  188
  25  181
  25  194
  25  113
  25  145
  26  152
  26  155
  26  179
  26  171
  26  105
  26  147
  26  151
  26  118
  26  169
  26  104
  27  136
  27  171
  27  179
  27  129
  27  138
  27  151
  27  195
  27  137
  27  178
  27  110
  28  114
  28  170
  28  179
  28  183
  28  110
  28  177
  28  196
  28  118
  28  142
  28  144
  29  115
  29  172
  29  135
  29  162
  29  138
  29  189
  29  128
  29  149
  29  186
  29  177
  30  139
  30  194
  30  196
  30  130
  30  155
  30  122
  30  126
  30  158
  30  141
  30  150
  31  182
  31  194
  31  114
  31  115
  31  120
  31  106
  31  185
  31  116
  31  155
  31  184
  32  126
  32  112
  32  115
  32  113
  32  119
  32  131
  32  181
  32  175
  32  177
  32  184
  33  184
  33  178
  33  128
  33  115
  33  163
  33  131
  33  181
  33  127
  33  150
  33  148
  34  133
  34  152
  34  108
  34  165
  34  184
  34  179
  34  143
  34  196
  34  166
  34  154
  35  112
  35  134
  35  150
  35  148
  35  146
  35  156
  35  152
  35  187
  35  135
  35  170
  36  101
  36  122
  36  148
  36  131
  36  170
  36  172
  36  168
  36  152
  36  102
  36  118
  37  140
  37  193
  37  109
  37  188
  37  102
  37  119
  37  190
  37  180
  37  118
  37  145
  38  179
  38  165
  38  187
  38  124
  38  142
  38  173
  38  117
  38  157
  38  140
  38  148
  39  151
  39  186
  39  160
  39  194
  39  117
  39  170
  39  145
  39  173
  39  184
  39  103
  40  180
  40  160
  40  137
  40  126
  40  123
  40  187
  40  120
  40  145
  40  152
  40  164
  41  110
  41  135
  41  118
  41  199
  41  170
  41  154
  41  103
  41  114
  41  197
  41  183
  42  108
  42  152
  42  139
  42  122
  42  195
  42  180
  42  104
  42  140
  42  181
  42  126
  43  187
  43  119
  43  121
  43  135
  43  145
  43  110
  43  150
  43  107
  43  148
  43  133
  44  119
  44  149
  44  155
  44  134
  44  129
  44  187
  44  188
  44  148
  44  171
  44  196
  45  104
  45  158
  45  190
  45  121
  45  118
  45  169
  45  161
  45  173
  45  141
  45  113
  46  199
  46  136
  46  125
  46  181
  46  160
  46  134
  46  198
  46  130
  46  200
  46  151
  47  196
  47  163
  47  126
  47  192
  47  111
  47  156
  47  161
  47  172
  47  188
  47  193
  48  115
  48  173
  48  147
  48  191
  48  140
  48  139
  48  157
  48  183
  48  167
  48  103
  49  129
  49  117
  49  142
  49  155
  49  168
  49  132
  49  144
  49  170
  49  196
  49  146
  50  125
  50  184
  50  136
  50  180
  50  140
  50  114
  50  188
  50  187
  50  135
  50  105
  51  132
  51  197
  51  158
  51  178
  51  180
  51  185
  51  181
  51  140
  51  110
  51  102
  52  155
  52  181
  52  110
  52  180
  52  198
  52  166
  52  106
  52  137
  52  199
  52  113
  53  163
  53  187
  53  147
  53  173
  53  102
  53  124
  53  133
  53  189
  53  146
  53  192
  54  186
  54  117
  54  134
  54  106
  54  105
  54  139
  54  156
  54  178
  54  165
  54  154
  55  191
  55  104
  55  131
  55  170
  55  102
  55  181
  55  107
  55  158
  55  156
  55  140
  56  121
  56  151
  56  132
  56  169
  56  108
  56  162
  56  196
  56  182
  56  133
  56  140
  57  178
  57  133
  57  179
  57  199
  57  198
  57  194
  57  167
  57  108
  57  131
  57  169
  58  105
  58  118
  58  174
  58  136
  58  158
  58  184
  58  168
  58  130
  58  149
  58  198
  59  186
  59  126
  59  112
  59  172
  59  173
  59  133
  59  117
  59  129
  59  132
  59  162
  60  154
  60  167
  60  198
  60  133
  60  178
  60  126
  60  166
  60  142
  60  190
  60  185
  61  104
  61  122
  61  193
  61  151
  61  160
  61  114
  61  113
  61  111
  61  144
  61  189
  62  137
  62  186
  62  164
  62  193
  62  191
  62  163
  62  189
  62  149
  62  171
  62  183
  63  171
  63  159
  63  133
  63  185
  63  172
  63  188
  63  117
  63  180
  63  190
  63  109
  64  132
  64  109
  64  120
  64  110
  64  146
  64  135
  64  148
  64  154
  64  102
  64  107
  65  191
  65  192
  65  199
  65  120
  65  165
  65  110
  65  162
  65  177
  65  127
  65  122
  66  175
  66  122
  66  112
  66  180
  66  145
  66  190
  66  162
  66  131
  66  163
  66  153
  67  189
  67  161
  67  163
  67  134
  67  180
  67  159
  67  190
  67  125
  67  172
  67  130
  68  175
  68  140
  68  182
  68  136
  68  189
  68  200
  68  193
  68  144
  68  166
  68  128
  69  113
  69  109
  69  153
  69  137
  69  136
  69  120
  69  118
  69  180
  69  154
  69  182
  70  177
  70  183
  70  192
  70  111
  70  189
  70  143
  70  107
  70  146
  70  118
  70  159
  71  131
  71  166
  71  121
  71  192
  71  116
  71  168
  71  157
  71  101
  71  200
  71  103
  72  185
  72  200
  72  162
  72  108
  72  197
  72  139
  72  171
  72  158
  72  161
  72  181
  73  167
  73  106
  73  169
  73  185
  73  174
  73  187
  73  150
  73  144
  73  128
  73  156
  74  191
  74  154
  74  197
  74  199
  74  178
  74  150
  74  108
  74  135
  74  146
  74  177
  75  183
  75  106
  75  128
  75  101
  75  153
  75  130
  75  182
  75  102
  75  138
  75  168
  76  200
  76  104
  76  199
  76  108
  76  145
  76  187
  76  165
  76  125
  76  129
  76  111
  77  159
  77  150
  77  137
  77  166
  77  190
  77  120
  77  195
  77  169
  77  130
  77  135
  78  112
  78  147
  78  198
  78  150
  78  164
  78  123
  78  122
  78  192
  78  135
  78  171
  79  163
  79  165
  79  189
  79  150
  79  192
  79  169
  79  101
  79  166
  79  172
  79  199
  80  127
  80  114
  80  112
  80  174
  80  149
  80  121
  80  171
  80  167
  80  195
  80  107
  81  111
  81  122
  81  167
  81  146
  81  164
  81  145
  81  156
  81  159
  81  153
  81  105
  82  138
  82  176
  82  147
  82  151
  82  112
  82  128
  82  143
  82  183
  82  152
  82  139
  83  195
  83  172
  83  130
  83  145
  83  121
  83  134
  83  200
  83  154
  83  106
  83  182
  84  199
  84  113
  84  159
  84  124
  84  146
  84  102
  84  103
  84  125
  84  109
  84  172
  85  159
  85  132
  85  141
  85  127
  85  153
  85  138
  85  150
  85  168
  85  161
  85  142
  86  144
  86  123
  86  116
  86  138
  86  158
  86  124
  86  191
  86  168
  86  157
  86  105
  87  104
  87  103
  87  153
  87  164
  87  149
  87  154
  87  168
  87  198
  87  132
  87  176
  88  123
  88  121
  88  144
  88  192
  88  198
  88  175
  88  142
  88  166
  88  130
  88  134
  89  191
  89  153
  89  154
  89  129
  89  174
  89  109
  89  159
  89  142
  89  175
  89  125
  90  164
  90  114
  90  141
  90  103
  90  147
  90  129
  90  125
  90  165
  90  123
  90  104
  91  175
  91  124
  91  177
  91  107
  91  125
  91  134
  91  176
  91  130
  91  121
  91  111
  92  141
  92  129
  92  107
  92  114
  92  108
  92  145
  92  198
  92  176
  92  164
  92  116
  93  159
  93  143
  93  175
  93  101
  93  191
  93  107
  93  127
  93  152
  93  142
  93  149
  94  176
  94  195
  94  156
  94  127
  94  165
  94  124
  94  144
  94  147
  94  152
  94  101
  95  107
  95  169
  95  105
  95  147
  95  185
  95  183
  95  125
  95  195
  95  132
  95  127
  96  123
  96  141
  96  105
  96  175
  96  143
  96  129
  96  134
  96  158
  96  124
  96  200
  97  105
  97  175
  97  152
  97  165
  97  137
  97  124
  97  127
  97  143
  97  107
  97  139
  98  137
  98  134
  98  114
  98  183
  98  153
  98  186
  98  185
  98  157
  98  116
  98  129
  99  143
  99  123
  99  147
  99  195
  99  124
  99  137
  99  157
  99  156
  99  186
  99  141
 100  158
 100  139
 100  143
 100  156
 100  195
 100  191
 100  116
 100  111
 100  149
 100  169
