 350  350    1750
   1  370
   1  680
   1  412
   1  685
   1  662
   2  577
   2  385
   2  543
   2  569
   2  633
   3  590
   3  631
   3  687
   3  440
   3  630
   4  700
   4  559
   4  641
   4  375
   4  391
   5  614
   5  658
   5  448
   5  524
   5  436
   6  460
   6  374
   6  651
   6  407
   6  551
   7  426
   7  398
   7  508
   7  382
   7  389
   8  355
   8  450
   8  668
   8  406
   8  457
   9  581
   9  597
   9  528
   9  404
   9  616
  10  610
  10  397
  10  618
  10  529
  10  544
  11  581
  11  659
  11  583
  11  524
  11  366
  12  361
  12  512
  12  352
  12  451
  12  489
  13  646
  13  601
  13  541
  13  514
  13  645
  14  631
  14  611
  14  452
  14  671
  14  459
  15  538
  15  391
  15  578
  15  393
  15  486
  16  437
  16  560
  16  601
  16  443
  16  408
  17  540
  17  692
  17  359
  17  448
  17  532
  18  434
  18  395
  18  551
  18  399
  18  454
  19  367
  19  675
  19  449
  19  434
  19  375
  20  395
  20  438
  20  378
  20  471
  20  647
  21  460
  21  691
  21  634
  21  430
  21  678
  22  665
  22  631
  22  504
  22  559
  22  584
  23  363
  23  381
  23  455
  23  512
  23  628
  24  375
  24  601
  24  500
  24  656
  24  362
  25  394
  25  696
  25  478
  25  354
  25  503
  26  544
  26  575
  26  430
  26  531
  26  639
  27  665
  27  565
  27  642
  27  471
  27  405
  28  619
  28  579
  28  512
  28  535
  28  544
  29  434
  29  482
  29  455
  29  551
  29  379
  30  576
  30  414
  30  620
  30  601
  30  589
  31  541
  31  478
  31  600
  31  653
  31  356
  32  398
  32  550
  32  657
  32  663
  32  541
  33  579
  33  568
  33  380
  33  578
  33  630
  34  550
  34  679
  34  575
  34  699
  34  565
  35  510
  35  516
  35  412
  35  469
  35  415
  36  645
  36  471
  36  484
  36  366
  36  406
  37  582
  37  607
  37  390
  37  614
  37  678
  38  425
  38  608
  38  675
  38  574
  38  653
  39  385
  39  673
  39  561
  39  521
  39  601
  40  478
  40  556
  40  521
  40  472
  40  461
  41  564
  41  635
  41  502
  41  453
  41  555
  42  629
  42  657
  42  695
  42  613
  42  375
  43  683
  43  621
  43  488
  43  694
  43  615
  44  408
  44  516
  44  370
  44  540
  44  613
  45  420
  45  519
  45  611
  45  481
  45  594
  46  610
  46  642
  46  432
  46  499
  46  482
  47  379
  47  391
  47  539
  47  516
  47  556
  48  531
  48  611
  48  381
  48  629
  48  508
  49  516
  49  486
  49  379
  49  457
  49  358
  50  488
  50  450
  50  555
  50  697
  50  441
  51  694
  51  358
  51  554
  51  633
  51  454
  52  506
  52  492
  52  614
  52  449
  52  662
  53  554
  53  397
  53  451
  53  395
  53  353
  54  634
  54  444
  54  383
  54  695
  54  553
  55  391
  55  477
  55  672
  55  478
  55  502
  56  594
  56  380
  56  614
  56  413
  56  625
  57  570
  57  675
  57  476
  57  555
  57  395
  58  556
  58  688
  58  690
  58  395
  58  570
  59  479
  59  354
  59  377
  59  425
  59  669
  60  686
  60  650
  60  407
  60  452
  60  401
  61  468
  61  418
  61  452
  61  555
  61  360
  62  384
  62  689
  62  516
  62  407
  62  441
  63  502
  63  673
  63  527
  63  435
  63  424
  64  487
  64  666
  64  433
  64  457
  64  483
  65  660
  65  699
  65  652
  65  667
  65  684
  66  489
  66  459
  66  410
  66  389
  66  615
  67  606
  67  671
  67  511
  67  539
  67  584
  68  683
  68  490
  68  659
  68  645
  68  587
  69  392
  69  640
  69  629
  69  593
  69  581
  70  515
  70  437
  70  455
  70  513
  70  355
  71  579
  71  503
  71  439
  71  435
  71  660
  72  455
  72  359
  72  426
  72  557
  72  578
  73  539
  73  574
  73  650
  73  608
  73  692
  74  638
  74  635
  74  670
  74  679
  74  685
  75  621
  75  553
  75  693
  75  532
  75  439
  76  642
  76  643
  76  411
  76  552
  76  498
  77  577
  77  462
  77  682
  77  453
  77  456
  78  504
  78  697
  78  370
  78  566
  78  670
  79  390
  79  435
  79  425
  79  652
  79  501
  80  459
  80  566
  80  376
  80  590
  80  463
  81  490
  81  597
  81  670
  81  517
  81  654
  82  523
  82  600
  82  503
  82  386
  82  465
  83  353
  83  619
  83  626
  83  461
  83  557
  84  663
  84  396
  84  515
  84  444
  84  584
  85  554
  85  469
  85  614
  85  653
  85  666
  86  455
  86  375
  86  366
  86  389
  86  359
  87  383
  87  660
  87  699
  87  616
  87  509
  88  615
  88  452
  88  468
  88  356
  88  665
  89  633
  89  697
  89  444
  89  454
  89  518
  90  563
  90  423
  90  631
  90  521
  90  358
  91  589
  91  357
  91  405
  91  536
  91  688
  92  689
  92  561
  92  647
  92  453
  92  521
  93  686
  93  459
  93  565
  93  354
  93  651
  94  638
  94  700
  94  540
  94  654
  94  527
  95  595
  95  680
  95  679
  95  476
  95  431
  96  590
  96  610
  96  694
  96  464
  96  576
  97  581
  97  400
  97  377
  97  385
  97  522
  98  592
  98  699
  98  553
  98  539
  98  359
  99  478
  99  673
  99  411
  99  490
  99  511
 100  394
 100  475
 100  650
 100  491
 100  633
 101  484
 101  676
 101  579
 101  549
 101  502
 102  487
 102  504
 102  475
 102  501
 102  358
 103  675
 103  561
 103  564
 103  591
 103  413
 104  570
 104  356
 104  655
 104  403
 104  521
 105  471
 105  544
 105  640
 105  690
 105  543
 106  679
 106  486
 106  355
 106  464
 106  466
 107  571
 107  559
 107  471
 107  434
 107  477
 108  372
 108  571
 108  435
 108  517
 108  442
 109  466
 109  429
 109  688
 109  450
 109  515
 110  385
 110  532
 110  461
 110  496
 110  553
 111  574
 111  646
 111  397
 111  596
 111  680
 112  683
 112  463
 112  593
 112  682
 112  572
 113  462
 113  414
 113  609
 113  662
 113  585
 114  510
 114  554
 114  366
 114  682
 114  496
 115  381
 115  359
 115  440
 115  378
 115  351
 116  468
 116  581
 116  524
 116  632
 116  479
 117  575
 117  546
 117  372
 117  603
 117  675
 118  607
 118  363
 118  660
 118  566
 118  533
 119  550
 119  698
 119  488
 119  616
 119  495
 120  488
 120  663
 120  432
 120  433
 120  399
 121  579
 121  631
 121  559
 121  629
 121  553
 122  559
 122  643
 122  613
 122  400
 122  372
 123  443
 123  574
 123  441
 123  632
 123  539
 124  700
 124  391
 124  636
 124  540
 124  571
 125  510
 125  466
 125  472
 125  643
 125  657
 126  600
 126  682
 126  430
 126  481
 126  438
 127  444
 127  630
 127  641
 127  618
 127  572
 128  535
 128  653
 128  378
 128  435
 128  674
 129  681
 129  458
 129  694
 129  401
 129  473
 130  374
 130  543
 130  515
 130  535
 130  563
 131  470
 131  685
 131  403
 131  534
 131  692
 132  418
 132  456
 132  545
 132  439
 132  389
 133  484
 133  562
 133  361
 133  379
 133  398
 134  608
 134  505
 134  470
 134  693
 134  487
 135  394
 135  466
 135  535
 135  592
 135  602
 136  386
 136  640
 136  611
 136  695
 136  489
 137  421
 137  584
 137  568
 137  432
 137  508
 138  663
 138  588
 138  362
 138  687
 138  427
 139  385
 139  353
 139  637
 139  382
 139  510
 140  689
 140  624
 140  502
 140  656
 140  456
 141  461
 141  645
 141  605
 141  411
 141  488
 142  355
 142  670
 142  580
 142  672
 142  654
 143  563
 143  536
 143  564
 143  557
 143  448
 144  497
 144  504
 144  573
 144  357
 144  580
 145  612
 145  529
 145  402
 145  394
 145  475
 146  411
 146  472
 146  405
 146  410
 146  360
 147  401
 147  606
 147  527
 147  409
 147  451
 148  564
 148  434
 148  479
 148  443
 148  617
 149  667
 149  678
 149  400
 149  700
 149  544
 150  419
 150  376
 150  624
 150  482
 150  584
 151  444
 151  626
 151  630
 151  684
 151  420
 152  415
 152  425
 152  599
 152  668
 152  464
 153  613
 153  633
 153  512
 153  635
 153  390
 154  522
 154  419
 154  576
 154  416
 154  457
 155  556
 155  487
 155  401
 155  569
 155  382
 156  517
 156  548
 156  677
 156  519
 156  456
 157  401
 157  680
 157  573
 157  388
 157  398
 158  658
 158  429
 158  694
 158  518
 158  639
 159  408
 159  688
 159  655
 159  510
 159  635
 160  427
 160  364
 160  686
 160  607
 160  624
 161  567
 161  438
 161  498
 161  568
 161  457
 162  429
 162  373
 162  415
 162  668
 162  548
 163  648
 163  354
 163  669
 163  588
 163  687
 164  610
 164  456
 164  637
 164  596
 164  365
 165  578
 165  692
 165  622
 165  489
 165  639
 166  528
 166  623
 166  414
 166  454
 166  577
 167  373
 167  654
 167  530
 167  653
 167  644
 168  568
 168  658
 168  514
 168  442
 168  657
 169  681
 169  441
 169  406
 169  685
 169  588
 170  565
 170  402
 170  693
 170  460
 170  504
 171  352
 171  640
 171  555
 171  436
 171  433
 172  403
 172  364
 172  547
 172  483
 172  369
 173  412
 173  523
 173  501
 173  482
 173  557
 174  464
 174  429
 174  511
 174  363
 174  470
 175  459
 175  536
 175  393
 175  511
 175  520
 176  407
 176  674
 176  609
 176  374
 176  594
 177  508
 177  514
 177  654
 177  527
 177  419
 178  582
 178  540
 178  576
 178  530
 178  607
 179  634
 179  651
 179  613
 179  494
 179  662
 180  597
 180  550
 180  397
 180  454
 180  592
 181  500
 181  616
 181  403
 181  360
 181  461
 182  473
 182  487
 182  408
 182  527
 182  486
 183  598
 183  695
 183  364
 183  428
 183  499
 184  480
 184  576
 184  680
 184  587
 184  520
 185  659
 185  565
 185  652
 185  657
 185  437
 186  679
 186  541
 186  351
 186  693
 186  630
 187  428
 187  372
 187  550
 187  554
 187  668
 188  672
 188  442
 188  681
 188  530
 188  351
 189  655
 189  669
 189  513
 189  620
 189  600
 190  639
 190  524
 190  640
 190  403
 190  541
 191  384
 191  462
 191  466
 191  430
 191  690
 192  512
 192  436
 192  469
 192  647
 192  607
 193  582
 193  509
 193  636
 193  439
 193  493
 194  568
 194  543
 194  693
 194  634
 194  573
 195  522
 195  585
 195  530
 195  518
 195  547
 196  645
 196  534
 196  483
 196  561
 196  405
 197  493
 197  451
 197  558
 197  696
 197  690
 198  583
 198  384
 198  486
 198  377
 198  366
 199  658
 199  533
 199  608
 199  600
 199  437
 200  420
 200  639
 200  475
 200  506
 200  563
 201  682
 201  668
 201  621
 201  460
 201  609
 202  564
 202  361
 202  370
 202  497
 202  641
 203  356
 203  412
 203  672
 203  429
 203  377
 204  389
 204  547
 204  462
 204  470
 204  369
 205  661
 205  642
 205  441
 205  506
 205  412
 206  363
 206  604
 206  649
 206  352
 206  420
 207  490
 207  533
 207  684
 207  371
 207  493
 208  563
 208  364
 208  501
 208  476
 208  549
 209  426
 209  483
 209  428
 209  543
 209  672
 210  381
 210  661
 210  505
 210  533
 210  650
 211  364
 211  689
 211  571
 211  595
 211  573
 212  522
 212  662
 212  624
 212  625
 212  416
 213  398
 213  582
 213  500
 213  402
 213  462
 214  450
 214  506
 214  426
 214  419
 214  494
 215  417
 215  684
 215  392
 215  695
 215  362
 216  617
 216  451
 216  632
 216  422
 216  678
 217  570
 217  408
 217  571
 217  619
 217  485
 218  551
 218  425
 218  390
 218  621
 218  608
 219  599
 219  400
 219  409
 219  393
 219  519
 220  569
 220  367
 220  373
 220  529
 220  396
 221  572
 221  646
 221  494
 221  485
 221  623
 222  428
 222  582
 222  449
 222  623
 222  517
 223  698
 223  467
 223  552
 223  619
 223  583
 224  590
 224  394
 224  518
 224  556
 224  491
 225  533
 225  602
 225  619
 225  691
 225  546
 226  490
 226  688
 226  674
 226  530
 226  587
 227  452
 227  641
 227  428
 227  426
 227  583
 228  514
 228  664
 228  496
 228  620
 228  402
 229  380
 229  546
 229  392
 229  664
 229  524
 230  361
 230  637
 230  628
 230  603
 230  573
 231  560
 231  574
 231  650
 231  677
 231  626
 232  491
 232  625
 232  617
 232  644
 232  432
 233  406
 233  482
 233  618
 233  617
 233  396
 234  610
 234  597
 234  664
 234  593
 234  427
 235  352
 235  635
 235  384
 235  655
 235  484
 236  637
 236  660
 236  620
 236  481
 236  698
 237  552
 237  567
 237  379
 237  526
 237  578
 238  567
 238  646
 238  357
 238  406
 238  465
 239  405
 239  472
 239  438
 239  698
 239  572
 240  509
 240  445
 240  449
 240  535
 240  606
 241  549
 241  390
 241  392
 241  446
 241  580
 242  687
 242  666
 242  518
 242  674
 242  617
 243  685
 243  537
 243  449
 243  351
 243  458
 244  692
 244  648
 244  479
 244  536
 244  528
 245  477
 245  397
 245  432
 245  357
 245  655
 246  644
 246  531
 246  621
 246  439
 246  381
 247  509
 247  548
 247  566
 247  404
 247  393
 248  566
 248  419
 248  678
 248  569
 248  626
 249  417
 249  587
 249  534
 249  492
 249  652
 250  670
 250  585
 250  400
 250  562
 250  644
 251  440
 251  570
 251  549
 251  491
 251  585
 252  386
 252  697
 252  696
 252  418
 252  649
 253  458
 253  591
 253  505
 253  360
 253  373
 254  421
 254  588
 254  481
 254  365
 254  552
 255  587
 255  357
 255  501
 255  622
 255  370
 256  604
 256  446
 256  590
 256  526
 256  687
 257  698
 257  517
 257  496
 257  624
 257  641
 258  416
 258  475
 258  603
 258  673
 258  409
 259  384
 259  470
 259  443
 259  646
 259  599
 260  424
 260  360
 260  580
 260  609
 260  616
 261  580
 261  373
 261  547
 261  409
 261  388
 262  525
 262  362
 262  393
 262  603
 262  699
 263  525
 263  464
 263  603
 263  683
 263  644
 264  447
 264  423
 264  378
 264  467
 264  537
 265  628
 265  431
 265  658
 265  557
 265  358
 266  409
 266  480
 266  500
 266  509
 266  622
 267  611
 267  526
 267  443
 267  538
 267  424
 268  549
 268  453
 268  589
 268  627
 268  392
 269  382
 269  383
 269  436
 269  634
 269  629
 270  368
 270  365
 270  383
 270  483
 270  491
 271  529
 271  647
 271  445
 271  492
 271  537
 272  623
 272  537
 272  479
 272  666
 272  596
 273  674
 273  355
 273  376
 273  396
 273  415
 274  507
 274  500
 274  575
 274  625
 274  684
 275  604
 275  436
 275  404
 275  673
 275  361
 276  648
 276  376
 276  652
 276  386
 276  595
 277  558
 277  618
 277  493
 277  586
 277  689
 278  363
 278  351
 278  450
 278  387
 278  446
 279  620
 279  529
 279  427
 279  472
 279  440
 280  595
 280  431
 280  537
 280  636
 280  413
 281  558
 281  560
 281  458
 281  430
 281  505
 282  598
 282  661
 282  696
 282  484
 282  632
 283  618
 283  418
 283  558
 283  546
 283  468
 284  625
 284  696
 284  480
 284  485
 284  592
 285  534
 285  594
 285  499
 285  542
 285  520
 286  356
 286  423
 286  447
 286  681
 286  583
 287  597
 287  588
 287  681
 287  414
 287  353
 288  665
 288  638
 288  494
 288  399
 288  396
 289  605
 289  494
 289  468
 289  492
 289  586
 290  551
 290  477
 290  437
 290  411
 290  651
 291  519
 291  473
 291  593
 291  431
 291  514
 292  352
 292  690
 292  460
 292  677
 292  463
 293  446
 293  422
 293  589
 293  505
 293  643
 294  558
 294  534
 294  664
 294  667
 294  594
 295  519
 295  377
 295  700
 295  498
 295  382
 296  667
 296  627
 296  575
 296  404
 296  480
 297  547
 297  495
 297  636
 297  661
 297  526
 298  463
 298  599
 298  387
 298  528
 298  469
 299  598
 299  585
 299  671
 299  648
 299  499
 300  561
 300  447
 300  477
 300  368
 300  427
 301  515
 301  669
 301  637
 301  503
 301  402
 302  376
 302  511
 302  481
 302  467
 302  599
 303  480
 303  492
 303  496
 303  560
 303  495
 304  499
 304  469
 304  638
 304  476
 304  531
 305  421
 305  623
 305  423
 305  667
 305  669
 306  463
 306  407
 306  493
 306  659
 306  605
 307  383
 307  666
 307  545
 307  453
 307  665
 308  661
 308  387
 308  418
 308  498
 308  532
 309  416
 309  606
 309  506
 309  632
 309  424
 310  604
 310  415
 310  647
 310  404
 310  626
 311  474
 311  542
 311  676
 311  606
 311  362
 312  476
 312  448
 312  503
 312  465
 312  440
 313  552
 313  353
 313  545
 313  498
 313  489
 314  609
 314  642
 314  622
 314  604
 314  417
 315  420
 315  602
 315  522
 315  422
 315  545
 316  651
 316  458
 316  598
 316  577
 316  532
 317  545
 317  445
 317  546
 317  586
 317  446
 318  388
 318  586
 318  592
 318  421
 318  445
 319  697
 319  542
 319  638
 319  368
 319  410
 320  659
 320  513
 320  586
 320  536
 320  368
 321  596
 321  374
 321  676
 321  671
 321  442
 322  683
 322  598
 322  368
 322  374
 322  448
 323  424
 323  612
 323  595
 323  467
 323  677
 324  569
 324  387
 324  413
 324  447
 324  497
 325  371
 325  643
 325  354
 325  467
 325  422
 326  560
 326  378
 326  548
 326  485
 326  602
 327  567
 327  577
 327  365
 327  562
 327  413
 328  423
 328  628
 328  602
 328  526
 328  525
 329  372
 329  656
 329  410
 329  636
 329  591
 330  388
 330  615
 330  386
 330  416
 330  676
 331  445
 331  371
 331  589
 331  648
 331  447
 332  442
 332  380
 332  656
 332  628
 332  605
 333  380
 333  523
 333  591
 333  691
 333  615
 334  365
 334  438
 334  367
 334  567
 334  410
 335  513
 335  508
 335  596
 335  399
 335  605
 336  495
 336  371
 336  649
 336  691
 336  465
 337  523
 337  656
 337  622
 337  497
 337  686
 338  473
 338  572
 338  562
 338  422
 338  548
 339  677
 339  562
 339  591
 339  523
 339  542
 340  513
 340  520
 340  417
 340  507
 340  525
 341  676
 341  431
 341  528
 341  691
 341  649
 342  507
 342  417
 342  520
 342  542
 342  663
 343  507
 343  649
 343  531
 343  686
 343  421
 344  388
 344  387
 344  495
 344  474
 344  465
 345  664
 345  612
 345  538
 345  474
 345  671
 346  474
 346  612
 346  507
 346  497
 346  369
 347  485
 347  538
 347  627
 347  433
 347  474
 348  627
 348  367
 348  538
 348  612
 348  473
 349  525
 349  371
 349  627
 349  369
 349  399
 350  369
 350  367
 350  433
 350  414
 350  593
