  75   75     225
   1   76
   1   86
   1  110
   2  118
   2  142
   2   95
   3  110
   3   92
   3  126
   4  109
   4   81
   4   92
   5   91
   5  106
   5  104
   6  113
   6  123
   6  116
   7  123
   7  118
   7  136
   8  150
   8  102
   8  128
   9   82
   9   81
   9   88
  10   91
  10  128
  10   77
  11  103
  11  135
  11   76
  12  130
  12  134
  12  124
  13  140
  13   91
  13   79
  14  141
  14  110
  14  120
  15  139
  15  146
  15  128
  16  103
  16  136
  16  141
  17  136
  17  116
  17  104
  18  129
  18   87
  18  105
  19  149
  19   87
  19  111
  20   97
  20   85
  20  113
  21   80
  21  112
  21  117
  22  107
  22  104
  22  131
  23   76
  23  117
  23  140
  24  130
  24  111
  24  139
  25  133
  25   93
  25   85
  26  133
  26  144
  26  119
  27   78
  27  106
  27  144
  28  140
  28   77
  28  135
  29  106
  29   92
  29  138
  30  137
  30  101
  30   89
  31  126
  31  149
  31  143
  32  142
  32  119
  32  132
  33  146
  33  120
  33  145
  34   79
  34  138
  34  142
  35  150
  35   83
  35  125
  36   79
  36  102
  36  121
  37   89
  37  127
  37  117
  38   98
  38   84
  38   82
  39  132
  39   80
  39   83
  40   99
  40  133
  40  131
  41  137
  41   97
  41   78
  42  111
  42   86
  42  139
  43  123
  43   84
  43  143
  44  122
  44  120
  44  100
  45   88
  45   83
  45  105
  46  109
  46  112
  46   95
  47   96
  47  132
  47  108
  48  143
  48  149
  48  144
  49   95
  49  150
  49  135
  50   93
  50   99
  50  148
  51  118
  51  103
  51   86
  52   77
  52   82
  52  108
  53   84
  53  121
  53   93
  54   89
  54   90
  54   81
  55  101
  55   97
  55  119
  56  102
  56  114
  56  101
  57  125
  57  147
  57   96
  58  147
  58  141
  58  138
  59  116
  59  107
  59  131
  60  124
  60   80
  60  146
  61   87
  61  125
  61  112
  62  108
  62  147
  62  107
  63  148
  63   94
  63   99
  64  124
  64  115
  64  113
  65  114
  65   96
  65  100
  66  105
  66  100
  66  137
  67  122
  67  130
  67   90
  68  134
  68  129
  68   78
  69  114
  69  127
  69  126
  70  134
  70   90
  70  129
  71  145
  71   94
  71  121
  72  127
  72   94
  72  115
  73   98
  73   88
  73  145
  74  148
  74   98
  74  115
  75  109
  75  122
  75   85
