 500  500    2500
   1  533
   1  660
   1  892
   1  945
   1  807
   2  656
   2  689
   2  757
   2  531
   2  814
   3  852
   3  983
   3  858
   3  968
   3  540
   4  714
   4  575
   4  613
   4  994
   4  984
   5  907
   5  732
   5  633
   5  836
   5  783
   6  834
   6  654
   6  817
   6  800
   6  936
   7  733
   7  966
   7  763
   7  911
   7  719
   8  894
   8  930
   8  699
   8  694
   8  762
   9  654
   9  843
   9  605
   9  655
   9  958
  10  985
  10  808
  10  550
  10  882
  10  623
  11  611
  11  805
  11  920
  11  903
  11  820
  12  719
  12  883
  12  725
  12  663
  12  706
  13  762
  13  823
  13  653
  13  609
  13  645
  14  516
  14  922
  14  595
  14  991
  14  848
  15  732
  15  979
  15  994
  15  591
  15  905
  16  747
  16  634
  16  670
  16  658
  16  930
  17  932
  17  813
  17  661
  17  641
  17  954
  18  721
  18  806
  18  882
  18  773
  18  919
  19  615
  19  910
  19  943
  19  892
  19  848
  20  524
  20  710
  20  903
  20  949
  20  816
  21  939
  21  503
  21  783
  21  801
  21  750
  22  501
  22  579
  22  735
  22  717
  22  509
  23  660
  23  864
  23  897
  23  812
  23  941
  24  595
  24  586
  24  664
  24  930
  24  599
  25  652
  25  597
  25  633
  25  794
  25  865
  26  875
  26  975
  26  693
  26  847
  26  973
  27  928
  27  679
  27  850
  27  946
  27  846
  28  695
  28  687
  28  905
  28  781
  28  854
  29  782
  29  886
  29  634
  29  805
  29  524
  30  601
  30  781
  30  756
  30  855
  30  585
  31  542
  31  737
  31  546
  31  802
  31  995
  32  594
  32  850
  32  872
  32  739
  32  664
  33  817
  33  967
  33  718
  33  647
  33  523
  34  723
  34  800
  34  709
  34  853
  34  947
  35  726
  35  915
  35  511
  35  568
  35  623
  36  765
  36  680
  36  826
  36  519
  36  872
  37  821
  37  870
  37  966
  37  954
  37  981
  38  918
  38  746
  38  986
  38  640
  38  620
  39  802
  39  708
  39  517
  39  815
  39  869
  40  910
  40  790
  40  841
  40  610
  40  619
  41  949
  41  612
  41  713
  41  803
  41  781
  42  577
  42  938
  42  526
  42  816
  42  707
  43  787
  43  617
  43  568
  43  746
  43  631
  44  786
  44  591
  44  887
  44  805
  44  900
  45  987
  45  861
  45  635
  45  623
  45  668
  46  973
  46  824
  46  907
  46  969
  46  533
  47  748
  47  591
  47  817
  47  604
  47  849
  48  818
  48  582
  48  653
  48  555
  48  847
  49  735
  49  834
  49  821
  49  508
  49  522
  50  603
  50  546
  50  776
  50  600
  50  543
  51  944
  51  815
  51  769
  51  836
  51  702
  52  886
  52  943
  52  727
  52  906
  52  773
  53  683
  53  590
  53  764
  53  694
  53  944
  54  837
  54  684
  54  929
  54  874
  54  543
  55  544
  55  542
  55  933
  55  945
  55  889
  56  890
  56  700
  56  509
  56  830
  56  672
  57  528
  57  970
  57  724
  57  657
  57  816
  58  820
  58  656
  58  976
  58  548
  58  857
  59  639
  59  907
  59  962
  59  563
  59  641
  60  694
  60  510
  60  894
  60  516
  60  932
  61  622
  61  892
  61  885
  61  975
  61  772
  62  949
  62  781
  62  562
  62  868
  62  753
  63  868
  63  713
  63  637
  63  622
  63  857
  64  827
  64  800
  64  623
  64  654
  64  986
  65  676
  65  646
  65  501
  65  590
  65  740
  66  540
  66  605
  66  985
  66  709
  66  775
  67  612
  67  635
  67  926
  67  604
  67  766
  68  629
  68  917
  68  568
  68  844
  68  730
  69  682
  69  962
  69  978
  69  874
  69  831
  70  628
  70  647
  70  779
  70  676
  70  771
  71  617
  71  856
  71  627
  71  560
  71  573
  72  593
  72  759
  72  687
  72 1000
  72  714
  73  776
  73  733
  73  696
  73  891
  73  718
  74  642
  74  794
  74  670
  74  714
  74  984
  75  750
  75  837
  75  925
  75  686
  75  721
  76  943
  76  623
  76  556
  76  712
  76  895
  77  766
  77  813
  77  807
  77  736
  77  942
  78  531
  78  925
  78  678
  78  691
  78  661
  79  647
  79  619
  79  681
  79  601
  79  670
  80  632
  80  526
  80  530
  80  764
  80  577
  81  662
  81  528
  81  901
  81  947
  81  513
  82  507
  82  625
  82  870
  82  865
  82  892
  83  894
  83  743
  83  765
  83  595
  83  742
  84  710
  84  885
  84  897
  84  887
  84  720
  85  799
  85  969
  85  605
  85  730
  85  907
  86  754
  86  722
  86  762
  86  979
  86  636
  87  944
  87  637
  87  664
  87  730
  87  835
  88  556
  88  812
  88  657
  88  908
  88  772
  89  709
  89  534
  89  677
  89  516
  89  954
  90  983
  90  524
  90  563
  90  837
  90  942
  91  830
  91  643
  91  868
  91  801
  91  711
  92  665
  92  767
  92  658
  92  721
  92  535
  93  695
  93  784
  93 1000
  93  972
  93  924
  94  890
  94  557
  94  888
  94  698
  94  567
  95  809
  95  865
  95  963
  95  638
  95  643
  96  647
  96  717
  96  866
  96  802
  96  879
  97  837
  97  756
  97  697
  97  850
  97  984
  98  928
  98  596
  98  611
  98  747
  98  579
  99  924
  99  910
  99  671
  99  856
  99  675
 100  737
 100  924
 100  821
 100  883
 100  786
 101  501
 101  923
 101  800
 101  725
 101  592
 102  881
 102  765
 102  545
 102  779
 102  721
 103  587
 103  841
 103  787
 103  822
 103  940
 104  516
 104  759
 104  984
 104  765
 104  992
 105  565
 105  990
 105  966
 105  773
 105  848
 106  708
 106  978
 106  768
 106  638
 106  752
 107  734
 107  593
 107  751
 107  922
 107  522
 108  982
 108  887
 108  534
 108  904
 108  878
 109  964
 109  721
 109  826
 109  939
 109  705
 110  747
 110  807
 110  681
 110  543
 110  708
 111  988
 111  692
 111  579
 111  569
 111  902
 112  801
 112  974
 112  835
 112  549
 112  599
 113  736
 113  686
 113  511
 113  823
 113  813
 114  750
 114  675
 114  985
 114  590
 114  569
 115  959
 115  814
 115  943
 115  599
 115  648
 116  605
 116  567
 116  879
 116  763
 116  634
 117  748
 117  800
 117  547
 117  911
 117  577
 118  534
 118  915
 118  875
 118  845
 118  794
 119  720
 119  971
 119  520
 119  573
 119  930
 120  773
 120  698
 120  819
 120  702
 120  832
 121  801
 121  617
 121  588
 121  948
 121  832
 122  619
 122  554
 122  879
 122  538
 122  882
 123  780
 123  583
 123  542
 123  747
 123  928
 124  760
 124  603
 124  754
 124  835
 124  989
 125  982
 125  529
 125  914
 125  618
 125  787
 126  924
 126  919
 126  846
 126  879
 126  806
 127  603
 127  848
 127  930
 127  610
 127  832
 128  614
 128  542
 128  585
 128  606
 128  860
 129  971
 129  701
 129  569
 129  954
 129  668
 130  965
 130  890
 130  728
 130  995
 130  900
 131  808
 131  526
 131  889
 131  664
 131  791
 132  931
 132  840
 132  662
 132  985
 132  758
 133  629
 133  850
 133  513
 133  920
 133  528
 134  643
 134  921
 134  520
 134  805
 134  856
 135  543
 135  664
 135  903
 135  766
 135  643
 136  815
 136  546
 136  516
 136  545
 136  532
 137  552
 137  578
 137  600
 137  758
 137  964
 138  553
 138  839
 138  958
 138  927
 138  883
 139  675
 139  989
 139  912
 139  663
 139  885
 140  879
 140  682
 140  783
 140  699
 140  522
 141  538
 141  904
 141  729
 141  618
 141  594
 142  803
 142  971
 142  736
 142  578
 142  686
 143  719
 143  645
 143  852
 143  888
 143  674
 144  595
 144  628
 144  864
 144  966
 144  525
 145  927
 145  683
 145  986
 145  590
 145  745
 146  942
 146  552
 146  744
 146  509
 146  953
 147  685
 147  646
 147  772
 147  892
 147  629
 148  510
 148  929
 148  826
 148  514
 148  536
 149  893
 149  857
 149  687
 149  632
 149  712
 150  602
 150  539
 150  876
 150  955
 150  934
 151  831
 151  754
 151  582
 151  847
 151  967
 152  860
 152  919
 152  627
 152  768
 152  763
 153  583
 153  549
 153  900
 153  756
 153  556
 154  504
 154  926
 154  668
 154  819
 154  579
 155  842
 155  602
 155  870
 155  734
 155  756
 156  983
 156  801
 156  864
 156  703
 156  839
 157  589
 157  701
 157  857
 157  998
 157  754
 158  960
 158  661
 158  522
 158  549
 158  541
 159  644
 159  904
 159  839
 159  656
 159  765
 160  604
 160  807
 160  963
 160  769
 160  849
 161  938
 161  760
 161  986
 161  944
 161  576
 162  854
 162  809
 162  995
 162  752
 162  580
 163  885
 163  542
 163  746
 163  911
 163  636
 164  873
 164  661
 164  895
 164  770
 164  921
 165  576
 165  851
 165  767
 165  805
 165  791
 166  771
 166  915
 166  600
 166  962
 166  888
 167  670
 167  867
 167  957
 167  574
 167  696
 168  679
 168  992
 168  562
 168  641
 168  948
 169  913
 169  956
 169  992
 169  519
 169  769
 170  916
 170  505
 170  933
 170  939
 170  846
 171  537
 171  773
 171  971
 171  888
 171  543
 172  862
 172  576
 172  762
 172  758
 172  945
 173  539
 173  715
 173  935
 173  526
 173  619
 174  833
 174  750
 174  681
 174  609
 174  720
 175  842
 175  708
 175  891
 175  760
 175  729
 176  781
 176  523
 176  571
 176  607
 176  615
 177  722
 177  748
 177  626
 177  977
 177  833
 178  903
 178  760
 178  618
 178  559
 178  885
 179  729
 179  910
 179  540
 179  734
 179  945
 180  779
 180  727
 180  569
 180  744
 180  689
 181  770
 181  513
 181  736
 181  521
 181  524
 182  808
 182  762
 182  545
 182  529
 182  609
 183  840
 183  834
 183  609
 183  707
 183  889
 184  659
 184  947
 184  971
 184  798
 184  743
 185  803
 185  708
 185  501
 185  983
 185  750
 186  948
 186  660
 186  994
 186  877
 186  504
 187  660
 187  881
 187  645
 187  809
 187  983
 188  775
 188  552
 188  505
 188  502
 188  556
 189  618
 189  695
 189  821
 189  603
 189  782
 190  915
 190  949
 190  611
 190  606
 190  819
 191  997
 191  813
 191  657
 191  833
 191  775
 192  565
 192  726
 192  667
 192  653
 192  681
 193  567
 193  513
 193  584
 193  692
 193  565
 194  629
 194  662
 194  821
 194  527
 194  511
 195  726
 195  511
 195  531
 195  764
 195  513
 196  637
 196  964
 196  865
 196  581
 196  751
 197  825
 197  622
 197  965
 197  531
 197  675
 198  720
 198  725
 198  612
 198  995
 198  679
 199  727
 199  851
 199  746
 199  944
 199  847
 200  507
 200  763
 200  743
 200  995
 200  736
 201  745
 201  641
 201  617
 201  714
 201  605
 202  941
 202  611
 202  744
 202  780
 202  861
 203  526
 203  604
 203  818
 203  530
 203  662
 204  985
 204  831
 204  901
 204  915
 204  786
 205  949
 205  567
 205  976
 205  680
 205  629
 206  979
 206  735
 206  619
 206  585
 206  969
 207  607
 207  937
 207  964
 207  560
 207  819
 208  998
 208  552
 208  789
 208  920
 208  600
 209  932
 209  881
 209  866
 209  538
 209  584
 210  945
 210  779
 210  903
 210  566
 210  817
 211  757
 211  989
 211  880
 211  926
 211  648
 212  716
 212  730
 212  571
 212  990
 212  906
 213  887
 213  851
 213  865
 213  580
 213  871
 214  537
 214  527
 214  886
 214  917
 214  828
 215  724
 215  634
 215  648
 215  618
 215  914
 216  549
 216  978
 216  796
 216  998
 216  677
 217  869
 217  511
 217  780
 217  788
 217  947
 218  798
 218  658
 218  874
 218  554
 218  881
 219  712
 219  675
 219  893
 219  906
 219  677
 220  507
 220  820
 220  774
 220  842
 220  889
 221  860
 221  799
 221  678
 221  898
 221  571
 222  787
 222  658
 222  692
 222  665
 222  891
 223  975
 223  841
 223  942
 223  689
 223  515
 224  510
 224  889
 224  925
 224  565
 224  568
 225  844
 225  986
 225  851
 225  836
 225  796
 226  993
 226  706
 226  796
 226  616
 226  953
 227  742
 227  697
 227  571
 227  846
 227  572
 228  792
 228  956
 228  860
 228  941
 228  643
 229  881
 229  822
 229  756
 229  577
 229  991
 230  909
 230  846
 230  960
 230  519
 230  670
 231  847
 231  918
 231  818
 231  647
 231  732
 232  598
 232  501
 232  860
 232  587
 232  919
 233  968
 233  809
 233  837
 233  778
 233  987
 234  593
 234  920
 234  638
 234  851
 234  668
 235  910
 235  832
 235  780
 235  720
 235  957
 236  871
 236  817
 236  607
 236  856
 236  579
 237  634
 237  563
 237  767
 237  754
 237  637
 238  678
 238  536
 238  677
 238  683
 238  728
 239  584
 239  722
 239  934
 239  780
 239  520
 240  697
 240  739
 240  771
 240  687
 240  989
 241  590
 241  541
 241  861
 241  840
 241  856
 242  873
 242  802
 242  858
 242  660
 242  877
 243  668
 243  569
 243  827
 243  630
 243  898
 244  679
 244  742
 244  672
 244  678
 244  835
 245  563
 245  552
 245  632
 245 1000
 245  873
 246  504
 246  834
 246  687
 246  727
 246  610
 247  577
 247  625
 247  681
 247  677
 247  790
 248  960
 248  766
 248  575
 248  525
 248  663
 249  547
 249  845
 249  528
 249  508
 249  936
 250  674
 250  849
 250  514
 250  533
 250  740
 251  676
 251  712
 251  521
 251  960
 251  920
 252  775
 252  715
 252  937
 252  857
 252  658
 253  883
 253  987
 253  604
 253  840
 253  970
 254  979
 254  976
 254  610
 254  688
 254  503
 255  796
 255  506
 255  519
 255  964
 255  575
 256  784
 256  858
 256  941
 256  598
 256  803
 257  547
 257  724
 257  667
 257  992
 257  918
 258  927
 258  958
 258  714
 258  758
 258  726
 259  923
 259  614
 259  917
 259  737
 259  969
 260  680
 260  557
 260  547
 260  503
 260  937
 261  506
 261  686
 261  882
 261  855
 261  829
 262  891
 262  934
 262  524
 262  536
 262  748
 263  934
 263  788
 263  854
 263  729
 263  686
 264  830
 264  661
 264  535
 264  790
 264  787
 265  653
 265  917
 265  863
 265  926
 265  796
 266  772
 266  616
 266  589
 266  902
 266  693
 267  830
 267  737
 267  674
 267  556
 267  794
 268  506
 268  843
 268  529
 268  953
 268  682
 269  588
 269  637
 269  662
 269  678
 269  962
 270  639
 270  745
 270  725
 270  778
 270  811
 271  730
 271  550
 271  676
 271  636
 271  779
 272  518
 272  610
 272  644
 272  774
 272  831
 273  650
 273  621
 273  546
 273  528
 273  565
 274  909
 274  638
 274  766
 274  936
 274  880
 275  824
 275  840
 275  783
 275  567
 275  810
 276  853
 276  951
 276  810
 276  602
 276  669
 277  914
 277  868
 277  785
 277  639
 277  521
 278  600
 278  804
 278  791
 278  738
 278  595
 279  607
 279  838
 279  863
 279  998
 279  551
 280  722
 280  884
 280  515
 280  709
 280  967
 281  977
 281  651
 281  710
 281  953
 281  959
 282  849
 282  504
 282  665
 282  745
 282  541
 283  729
 283  947
 283  956
 283  839
 283  864
 284  503
 284  811
 284  759
 284  850
 284  612
 285  771
 285  934
 285  651
 285  974
 285  855
 286  953
 286  645
 286  591
 286  554
 286  703
 287  609
 287  909
 287  648
 287  874
 287  939
 288  797
 288  815
 288  693
 288  728
 288  642
 289  950
 289  859
 289  970
 289  876
 289  607
 290  818
 290  602
 290  572
 290  672
 290  870
 291  694
 291  507
 291  505
 291  651
 291  819
 292  572
 292  585
 292  547
 292  798
 292  562
 293  601
 293  999
 293  984
 293  935
 293  917
 294  726
 294  808
 294  888
 294  927
 294  848
 295  653
 295  783
 295  639
 295  608
 295  956
 296  584
 296  673
 296  919
 296  788
 296  795
 297  690
 297  646
 297  621
 297  987
 297  746
 298  651
 298  723
 298  948
 298  852
 298  753
 299  691
 299  732
 299  583
 299  555
 299  613
 300  699
 300  838
 300  785
 300  747
 300  753
 301  656
 301  912
 301  868
 301  834
 301  503
 302  640
 302  956
 302  911
 302  858
 302  700
 303  648
 303  776
 303  651
 303  578
 303  521
 304  993
 304  559
 304  998
 304  620
 304  594
 305  810
 305  900
 305  764
 305  963
 305  890
 306  580
 306  591
 306  566
 306  936
 306  624
 307  656
 307  843
 307  959
 307  853
 307  969
 308  802
 308  583
 308  841
 308  877
 308  700
 309  898
 309  782
 309  753
 309  862
 309  596
 310  807
 310  831
 310  816
 310  992
 310  845
 311  843
 311  645
 311  933
 311  778
 311  548
 312  933
 312  799
 312  790
 312  688
 312  639
 313  924
 313  916
 313  880
 313  764
 313  672
 314  853
 314  902
 314  689
 314  680
 314  613
 315  771
 315  594
 315  585
 315  663
 315  628
 316  631
 316  991
 316  611
 316  698
 316  813
 317  638
 317  912
 317  987
 317  883
 317  733
 318  960
 318  972
 318  921
 318  735
 318  732
 319  515
 319  691
 319  563
 319  959
 319  893
 320  866
 320  951
 320  923
 320  544
 320  803
 321  785
 321  909
 321  991
 321  810
 321  965
 322  759
 322  849
 322  573
 322  680
 322  586
 323  980
 323  663
 323  540
 323  836
 323  909
 324  824
 324  861
 324  555
 324  932
 324  717
 325  698
 325  624
 325  774
 325  918
 325  743
 326  568
 326  933
 326  697
 326  997
 326  615
 327  711
 327  598
 327  812
 327  863
 327  859
 328  748
 328  793
 328  712
 328  843
 328  757
 329  871
 329  884
 329  625
 329  862
 329  941
 330  921
 330  853
 330  965
 330  976
 330  876
 331  682
 331  884
 331  728
 331  655
 331  613
 332  820
 332  898
 332  809
 332  566
 332  727
 333  575
 333  685
 333  689
 333  789
 333  794
 334  642
 334  654
 334  699
 334  873
 334  882
 335  514
 335  574
 335  529
 335  538
 335  874
 336  525
 336  508
 336  644
 336  715
 336  538
 337  654
 337  697
 337  861
 337  988
 337  735
 338  596
 338  826
 338  921
 338  922
 338  530
 339  761
 339  866
 339  855
 339  996
 339  674
 340  546
 340  592
 340  901
 340  571
 340  890
 341  902
 341  504
 341  845
 341  520
 341  863
 342  789
 342  757
 342  586
 342  698
 342  968
 343  620
 343  999
 343  555
 343  691
 343  574
 344  767
 344  582
 344  597
 344  560
 344  994
 345  693
 345  566
 345  804
 345  927
 345  517
 346  597
 346  649
 346  551
 346  728
 346  958
 347  859
 347  999
 347  811
 347  646
 347  706
 348  937
 348  999
 348  830
 348  628
 348  545
 349  561
 349  763
 349  824
 349  788
 349  776
 350  891
 350  679
 350  710
 350  815
 350  520
 351  627
 351  738
 351  644
 351  973
 351  893
 352  916
 352  514
 352  684
 352  529
 352  826
 353  738
 353  699
 353  535
 353  776
 353  913
 354  602
 354  798
 354  597
 354  615
 354  968
 355  864
 355  632
 355  918
 355  951
 355  926
 356  990
 356  684
 356  545
 356  666
 356  867
 357  641
 357  997
 357  797
 357  858
 357  718
 358  902
 358  782
 358  601
 358  916
 358  877
 359  938
 359  778
 359  990
 359  808
 359  707
 360  722
 360  928
 360  519
 360  955
 360  824
 361  537
 361  594
 361  922
 361  560
 361  993
 362  537
 362  866
 362  862
 362  976
 362 1000
 363  859
 363  644
 363  797
 363  510
 363  792
 364  702
 364  581
 364  895
 364  751
 364  768
 365  977
 365  970
 365  770
 365  549
 365  682
 366  784
 366  685
 366  717
 366  887
 366  672
 367  900
 367  655
 367  791
 367  978
 367  551
 368  965
 368  617
 368  769
 368  931
 368  737
 369  946
 369  905
 369  761
 369  622
 369  620
 370  507
 370  510
 370  770
 370  974
 370  601
 371  788
 371  966
 371  566
 371  706
 371  541
 372  844
 372  733
 372  974
 372  683
 372  893
 373  753
 373  574
 373  751
 373  589
 373  705
 374  608
 374  534
 374  598
 374  669
 374  596
 375  674
 375  870
 375 1000
 375  636
 375  855
 376  929
 376  789
 376  646
 376  886
 376  531
 377  908
 377  832
 377  685
 377  999
 377  517
 378  842
 378  854
 378  620
 378  770
 378  734
 379  705
 379  716
 379  574
 379  823
 379  505
 380  952
 380  951
 380  786
 380  583
 380  715
 381  896
 381  612
 381  717
 381  709
 381  559
 382  755
 382  667
 382  774
 382  922
 382  691
 383  559
 383  899
 383  718
 383  608
 383  871
 384  740
 384  533
 384  518
 384  760
 384  816
 385  872
 385  786
 385  931
 385  613
 385  631
 386  935
 386  759
 386  772
 386  550
 386  743
 387  852
 387  810
 387  844
 387  823
 387  904
 388  586
 388  818
 388  991
 388  596
 388  977
 389  884
 389  916
 389  558
 389  703
 389  676
 390  688
 390  898
 390  899
 390  785
 390  975
 391  863
 391  723
 391  751
 391  635
 391  560
 392  627
 392  936
 392  614
 392  572
 392  872
 393  839
 393  704
 393  942
 393  533
 393  693
 394  845
 394  578
 394  719
 394  584
 394  968
 395  642
 395  532
 395  576
 395  738
 395  671
 396  792
 396  811
 396  972
 396  733
 396  734
 397  792
 397  972
 397  799
 397  540
 397  514
 398  884
 398  731
 398  979
 398  505
 398  582
 399  683
 399  742
 399  541
 399  982
 399  704
 400  589
 400  551
 400  825
 400  913
 400  838
 401  951
 401  508
 401  635
 401  652
 401  823
 402  703
 402  739
 402  512
 402  692
 402  738
 403  624
 403  640
 403  621
 403  716
 403  665
 404  752
 404  814
 404  650
 404  952
 404  745
 405  739
 405  836
 405  711
 405  731
 405  981
 406  741
 406  798
 406  859
 406  573
 406  791
 407  572
 407  631
 407  615
 407  539
 407  649
 408  707
 408  880
 408  752
 408  713
 408  550
 409  844
 409  624
 409  561
 409  597
 409  713
 410  842
 410  988
 410  580
 410  869
 410  997
 411  806
 411  970
 411  506
 411  558
 411  914
 412  908
 412  790
 412  997
 412  952
 412  703
 413  633
 413  811
 413  652
 413  502
 413  509
 414  723
 414  806
 414  862
 414  642
 414  633
 415  665
 415  871
 415  650
 415  758
 415  752
 416  875
 416  869
 416  707
 416  896
 416  867
 417  872
 417  740
 417  955
 417  939
 417  551
 418  655
 418  614
 418  627
 418  659
 418  792
 419  635
 419  784
 419  785
 419  982
 419  938
 420  905
 420  690
 420  768
 420  895
 420  967
 421  982
 421  767
 421  793
 421  694
 421  978
 422  876
 422  626
 422  954
 422  896
 422  963
 423  739
 423  564
 423  996
 423  914
 423  967
 424  525
 424  562
 424  523
 424  804
 424  554
 425  929
 425  806
 425  877
 425  782
 425  895
 426  716
 426  959
 426  928
 426  606
 426  652
 427  822
 427  650
 427  993
 427  578
 427  706
 428  812
 428  755
 428  593
 428  616
 428  633
 429  822
 429  935
 429  977
 429  515
 429  554
 430  996
 430  905
 430  869
 430  838
 430  990
 431  784
 431  935
 431  841
 431  822
 431  673
 432  825
 432  716
 432  666
 432  931
 432  509
 433  521
 433  744
 433  799
 433  812
 433  632
 434  657
 434  994
 434  589
 434  932
 434  711
 435  512
 435  740
 435  537
 435  673
 435  854
 436  544
 436  580
 436  573
 436  527
 436  640
 437  741
 437  804
 437  621
 437  835
 437  899
 438  666
 438  793
 438  508
 438  774
 438  550
 439  778
 439  527
 439  539
 439  996
 439  559
 440  897
 440  907
 440  896
 440  804
 440  719
 441  650
 441  688
 441  555
 441  626
 441  873
 442  669
 442  530
 442  512
 442  548
 442  700
 443  946
 443  599
 443  913
 443  695
 443  518
 444  523
 444  923
 444  624
 444  955
 444  904
 445  912
 445  741
 445  558
 445  570
 445  518
 446  946
 446  777
 446  608
 446  715
 446  557
 447  777
 447  744
 447  838
 447  852
 447  880
 448  931
 448  929
 448  684
 448  588
 448  925
 449  901
 449  876
 449  948
 449  940
 449  963
 450  700
 450  833
 450  614
 450  527
 450  548
 451  523
 451  649
 451  506
 451  912
 451  943
 452  973
 452  631
 452  539
 452  535
 452  666
 453  913
 453  659
 453  625
 453  894
 453  576
 454  582
 454  742
 454  768
 454  923
 454  946
 455  640
 455  886
 455  755
 455  961
 455  828
 456  575
 456  548
 456  534
 456  705
 456  692
 457  731
 457  993
 457  769
 457  996
 457  616
 458  649
 458  741
 458  684
 458  659
 458  636
 459  628
 459  599
 459  952
 459  827
 459  961
 460  562
 460  833
 460  899
 460  588
 460  755
 461  593
 461  525
 461  512
 461  667
 461  814
 462  950
 462  955
 462  901
 462  702
 462  512
 463  938
 463  564
 463  988
 463  973
 463  606
 464  652
 464  896
 464  705
 464  704
 464  829
 465  797
 465  820
 465  669
 465  940
 465  515
 466  757
 466  899
 466  814
 466  961
 466  704
 467  761
 467  695
 467  940
 467  710
 467  875
 468  671
 468  958
 468  755
 468  972
 468  581
 469  502
 469  586
 469  625
 469  988
 469  797
 470  704
 470  761
 470  897
 470  518
 470  711
 471  535
 471  962
 471  606
 471  878
 471  749
 472  608
 472  777
 472  789
 472  741
 472  749
 473  867
 473  731
 473  688
 473  793
 473  561
 474  592
 474  630
 474  775
 474  557
 474  981
 475  925
 475  911
 475  937
 475  731
 475  701
 476  981
 476  723
 476  616
 476  621
 476  626
 477  777
 477  603
 477  975
 477  725
 477  517
 478  626
 478  989
 478  530
 478  980
 478  829
 479  655
 479  878
 479  532
 479  570
 479  961
 480  713
 480  718
 480  701
 480  671
 480  894
 481  957
 481  598
 481  592
 481  536
 481  502
 482  544
 482  702
 482  793
 482  897
 482  827
 483  587
 483  828
 483  825
 483  564
 483  561
 484  666
 484  777
 484  649
 484  690
 484  761
 485  950
 485  564
 485  673
 485  952
 485  825
 486  667
 486  906
 486  950
 486  875
 486  828
 487  829
 487  749
 487  696
 487  867
 487  908
 488  570
 488  564
 488  878
 488  673
 488  950
 489  724
 489  828
 489  981
 489  557
 489  685
 490  502
 490  957
 490  795
 490  588
 490  587
 491  957
 491  587
 491  517
 491  980
 491  827
 492  961
 492  558
 492  592
 492  630
 492  544
 493  561
 493  980
 493  570
 493  974
 493  669
 494  690
 494  532
 494  671
 494  630
 494  795
 495  906
 495  558
 495  908
 495  980
 495  553
 496  690
 496  795
 496  878
 496  940
 496  536
 497  622
 497  749
 497  701
 497  532
 497  657
 498  570
 498  659
 498  553
 498  630
 498  724
 499  553
 499  749
 499  696
 499  795
 499  581
 500  581
 500  553
 500  829
 500  696
 500  522
