 300  300    3000
   1  304
   1  387
   1  439
   1  384
   1  499
   1  537
   1  461
   1  505
   1  375
   1  577
   2  471
   2  447
   2  435
   2  387
   2  539
   2  514
   2  527
   2  566
   2  434
   2  308
   3  392
   3  563
   3  600
   3  441
   3  305
   3  347
   3  406
   3  474
   3  415
   3  426
   4  475
   4  584
   4  532
   4  326
   4  400
   4  430
   4  361
   4  384
   4  436
   4  356
   5  582
   5  463
   5  320
   5  469
   5  450
   5  462
   5  569
   5  482
   5  586
   5  493
   6  444
   6  552
   6  539
   6  540
   6  411
   6  599
   6  344
   6  597
   6  345
   6  576
   7  462
   7  396
   7  440
   7  477
   7  469
   7  521
   7  456
   7  461
   7  526
   7  567
   8  424
   8  417
   8  481
   8  325
   8  533
   8  519
   8  313
   8  439
   8  321
   8  374
   9  421
   9  404
   9  308
   9  456
   9  429
   9  366
   9  454
   9  478
   9  389
   9  473
  10  337
  10  371
  10  345
  10  566
  10  308
  10  530
  10  403
  10  577
  10  479
  10  389
  11  313
  11  363
  11  492
  11  451
  11  548
  11  513
  11  593
  11  459
  11  545
  11  577
  12  465
  12  316
  12  524
  12  413
  12  354
  12  508
  12  483
  12  538
  12  543
  12  551
  13  332
  13  419
  13  557
  13  359
  13  392
  13  389
  13  322
  13  525
  13  459
  13  496
  14  468
  14  360
  14  582
  14  505
  14  594
  14  301
  14  350
  14  524
  14  513
  14  592
  15  387
  15  593
  15  597
  15  500
  15  453
  15  477
  15  337
  15  478
  15  443
  15  510
  16  371
  16  578
  16  406
  16  441
  16  559
  16  525
  16  324
  16  348
  16  325
  16  430
  17  325
  17  351
  17  315
  17  456
  17  350
  17  375
  17  359
  17  529
  17  422
  17  483
  18  463
  18  549
  18  487
  18  523
  18  415
  18  357
  18  502
  18  560
  18  361
  18  436
  19  325
  19  333
  19  334
  19  532
  19  498
  19  524
  19  315
  19  366
  19  576
  19  570
  20  455
  20  322
  20  511
  20  419
  20  348
  20  422
  20  424
  20  399
  20  423
  20  451
  21  516
  21  522
  21  350
  21  366
  21  374
  21  417
  21  497
  21  323
  21  335
  21  351
  22  404
  22  342
  22  419
  22  426
  22  520
  22  310
  22  325
  22  471
  22  472
  22  467
  23  397
  23  424
  23  321
  23  524
  23  352
  23  380
  23  390
  23  534
  23  542
  23  506
  24  418
  24  511
  24  319
  24  343
  24  540
  24  323
  24  434
  24  417
  24  402
  24  407
  25  449
  25  593
  25  530
  25  478
  25  563
  25  367
  25  554
  25  359
  25  533
  25  516
  26  560
  26  340
  26  391
  26  337
  26  600
  26  440
  26  409
  26  453
  26  578
  26  438
  27  390
  27  464
  27  504
  27  413
  27  382
  27  377
  27  323
  27  479
  27  395
  27  315
  28  402
  28  474
  28  599
  28  513
  28  544
  28  340
  28  545
  28  453
  28  507
  28  593
  29  491
  29  326
  29  562
  29  427
  29  329
  29  507
  29  384
  29  438
  29  464
  29  488
  30  328
  30  389
  30  442
  30  590
  30  402
  30  499
  30  570
  30  359
  30  456
  30  553
  31  523
  31  311
  31  501
  31  409
  31  490
  31  361
  31  514
  31  379
  31  442
  31  522
  32  390
  32  421
  32  564
  32  504
  32  482
  32  409
  32  330
  32  327
  32  480
  32  549
  33  417
  33  494
  33  379
  33  509
  33  520
  33  372
  33  571
  33  499
  33  429
  33  446
  34  315
  34  557
  34  323
  34  423
  34  562
  34  341
  34  433
  34  319
  34  577
  34  469
  35  476
  35  578
  35  347
  35  537
  35  486
  35  565
  35  436
  35  469
  35  308
  35  474
  36  470
  36  333
  36  343
  36  437
  36  502
  36  313
  36  576
  36  445
  36  353
  36  451
  37  370
  37  373
  37  330
  37  594
  37  529
  37  310
  37  339
  37  340
  37  460
  37  358
  38  387
  38  466
  38  545
  38  481
  38  599
  38  550
  38  483
  38  580
  38  319
  38  432
  39  331
  39  542
  39  521
  39  519
  39  530
  39  468
  39  581
  39  310
  39  438
  39  353
  40  423
  40  438
  40  503
  40  349
  40  484
  40  490
  40  389
  40  570
  40  304
  40  492
  41  549
  41  531
  41  597
  41  324
  41  440
  41  455
  41  387
  41  402
  41  435
  41  355
  42  534
  42  315
  42  520
  42  373
  42  307
  42  524
  42  327
  42  313
  42  597
  42  378
  43  338
  43  340
  43  410
  43  590
  43  593
  43  525
  43  303
  43  579
  43  468
  43  441
  44  415
  44  373
  44  427
  44  336
  44  318
  44  417
  44  343
  44  498
  44  341
  44  308
  45  392
  45  312
  45  325
  45  441
  45  543
  45  342
  45  504
  45  380
  45  455
  45  450
  46  312
  46  399
  46  432
  46  577
  46  408
  46  307
  46  434
  46  454
  46  592
  46  509
  47  397
  47  485
  47  471
  47  572
  47  383
  47  458
  47  408
  47  448
  47  357
  47  467
  48  599
  48  587
  48  546
  48  413
  48  412
  48  556
  48  492
  48  509
  48  592
  48  451
  49  311
  49  343
  49  553
  49  462
  49  491
  49  359
  49  544
  49  313
  49  477
  49  441
  50  571
  50  386
  50  361
  50  397
  50  339
  50  318
  50  374
  50  597
  50  526
  50  433
  51  378
  51  392
  51  552
  51  582
  51  513
  51  510
  51  495
  51  473
  51  462
  51  485
  52  472
  52  508
  52  546
  52  385
  52  422
  52  412
  52  447
  52  406
  52  514
  52  389
  53  560
  53  548
  53  445
  53  487
  53  558
  53  486
  53  410
  53  423
  53  387
  53  348
  54  434
  54  460
  54  323
  54  339
  54  397
  54  576
  54  559
  54  416
  54  423
  54  357
  55  444
  55  383
  55  522
  55  401
  55  318
  55  552
  55  350
  55  526
  55  385
  55  429
  56  334
  56  489
  56  515
  56  374
  56  371
  56  326
  56  339
  56  596
  56  491
  56  431
  57  315
  57  542
  57  540
  57  591
  57  492
  57  469
  57  337
  57  507
  57  480
  57  454
  58  512
  58  535
  58  305
  58  448
  58  376
  58  444
  58  591
  58  330
  58  405
  58  346
  59  418
  59  424
  59  481
  59  358
  59  591
  59  400
  59  556
  59  377
  59  381
  59  426
  60  450
  60  340
  60  318
  60  374
  60  488
  60  542
  60  575
  60  588
  60  560
  60  478
  61  506
  61  393
  61  557
  61  364
  61  311
  61  466
  61  411
  61  536
  61  402
  61  344
  62  566
  62  365
  62  531
  62  441
  62  400
  62  583
  62  368
  62  543
  62  496
  62  409
  63  480
  63  315
  63  371
  63  430
  63  510
  63  499
  63  559
  63  520
  63  593
  63  519
  64  337
  64  410
  64  362
  64  481
  64  391
  64  430
  64  412
  64  494
  64  581
  64  585
  65  573
  65  328
  65  436
  65  460
  65  348
  65  487
  65  483
  65  532
  65  514
  65  457
  66  317
  66  306
  66  422
  66  369
  66  352
  66  333
  66  401
  66  479
  66  530
  66  446
  67  376
  67  423
  67  322
  67  337
  67  542
  67  301
  67  351
  67  372
  67  340
  67  400
  68  520
  68  600
  68  371
  68  503
  68  368
  68  349
  68  435
  68  479
  68  315
  68  506
  69  500
  69  599
  69  478
  69  479
  69  408
  69  382
  69  573
  69  416
  69  548
  69  384
  70  403
  70  353
  70  355
  70  494
  70  505
  70  334
  70  314
  70  326
  70  387
  70  305
  71  328
  71  456
  71  411
  71  559
  71  581
  71  433
  71  507
  71  594
  71  478
  71  490
  72  445
  72  568
  72  526
  72  600
  72  431
  72  511
  72  319
  72  479
  72  584
  72  406
  73  353
  73  367
  73  326
  73  450
  73  365
  73  549
  73  581
  73  315
  73  550
  73  352
  74  497
  74  573
  74  398
  74  546
  74  407
  74  545
  74  585
  74  466
  74  409
  74  433
  75  518
  75  543
  75  426
  75  555
  75  563
  75  527
  75  303
  75  445
  75  392
  75  490
  76  594
  76  565
  76  414
  76  460
  76  490
  76  449
  76  423
  76  470
  76  302
  76  398
  77  527
  77  338
  77  410
  77  581
  77  346
  77  598
  77  318
  77  496
  77  421
  77  408
  78  409
  78  480
  78  332
  78  348
  78  326
  78  408
  78  422
  78  496
  78  532
  78  490
  79  558
  79  426
  79  434
  79  520
  79  488
  79  474
  79  404
  79  463
  79  543
  79  370
  80  471
  80  453
  80  454
  80  582
  80  472
  80  458
  80  473
  80  596
  80  331
  80  499
  81  378
  81  564
  81  585
  81  599
  81  373
  81  343
  81  546
  81  505
  81  460
  81  597
  82  581
  82  520
  82  586
  82  527
  82  418
  82  382
  82  316
  82  567
  82  584
  82  528
  83  556
  83  566
  83  371
  83  329
  83  487
  83  362
  83  485
  83  395
  83  563
  83  480
  84  445
  84  578
  84  452
  84  558
  84  340
  84  348
  84  487
  84  471
  84  526
  84  301
  85  510
  85  561
  85  523
  85  522
  85  315
  85  346
  85  482
  85  412
  85  384
  85  500
  86  416
  86  370
  86  575
  86  556
  86  515
  86  499
  86  517
  86  497
  86  446
  86  470
  87  600
  87  599
  87  484
  87  434
  87  557
  87  308
  87  370
  87  423
  87  379
  87  489
  88  445
  88  358
  88  527
  88  345
  88  448
  88  468
  88  514
  88  464
  88  323
  88  473
  89  443
  89  499
  89  384
  89  561
  89  415
  89  584
  89  426
  89  361
  89  440
  89  583
  90  333
  90  417
  90  554
  90  460
  90  516
  90  472
  90  589
  90  520
  90  483
  90  394
  91  458
  91  492
  91  356
  91  572
  91  375
  91  344
  91  401
  91  403
  91  512
  91  500
  92  467
  92  379
  92  335
  92  594
  92  530
  92  599
  92  371
  92  308
  92  453
  92  544
  93  390
  93  400
  93  385
  93  568
  93  407
  93  465
  93  547
  93  304
  93  578
  93  345
  94  371
  94  494
  94  381
  94  330
  94  455
  94  326
  94  535
  94  444
  94  312
  94  367
  95  324
  95  467
  95  533
  95  421
  95  319
  95  569
  95  339
  95  525
  95  535
  95  479
  96  335
  96  324
  96  520
  96  379
  96  418
  96  467
  96  437
  96  343
  96  386
  96  368
  97  342
  97  378
  97  402
  97  532
  97  306
  97  442
  97  592
  97  350
  97  369
  97  325
  98  415
  98  458
  98  541
  98  481
  98  577
  98  464
  98  319
  98  405
  98  362
  98  589
  99  591
  99  488
  99  538
  99  520
  99  484
  99  348
  99  425
  99  477
  99  501
  99  437
 100  420
 100  413
 100  530
 100  351
 100  378
 100  597
 100  403
 100  582
 100  576
 100  593
 101  399
 101  403
 101  337
 101  415
 101  374
 101  561
 101  473
 101  454
 101  333
 101  492
 102  528
 102  382
 102  493
 102  343
 102  436
 102  438
 102  363
 102  394
 102  518
 102  552
 103  479
 103  307
 103  472
 103  544
 103  317
 103  481
 103  351
 103  550
 103  534
 103  301
 104  551
 104  473
 104  326
 104  423
 104  493
 104  466
 104  449
 104  424
 104  445
 104  543
 105  359
 105  530
 105  526
 105  342
 105  334
 105  562
 105  337
 105  514
 105  390
 105  422
 106  410
 106  573
 106  347
 106  551
 106  533
 106  345
 106  357
 106  356
 106  429
 106  525
 107  390
 107  468
 107  388
 107  529
 107  518
 107  308
 107  368
 107  530
 107  355
 107  489
 108  417
 108  338
 108  363
 108  370
 108  549
 108  474
 108  567
 108  441
 108  471
 108  436
 109  309
 109  308
 109  581
 109  325
 109  538
 109  594
 109  482
 109  468
 109  509
 109  438
 110  363
 110  434
 110  480
 110  417
 110  309
 110  449
 110  400
 110  471
 110  431
 110  563
 111  305
 111  313
 111  544
 111  378
 111  360
 111  412
 111  308
 111  528
 111  384
 111  547
 112  419
 112  408
 112  418
 112  593
 112  388
 112  563
 112  371
 112  426
 112  423
 112  552
 113  578
 113  503
 113  428
 113  418
 113  586
 113  412
 113  451
 113  320
 113  415
 113  483
 114  559
 114  439
 114  408
 114  377
 114  580
 114  348
 114  563
 114  484
 114  529
 114  458
 115  446
 115  304
 115  526
 115  394
 115  541
 115  431
 115  374
 115  579
 115  502
 115  416
 116  343
 116  473
 116  413
 116  595
 116  579
 116  328
 116  372
 116  462
 116  591
 116  323
 117  393
 117  376
 117  589
 117  529
 117  312
 117  442
 117  319
 117  545
 117  552
 117  595
 118  525
 118  350
 118  318
 118  505
 118  387
 118  407
 118  504
 118  453
 118  414
 118  447
 119  456
 119  397
 119  334
 119  333
 119  391
 119  364
 119  388
 119  467
 119  481
 119  387
 120  304
 120  365
 120  499
 120  428
 120  406
 120  440
 120  540
 120  381
 120  367
 120  448
 121  371
 121  441
 121  316
 121  425
 121  561
 121  408
 121  592
 121  341
 121  431
 121  438
 122  303
 122  438
 122  595
 122  374
 122  569
 122  565
 122  402
 122  481
 122  414
 122  386
 123  424
 123  486
 123  447
 123  542
 123  536
 123  491
 123  495
 123  496
 123  357
 123  471
 124  469
 124  399
 124  511
 124  454
 124  451
 124  328
 124  597
 124  524
 124  375
 124  458
 125  411
 125  561
 125  378
 125  368
 125  492
 125  510
 125  525
 125  497
 125  486
 125  307
 126  345
 126  302
 126  527
 126  443
 126  326
 126  447
 126  331
 126  501
 126  469
 126  445
 127  543
 127  455
 127  358
 127  368
 127  413
 127  517
 127  505
 127  406
 127  558
 127  576
 128  425
 128  381
 128  590
 128  361
 128  484
 128  504
 128  321
 128  362
 128  512
 128  509
 129  332
 129  550
 129  440
 129  574
 129  359
 129  500
 129  504
 129  323
 129  532
 129  447
 130  398
 130  354
 130  457
 130  513
 130  340
 130  544
 130  376
 130  305
 130  567
 130  468
 131  472
 131  532
 131  418
 131  422
 131  462
 131  317
 131  451
 131  555
 131  430
 131  346
 132  472
 132  330
 132  461
 132  566
 132  331
 132  360
 132  437
 132  503
 132  596
 132  547
 133  532
 133  322
 133  445
 133  339
 133  554
 133  515
 133  437
 133  553
 133  459
 133  599
 134  339
 134  494
 134  454
 134  433
 134  560
 134  458
 134  449
 134  348
 134  533
 134  354
 135  481
 135  506
 135  408
 135  319
 135  407
 135  337
 135  529
 135  358
 135  352
 135  562
 136  433
 136  405
 136  499
 136  470
 136  376
 136  320
 136  484
 136  562
 136  347
 136  370
 137  554
 137  323
 137  346
 137  336
 137  324
 137  555
 137  432
 137  349
 137  531
 137  446
 138  429
 138  536
 138  565
 138  437
 138  306
 138  492
 138  554
 138  378
 138  352
 138  553
 139  339
 139  452
 139  577
 139  406
 139  471
 139  344
 139  594
 139  417
 139  426
 139  411
 140  415
 140  450
 140  513
 140  573
 140  438
 140  383
 140  579
 140  379
 140  428
 140  597
 141  441
 141  338
 141  376
 141  432
 141  388
 141  537
 141  587
 141  339
 141  366
 141  443
 142  411
 142  522
 142  332
 142  473
 142  541
 142  559
 142  302
 142  397
 142  464
 142  551
 143  441
 143  385
 143  443
 143  552
 143  318
 143  559
 143  343
 143  519
 143  507
 143  493
 144  436
 144  450
 144  386
 144  476
 144  491
 144  509
 144  513
 144  448
 144  573
 144  334
 145  545
 145  483
 145  586
 145  487
 145  496
 145  538
 145  457
 145  570
 145  432
 145  442
 146  583
 146  551
 146  408
 146  345
 146  556
 146  303
 146  548
 146  593
 146  451
 146  323
 147  316
 147  533
 147  318
 147  360
 147  472
 147  528
 147  455
 147  481
 147  595
 147  553
 148  309
 148  456
 148  382
 148  452
 148  591
 148  440
 148  380
 148  374
 148  494
 148  409
 149  508
 149  550
 149  475
 149  330
 149  515
 149  480
 149  572
 149  414
 149  544
 149  495
 150  312
 150  548
 150  594
 150  534
 150  491
 150  410
 150  444
 150  564
 150  381
 150  339
 151  483
 151  531
 151  341
 151  541
 151  456
 151  571
 151  548
 151  570
 151  422
 151  539
 152  504
 152  400
 152  590
 152  530
 152  409
 152  495
 152  457
 152  474
 152  491
 152  572
 153  386
 153  394
 153  336
 153  469
 153  532
 153  458
 153  357
 153  562
 153  443
 153  424
 154  565
 154  466
 154  529
 154  599
 154  541
 154  363
 154  486
 154  537
 154  587
 154  506
 155  563
 155  394
 155  559
 155  500
 155  461
 155  596
 155  558
 155  346
 155  575
 155  448
 156  515
 156  456
 156  337
 156  571
 156  519
 156  484
 156  464
 156  352
 156  535
 156  399
 157  400
 157  341
 157  503
 157  579
 157  583
 157  445
 157  556
 157  473
 157  401
 157  330
 158  475
 158  588
 158  399
 158  461
 158  302
 158  470
 158  582
 158  478
 158  515
 158  390
 159  380
 159  476
 159  388
 159  390
 159  512
 159  376
 159  456
 159  432
 159  552
 159  348
 160  356
 160  462
 160  568
 160  544
 160  301
 160  533
 160  567
 160  316
 160  498
 160  554
 161  467
 161  345
 161  568
 161  326
 161  518
 161  460
 161  595
 161  486
 161  576
 161  482
 162  378
 162  472
 162  422
 162  362
 162  482
 162  534
 162  584
 162  525
 162  359
 162  594
 163  514
 163  522
 163  392
 163  480
 163  411
 163  549
 163  414
 163  418
 163  509
 163  413
 164  556
 164  437
 164  329
 164  322
 164  583
 164  413
 164  560
 164  330
 164  573
 164  540
 165  307
 165  463
 165  356
 165  389
 165  383
 165  355
 165  504
 165  458
 165  491
 165  482
 166  584
 166  407
 166  376
 166  548
 166  336
 166  578
 166  430
 166  309
 166  310
 166  469
 167  474
 167  464
 167  466
 167  360
 167  596
 167  447
 167  388
 167  420
 167  590
 167  362
 168  466
 168  434
 168  474
 168  386
 168  527
 168  377
 168  335
 168  572
 168  587
 168  479
 169  400
 169  501
 169  402
 169  425
 169  575
 169  557
 169  468
 169  515
 169  476
 169  588
 170  592
 170  404
 170  388
 170  459
 170  517
 170  567
 170  573
 170  433
 170  354
 170  464
 171  391
 171  548
 171  301
 171  471
 171  555
 171  522
 171  313
 171  437
 171  334
 171  390
 172  518
 172  470
 172  472
 172  319
 172  452
 172  312
 172  399
 172  503
 172  334
 172  394
 173  549
 173  499
 173  560
 173  434
 173  462
 173  540
 173  594
 173  380
 173  340
 173  390
 174  560
 174  523
 174  411
 174  306
 174  595
 174  529
 174  402
 174  597
 174  495
 174  562
 175  309
 175  417
 175  490
 175  596
 175  470
 175  486
 175  566
 175  489
 175  372
 175  301
 176  551
 176  486
 176  587
 176  425
 176  453
 176  395
 176  577
 176  526
 176  319
 176  556
 177  556
 177  381
 177  466
 177  347
 177  447
 177  376
 177  373
 177  392
 177  493
 177  301
 178  476
 178  488
 178  374
 178  345
 178  477
 178  563
 178  318
 178  350
 178  303
 178  502
 179  416
 179  461
 179  325
 179  569
 179  462
 179  538
 179  568
 179  389
 179  583
 179  428
 180  556
 180  304
 180  352
 180  340
 180  447
 180  522
 180  478
 180  331
 180  349
 180  393
 181  450
 181  570
 181  362
 181  329
 181  484
 181  500
 181  387
 181  403
 181  589
 181  460
 182  316
 182  329
 182  355
 182  460
 182  561
 182  404
 182  492
 182  522
 182  546
 182  550
 183  490
 183  364
 183  303
 183  329
 183  426
 183  592
 183  335
 183  528
 183  427
 183  449
 184  301
 184  498
 184  457
 184  584
 184  474
 184  414
 184  530
 184  429
 184  409
 184  306
 185  459
 185  313
 185  396
 185  570
 185  502
 185  553
 185  336
 185  405
 185  407
 185  461
 186  455
 186  563
 186  357
 186  352
 186  411
 186  509
 186  533
 186  572
 186  468
 186  391
 187  468
 187  343
 187  354
 187  302
 187  380
 187  522
 187  372
 187  328
 187  386
 187  443
 188  451
 188  407
 188  482
 188  484
 188  577
 188  504
 188  529
 188  345
 188  370
 188  318
 189  578
 189  492
 189  547
 189  373
 189  420
 189  409
 189  473
 189  529
 189  567
 189  574
 190  592
 190  351
 190  331
 190  524
 190  336
 190  513
 190  484
 190  437
 190  551
 190  497
 191  571
 191  392
 191  547
 191  426
 191  537
 191  405
 191  342
 191  335
 191  370
 191  428
 192  574
 192  571
 192  356
 192  494
 192  588
 192  342
 192  491
 192  303
 192  400
 192  366
 193  542
 193  554
 193  303
 193  567
 193  559
 193  369
 193  433
 193  545
 193  451
 193  515
 194  349
 194  485
 194  486
 194  364
 194  447
 194  543
 194  544
 194  585
 194  579
 194  311
 195  367
 195  515
 195  576
 195  528
 195  553
 195  495
 195  586
 195  427
 195  435
 195  365
 196  552
 196  485
 196  443
 196  418
 196  350
 196  398
 196  576
 196  479
 196  413
 196  312
 197  540
 197  375
 197  494
 197  310
 197  581
 197  598
 197  421
 197  550
 197  513
 197  437
 198  347
 198  489
 198  334
 198  555
 198  570
 198  427
 198  573
 198  533
 198  420
 198  565
 199  482
 199  465
 199  355
 199  490
 199  377
 199  489
 199  461
 199  363
 199  498
 199  565
 200  497
 200  335
 200  534
 200  435
 200  572
 200  500
 200  317
 200  346
 200  506
 200  469
 201  328
 201  582
 201  370
 201  434
 201  439
 201  369
 201  420
 201  519
 201  310
 201  482
 202  591
 202  356
 202  491
 202  379
 202  524
 202  320
 202  443
 202  425
 202  306
 202  541
 203  452
 203  510
 203  487
 203  502
 203  388
 203  421
 203  317
 203  506
 203  398
 203  562
 204  424
 204  549
 204  416
 204  526
 204  509
 204  577
 204  312
 204  407
 204  449
 204  538
 205  380
 205  596
 205  480
 205  424
 205  369
 205  518
 205  362
 205  495
 205  562
 205  558
 206  588
 206  332
 206  383
 206  521
 206  389
 206  595
 206  312
 206  439
 206  593
 206  524
 207  527
 207  311
 207  538
 207  595
 207  540
 207  528
 207  512
 207  355
 207  490
 207  399
 208  558
 208  391
 208  411
 208  516
 208  306
 208  486
 208  584
 208  562
 208  325
 208  399
 209  416
 209  394
 209  546
 209  554
 209  501
 209  600
 209  353
 209  431
 209  495
 209  395
 210  467
 210  453
 210  327
 210  306
 210  561
 210  312
 210  324
 210  590
 210  464
 210  311
 211  440
 211  568
 211  589
 211  461
 211  565
 211  335
 211  538
 211  514
 211  310
 211  463
 212  450
 212  515
 212  367
 212  304
 212  507
 212  334
 212  600
 212  410
 212  381
 212  329
 213  429
 213  440
 213  539
 213  500
 213  475
 213  303
 213  559
 213  353
 213  433
 213  507
 214  338
 214  581
 214  435
 214  307
 214  512
 214  463
 214  429
 214  501
 214  444
 214  359
 215  545
 215  435
 215  401
 215  330
 215  511
 215  431
 215  344
 215  510
 215  427
 215  583
 216  389
 216  504
 216  349
 216  476
 216  347
 216  301
 216  380
 216  328
 216  509
 216  346
 217  446
 217  354
 217  536
 217  378
 217  303
 217  353
 217  403
 217  513
 217  346
 217  526
 218  407
 218  579
 218  381
 218  306
 218  354
 218  571
 218  565
 218  600
 218  328
 218  464
 219  462
 219  354
 219  540
 219  557
 219  489
 219  457
 219  587
 219  430
 219  554
 219  565
 220  394
 220  561
 220  489
 220  512
 220  536
 220  430
 220  344
 220  412
 220  567
 220  310
 221  457
 221  590
 221  418
 221  362
 221  428
 221  367
 221  576
 221  397
 221  347
 221  393
 222  309
 222  328
 222  450
 222  480
 222  377
 222  568
 222  564
 222  317
 222  352
 222  553
 223  564
 223  466
 223  431
 223  448
 223  590
 223  333
 223  403
 223  511
 223  356
 223  363
 224  503
 224  429
 224  575
 224  517
 224  382
 224  573
 224  311
 224  310
 224  454
 224  399
 225  449
 225  361
 225  375
 225  430
 225  572
 225  475
 225  510
 225  330
 225  500
 225  424
 226  458
 226  588
 226  571
 226  446
 226  398
 226  406
 226  478
 226  531
 226  354
 226  539
 227  431
 227  542
 227  502
 227  381
 227  314
 227  413
 227  457
 227  588
 227  322
 227  401
 228  532
 228  540
 228  392
 228  539
 228  385
 228  439
 228  443
 228  533
 228  528
 228  388
 229  553
 229  356
 229  363
 229  416
 229  351
 229  329
 229  498
 229  324
 229  317
 229  569
 230  592
 230  332
 230  553
 230  459
 230  433
 230  583
 230  570
 230  358
 230  428
 230  436
 231  305
 231  564
 231  569
 231  557
 231  373
 231  306
 231  467
 231  379
 231  503
 231  478
 232  360
 232  470
 232  428
 232  329
 232  331
 232  460
 232  517
 232  498
 232  502
 232  543
 233  485
 233  329
 233  495
 233  427
 233  341
 233  435
 233  332
 233  543
 233  357
 233  429
 234  317
 234  427
 234  459
 234  349
 234  539
 234  494
 234  574
 234  352
 234  551
 234  377
 235  316
 235  457
 235  519
 235  498
 235  391
 235  578
 235  410
 235  304
 235  525
 235  583
 236  542
 236  595
 236  327
 236  401
 236  336
 236  596
 236  584
 236  518
 236  427
 236  568
 237  572
 237  324
 237  363
 237  506
 237  550
 237  552
 237  442
 237  444
 237  344
 237  466
 238  542
 238  591
 238  461
 238  551
 238  398
 238  309
 238  439
 238  304
 238  571
 238  539
 239  332
 239  453
 239  564
 239  381
 239  507
 239  467
 239  425
 239  489
 239  320
 239  525
 240  457
 240  401
 240  537
 240  442
 240  322
 240  575
 240  531
 240  569
 240  314
 240  512
 241  361
 241  346
 241  555
 241  459
 241  332
 241  560
 241  505
 241  364
 241  584
 241  369
 242  590
 242  465
 242  547
 242  406
 242  581
 242  316
 242  379
 242  568
 242  459
 242  414
 243  432
 243  544
 243  583
 243  523
 243  566
 243  488
 243  591
 243  476
 243  376
 243  324
 244  427
 244  476
 244  560
 244  307
 244  370
 244  358
 244  521
 244  531
 244  357
 244  431
 245  316
 245  338
 245  309
 245  494
 245  379
 245  574
 245  506
 245  474
 245  302
 245  557
 246  511
 246  516
 246  545
 246  327
 246  344
 246  317
 246  342
 246  557
 246  416
 246  531
 247  527
 247  440
 247  566
 247  416
 247  412
 247  453
 247  392
 247  316
 247  421
 247  309
 248  537
 248  355
 248  528
 248  430
 248  436
 248  302
 248  572
 248  349
 248  567
 248  477
 249  505
 249  365
 249  369
 249  435
 249  446
 249  545
 249  575
 249  342
 249  463
 249  391
 250  333
 250  425
 250  324
 250  446
 250  322
 250  575
 250  502
 250  527
 250  331
 250  420
 251  397
 251  302
 251  506
 251  537
 251  388
 251  575
 251  570
 251  496
 251  523
 251  574
 252  588
 252  569
 252  349
 252  575
 252  589
 252  536
 252  302
 252  497
 252  546
 252  496
 253  322
 253  571
 253  512
 253  327
 253  524
 253  397
 253  521
 253  449
 253  476
 253  549
 254  587
 254  465
 254  349
 254  496
 254  341
 254  503
 254  463
 254  425
 254  579
 254  502
 255  465
 255  590
 255  320
 255  442
 255  419
 255  587
 255  549
 255  470
 255  569
 255  336
 256  511
 256  465
 256  373
 256  534
 256  380
 256  358
 256  309
 256  568
 256  383
 256  497
 257  579
 257  561
 257  373
 257  385
 257  446
 257  501
 257  521
 257  347
 257  452
 257  335
 258  548
 258  585
 258  475
 258  369
 258  503
 258  505
 258  338
 258  485
 258  375
 258  528
 259  367
 259  305
 259  535
 259  313
 259  534
 259  442
 259  333
 259  541
 259  477
 259  566
 260  463
 260  574
 260  587
 260  538
 260  501
 260  313
 260  595
 260  367
 260  579
 260  551
 261  448
 261  404
 261  477
 261  541
 261  485
 261  496
 261  483
 261  377
 261  321
 261  419
 262  395
 262  465
 262  428
 262  363
 262  483
 262  380
 262  425
 262  338
 262  485
 262  359
 263  351
 263  307
 263  436
 263  365
 263  350
 263  369
 263  397
 263  364
 263  321
 263  554
 264  421
 264  587
 264  505
 264  394
 264  585
 264  537
 264  396
 264  548
 264  497
 264  393
 265  356
 265  439
 265  410
 265  310
 265  347
 265  470
 265  391
 265  497
 265  375
 265  406
 266  386
 266  539
 266  391
 266  383
 266  333
 266  488
 266  477
 266  550
 266  354
 266  393
 267  377
 267  585
 267  438
 267  439
 267  512
 267  588
 267  465
 267  385
 267  401
 267  514
 268  538
 268  396
 268  516
 268  364
 268  511
 268  432
 268  454
 268  420
 268  537
 268  508
 269  344
 269  307
 269  585
 269  336
 269  535
 269  338
 269  331
 269  358
 269  360
 269  420
 270  535
 270  452
 270  514
 270  501
 270  304
 270  598
 270  395
 270  444
 270  585
 270  314
 271  546
 271  448
 271  307
 271  435
 271  362
 271  369
 271  547
 271  377
 271  463
 271  350
 272  455
 272  521
 272  357
 272  365
 272  421
 272  580
 272  557
 272  550
 272  578
 272  385
 273  598
 273  531
 273  327
 273  493
 273  455
 273  518
 273  555
 273  489
 273  588
 273  592
 274  327
 274  396
 274  385
 274  361
 274  365
 274  546
 274  367
 274  394
 274  600
 274  574
 275  498
 275  516
 275  508
 275  342
 275  475
 275  531
 275  454
 275  412
 275  518
 275  534
 276  398
 276  493
 276  403
 276  366
 276  589
 276  521
 276  501
 276  586
 276  428
 276  518
 277  353
 277  368
 277  444
 277  523
 277  517
 277  383
 277  475
 277  465
 277  541
 277  342
 278  415
 278  519
 278  432
 278  338
 278  393
 278  564
 278  368
 278  382
 278  580
 278  574
 279  442
 279  364
 279  375
 279  564
 279  580
 279  311
 279  488
 279  495
 279  459
 279  452
 280  534
 280  455
 280  344
 280  477
 280  488
 280  351
 280  541
 280  410
 280  420
 280  322
 281  517
 281  591
 281  432
 281  521
 281  332
 281  365
 281  366
 281  385
 281  507
 281  444
 282  395
 282  555
 282  596
 282  547
 282  327
 282  302
 282  358
 282  351
 282  574
 282  383
 283  508
 283  585
 283  327
 283  452
 283  558
 283  403
 283  384
 283  382
 283  487
 283  519
 284  439
 284  404
 284  487
 284  331
 284  335
 284  596
 284  598
 284  372
 284  383
 284  317
 285  372
 285  564
 285  516
 285  566
 285  321
 285  519
 285  582
 285  449
 285  366
 285  558
 286  355
 286  547
 286  320
 286  475
 286  405
 286  517
 286  582
 286  561
 286  401
 286  488
 287  487
 287  321
 287  516
 287  485
 287  475
 287  582
 287  373
 287  382
 287  311
 287  386
 288  384
 288  493
 288  498
 288  393
 288  364
 288  396
 288  320
 288  523
 288  405
 288  511
 289  393
 289  420
 289  361
 289  598
 289  589
 289  384
 289  396
 289  523
 289  517
 289  507
 290  368
 290  320
 290  405
 290  414
 290  493
 290  555
 290  372
 290  536
 290  375
 290  366
 291  586
 291  569
 291  366
 291  555
 291  360
 291  415
 291  321
 291  314
 291  404
 291  305
 292  421
 292  589
 292  314
 292  382
 292  311
 292  341
 292  448
 292  393
 292  539
 292  412
 293  321
 293  419
 293  341
 293  405
 293  535
 293  365
 293  360
 293  523
 293  598
 293  314
 294  516
 294  314
 294  355
 294  546
 294  586
 294  517
 294  341
 294  321
 294  580
 294  589
 295  353
 295  395
 295  580
 295  364
 295  452
 295  398
 295  419
 295  535
 295  493
 295  586
 296  414
 296  419
 296  305
 296  404
 296  396
 296  372
 296  398
 296  314
 296  580
 296  508
 297  414
 297  360
 297  396
 297  598
 297  353
 297  405
 297  508
 297  536
 297  404
 297  314
 298  368
 298  521
 298  419
 298  305
 298  535
 298  510
 298  598
 298  536
 298  600
 298  586
 299  508
 299  547
 299  396
 299  510
 299  580
 299  598
 299  536
 299  386
 299  395
 299  320
 300  372
 300  558
 300  508
 300  395
 300  580
 300  450
 300  422
 300  476
 300  402
 300  336
