 250  250    1250
   1  263
   1  413
   1  480
   1  485
   1  471
   2  499
   2  453
   2  452
   2  408
   2  422
   3  314
   3  385
   3  252
   3  301
   3  447
   4  458
   4  333
   4  342
   4  421
   4  336
   5  403
   5  388
   5  418
   5  459
   5  366
   6  424
   6  431
   6  397
   6  469
   6  483
   7  308
   7  266
   7  424
   7  389
   7  296
   8  410
   8  339
   8  299
   8  266
   8  352
   9  344
   9  456
   9  252
   9  302
   9  468
  10  396
  10  446
  10  409
  10  335
  10  359
  11  294
  11  449
  11  439
  11  427
  11  416
  12  365
  12  321
  12  341
  12  497
  12  318
  13  287
  13  274
  13  275
  13  357
  13  398
  14  273
  14  346
  14  359
  14  305
  14  383
  15  282
  15  361
  15  427
  15  277
  15  284
  16  352
  16  314
  16  403
  16  344
  16  346
  17  353
  17  317
  17  454
  17  390
  17  482
  18  276
  18  280
  18  299
  18  362
  18  479
  19  446
  19  316
  19  471
  19  337
  19  412
  20  315
  20  311
  20  452
  20  286
  20  482
  21  395
  21  277
  21  397
  21  448
  21  445
  22  302
  22  337
  22  416
  22  474
  22  387
  23  346
  23  270
  23  308
  23  321
  23  274
  24  367
  24  340
  24  259
  24  447
  24  345
  25  338
  25  407
  25  406
  25  429
  25  460
  26  367
  26  415
  26  433
  26  399
  26  263
  27  315
  27  355
  27  416
  27  262
  27  274
  28  472
  28  451
  28  327
  28  488
  28  318
  29  271
  29  310
  29  465
  29  338
  29  409
  30  391
  30  481
  30  283
  30  414
  30  362
  31  288
  31  284
  31  404
  31  253
  31  345
  32  328
  32  337
  32  289
  32  409
  32  375
  33  485
  33  324
  33  449
  33  327
  33  460
  34  375
  34  393
  34  316
  34  351
  34  417
  35  454
  35  276
  35  287
  35  280
  35  489
  36  354
  36  438
  36  256
  36  293
  36  269
  37  359
  37  350
  37  498
  37  484
  37  428
  38  343
  38  324
  38  489
  38  392
  38  400
  39  368
  39  346
  39  410
  39  326
  39  370
  40  343
  40  393
  40  414
  40  398
  40  495
  41  251
  41  384
  41  315
  41  432
  41  461
  42  384
  42  489
  42  354
  42  440
  42  494
  43  294
  43  359
  43  280
  43  406
  43  311
  44  390
  44  279
  44  464
  44  399
  44  477
  45  392
  45  464
  45  380
  45  344
  45  311
  46  404
  46  259
  46  411
  46  420
  46  382
  47  368
  47  348
  47  264
  47  436
  47  283
  48  438
  48  307
  48  385
  48  457
  48  352
  49  301
  49  281
  49  265
  49  475
  49  348
  50  493
  50  357
  50  308
  50  289
  50  442
  51  448
  51  276
  51  261
  51  486
  51  251
  52  292
  52  399
  52  478
  52  258
  52  299
  53  324
  53  309
  53  340
  53  450
  53  282
  54  323
  54  399
  54  309
  54  263
  54  268
  55  268
  55  422
  55  480
  55  292
  55  462
  56  481
  56  265
  56  339
  56  392
  56  277
  57  465
  57  308
  57  353
  57  288
  57  421
  58  263
  58  480
  58  411
  58  296
  58  331
  59  302
  59  422
  59  282
  59  479
  59  468
  60  254
  60  401
  60  262
  60  492
  60  295
  61  279
  61  372
  61  342
  61  311
  61  322
  62  481
  62  392
  62  432
  62  255
  62  387
  63  376
  63  356
  63  449
  63  303
  63  471
  64  407
  64  289
  64  412
  64  400
  64  363
  65  300
  65  442
  65  499
  65  328
  65  404
  66  324
  66  291
  66  431
  66  413
  66  260
  67  458
  67  259
  67  378
  67  277
  67  482
  68  367
  68  454
  68  498
  68  281
  68  288
  69  371
  69  382
  69  438
  69  475
  69  301
  70  254
  70  321
  70  367
  70  490
  70  324
  71  344
  71  312
  71  298
  71  423
  71  419
  72  257
  72  471
  72  274
  72  327
  72  430
  73  335
  73  403
  73  292
  73  410
  73  375
  74  369
  74  294
  74  319
  74  489
  74  279
  75  369
  75  461
  75  300
  75  401
  75  348
  76  350
  76  416
  76  449
  76  443
  76  358
  77  428
  77  308
  77  413
  77  379
  77  287
  78  436
  78  390
  78  496
  78  404
  78  337
  79  359
  79  443
  79  492
  79  438
  79  446
  80  368
  80  291
  80  326
  80  302
  80  365
  81  316
  81  445
  81  459
  81  284
  81  403
  82  256
  82  252
  82  443
  82  290
  82  392
  83  284
  83  462
  83  478
  83  369
  83  300
  84  321
  84  442
  84  376
  84  256
  84  423
  85  368
  85  397
  85  266
  85  320
  85  410
  86  404
  86  476
  86  441
  86  453
  86  289
  87  495
  87  409
  87  385
  87  354
  87  323
  88  428
  88  267
  88  411
  88  413
  88  266
  89  379
  89  387
  89  491
  89  401
  89  455
  90  333
  90  485
  90  466
  90  478
  90  304
  91  298
  91  417
  91  430
  91  408
  91  253
  92  251
  92  381
  92  269
  92  388
  92  259
  93  342
  93  500
  93  330
  93  427
  93  348
  94  364
  94  411
  94  450
  94  426
  94  462
  95  279
  95  449
  95  318
  95  347
  95  418
  96  485
  96  266
  96  440
  96  400
  96  295
  97  293
  97  462
  97  299
  97  408
  97  309
  98  415
  98  488
  98  435
  98  452
  98  325
  99  478
  99  382
  99  412
  99  383
  99  417
 100  263
 100  301
 100  389
 100  339
 100  383
 101  465
 101  368
 101  362
 101  265
 101  464
 102  433
 102  296
 102  281
 102  460
 102  300
 103  345
 103  421
 103  460
 103  303
 103  268
 104  459
 104  291
 104  407
 104  375
 104  461
 105  494
 105  310
 105  346
 105  350
 105  448
 106  275
 106  253
 106  446
 106  498
 106  352
 107  496
 107  296
 107  330
 107  333
 107  358
 108  468
 108  424
 108  332
 108  399
 108  487
 109  488
 109  455
 109  283
 109  335
 109  489
 110  406
 110  425
 110  258
 110  388
 110  490
 111  318
 111  488
 111  440
 111  442
 111  259
 112  305
 112  478
 112  377
 112  435
 112  485
 113  429
 113  466
 113  347
 113  366
 113  357
 114  364
 114  369
 114  486
 114  272
 114  450
 115  279
 115  419
 115  285
 115  420
 115  311
 116  332
 116  422
 116  316
 116  286
 116  436
 117  415
 117  353
 117  352
 117  439
 117  450
 118  436
 118  351
 118  493
 118  407
 118  499
 119  331
 119  498
 119  466
 119  445
 119  468
 120  385
 120  278
 120  312
 120  480
 120  493
 121  405
 121  350
 121  303
 121  361
 121  480
 122  272
 122  349
 122  323
 122  494
 122  318
 123  331
 123  304
 123  395
 123  350
 123  434
 124  377
 124  437
 124  467
 124  424
 124  411
 125  448
 125  261
 125  300
 125  455
 125  445
 126  327
 126  278
 126  298
 126  252
 126  426
 127  424
 127  384
 127  389
 127  484
 127  453
 128  327
 128  353
 128  312
 128  272
 128  471
 129  337
 129  270
 129  421
 129  278
 129  465
 130  297
 130  408
 130  413
 130  310
 130  284
 131  400
 131  278
 131  401
 131  421
 131  453
 132  468
 132  294
 132  371
 132  437
 132  301
 133  479
 133  286
 133  319
 133  316
 133  391
 134  484
 134  477
 134  439
 134  418
 134  278
 135  357
 135  312
 135  302
 135  439
 135  385
 136  294
 136  479
 136  448
 136  375
 136  456
 137  417
 137  487
 137  261
 137  494
 137  336
 138  429
 138  456
 138  490
 138  381
 138  389
 139  462
 139  443
 139  402
 139  439
 139  305
 140  488
 140  469
 140  293
 140  405
 140  329
 141  377
 141  416
 141  433
 141  430
 141  418
 142  497
 142  493
 142  406
 142  319
 142  402
 143  420
 143  329
 143  419
 143  253
 143  333
 144  340
 144  391
 144  431
 144  306
 144  358
 145  357
 145  330
 145  436
 145  340
 145  470
 146  437
 146  403
 146  423
 146  496
 146  322
 147  285
 147  472
 147  347
 147  458
 147  317
 148  472
 148  285
 148  296
 148  345
 148  297
 149  280
 149  289
 149  345
 149  310
 149  455
 150  275
 150  479
 150  466
 150  383
 150  440
 151  482
 151  408
 151  481
 151  447
 151  441
 152  497
 152  341
 152  330
 152  441
 152  255
 153  417
 153  331
 153  409
 153  264
 153  274
 154  384
 154  320
 154  321
 154  262
 154  335
 155  387
 155  415
 155  396
 155  362
 155  267
 156  307
 156  498
 156  444
 156  465
 156  293
 157  317
 157  310
 157  325
 157  305
 157  304
 158  367
 158  467
 158  423
 158  418
 158  269
 159  401
 159  473
 159  353
 159  256
 159  262
 160  383
 160  372
 160  467
 160  447
 160  429
 161  258
 161  407
 161  360
 161  293
 161  378
 162  282
 162  484
 162  472
 162  334
 162  251
 163  444
 163  496
 163  298
 163  257
 163  325
 164  348
 164  332
 164  320
 164  258
 164  252
 165  460
 165  473
 165  354
 165  338
 165  447
 166  349
 166  297
 166  470
 166  497
 166  386
 167  361
 167  464
 167  328
 167  453
 167  319
 168  319
 168  372
 168  290
 168  433
 168  322
 169  492
 169  428
 169  264
 169  456
 169  496
 170  257
 170  330
 170  452
 170  312
 170  426
 171  303
 171  286
 171  427
 171  297
 171  305
 172  303
 172  410
 172  402
 172  415
 172  364
 173  331
 173  275
 173  487
 173  446
 173  463
 174  427
 174  500
 174  297
 174  454
 174  467
 175  265
 175  344
 175  257
 175  306
 175  271
 176  365
 176  265
 176  469
 176  376
 176  481
 177  441
 177  440
 177  454
 177  398
 177  251
 178  328
 178  466
 178  450
 178  280
 178  470
 179  380
 179  455
 179  334
 179  493
 179  253
 180  457
 180  397
 180  422
 180  425
 180  285
 181  256
 181  356
 181  474
 181  287
 181  292
 182  490
 182  264
 182  306
 182  389
 182  397
 183  434
 183  264
 183  414
 183  458
 183  290
 184  486
 184  349
 184  335
 184  362
 184  270
 185  487
 185  349
 185  332
 185  419
 185  391
 186  482
 186  384
 186  393
 186  285
 186  262
 187  414
 187  376
 187  379
 187  317
 187  395
 188  378
 188  476
 188  459
 188  325
 188  371
 189  299
 189  268
 189  486
 189  261
 189  425
 190  277
 190  386
 190  444
 190  374
 190  291
 191  272
 191  257
 191  258
 191  378
 191  381
 192  414
 192  476
 192  358
 192  286
 192  356
 193  445
 193  322
 193  328
 193  377
 193  398
 194  298
 194  451
 194  499
 194  329
 194  267
 195  394
 195  313
 195  366
 195  426
 195  347
 196  492
 196  271
 196  306
 196  272
 196  426
 197  390
 197  435
 197  388
 197  307
 197  494
 198  457
 198  434
 198  387
 198  461
 198  287
 199  315
 199  260
 199  444
 199  497
 199  364
 200  452
 200  470
 200  388
 200  255
 200  275
 201  391
 201  442
 201  443
 201  491
 201  290
 202  441
 202  395
 202  444
 202  428
 202  295
 203  435
 203  500
 203  434
 203  370
 203  437
 204  320
 204  273
 204  420
 204  451
 204  379
 205  342
 205  474
 205  490
 205  373
 205  326
 206  464
 206  487
 206  361
 206  365
 206  458
 207  406
 207  288
 207  309
 207  270
 207  470
 208  314
 208  402
 208  366
 208  492
 208  329
 209  267
 209  270
 209  461
 209  360
 209  372
 210  349
 210  343
 210  435
 210  381
 210  320
 211  282
 211  491
 211  358
 211  495
 211  412
 212  376
 212  472
 212  309
 212  314
 212  491
 213  360
 213  456
 213  463
 213  499
 213  332
 214  432
 214  434
 214  267
 214  271
 214  317
 215  276
 215  370
 215  313
 215  402
 215  386
 216  412
 216  329
 216  491
 216  398
 216  393
 217  333
 217  304
 217  288
 217  343
 217  438
 218  255
 218  433
 218  322
 218  477
 218  396
 219  254
 219  390
 219  405
 219  268
 219  500
 220  373
 220  281
 220  463
 220  295
 220  377
 221  486
 221  430
 221  361
 221  379
 221  351
 222  336
 222  457
 222  370
 222  395
 222  290
 223  425
 223  457
 223  295
 223  430
 223  291
 224  382
 224  469
 224  261
 224  360
 224  474
 225  394
 225  437
 225  474
 225  260
 225  382
 226  423
 226  386
 226  323
 226  292
 226  369
 227  370
 227  276
 227  469
 227  374
 227  364
 228  269
 228  495
 228  400
 228  500
 228  432
 229  360
 229  425
 229  419
 229  484
 229  431
 230  405
 230  371
 230  340
 230  343
 230  386
 231  356
 231  373
 231  325
 231  304
 231  451
 232  451
 232  347
 232  374
 232  336
 232  341
 233  341
 233  307
 233  336
 233  323
 233  420
 234  260
 234  432
 234  342
 234  326
 234  315
 235  477
 235  429
 235  483
 235  473
 235  394
 236  374
 236  366
 236  254
 236  380
 236  372
 237  396
 237  339
 237  495
 237  405
 237  283
 238  356
 238  338
 238  355
 238  393
 238  354
 239  255
 239  394
 239  326
 239  341
 239  475
 240  365
 240  381
 240  396
 240  334
 240  339
 241  477
 241  281
 241  431
 241  306
 241  307
 242  338
 242  314
 242  334
 242  476
 242  269
 243  283
 243  363
 243  473
 243  483
 243  394
 244  363
 244  380
 244  463
 244  371
 244  467
 245  476
 245  260
 245  363
 245  271
 245  463
 246  373
 246  351
 246  363
 246  380
 246  273
 247  475
 247  313
 247  273
 247  473
 247  355
 248  351
 248  254
 248  378
 248  475
 248  313
 249  483
 249  355
 249  313
 249  334
 249  273
 250  374
 250  483
 250  355
 250  373
 250  459
