 100  100     500
   1  104
   1  158
   1  185
   1  191
   1  137
   2  145
   2  157
   2  188
   2  177
   2  123
   3  123
   3  175
   3  176
   3  179
   3  173
   4  192
   4  102
   4  177
   4  158
   4  149
   5  119
   5  162
   5  120
   5  154
   5  150
   6  157
   6  181
   6  136
   6  164
   6  190
   7  122
   7  162
   7  143
   7  141
   7  114
   8  128
   8  197
   8  140
   8  163
   8  177
   9  119
   9  138
   9  114
   9  177
   9  176
  10  117
  10  151
  10  174
  10  146
  10  122
  11  168
  11  172
  11  107
  11  112
  11  152
  12  190
  12  130
  12  160
  12  133
  12  162
  13  134
  13  120
  13  200
  13  198
  13  190
  14  106
  14  154
  14  143
  14  102
  14  180
  15  161
  15  191
  15  166
  15  156
  15  146
  16  139
  16  184
  16  152
  16  163
  16  193
  17  195
  17  148
  17  167
  17  101
  17  177
  18  112
  18  128
  18  176
  18  107
  18  169
  19  169
  19  134
  19  172
  19  188
  19  102
  20  170
  20  144
  20  108
  20  155
  20  102
  21  176
  21  198
  21  115
  21  160
  21  194
  22  168
  22  130
  22  176
  22  114
  22  156
  23  168
  23  160
  23  118
  23  157
  23  117
  24  161
  24  153
  24  192
  24  101
  24  152
  25  160
  25  169
  25  119
  25  116
  25  175
  26  181
  26  170
  26  134
  26  169
  26  116
  27  154
  27  118
  27  180
  27  107
  27  111
  28  149
  28  198
  28  194
  28  132
  28  187
  29  192
  29  140
  29  155
  29  138
  29  143
  30  185
  30  171
  30  193
  30  109
  30  174
  31  188
  31  149
  31  168
  31  113
  31  178
  32  134
  32  193
  32  141
  32  179
  32  157
  33  127
  33  152
  33  155
  33  104
  33  112
  34  125
  34  145
  34  159
  34  200
  34  165
  35  105
  35  186
  35  140
  35  121
  35  194
  36  198
  36  171
  36  126
  36  180
  36  124
  37  167
  37  125
  37  172
  37  124
  37  118
  38  101
  38  138
  38  126
  38  129
  38  165
  39  131
  39  120
  39  107
  39  111
  39  145
  40  159
  40  179
  40  135
  40  110
  40  194
  41  101
  41  197
  41  158
  41  190
  41  129
  42  179
  42  182
  42  133
  42  186
  42  129
  43  180
  43  163
  43  200
  43  159
  43  189
  44  101
  44  189
  44  149
  44  191
  44  121
  45  185
  45  156
  45  136
  45  140
  45  195
  46  195
  46  198
  46  159
  46  145
  46  192
  47  125
  47  143
  47  120
  47  105
  47  119
  48  178
  48  200
  48  141
  48  179
  48  160
  49  112
  49  174
  49  165
  49  166
  49  196
  50  130
  50  188
  50  123
  50  165
  50  105
  51  199
  51  110
  51  152
  51  117
  51  120
  52  133
  52  169
  52  126
  52  125
  52  138
  53  188
  53  178
  53  108
  53  119
  53  141
  54  164
  54  103
  54  146
  54  138
  54  129
  55  183
  55  155
  55  123
  55  116
  55  134
  56  114
  56  170
  56  200
  56  193
  56  163
  57  144
  57  146
  57  121
  57  148
  57  161
  58  196
  58  125
  58  199
  58  178
  58  157
  59  193
  59  154
  59  148
  59  123
  59  114
  60  140
  60  107
  60  118
  60  115
  60  194
  61  167
  61  109
  61  187
  61  175
  61  170
  62  106
  62  167
  62  130
  62  164
  62  178
  63  148
  63  115
  63  190
  63  185
  63  142
  64  168
  64  195
  64  151
  64  171
  64  116
  65  103
  65  142
  65  139
  65  191
  65  155
  66  106
  66  162
  66  109
  66  181
  66  141
  67  116
  67  184
  67  197
  67  126
  67  105
  68  126
  68  136
  68  171
  68  180
  68  165
  69  161
  69  127
  69  147
  69  149
  69  187
  70  158
  70  112
  70  164
  70  142
  70  170
  71  122
  71  182
  71  124
  71  137
  71  184
  72  199
  72  197
  72  145
  72  108
  72  137
  73  118
  73  175
  73  195
  73  192
  73  128
  74  161
  74  162
  74  104
  74  154
  74  164
  75  182
  75  174
  75  187
  75  135
  75  147
  76  197
  76  108
  76  130
  76  115
  76  184
  77  102
  77  153
  77  185
  77  113
  77  139
  78  150
  78  186
  78  110
  78  151
  78  137
  79  159
  79  144
  79  131
  79  166
  79  147
  80  103
  80  127
  80  137
  80  187
  80  144
  81  108
  81  131
  81  124
  81  156
  81  182
  82  105
  82  131
  82  196
  82  191
  82  151
  83  156
  83  153
  83  171
  83  166
  83  183
  84  173
  84  172
  84  153
  84  196
  84  111
  85  199
  85  189
  85  110
  85  181
  85  135
  86  142
  86  122
  86  113
  86  111
  86  189
  87  142
  87  148
  87  175
  87  113
  87  104
  88  196
  88  135
  88  186
  88  163
  88  128
  89  186
  89  139
  89  131
  89  127
  89  173
  90  173
  90  144
  90  199
  90  104
  90  117
  91  127
  91  117
  91  121
  91  132
  91  166
  92  174
  92  135
  92  115
  92  106
  92  181
  93  124
  93  143
  93  139
  93  183
  93  106
  94  172
  94  103
  94  182
  94  184
  94  132
  95  136
  95  147
  95  158
  95  167
  95  189
  96  121
  96  151
  96  150
  96  146
  96  129
  97  153
  97  150
  97  183
  97  147
  97  133
  98  128
  98  103
  98  136
  98  111
  98  113
  99  122
  99  109
  99  183
  99  173
  99  132
 100  132
 100  133
 100  150
 100  109
 100  110
