 100  100     300
   1  107
   1  184
   1  110
   2  130
   2  150
   2  185
   3  178
   3  144
   3  195
   4  186
   4  166
   4  131
   5  147
   5  176
   5  126
   6  142
   6  133
   6  185
   7  196
   7  170
   7  161
   8  112
   8  124
   8  104
   9  180
   9  175
   9  118
  10  141
  10  146
  10  161
  11  152
  11  102
  11  160
  12  122
  12  180
  12  162
  13  136
  13  168
  13  169
  14  111
  14  153
  14  128
  15  164
  15  133
  15  166
  16  184
  16  114
  16  146
  17  164
  17  102
  17  116
  18  137
  18  124
  18  175
  19  143
  19  178
  19  123
  20  194
  20  114
  20  135
  21  146
  21  149
  21  174
  22  164
  22  135
  22  175
  23  130
  23  136
  23  173
  24  119
  24  169
  24  124
  25  125
  25  142
  25  128
  26  180
  26  127
  26  161
  27  140
  27  186
  27  167
  28  123
  28  126
  28  181
  29  149
  29  118
  29  154
  30  133
  30  168
  30  159
  31  136
  31  138
  31  187
  32  200
  32  144
  32  131
  33  159
  33  187
  33  125
  34  148
  34  156
  34  109
  35  119
  35  184
  35  169
  36  151
  36  179
  36  195
  37  170
  37  138
  37  189
  38  190
  38  199
  38  188
  39  158
  39  126
  39  165
  40  125
  40  181
  40  192
  41  130
  41  102
  41  116
  42  150
  42  155
  42  141
  43  106
  43  120
  43  193
  44  149
  44  128
  44  194
  45  156
  45  185
  45  159
  46  117
  46  189
  46  165
  47  194
  47  195
  47  127
  48  151
  48  157
  48  190
  49  123
  49  127
  49  174
  50  157
  50  148
  50  137
  51  174
  51  160
  51  148
  52  137
  52  177
  52  154
  53  129
  53  145
  53  170
  54  109
  54  108
  54  118
  55  115
  55  168
  55  150
  56  187
  56  197
  56  178
  57  140
  57  188
  57  191
  58  117
  58  183
  58  147
  59  193
  59  129
  59  119
  60  105
  60  109
  60  111
  61  147
  61  157
  61  111
  62  192
  62  138
  62  176
  63  145
  63  129
  63  182
  64  182
  64  193
  64  113
  65  200
  65  105
  65  103
  66  143
  66  108
  66  144
  67  156
  67  196
  67  103
  68  121
  68  113
  68  198
  69  132
  69  181
  69  197
  70  160
  70  197
  70  113
  71  112
  71  131
  71  176
  72  132
  72  151
  72  120
  73  172
  73  139
  73  192
  74  183
  74  200
  74  172
  75  186
  75  135
  75  199
  76  188
  76  154
  76  110
  77  139
  77  179
  77  190
  78  196
  78  191
  78  179
  79  108
  79  139
  79  198
  80  166
  80  117
  80  165
  81  121
  81  153
  81  134
  82  152
  82  173
  82  101
  83  177
  83  143
  83  142
  84  132
  84  107
  84  141
  85  158
  85  145
  85  104
  86  167
  86  199
  86  189
  87  183
  87  116
  87  110
  88  162
  88  107
  88  106
  89  114
  89  112
  89  152
  90  140
  90  121
  90  104
  91  105
  91  115
  91  173
  92  191
  92  177
  92  198
  93  163
  93  162
  93  134
  94  172
  94  171
  94  106
  95  171
  95  122
  95  120
  96  134
  96  101
  96  103
  97  122
  97  101
  97  171
  98  158
  98  163
  98  115
  99  155
  99  182
  99  167
 100  163
 100  155
 100  153
