 250  250     750
   1  257
   1  354
   1  358
   2  421
   2  428
   2  447
   3  450
   3  414
   3  274
   4  333
   4  303
   4  304
   5  402
   5  307
   5  297
   6  373
   6  485
   6  428
   7  482
   7  446
   7  370
   8  254
   8  265
   8  286
   9  319
   9  314
   9  379
  10  378
  10  381
  10  267
  11  275
  11  352
  11  438
  12  300
  12  340
  12  252
  13  397
  13  279
  13  282
  14  419
  14  345
  14  459
  15  407
  15  483
  15  377
  16  316
  16  310
  16  431
  17  486
  17  390
  17  377
  18  320
  18  376
  18  407
  19  498
  19  492
  19  310
  20  473
  20  348
  20  464
  21  414
  21  394
  21  449
  22  335
  22  428
  22  356
  23  446
  23  353
  23  472
  24  451
  24  463
  24  336
  25  319
  25  437
  25  411
  26  319
  26  321
  26  480
  27  252
  27  273
  27  340
  28  460
  28  470
  28  403
  29  466
  29  317
  29  456
  30  448
  30  298
  30  401
  31  483
  31  490
  31  411
  32  434
  32  295
  32  412
  33  366
  33  463
  33  419
  34  459
  34  457
  34  407
  35  254
  35  341
  35  472
  36  331
  36  356
  36  292
  37  330
  37  357
  37  274
  38  335
  38  449
  38  453
  39  404
  39  451
  39  374
  40  378
  40  321
  40  425
  41  470
  41  275
  41  425
  42  458
  42  393
  42  454
  43  253
  43  335
  43  477
  44  339
  44  334
  44  327
  45  379
  45  478
  45  475
  46  437
  46  412
  46  354
  47  480
  47  325
  47  425
  48  343
  48  405
  48  442
  49  338
  49  341
  49  417
  50  466
  50  450
  50  292
  51  456
  51  254
  51  330
  52  443
  52  292
  52  495
  53  450
  53  340
  53  469
  54  480
  54  264
  54  454
  55  391
  55  499
  55  387
  56  378
  56  453
  56  414
  57  373
  57  386
  57  448
  58  463
  58  301
  58  348
  59  274
  59  410
  59  454
  60  326
  60  309
  60  390
  61  489
  61  371
  61  321
  62  265
  62  491
  62  349
  63  270
  63  381
  63  406
  64  308
  64  418
  64  332
  65  277
  65  468
  65  473
  66  349
  66  462
  66  353
  67  318
  67  442
  67  337
  68  356
  68  287
  68  266
  69  377
  69  349
  69  306
  70  392
  70  422
  70  273
  71  296
  71  488
  71  399
  72  270
  72  484
  72  305
  73  435
  73  354
  73  451
  74  396
  74  283
  74  475
  75  488
  75  391
  75  440
  76  273
  76  376
  76  312
  77  308
  77  305
  77  474
  78  453
  78  498
  78  468
  79  438
  79  499
  79  341
  80  385
  80  410
  80  443
  81  263
  81  422
  81  371
  82  449
  82  339
  82  305
  83  385
  83  465
  83  325
  84  283
  84  479
  84  373
  85  380
  85  304
  85  431
  86  311
  86  381
  86  486
  87  281
  87  374
  87  483
  88  269
  88  496
  88  279
  89  489
  89  331
  89  397
  90  462
  90  289
  90  470
  91  309
  91  442
  91  477
  92  315
  92  477
  92  400
  93  309
  93  487
  93  339
  94  342
  94  318
  94  393
  95  438
  95  376
  95  497
  96  312
  96  401
  96  458
  97  370
  97  434
  97  456
  98  495
  98  279
  98  311
  99  375
  99  348
  99  313
 100  359
 100  489
 100  301
 101  372
 101  401
 101  371
 102  283
 102  404
 102  427
 103  263
 103  351
 103  363
 104  353
 104  384
 104  367
 105  331
 105  408
 105  409
 106  298
 106  367
 106  465
 107  289
 107  318
 107  495
 108  475
 108  337
 108  386
 109  460
 109  314
 109  389
 110  291
 110  277
 110  482
 111  300
 111  444
 111  436
 112  406
 112  334
 112  286
 113  429
 113  473
 113  379
 114  315
 114  262
 114  326
 115  289
 115  352
 115  443
 116  257
 116  350
 116  361
 117  466
 117  468
 117  366
 118  396
 118  380
 118  301
 119  474
 119  446
 119  387
 120  282
 120  427
 120  358
 121  416
 121  336
 121  471
 122  260
 122  332
 122  312
 123  298
 123  296
 123  431
 124  307
 124  285
 124  389
 125  342
 125  365
 125  435
 126  396
 126  315
 126  316
 127  290
 127  458
 127  267
 128  386
 128  364
 128  277
 129  493
 129  444
 129  276
 130  266
 130  491
 130  436
 131  382
 131  345
 131  362
 132  433
 132  268
 132  422
 133  467
 133  472
 133  338
 134  326
 134  264
 134  435
 135  267
 135  280
 135  429
 136  462
 136  262
 136  405
 137  419
 137  306
 137  278
 138  352
 138  467
 138  498
 139  346
 139  293
 139  412
 140  284
 140  336
 140  370
 141  264
 141  429
 141  350
 142  271
 142  382
 142  304
 143  258
 143  436
 143  344
 144  402
 144  417
 144  499
 145  269
 145  372
 145  383
 146  253
 146  270
 146  262
 147  252
 147  426
 147  278
 148  478
 148  471
 148  440
 149  444
 149  302
 149  497
 150  391
 150  469
 150  275
 151  403
 151  369
 151  485
 152  491
 152  478
 152  253
 153  430
 153  402
 153  344
 154  390
 154  383
 154  363
 155  474
 155  272
 155  488
 156  439
 156  364
 156  374
 157  300
 157  323
 157  351
 158  261
 158  316
 158  329
 159  369
 159  418
 159  268
 160  447
 160  388
 160  464
 161  337
 161  325
 161  314
 162  359
 162  409
 162  257
 163  434
 163  455
 163  320
 164  493
 164  471
 164  288
 165  385
 165  448
 165  392
 166  461
 166  286
 166  464
 167  363
 167  367
 167  437
 168  408
 168  280
 168  258
 169  455
 169  256
 169  421
 170  287
 170  296
 170  366
 171  445
 171  324
 171  355
 172  479
 172  287
 172  360
 173  351
 173  360
 173  330
 174  445
 174  404
 174  399
 175  427
 175  355
 175  256
 176  465
 176  276
 176  347
 177  395
 177  294
 177  320
 178  338
 178  291
 178  258
 179  375
 179  308
 179  426
 180  387
 180  278
 180  441
 181  406
 181  439
 181  394
 182  256
 182  261
 182  496
 183  392
 183  299
 183  410
 184  281
 184  288
 184  496
 185  269
 185  265
 185  481
 186  492
 186  281
 186  343
 187  361
 187  332
 187  397
 188  282
 188  342
 188  334
 189  360
 189  369
 189  333
 190  313
 190  405
 190  303
 191  343
 191  355
 191  295
 192  394
 192  357
 192  460
 193  452
 193  417
 193  493
 194  395
 194  310
 194  433
 195  362
 195  303
 195  294
 196  285
 196  421
 196  395
 197  313
 197  452
 197  297
 198  409
 198  328
 198  432
 199  430
 199  364
 199  344
 200  251
 200  383
 200  485
 201  268
 201  255
 201  459
 202  260
 202  408
 202  424
 203  297
 203  372
 203  322
 204  403
 204  500
 204  266
 205  346
 205  347
 205  290
 206  259
 206  271
 206  311
 207  389
 207  411
 207  299
 208  251
 208  317
 208  323
 209  324
 209  276
 209  295
 210  413
 210  368
 210  384
 211  375
 211  291
 211  368
 212  476
 212  294
 212  302
 213  347
 213  423
 213  490
 214  285
 214  490
 214  479
 215  263
 215  280
 215  388
 216  494
 216  467
 216  299
 217  398
 217  426
 217  365
 218  398
 218  324
 218  345
 219  494
 219  284
 219  487
 220  423
 220  327
 220  393
 221  329
 221  447
 221  430
 222  365
 222  487
 222  388
 223  420
 223  432
 223  497
 224  432
 224  441
 224  494
 225  322
 225  368
 225  418
 226  362
 226  284
 226  445
 227  288
 227  317
 227  486
 228  457
 228  293
 228  302
 229  384
 229  469
 229  481
 230  423
 230  251
 230  455
 231  500
 231  476
 231  492
 232  399
 232  440
 232  327
 233  433
 233  333
 233  329
 234  359
 234  461
 234  271
 235  346
 235  380
 235  255
 236  484
 236  322
 236  441
 237  293
 237  357
 237  415
 238  439
 238  484
 238  290
 239  415
 239  306
 239  398
 240  424
 240  461
 240  452
 241  420
 241  272
 241  400
 242  261
 242  328
 242  358
 243  457
 243  481
 243  420
 244  255
 244  382
 244  500
 245  350
 245  413
 245  361
 246  400
 246  259
 246  415
 247  413
 247  260
 247  416
 248  259
 248  323
 248  272
 249  424
 249  416
 249  328
 250  476
 250  307
 250  482
