 500  500    1500
   1  516
   1  511
   1  975
   2  857
   2  646
   2  649
   3  672
   3  991
   3  846
   4  660
   4  526
   4  704
   5  727
   5  970
   5  880
   6  572
   6  711
   6  746
   7  855
   7  881
   7  830
   8  654
   8  968
   8  729
   9  834
   9  583
   9  636
  10  587
  10  886
  10  708
  11  891
  11  534
  11  788
  12  504
  12  810
  12  568
  13  941
  13  571
  13  749
  14  554
  14  760
  14  940
  15  830
  15  522
  15  832
  16  955
  16  952
  16  662
  17  603
  17  813
  17  543
  18  648
  18  912
  18  522
  19  525
  19  767
  19  548
  20  809
  20  687
  20  946
  21  666
  21  636
  21  517
  22  845
  22  545
  22  820
  23  600
  23  697
  23  547
  24  561
  24  651
  24  793
  25  761
  25  815
  25  665
  26  835
  26  611
  26  691
  27  679
  27  890
  27  646
  28  787
  28  926
  28  984
  29  564
  29  811
  29  593
  30  835
  30  890
  30  817
  31  843
  31  671
  31  685
  32  539
  32  701
  32  965
  33  626
  33  612
  33  882
  34  690
  34  631
  34  710
  35  825
  35  678
  35  504
  36  663
  36  793
  36  962
  37  978
  37  740
  37  592
  38  994
  38  853
  38  606
  39  515
  39  672
  39  918
  40  572
  40  983
  40  534
  41  707
  41  822
  41  939
  42  508
  42  554
  42  797
  43  506
  43  644
  43  764
  44  888
  44  817
  44  901
  45  739
  45  906
  45  592
  46  587
  46  737
  46  689
  47  924
  47  825
  47  882
  48  688
  48  947
  48  913
  49  936
  49  563
  49  873
  50  782
  50  836
  50  891
  51  513
  51  949
  51  604
  52  620
  52  774
  52  912
  53  954
  53  808
  53  511
  54  987
  54  850
  54  573
  55  537
  55  538
  55  545
  56  765
  56  631
  56  772
  57  772
  57  625
  57  818
  58  527
  58  550
  58  734
  59  742
  59  941
  59  680
  60  585
  60  535
  60  736
  61  733
  61  780
  61  615
  62  682
  62  742
  62  799
  63  933
  63  513
  63  913
  64  682
  64  761
  64  546
  65  580
  65  681
  65  825
  66  976
  66  683
  66  639
  67  594
  67  812
  67  772
  68  720
  68  542
  68  717
  69  938
  69  988
  69  869
  70  837
  70  849
  70  980
  71  767
  71  843
  71  993
  72  537
  72  577
  72  828
  73  826
  73  792
  73  685
  74  683
  74  783
  74  680
  75  815
  75  616
  75  930
  76  851
  76  938
  76  796
  77  718
  77  892
  77  878
  78  733
  78  708
  78  675
  79  813
  79  680
  79  859
  80  848
  80  806
  80  781
  81  593
  81  874
  81  943
  82  570
  82  694
  82  910
  83  750
  83  712
  83  761
  84  910
  84  677
  84  738
  85  623
  85  672
  85  630
  86  615
  86  538
  86  988
  87  521
  87  530
  87  518
  88  754
  88  751
  88  876
  89  683
  89  863
  89  886
  90  925
  90  541
  90  787
  91  570
  91  701
  91  891
  92  630
  92  563
  92  531
  93  582
  93  720
  93  564
  94  859
  94  697
  94  905
  95  902
  95  794
  95  844
  96  961
  96  880
  96  524
  97  939
  97  807
  97  556
  98  965
  98  608
  98  848
  99  642
  99  789
  99  662
 100  558
 100  688
 100  886
 101  903
 101  695
 101  681
 102  707
 102  776
 102  763
 103  588
 103  654
 103  760
 104  968
 104  604
 104  663
 105  763
 105  512
 105  897
 106  654
 106  930
 106  719
 107  684
 107  674
 107  669
 108  774
 108  630
 108  666
 109  648
 109  784
 109  909
 110  767
 110  992
 110  679
 111  729
 111  728
 111  862
 112  988
 112  782
 112  598
 113  637
 113  501
 113  763
 114  883
 114  956
 114  779
 115  842
 115  509
 115  967
 116  581
 116  900
 116  979
 117  841
 117  879
 117  671
 118  880
 118  821
 118  637
 119  762
 119  669
 119  539
 120  919
 120  847
 120  908
 121  623
 121  607
 121  810
 122  539
 122  742
 122  892
 123  639
 123  748
 123  650
 124  760
 124  514
 124  541
 125  561
 125  822
 125  808
 126  754
 126  838
 126  753
 127  969
 127  808
 127  723
 128  792
 128  908
 128  774
 129  520
 129  623
 129  687
 130  648
 130  504
 130  779
 131  572
 131  785
 131  690
 132  557
 132  737
 132  746
 133  796
 133  917
 133  637
 134  922
 134 1000
 134  973
 135  743
 135  547
 135  803
 136  847
 136  931
 136  784
 137  525
 137  695
 137  728
 138  788
 138  568
 138  631
 139  803
 139  830
 139  872
 140  764
 140  938
 140  888
 141  779
 141  931
 141  583
 142  819
 142  757
 142  712
 143  577
 143  602
 143  698
 144  770
 144  544
 144  717
 145  826
 145  615
 145  712
 146  766
 146  732
 146  738
 147  724
 147  972
 147  787
 148  903
 148  611
 148  727
 149  951
 149  617
 149  716
 150  856
 150  768
 150  583
 151  981
 151  501
 151  882
 152  923
 152  751
 152  513
 153  507
 153  944
 153  640
 154  870
 154  725
 154  512
 155  875
 155  806
 155  652
 156  864
 156  984
 156  528
 157  905
 157  536
 157  728
 158  797
 158  850
 158  796
 159  529
 159  865
 159  799
 160  893
 160  985
 160  599
 161  616
 161  573
 161  754
 162  629
 162  990
 162  883
 163  879
 163  899
 163  865
 164  713
 164  975
 164  954
 165  626
 165  987
 165  514
 166  869
 166  782
 166  604
 167  715
 167  946
 167  526
 168  673
 168  979
 168  919
 169  986
 169  610
 169  718
 170  698
 170  517
 170  966
 171  606
 171  995
 171  885
 172  781
 172  967
 172  984
 173  687
 173  653
 173  749
 174  814
 174  641
 174  706
 175  684
 175  803
 175  907
 176  535
 176  998
 176  531
 177  982
 177  625
 177  690
 178  711
 178  530
 178  736
 179  854
 179  904
 179  545
 180  758
 180  870
 180  662
 181  790
 181  608
 181  897
 182  898
 182  748
 182  525
 183  531
 183  888
 183  741
 184  686
 184  864
 184  872
 185  691
 185  722
 185  951
 186  597
 186  710
 186  744
 187  820
 187  719
 187  597
 188  894
 188  602
 188  950
 189  711
 189  522
 189  858
 190  584
 190  589
 190  790
 191  753
 191  679
 191  678
 192  853
 192  971
 192  550
 193  715
 193  676
 193  976
 194  894
 194  719
 194  974
 195  674
 195  508
 195  912
 196  915
 196  890
 196  646
 197  920
 197  790
 197  629
 198  930
 198  671
 198  776
 199  562
 199  675
 199  874
 200  529
 200  626
 200  919
 201  821
 201  538
 201  910
 202  720
 202  726
 202  698
 203  658
 203  946
 203  619
 204  996
 204  764
 204  627
 205  601
 205  739
 205  731
 206  841
 206  537
 206  655
 207  748
 207  795
 207  723
 208  981
 208  931
 208  949
 209  666
 209  638
 209  949
 210  621
 210  702
 210  985
 211  650
 211  842
 211  870
 212  925
 212  822
 212  895
 213  817
 213  596
 213  614
 214  907
 214  619
 214  565
 215  519
 215  634
 215  568
 216  815
 216  972
 216  854
 217  778
 217  642
 217  628
 218  752
 218  655
 218  523
 219  833
 219  664
 219  795
 220  816
 220  967
 220  975
 221  700
 221  752
 221  546
 222  521
 222  881
 222  924
 223  964
 223  881
 223  527
 224  899
 224  541
 224  911
 225  826
 225  707
 225  973
 226  997
 226  730
 226  617
 227  863
 227  618
 227  862
 228  856
 228  864
 228  914
 229  600
 229  778
 229  540
 230  795
 230  549
 230  849
 231  553
 231  659
 231  841
 232  729
 232  554
 232  925
 233  706
 233  575
 233  625
 234  766
 234  548
 234  831
 235  579
 235  664
 235  738
 236  659
 236  896
 236  995
 237  939
 237  753
 237  644
 238  875
 238  892
 238  740
 239  873
 239  812
 239  704
 240  824
 240  656
 240  747
 241  727
 241  505
 241  735
 242  802
 242  565
 242  823
 243  605
 243  667
 243  670
 244  905
 244  889
 244  983
 245  658
 245  717
 245  907
 246  609
 246  674
 246  853
 247  581
 247  903
 247  546
 248  602
 248  855
 248  771
 249  533
 249  540
 249  549
 250  502
 250  768
 250  716
 251  563
 251  895
 251  673
 252  660
 252  792
 252  527
 253  703
 253  533
 253  759
 254  693
 254  871
 254  640
 255  688
 255  575
 255  722
 256  609
 256  536
 256  867
 257  829
 257  997
 257  996
 258  964
 258  586
 258  784
 259  641
 259  663
 259  517
 260  708
 260  617
 260  867
 261  713
 261  600
 261  677
 262  718
 262  854
 262  895
 263  992
 263  542
 263  540
 264  798
 264  658
 264  997
 265  746
 265  685
 265  953
 266  775
 266  559
 266  983
 267  668
 267  603
 267  684
 268  741
 268  915
 268  986
 269  675
 269  970
 269  692
 270  649
 270  897
 270  926
 271  985
 271  952
 271  884
 272  697
 272  677
 272  526
 273  534
 273  906
 273  633
 274  747
 274  724
 274  852
 275  603
 275  570
 275  814
 276  835
 276  659
 276  559
 277  995
 277  878
 277  592
 278  849
 278  664
 278  581
 279  643
 279  993
 279  653
 280  766
 280  934
 280  788
 281  576
 281  802
 281  618
 282  724
 282  549
 282  981
 283  721
 283  606
 283  703
 284  894
 284  620
 284  515
 285  622
 285  865
 285  579
 286  947
 286  733
 286  851
 287  932
 287  551
 287  851
 288  980
 288  929
 288  850
 289  953
 289  555
 289  575
 290  777
 290  607
 290  579
 291  902
 291  614
 291  804
 292  816
 292  911
 292  962
 293  957
 293  542
 293  889
 294  657
 294  624
 294  676
 295  998
 295  638
 295  871
 296  736
 296  994
 296  614
 297  960
 297  627
 297  927
 298  973
 298  908
 298  960
 299  901
 299  681
 299  821
 300  640
 300  914
 300  982
 301  898
 301  501
 301  639
 302  765
 302  704
 302  749
 303  515
 303  797
 303  556
 304  586
 304  636
 304  635
 305  852
 305  739
 305  573
 306  843
 306  869
 306  669
 307  818
 307  978
 307  791
 308  950
 308  837
 308  940
 309  918
 309  801
 309  740
 310  556
 310  755
 310  730
 311  514
 311  582
 311  595
 312  978
 312  992
 312  710
 313  810
 313  936
 313  641
 314  565
 314  670
 314  777
 315  879
 315  585
 315  553
 316  507
 316  589
 316  597
 317  875
 317  634
 317  922
 318  524
 318  722
 318  601
 319  506
 319  837
 319  959
 320  647
 320  859
 320  816
 321  770
 321  943
 321  948
 322  503
 322  506
 322  714
 323  836
 323  723
 323  642
 324  771
 324  744
 324  932
 325  768
 325  855
 325  678
 326  709
 326  982
 326  932
 327  806
 327  956
 327  943
 328  558
 328  898
 328  686
 329  802
 329  569
 329  544
 330  520
 330  508
 330  613
 331  990
 331  922
 331  734
 332  507
 332  776
 332  647
 333  731
 333  834
 333  694
 334  947
 334  598
 334  580
 335  805
 335  578
 335  550
 336  523
 336  963
 336  911
 337  605
 337  533
 337  562
 338  611
 338  555
 338  913
 339  960
 339  899
 339  649
 340  558
 340  576
 340  632
 341  942
 341  860
 341  794
 342  633
 342  838
 342  904
 343  686
 343  861
 343  831
 344  976
 344  567
 344  966
 345  599
 345  518
 345  929
 346  977
 346  629
 346  940
 347  904
 347  798
 347  577
 348  959
 348  945
 348  877
 349  609
 349  900
 349  813
 350  762
 350  924
 350  785
 351  979
 351  633
 351  706
 352  942
 352  935
 352  650
 353  809
 353  952
 353  612
 354  598
 354  519
 354  963
 355 1000
 355  553
 355  529
 356  645
 356  852
 356  571
 357  635
 357  965
 357  928
 358  902
 358  900
 358  503
 359  805
 359  918
 359  962
 360  751
 360  974
 360  653
 361  591
 361  941
 361  512
 362  518
 362  557
 362  972
 363  624
 363  914
 363  700
 364  528
 364  970
 364  596
 365  926
 365  756
 365  593
 366  933
 366  824
 366  638
 367  916
 367  692
 367  829
 368  999
 368  862
 368  990
 369  721
 369  576
 369  682
 370  543
 370  618
 370  555
 371  551
 371  793
 371  773
 372  661
 372  824
 372  986
 373  656
 373  916
 373  737
 374  559
 374  771
 374  778
 375  608
 375  544
 375  635
 376  726
 376  950
 376  915
 377  743
 377  745
 377  872
 378  955
 378  820
 378  705
 379  969
 379  655
 379  667
 380  933
 380  828
 380  535
 381  829
 381  944
 381  528
 382  866
 382  920
 382  634
 383  524
 383  694
 383  963
 384  745
 384  998
 384  801
 385  942
 385  780
 385  969
 386  756
 386  786
 386  621
 387  818
 387  884
 387  809
 388  715
 388  547
 388  801
 389  928
 389  828
 389  561
 390  770
 390  594
 390  917
 391  945
 391  560
 391  589
 392  588
 392  730
 392  934
 393  578
 393  876
 393  562
 394  667
 394  548
 394  814
 395  657
 395  848
 395  574
 396  823
 396  805
 396  964
 397  560
 397  948
 397  725
 398  628
 398  652
 398  731
 399  856
 399  689
 399  613
 400  665
 400  734
 400  503
 401  893
 401  745
 401  858
 402  955
 402  596
 402  700
 403  695
 403  530
 403  689
 404  516
 404  887
 404  968
 405  585
 405  564
 405  624
 406  948
 406  521
 406  807
 407  775
 407  647
 407  906
 408  800
 408  994
 408 1000
 409  839
 409  703
 409  582
 410  961
 410  786
 410  709
 411  873
 411  798
 411  777
 412  620
 412  839
 412  993
 413  566
 413  857
 413  605
 414  812
 414  759
 414  827
 415  769
 415  510
 415  857
 416  840
 416  652
 416  594
 417  567
 417  927
 417  934
 418  692
 418  552
 418  502
 419  838
 419  929
 419  860
 420  794
 420  831
 420  613
 421  610
 421  705
 421  980
 422  651
 422  885
 422  840
 423  840
 423  590
 423  591
 424  799
 424  628
 424  532
 425  560
 425  523
 425  807
 426  590
 426  574
 426  757
 427  887
 427  844
 427  619
 428  644
 428  791
 428  755
 429  916
 429  783
 429  612
 430  847
 430  660
 430  834
 431  595
 431  951
 431  610
 432  977
 432  877
 432  878
 433  591
 433  804
 433  780
 434  601
 434  716
 434  789
 435  743
 435  696
 435  584
 436  651
 436  773
 436  966
 437  721
 437  574
 437  987
 438  551
 438  846
 438  839
 439  884
 439  744
 439  502
 440  893
 440  844
 440  580
 441  791
 441  725
 441  999
 442  586
 442  901
 442  823
 443  860
 443  616
 443  665
 444  863
 444  876
 444  991
 445  696
 445  566
 445  571
 446  511
 446  883
 446  927
 447  726
 447  874
 447  510
 448  765
 448  632
 448  868
 449  867
 449  661
 449  590
 450  889
 450  954
 450  781
 451  785
 451  937
 451  945
 452  896
 452  569
 452  783
 453  917
 453  789
 453  819
 454  920
 454  509
 454  868
 455  713
 455  505
 455  755
 456  868
 456  974
 456  691
 457  714
 457  757
 457  595
 458  747
 458  673
 458  632
 459  645
 459  676
 459  833
 460  833
 460  846
 460  921
 461  696
 461  827
 461  693
 462  709
 462  935
 462  516
 463  741
 463  935
 463  871
 464  836
 464  958
 464  621
 465  827
 465  937
 465  661
 466  656
 466  693
 466  989
 467  668
 467  921
 467  543
 468  657
 468  552
 468  811
 469  877
 469  505
 469  584
 470  607
 470  552
 470  996
 471  953
 471  510
 471  599
 472  567
 472  989
 472  532
 473  937
 473  735
 473  645
 474  699
 474  861
 474  702
 475  936
 475  885
 475  699
 476  622
 476  896
 476  971
 477  961
 477  536
 477  699
 478  887
 478  786
 478  921
 479  509
 479  923
 479  999
 480  811
 480  769
 480  670
 481  532
 481  557
 481  819
 482  702
 482  944
 482  588
 483  989
 483  971
 483  759
 484  519
 484  957
 484  769
 485  909
 485  735
 485  622
 486  668
 486  866
 486  923
 487  569
 487  775
 487  520
 488  991
 488  804
 488  566
 489  958
 489  587
 489  758
 490  866
 490  977
 490  928
 491  773
 491  800
 491  714
 492  858
 492  705
 492  832
 493  643
 493  832
 493  845
 494  800
 494  958
 494  845
 495  762
 495  627
 495  909
 496  750
 496  956
 496  842
 497  732
 497  957
 497  861
 498  578
 498  758
 498  959
 499  750
 499  756
 499  752
 500  643
 500  732
 500  701
