 350  350    1050
   1  363
   1  590
   1  582
   2  595
   2  403
   2  446
   3  390
   3  544
   3  515
   4  599
   4  583
   4  631
   5  575
   5  585
   5  572
   6  532
   6  441
   6  427
   7  449
   7  595
   7  603
   8  597
   8  351
   8  625
   9  425
   9  420
   9  623
  10  583
  10  391
  10  626
  11  482
  11  689
  11  561
  12  693
  12  659
  12  595
  13  378
  13  436
  13  406
  14  675
  14  381
  14  502
  15  429
  15  544
  15  561
  16  436
  16  565
  16  575
  17  419
  17  646
  17  375
  18  531
  18  666
  18  684
  19  676
  19  394
  19  548
  20  379
  20  500
  20  423
  21  414
  21  626
  21  669
  22  386
  22  568
  22  427
  23  355
  23  458
  23  632
  24  635
  24  574
  24  528
  25  570
  25  670
  25  669
  26  512
  26  579
  26  567
  27  378
  27  545
  27  599
  28  437
  28  536
  28  379
  29  476
  29  462
  29  530
  30  510
  30  556
  30  363
  31  543
  31  559
  31  442
  32  526
  32  524
  32  485
  33  594
  33  379
  33  420
  34  394
  34  460
  34  689
  35  580
  35  698
  35  532
  36  352
  36  591
  36  574
  37  635
  37  609
  37  551
  38  697
  38  666
  38  464
  39  509
  39  651
  39  408
  40  587
  40  658
  40  610
  41  508
  41  539
  41  466
  42  545
  42  570
  42  402
  43  682
  43  491
  43  676
  44  539
  44  584
  44  489
  45  434
  45  553
  45  678
  46  503
  46  472
  46  622
  47  366
  47  584
  47  362
  48  623
  48  575
  48  535
  49  603
  49  685
  49  442
  50  391
  50  593
  50  505
  51  564
  51  374
  51  422
  52  532
  52  373
  52  385
  53  432
  53  634
  53  407
  54  670
  54  577
  54  605
  55  559
  55  442
  55  609
  56  674
  56  619
  56  448
  57  550
  57  640
  57  396
  58  526
  58  530
  58  375
  59  653
  59  671
  59  639
  60  403
  60  441
  60  375
  61  569
  61  513
  61  408
  62  451
  62  579
  62  617
  63  678
  63  405
  63  627
  64  524
  64  612
  64  396
  65  591
  65  371
  65  598
  66  491
  66  355
  66  678
  67  633
  67  408
  67  632
  68  456
  68  644
  68  478
  69  656
  69  354
  69  642
  70  634
  70  611
  70  553
  71  523
  71  465
  71  681
  72  600
  72  650
  72  361
  73  351
  73  538
  73  646
  74  647
  74  490
  74  653
  75  511
  75  609
  75  635
  76  470
  76  355
  76  699
  77  358
  77  498
  77  636
  78  448
  78  638
  78  550
  79  620
  79  685
  79  364
  80  513
  80  496
  80  573
  81  447
  81  547
  81  411
  82  540
  82  605
  82  418
  83  584
  83  354
  83  543
  84  432
  84  626
  84  655
  85  508
  85  580
  85  523
  86  614
  86  581
  86  383
  87  583
  87  648
  87  401
  88  554
  88  585
  88  459
  89  502
  89  594
  89  542
  90  548
  90  633
  90  457
  91  468
  91  515
  91  666
  92  571
  92  580
  92  529
  93  694
  93  444
  93  617
  94  412
  94  694
  94  450
  95  352
  95  647
  95  625
  96  578
  96  419
  96  390
  97  514
  97  428
  97  700
  98  389
  98  477
  98  514
  99  467
  99  692
  99  529
 100  542
 100  601
 100  535
 101  491
 101  624
 101  357
 102  549
 102  478
 102  540
 103  367
 103  672
 103  528
 104  353
 104  556
 104  555
 105  358
 105  472
 105  642
 106  613
 106  628
 106  381
 107  401
 107  591
 107  564
 108  395
 108  629
 108  566
 109  534
 109  614
 109  419
 110  413
 110  641
 110  700
 111  362
 111  669
 111  667
 112  594
 112  469
 112  649
 113  501
 113  639
 113  446
 114  576
 114  377
 114  687
 115  699
 115  543
 115  616
 116  538
 116  405
 116  359
 117  420
 117  462
 117  460
 118  588
 118  399
 118  374
 119  655
 119  578
 119  541
 120  438
 120  632
 120  637
 121  665
 121  576
 121  630
 122  550
 122  650
 122  448
 123  382
 123  622
 123  425
 124  434
 124  526
 124  358
 125  386
 125  590
 125  520
 126  428
 126  443
 126  623
 127  545
 127  463
 127  389
 128  445
 128  488
 128  643
 129  371
 129  619
 129  461
 130  424
 130  446
 130  653
 131  690
 131  664
 131  649
 132  573
 132  471
 132  552
 133  397
 133  464
 133  428
 134  538
 134  586
 134  437
 135  506
 135  357
 135  464
 136  564
 136  608
 136  547
 137  656
 137  412
 137  522
 138  667
 138  672
 138  596
 139  351
 139  458
 139  654
 140  481
 140  485
 140  373
 141  534
 141  425
 141  639
 142  627
 142  574
 142  392
 143  434
 143  631
 143  384
 144  417
 144  688
 144  512
 145  637
 145  544
 145  498
 146  551
 146  589
 146  499
 147  416
 147  577
 147  659
 148  557
 148  646
 148  680
 149  471
 149  517
 149  634
 150  451
 150  537
 150  384
 151  407
 151  397
 151  494
 152  660
 152  403
 152  700
 153  518
 153  513
 153  390
 154  530
 154  457
 154  436
 155  461
 155  603
 155  447
 156  384
 156  509
 156  460
 157  398
 157  585
 157  693
 158  440
 158  535
 158  690
 159  401
 159  640
 159  377
 160  399
 160  597
 160  601
 161  660
 161  504
 161  563
 162  400
 162  490
 162  663
 163  501
 163  366
 163  624
 164  560
 164  439
 164  474
 165  598
 165  588
 165  449
 166  510
 166  616
 166  613
 167  400
 167  615
 167  636
 168  667
 168  421
 168  392
 169  471
 169  476
 169  697
 170  414
 170  547
 170  397
 171  643
 171  439
 171  518
 172  481
 172  613
 172  697
 173  398
 173  416
 173  655
 174  598
 174  549
 174  412
 175  539
 175  495
 175  557
 176  694
 176  650
 176  413
 177  440
 177  596
 177  558
 178  515
 178  498
 178  657
 179  391
 179  430
 179  691
 180  492
 180  643
 180  587
 181  489
 181  406
 181  364
 182  505
 182  404
 182  685
 183  684
 183  601
 183  385
 184  536
 184  421
 184  507
 185  453
 185  654
 185  396
 186  386
 186  373
 186  668
 187  493
 187  541
 187  645
 188  692
 188  663
 188  644
 189  495
 189  352
 189  508
 190  654
 190  690
 190  633
 191  495
 191  592
 191  588
 192  521
 192  369
 192  592
 193  553
 193  449
 193  356
 194  590
 194  447
 194  430
 195  606
 195  637
 195  519
 196  501
 196  469
 196  563
 197  528
 197  418
 197  437
 198  589
 198  592
 198  414
 199  659
 199  682
 199  681
 200  621
 200  411
 200  509
 201  389
 201  402
 201  473
 202  382
 202  617
 202  572
 203  368
 203  400
 203  615
 204  461
 204  557
 204  579
 205  443
 205  565
 205  394
 206  517
 206  505
 206  468
 207  430
 207  510
 207  596
 208  407
 208  688
 208  383
 209  421
 209  402
 209  405
 210  364
 210  683
 210  359
 211  699
 211  504
 211  593
 212  450
 212  586
 212  542
 213  368
 213  537
 213  370
 214  570
 214  493
 214  392
 215  676
 215  435
 215  552
 216  485
 216  621
 216  552
 217  516
 217  497
 217  581
 218  658
 218  483
 218  433
 219  531
 219  376
 219  641
 220  487
 220  533
 220  385
 221  587
 221  578
 221  381
 222  456
 222  566
 222  581
 223  438
 223  481
 223  417
 224  454
 224  567
 224  409
 225  411
 225  516
 225  507
 226  382
 226  652
 226  454
 227  549
 227  506
 227  593
 228  374
 228  684
 228  502
 229  470
 229  556
 229  554
 230  487
 230  482
 230  554
 231  672
 231  494
 231  462
 232  693
 232  479
 232  696
 233  628
 233  504
 233  616
 234  630
 234  597
 234  558
 235  525
 235  586
 235  618
 236  484
 236  651
 236  559
 237  354
 237  482
 237  456
 238  548
 238  512
 238  644
 239  497
 239  652
 239  410
 240  657
 240  638
 240  468
 241  679
 241  695
 241  567
 242  674
 242  488
 242  628
 243  569
 243  360
 243  566
 244  541
 244  452
 244  531
 245  664
 245  673
 245  356
 246  607
 246  362
 246  529
 247  506
 247  519
 247  682
 248  488
 248  524
 248  483
 249  631
 249  438
 249  424
 250  600
 250  467
 250  376
 251  537
 251  607
 251  563
 252  671
 252  418
 252  536
 253  474
 253  514
 253  393
 254  366
 254  388
 254  679
 255  469
 255  640
 255  600
 256  610
 256  431
 256  517
 257  452
 257  607
 257  380
 258  687
 258  398
 258  664
 259  522
 259  663
 259  523
 260  688
 260  507
 260  668
 261  668
 261  571
 261  478
 262  489
 262  511
 262  657
 263  620
 263  353
 263  441
 264  589
 264  459
 264  625
 265  665
 265  459
 265  445
 266  608
 266  493
 266  429
 267  661
 267  463
 267  642
 268  610
 268  439
 268  450
 269  433
 269  429
 269  486
 270  636
 270  454
 270  435
 271  604
 271  426
 271  661
 272  647
 272  555
 272  652
 273  376
 273  369
 273  649
 274  546
 274  465
 274  614
 275  483
 275  695
 275  611
 276  689
 276  577
 276  361
 277  656
 277  383
 277  608
 278  423
 278  424
 278  494
 279  410
 279  466
 279  661
 280  480
 280  455
 280  463
 281  500
 281  551
 281  680
 282  503
 282  611
 282  369
 283  497
 283  568
 283  388
 284  565
 284  516
 284  558
 285  453
 285  377
 285  413
 286  473
 286  406
 286  673
 287  681
 287  568
 287  378
 288  665
 288  630
 288  410
 289  645
 289  624
 289  472
 290  561
 290  474
 290  555
 291  486
 291  679
 291  599
 292  671
 292  458
 292  395
 293  395
 293  387
 293  500
 294  629
 294  503
 294  480
 295  353
 295  445
 295  367
 296  444
 296  695
 296  479
 297  627
 297  576
 297  673
 298  492
 298  387
 298  415
 299  360
 299  356
 299  546
 300  475
 300  480
 300  619
 301  618
 301  569
 301  629
 302  452
 302  683
 302  388
 303  492
 303  520
 303  409
 304  520
 304  477
 304  658
 305  606
 305  432
 305  674
 306  618
 306  621
 306  648
 307  370
 307  426
 307  562
 308  687
 308  479
 308  560
 309  387
 309  451
 309  431
 310  372
 310  691
 310  496
 311  365
 311  435
 311  692
 312  457
 312  477
 312  527
 313  533
 313  572
 313  605
 314  431
 314  571
 314  433
 315  361
 315  440
 315  367
 316  467
 316  615
 316  372
 317  582
 317  560
 317  499
 318  533
 318  698
 318  606
 319  368
 319  527
 319  521
 320  641
 320  380
 320  521
 321  622
 321  443
 321  423
 322  426
 322  698
 322  404
 323  372
 323  620
 323  465
 324  612
 324  360
 324  602
 325  371
 325  527
 325  475
 326  540
 326  511
 326  365
 327  573
 327  604
 327  422
 328  602
 328  696
 328  670
 329  604
 329  534
 329  455
 330  522
 330  380
 330  562
 331  422
 331  525
 331  484
 332  359
 332  525
 332  612
 333  582
 333  427
 333  486
 334  677
 334  416
 334  602
 335  404
 335  490
 335  499
 336  519
 336  662
 336  409
 337  645
 337  691
 337  496
 338  648
 338  680
 338  651
 339  475
 339  662
 339  444
 340  487
 340  518
 340  357
 341  683
 341  696
 341  415
 342  393
 342  562
 342  363
 343  455
 343  675
 343  662
 344  484
 344  399
 344  546
 345  453
 345  470
 345  466
 346  686
 346  473
 346  370
 347  675
 347  686
 347  476
 348  638
 348  417
 348  660
 349  415
 349  677
 349  686
 350  677
 350  365
 350  393
