 300  300    1500
   1  306
   1  310
   1  502
   1  439
   1  590
   2  423
   2  501
   2  563
   2  572
   2  475
   3  447
   3  301
   3  349
   3  538
   3  313
   4  490
   4  421
   4  431
   4  384
   4  326
   5  564
   5  546
   5  479
   5  418
   5  469
   6  546
   6  377
   6  341
   6  395
   6  405
   7  366
   7  597
   7  472
   7  598
   7  439
   8  337
   8  351
   8  480
   8  459
   8  592
   9  498
   9  363
   9  530
   9  386
   9  415
  10  325
  10  529
  10  561
  10  342
  10  361
  11  527
  11  597
  11  440
  11  420
  11  349
  12  536
  12  351
  12  565
  12  465
  12  316
  13  494
  13  400
  13  455
  13  498
  13  303
  14  323
  14  425
  14  391
  14  566
  14  487
  15  359
  15  307
  15  483
  15  477
  15  521
  16  469
  16  536
  16  584
  16  421
  16  447
  17  303
  17  375
  17  501
  17  553
  17  434
  18  325
  18  378
  18  408
  18  509
  18  339
  19  451
  19  492
  19  504
  19  387
  19  513
  20  338
  20  580
  20  400
  20  305
  20  558
  21  421
  21  337
  21  530
  21  329
  21  348
  22  334
  22  528
  22  563
  22  316
  22  555
  23  327
  23  530
  23  369
  23  394
  23  453
  24  506
  24  493
  24  461
  24  517
  24  411
  25  577
  25  491
  25  355
  25  370
  25  410
  26  600
  26  379
  26  590
  26  373
  26  325
  27  403
  27  408
  27  349
  27  545
  27  308
  28  481
  28  490
  28  402
  28  393
  28  346
  29  316
  29  362
  29  596
  29  373
  29  387
  30  362
  30  497
  30  578
  30  551
  30  594
  31  406
  31  547
  31  552
  31  504
  31  431
  32  330
  32  443
  32  525
  32  542
  32  407
  33  355
  33  317
  33  422
  33  534
  33  483
  34  555
  34  438
  34  386
  34  563
  34  508
  35  323
  35  434
  35  526
  35  377
  35  555
  36  377
  36  322
  36  330
  36  307
  36  437
  37  421
  37  375
  37  426
  37  431
  37  505
  38  456
  38  469
  38  559
  38  590
  38  552
  39  395
  39  363
  39  582
  39  318
  39  370
  40  324
  40  457
  40  525
  40  508
  40  345
  41  333
  41  535
  41  364
  41  393
  41  457
  42  574
  42  479
  42  434
  42  516
  42  478
  43  371
  43  413
  43  498
  43  522
  43  502
  44  402
  44  394
  44  308
  44  582
  44  515
  45  314
  45  404
  45  316
  45  422
  45  378
  46  577
  46  328
  46  452
  46  596
  46  401
  47  537
  47  457
  47  386
  47  453
  47  473
  48  363
  48  360
  48  368
  48  354
  48  403
  49  415
  49  343
  49  487
  49  576
  49  464
  50  566
  50  440
  50  408
  50  314
  50  558
  51  428
  51  332
  51  453
  51  588
  51  566
  52  435
  52  341
  52  559
  52  594
  52  367
  53  560
  53  452
  53  433
  53  303
  53  345
  54  548
  54  353
  54  559
  54  582
  54  534
  55  427
  55  596
  55  553
  55  469
  55  368
  56  380
  56  328
  56  307
  56  527
  56  341
  57  466
  57  331
  57  551
  57  338
  57  410
  58  374
  58  543
  58  380
  58  307
  58  375
  59  573
  59  480
  59  324
  59  374
  59  561
  60  548
  60  423
  60  370
  60  579
  60  441
  61  341
  61  388
  61  450
  61  320
  61  352
  62  519
  62  437
  62  561
  62  328
  62  322
  63  501
  63  579
  63  485
  63  517
  63  403
  64  580
  64  596
  64  552
  64  362
  64  372
  65  532
  65  486
  65  568
  65  549
  65  336
  66  562
  66  546
  66  463
  66  541
  66  400
  67  374
  67  507
  67  383
  67  485
  67  582
  68  557
  68  405
  68  432
  68  598
  68  360
  69  506
  69  476
  69  532
  69  576
  69  574
  70  388
  70  353
  70  327
  70  535
  70  341
  71  326
  71  583
  71  416
  71  548
  71  499
  72  358
  72  487
  72  383
  72  384
  72  366
  73  325
  73  549
  73  518
  73  557
  73  366
  74  466
  74  369
  74  553
  74  575
  74  418
  75  356
  75  537
  75  585
  75  583
  75  387
  76  344
  76  541
  76  523
  76  434
  76  349
  77  393
  77  498
  77  558
  77  449
  77  314
  78  357
  78  408
  78  342
  78  332
  78  558
  79  427
  79  389
  79  403
  79  466
  79  467
  80  368
  80  440
  80  422
  80  301
  80  567
  81  557
  81  351
  81  429
  81  544
  81  404
  82  423
  82  347
  82  502
  82  525
  82  527
  83  535
  83  579
  83  483
  83  328
  83  460
  84  548
  84  529
  84  348
  84  306
  84  409
  85  326
  85  387
  85  569
  85  476
  85  529
  86  387
  86  560
  86  595
  86  431
  86  400
  87  423
  87  528
  87  323
  87  401
  87  599
  88  589
  88  400
  88  455
  88  345
  88  511
  89  403
  89  539
  89  584
  89  517
  89  401
  90  314
  90  332
  90  571
  90  539
  90  331
  91  386
  91  472
  91  320
  91  575
  91  301
  92  376
  92  399
  92  440
  92  401
  92  538
  93  325
  93  434
  93  531
  93  569
  93  452
  94  461
  94  460
  94  513
  94  531
  94  432
  95  536
  95  302
  95  322
  95  447
  95  436
  96  424
  96  415
  96  359
  96  404
  96  502
  97  380
  97  595
  97  586
  97  430
  97  436
  98  469
  98  345
  98  372
  98  306
  98  309
  99  560
  99  531
  99  363
  99  471
  99  428
 100  406
 100  365
 100  435
 100  330
 100  436
 101  543
 101  530
 101  417
 101  310
 101  562
 102  435
 102  451
 102  473
 102  567
 102  317
 103  342
 103  314
 103  588
 103  535
 103  313
 104  359
 104  458
 104  556
 104  323
 104  528
 105  502
 105  536
 105  542
 105  355
 105  375
 106  378
 106  525
 106  317
 106  595
 106  576
 107  440
 107  416
 107  498
 107  561
 107  367
 108  417
 108  361
 108  347
 108  551
 108  414
 109  478
 109  343
 109  420
 109  503
 109  597
 110  532
 110  507
 110  569
 110  351
 110  597
 111  489
 111  507
 111  406
 111  426
 111  575
 112  591
 112  424
 112  452
 112  476
 112  331
 113  452
 113  308
 113  536
 113  407
 113  592
 114  360
 114  455
 114  490
 114  576
 114  466
 115  505
 115  393
 115  423
 115  575
 115  329
 116  530
 116  506
 116  497
 116  413
 116  546
 117  409
 117  361
 117  366
 117  471
 117  448
 118  425
 118  364
 118  520
 118  351
 118  322
 119  569
 119  593
 119  404
 119  367
 119  477
 120  520
 120  380
 120  367
 120  436
 120  321
 121  468
 121  548
 121  317
 121  377
 121  572
 122  453
 122  408
 122  393
 122  363
 122  438
 123  339
 123  343
 123  473
 123  583
 123  318
 124  538
 124  316
 124  334
 124  338
 124  458
 125  343
 125  432
 125  349
 125  304
 125  597
 126  429
 126  476
 126  304
 126  427
 126  481
 127  364
 127  438
 127  392
 127  485
 127  405
 128  359
 128  598
 128  515
 128  381
 128  519
 129  569
 129  482
 129  311
 129  374
 129  411
 130  362
 130  348
 130  407
 130  317
 130  321
 131  355
 131  457
 131  600
 131  572
 131  490
 132  380
 132  573
 132  416
 132  505
 132  407
 133  416
 133  433
 133  446
 133  534
 133  513
 134  366
 134  409
 134  472
 134  364
 134  375
 135  477
 135  593
 135  506
 135  555
 135  392
 136  494
 136  451
 136  416
 136  485
 136  441
 137  549
 137  369
 137  353
 137  575
 137  453
 138  378
 138  323
 138  441
 138  494
 138  343
 139  334
 139  527
 139  512
 139  384
 139  331
 140  478
 140  475
 140  565
 140  545
 140  354
 141  552
 141  468
 141  574
 141  482
 141  409
 142  447
 142  356
 142  578
 142  568
 142  497
 143  558
 143  313
 143  545
 143  535
 143  571
 144  595
 144  584
 144  447
 144  355
 144  494
 145  576
 145  458
 145  471
 145  539
 145  315
 146  357
 146  402
 146  460
 146  472
 146  311
 147  518
 147  399
 147  359
 147  506
 147  581
 148  441
 148  497
 148  379
 148  382
 148  508
 149  386
 149  539
 149  324
 149  545
 149  340
 150  422
 150  389
 150  356
 150  508
 150  397
 151  563
 151  480
 151  327
 151  493
 151  428
 152  319
 152  344
 152  368
 152  567
 152  357
 153  362
 153  397
 153  357
 153  541
 153  378
 154  566
 154  327
 154  539
 154  596
 154  582
 155  379
 155  496
 155  486
 155  476
 155  303
 156  547
 156  410
 156  487
 156  337
 156  508
 157  356
 157  415
 157  592
 157  553
 157  348
 158  450
 158  419
 158  500
 158  301
 158  599
 159  412
 159  515
 159  525
 159  516
 159  567
 160  448
 160  574
 160  494
 160  567
 160  339
 161  334
 161  526
 161  445
 161  565
 161  405
 162  372
 162  443
 162  410
 162  504
 162  595
 163  504
 163  578
 163  350
 163  493
 163  474
 164  379
 164  495
 164  592
 164  505
 164  523
 165  332
 165  509
 165  481
 165  487
 165  482
 166  455
 166  533
 166  383
 166  430
 166  306
 167  357
 167  538
 167  352
 167  552
 167  578
 168  395
 168  424
 168  563
 168  545
 168  600
 169  562
 169  540
 169  579
 169  303
 169  526
 170  471
 170  557
 170  509
 170  409
 170  479
 171  441
 171  424
 171  306
 171  308
 171  586
 172  516
 172  369
 172  534
 172  445
 172  336
 173  305
 173  404
 173  488
 173  507
 173  543
 174  411
 174  437
 174  422
 174  556
 174  379
 175  587
 175  413
 175  326
 175  499
 175  327
 176  302
 176  394
 176  451
 176  449
 176  566
 177  533
 177  461
 177  406
 177  458
 177  310
 178  458
 178  551
 178  561
 178  346
 178  413
 179  335
 179  557
 179  466
 179  426
 179  318
 180  381
 180  522
 180  321
 180  589
 180  442
 181  538
 181  549
 181  436
 181  433
 181  599
 182  429
 182  503
 182  432
 182  443
 182  495
 183  579
 183  429
 183  310
 183  315
 183  332
 184  518
 184  467
 184  500
 184  572
 184  461
 185  496
 185  533
 185  428
 185  479
 185  439
 186  497
 186  507
 186  342
 186  524
 186  537
 187  490
 187  365
 187  446
 187  553
 187  522
 188  479
 188  472
 188  468
 188  486
 188  521
 189  410
 189  496
 189  420
 189  413
 189  421
 190  391
 190  559
 190  331
 190  550
 190  356
 191  484
 191  438
 191  528
 191  585
 191  598
 192  471
 192  390
 192  308
 192  522
 192  493
 193  309
 193  320
 193  503
 193  501
 193  377
 194  572
 194  368
 194  544
 194  431
 194  367
 195  339
 195  588
 195  311
 195  492
 195  399
 196  485
 196  590
 196  305
 196  446
 196  418
 197  437
 197  550
 197  425
 197  583
 197  444
 198  537
 198  519
 198  457
 198  304
 198  599
 199  542
 199  465
 199  313
 199  376
 199  514
 200  425
 200  346
 200  588
 200  474
 200  568
 201  402
 201  324
 201  405
 201  354
 201  518
 202  588
 202  526
 202  585
 202  454
 202  334
 203  397
 203  364
 203  480
 203  544
 203  342
 204  432
 204  488
 204  577
 204  587
 204  542
 205  450
 205  562
 205  345
 205  348
 205  581
 206  477
 206  521
 206  415
 206  513
 206  451
 207  374
 207  319
 207  520
 207  324
 207  523
 208  329
 208  344
 208  370
 208  571
 208  562
 209  600
 209  426
 209  551
 209  514
 209  449
 210  483
 210  593
 210  578
 210  312
 210  577
 211  435
 211  370
 211  521
 211  406
 211  389
 212  305
 212  577
 212  337
 212  477
 212  489
 213  501
 213  419
 213  542
 213  338
 213  526
 214  547
 214  475
 214  513
 214  425
 214  467
 215  504
 215  560
 215  373
 215  459
 215  592
 216  336
 216  528
 216  537
 216  462
 216  482
 217  543
 217  598
 217  481
 217  565
 217  360
 218  493
 218  428
 218  599
 218  305
 218  455
 219  396
 219  520
 219  585
 219  523
 219  519
 220  321
 220  398
 220  509
 220  445
 220  500
 221  514
 221  532
 221  543
 221  512
 221  462
 222  399
 222  395
 222  433
 222  570
 222  322
 223  328
 223  482
 223  450
 223  398
 223  463
 224  354
 224  433
 224  454
 224  499
 224  418
 225  385
 225  372
 225  376
 225  586
 225  335
 226  591
 226  465
 226  310
 226  365
 226  495
 227  549
 227  312
 227  505
 227  427
 227  512
 228  470
 228  554
 228  587
 228  414
 228  464
 229  593
 229  399
 229  391
 229  333
 229  589
 230  439
 230  426
 230  503
 230  523
 230  344
 231  524
 231  574
 231  392
 231  412
 231  491
 232  456
 232  470
 232  475
 232  473
 232  519
 233  565
 233  554
 233  591
 233  470
 233  382
 234  417
 234  462
 234  398
 234  480
 234  580
 235  522
 235  430
 235  444
 235  555
 235  587
 236  475
 236  541
 236  309
 236  571
 236  311
 237  414
 237  470
 237  560
 237  499
 237  467
 238  383
 238  315
 238  424
 238  500
 238  358
 239  319
 239  547
 239  373
 239  330
 239  371
 240  546
 240  312
 240  344
 240  584
 240  365
 241  465
 241  321
 241  454
 241  395
 241  313
 242  360
 242  589
 242  520
 242  503
 242  600
 243  587
 243  397
 243  550
 243  581
 243  515
 244  396
 244  518
 244  589
 244  532
 244  371
 245  444
 245  568
 245  511
 245  473
 245  459
 246  372
 246  414
 246  339
 246  350
 246  320
 247  550
 247  583
 247  438
 247  419
 247  330
 248  524
 248  318
 248  541
 248  319
 248  593
 249  514
 249  311
 249  459
 249  464
 249  470
 250  496
 250  514
 250  371
 250  516
 250  495
 251  418
 251  517
 251  304
 251  564
 251  437
 252  580
 252  468
 252  329
 252  462
 252  564
 253  340
 253  594
 253  474
 253  365
 253  439
 254  414
 254  384
 254  388
 254  483
 254  512
 255  442
 255  381
 255  448
 255  594
 255  527
 256  462
 256  383
 256  534
 256  446
 256  590
 257  529
 257  333
 257  396
 257  474
 257  586
 258  309
 258  336
 258  568
 258  442
 258  385
 259  319
 259  489
 259  547
 259  581
 259  337
 260  302
 260  465
 260  340
 260  524
 260  586
 261  304
 261  594
 261  326
 261  358
 261  352
 262  417
 262  571
 262  358
 262  516
 262  407
 263  417
 263  468
 263  467
 263  385
 263  481
 264  389
 264  396
 264  336
 264  550
 264  354
 265  461
 265  450
 265  392
 265  544
 265  427
 266  312
 266  573
 266  500
 266  491
 266  398
 267  302
 267  333
 267  329
 267  382
 267  449
 268  358
 268  401
 268  474
 268  361
 268  521
 269  443
 269  402
 269  381
 269  350
 269  394
 270  531
 270  394
 270  353
 270  429
 270  573
 271  371
 271  533
 271  456
 271  411
 271  531
 272  515
 272  397
 272  556
 272  496
 272  512
 273  499
 273  411
 273  389
 273  580
 273  412
 274  484
 274  442
 274  445
 274  456
 274  581
 275  486
 275  361
 275  454
 275  478
 275  533
 276  585
 276  382
 276  353
 276  419
 276  491
 277  390
 277  369
 277  384
 277  460
 277  446
 278  495
 278  338
 278  347
 278  491
 278  454
 279  301
 279  591
 279  385
 279  419
 279  445
 280  435
 280  556
 280  488
 280  382
 280  391
 281  373
 281  398
 281  396
 281  486
 281  307
 282  390
 282  449
 282  420
 282  333
 282  540
 283  381
 283  489
 283  464
 283  456
 283  554
 284  463
 284  564
 284  350
 284  412
 284  509
 285  492
 285  511
 285  444
 285  459
 285  385
 286  309
 286  464
 286  444
 286  573
 286  320
 287  430
 287  510
 287  529
 287  492
 287  442
 288  540
 288  591
 288  340
 288  460
 288  511
 289  388
 289  430
 289  335
 289  346
 289  347
 290  335
 290  559
 290  347
 290  564
 290  392
 291  388
 291  556
 291  540
 291  510
 291  412
 292  335
 292  346
 292  492
 292  570
 292  340
 293  463
 293  524
 293  318
 293  511
 293  390
 294  488
 294  554
 294  544
 294  570
 294  540
 295  510
 295  584
 295  517
 295  554
 295  443
 296  302
 296  463
 296  448
 296  484
 296  350
 297  489
 297  570
 297  448
 297  420
 297  390
 298  478
 298  312
 298  315
 298  391
 298  484
 299  510
 299  570
 299  376
 299  352
 299  315
 300  352
 300  510
 300  484
 300  488
 300  376
