 200  200    2000
   1  203
   1  337
   1  360
   1  326
   1  240
   1  259
   1  314
   1  395
   1  223
   1  206
   2  227
   2  213
   2  341
   2  220
   2  331
   2  283
   2  351
   2  296
   2  387
   2  366
   3  226
   3  239
   3  209
   3  400
   3  266
   3  241
   3  233
   3  264
   3  263
   3  331
   4  203
   4  244
   4  396
   4  275
   4  341
   4  337
   4  251
   4  262
   4  224
   4  379
   5  235
   5  229
   5  353
   5  313
   5  359
   5  370
   5  272
   5  375
   5  299
   5  346
   6  264
   6  394
   6  345
   6  328
   6  298
   6  304
   6  222
   6  256
   6  208
   6  266
   7  293
   7  204
   7  236
   7  379
   7  367
   7  231
   7  230
   7  365
   7  323
   7  298
   8  266
   8  268
   8  348
   8  342
   8  301
   8  308
   8  368
   8  260
   8  331
   8  257
   9  356
   9  241
   9  262
   9  251
   9  323
   9  284
   9  261
   9  384
   9  389
   9  203
  10  272
  10  398
  10  203
  10  359
  10  214
  10  389
  10  260
  10  309
  10  263
  10  345
  11  349
  11  218
  11  363
  11  266
  11  290
  11  308
  11  381
  11  247
  11  271
  11  322
  12  331
  12  207
  12  375
  12  233
  12  316
  12  310
  12  364
  12  318
  12  354
  12  229
  13  267
  13  210
  13  329
  13  392
  13  320
  13  290
  13  212
  13  328
  13  321
  13  378
  14  283
  14  256
  14  217
  14  328
  14  395
  14  329
  14  220
  14  359
  14  330
  14  242
  15  257
  15  218
  15  245
  15  242
  15  311
  15  338
  15  207
  15  336
  15  353
  15  293
  16  271
  16  236
  16  387
  16  244
  16  242
  16  301
  16  317
  16  365
  16  370
  16  262
  17  329
  17  225
  17  216
  17  379
  17  285
  17  206
  17  219
  17  259
  17  233
  17  319
  18  391
  18  335
  18  312
  18  365
  18  241
  18  383
  18  224
  18  280
  18  240
  18  366
  19  304
  19  359
  19  249
  19  204
  19  220
  19  368
  19  233
  19  297
  19  390
  19  366
  20  278
  20  343
  20  231
  20  264
  20  250
  20  259
  20  379
  20  287
  20  220
  20  373
  21  263
  21  266
  21  358
  21  351
  21  385
  21  396
  21  349
  21  332
  21  218
  21  247
  22  218
  22  315
  22  373
  22  370
  22  362
  22  384
  22  347
  22  279
  22  325
  22  382
  23  368
  23  308
  23  297
  23  350
  23  274
  23  333
  23  309
  23  258
  23  349
  23  205
  24  292
  24  260
  24  343
  24  221
  24  201
  24  240
  24  210
  24  328
  24  367
  24  326
  25  348
  25  274
  25  342
  25  247
  25  207
  25  298
  25  319
  25  246
  25  267
  25  275
  26  236
  26  224
  26  239
  26  326
  26  212
  26  216
  26  226
  26  280
  26  251
  26  223
  27  380
  27  291
  27  299
  27  236
  27  345
  27  295
  27  384
  27  350
  27  208
  27  222
  28  261
  28  328
  28  317
  28  380
  28  270
  28  381
  28  203
  28  394
  28  216
  28  279
  29  312
  29  235
  29  367
  29  286
  29  396
  29  307
  29  236
  29  335
  29  225
  29  268
  30  341
  30  202
  30  240
  30  261
  30  337
  30  400
  30  223
  30  234
  30  298
  30  306
  31  329
  31  357
  31  360
  31  220
  31  255
  31  373
  31  289
  31  390
  31  352
  31  227
  32  250
  32  271
  32  207
  32  237
  32  370
  32  359
  32  269
  32  223
  32  258
  32  257
  33  276
  33  353
  33  268
  33  346
  33  384
  33  234
  33  284
  33  233
  33  207
  33  337
  34  281
  34  228
  34  211
  34  390
  34  351
  34  363
  34  377
  34  343
  34  342
  34  306
  35  377
  35  278
  35  325
  35  342
  35  317
  35  333
  35  320
  35  296
  35  281
  35  306
  36  202
  36  331
  36  375
  36  223
  36  266
  36  238
  36  355
  36  332
  36  239
  36  380
  37  368
  37  391
  37  278
  37  344
  37  362
  37  336
  37  256
  37  321
  37  317
  37  209
  38  396
  38  293
  38  316
  38  239
  38  394
  38  220
  38  370
  38  336
  38  216
  38  214
  39  364
  39  216
  39  343
  39  271
  39  265
  39  235
  39  307
  39  294
  39  387
  39  292
  40  370
  40  216
  40  377
  40  386
  40  331
  40  222
  40  371
  40  277
  40  301
  40  294
  41  276
  41  250
  41  377
  41  313
  41  393
  41  259
  41  304
  41  238
  41  338
  41  241
  42  354
  42  209
  42  338
  42  304
  42  249
  42  398
  42  220
  42  227
  42  256
  42  234
  43  367
  43  240
  43  387
  43  353
  43  318
  43  281
  43  389
  43  312
  43  368
  43  221
  44  327
  44  278
  44  217
  44  277
  44  316
  44  269
  44  351
  44  254
  44  301
  44  360
  45  275
  45  202
  45  321
  45  392
  45  221
  45  226
  45  361
  45  302
  45  303
  45  292
  46  319
  46  275
  46  398
  46  306
  46  259
  46  311
  46  349
  46  340
  46  276
  46  382
  47  349
  47  238
  47  395
  47  248
  47  282
  47  377
  47  371
  47  304
  47  246
  47  310
  48  268
  48  363
  48  346
  48  228
  48  201
  48  241
  48  345
  48  319
  48  399
  48  398
  49  385
  49  268
  49  285
  49  383
  49  332
  49  338
  49  298
  49  237
  49  291
  49  347
  50  220
  50  230
  50  213
  50  322
  50  332
  50  336
  50  264
  50  304
  50  273
  50  256
  51  293
  51  338
  51  353
  51  319
  51  212
  51  400
  51  226
  51  227
  51  362
  51  254
  52  257
  52  253
  52  209
  52  242
  52  356
  52  275
  52  397
  52  293
  52  279
  52  280
  53  262
  53  303
  53  383
  53  362
  53  345
  53  341
  53  211
  53  257
  53  287
  53  225
  54  279
  54  353
  54  224
  54  300
  54  346
  54  290
  54  392
  54  380
  54  299
  54  385
  55  369
  55  242
  55  246
  55  260
  55  217
  55  335
  55  358
  55  323
  55  249
  55  272
  56  245
  56  303
  56  293
  56  396
  56  289
  56  343
  56  366
  56  374
  56  364
  56  223
  57  383
  57  241
  57  267
  57  263
  57  325
  57  395
  57  257
  57  298
  57  249
  57  399
  58  263
  58  214
  58  208
  58  279
  58  305
  58  373
  58  267
  58  226
  58  285
  58  220
  59  254
  59  332
  59  298
  59  277
  59  387
  59  237
  59  382
  59  373
  59  227
  59  205
  60  264
  60  210
  60  395
  60  273
  60  294
  60  260
  60  323
  60  369
  60  373
  60  282
  61  216
  61  395
  61  357
  61  264
  61  306
  61  303
  61  344
  61  305
  61  346
  61  315
  62  239
  62  312
  62  226
  62  203
  62  241
  62  245
  62  231
  62  300
  62  374
  62  353
  63  324
  63  340
  63  275
  63  257
  63  252
  63  247
  63  207
  63  271
  63  276
  63  323
  64  305
  64  354
  64  347
  64  300
  64  337
  64  317
  64  381
  64  301
  64  330
  64  370
  65  390
  65  369
  65  360
  65  335
  65  298
  65  323
  65  210
  65  353
  65  320
  65  382
  66  301
  66  289
  66  217
  66  292
  66  346
  66  222
  66  309
  66  373
  66  338
  66  305
  67  365
  67  252
  67  220
  67  366
  67  206
  67  219
  67  204
  67  395
  67  304
  67  346
  68  309
  68  273
  68  385
  68  278
  68  387
  68  267
  68  365
  68  203
  68  275
  68  390
  69  214
  69  272
  69  251
  69  216
  69  276
  69  359
  69  229
  69  346
  69  388
  69  370
  70  378
  70  379
  70  226
  70  271
  70  278
  70  262
  70  364
  70  349
  70  343
  70  241
  71  350
  71  330
  71  318
  71  340
  71  307
  71  364
  71  273
  71  314
  71  265
  71  204
  72  249
  72  219
  72  356
  72  378
  72  392
  72  345
  72  289
  72  287
  72  250
  72  381
  73  399
  73  299
  73  297
  73  342
  73  333
  73  211
  73  395
  73  244
  73  378
  73  261
  74  368
  74  264
  74  354
  74  345
  74  336
  74  284
  74  287
  74  356
  74  205
  74  330
  75  296
  75  260
  75  286
  75  285
  75  281
  75  378
  75  393
  75  400
  75  259
  75  323
  76  380
  76  291
  76  374
  76  237
  76  231
  76  250
  76  375
  76  222
  76  243
  76  262
  77  234
  77  358
  77  302
  77  261
  77  376
  77  311
  77  233
  77  241
  77  368
  77  279
  78  242
  78  228
  78  300
  78  373
  78  270
  78  277
  78  285
  78  202
  78  356
  78  239
  79  342
  79  286
  79  224
  79  321
  79  319
  79  269
  79  340
  79  279
  79  244
  79  266
  80  222
  80  267
  80  287
  80  271
  80  243
  80  340
  80  269
  80  284
  80  390
  80  273
  81  310
  81  332
  81  242
  81  272
  81  356
  81  233
  81  302
  81  368
  81  364
  81  381
  82  257
  82  306
  82  367
  82  256
  82  240
  82  399
  82  213
  82  374
  82  388
  82  389
  83  254
  83  261
  83  234
  83  392
  83  259
  83  351
  83  222
  83  287
  83  289
  83  299
  84  242
  84  368
  84  314
  84  343
  84  346
  84  335
  84  211
  84  379
  84  303
  84  247
  85  398
  85  201
  85  264
  85  357
  85  320
  85  353
  85  335
  85  245
  85  329
  85  277
  86  315
  86  218
  86  222
  86  385
  86  213
  86  205
  86  365
  86  266
  86  367
  86  250
  87  383
  87  224
  87  245
  87  321
  87  298
  87  294
  87  290
  87  238
  87  335
  87  356
  88  374
  88  298
  88  399
  88  254
  88  282
  88  324
  88  351
  88  338
  88  263
  88  328
  89  233
  89  237
  89  300
  89  213
  89  263
  89  267
  89  364
  89  360
  89  211
  89  282
  90  310
  90  329
  90  221
  90  378
  90  301
  90  263
  90  351
  90  280
  90  224
  90  230
  91  383
  91  400
  91  251
  91  210
  91  305
  91  334
  91  273
  91  320
  91  201
  91  355
  92  276
  92  380
  92  281
  92  357
  92  246
  92  248
  92  301
  92  219
  92  251
  92  327
  93  339
  93  329
  93  207
  93  362
  93  306
  93  221
  93  254
  93  320
  93  350
  93  272
  94  380
  94  237
  94  320
  94  365
  94  280
  94  386
  94  279
  94  230
  94  201
  94  340
  95  240
  95  348
  95  366
  95  368
  95  315
  95  287
  95  328
  95  380
  95  264
  95  314
  96  367
  96  303
  96  292
  96  319
  96  234
  96  259
  96  396
  96  237
  96  296
  96  297
  97  395
  97  308
  97  318
  97  354
  97  376
  97  222
  97  232
  97  307
  97  259
  97  211
  98  350
  98  233
  98  307
  98  260
  98  245
  98  395
  98  276
  98  218
  98  213
  98  386
  99  396
  99  362
  99  266
  99  285
  99  274
  99  386
  99  327
  99  273
  99  270
  99  367
 100  267
 100  332
 100  338
 100  362
 100  284
 100  240
 100  304
 100  308
 100  230
 100  367
 101  261
 101  210
 101  227
 101  399
 101  311
 101  347
 101  363
 101  283
 101  356
 101  258
 102  223
 102  267
 102  235
 102  309
 102  305
 102  359
 102  215
 102  248
 102  348
 102  278
 103  228
 103  320
 103  350
 103  336
 103  377
 103  266
 103  224
 103  258
 103  269
 103  246
 104  265
 104  251
 104  352
 104  339
 104  232
 104  330
 104  312
 104  290
 104  315
 104  398
 105  321
 105  271
 105  253
 105  367
 105  249
 105  313
 105  317
 105  245
 105  398
 105  287
 106  302
 106  229
 106  269
 106  239
 106  256
 106  388
 106  268
 106  397
 106  347
 106  287
 107  276
 107  239
 107  267
 107  256
 107  207
 107  321
 107  331
 107  201
 107  270
 107  218
 108  299
 108  251
 108  308
 108  400
 108  234
 108  225
 108  317
 108  358
 108  378
 108  300
 109  206
 109  269
 109  378
 109  263
 109  315
 109  286
 109  337
 109  326
 109  205
 109  203
 110  330
 110  331
 110  257
 110  236
 110  276
 110  385
 110  231
 110  235
 110  271
 110  343
 111  343
 111  227
 111  349
 111  215
 111  396
 111  229
 111  250
 111  251
 111  209
 111  325
 112  258
 112  358
 112  289
 112  356
 112  343
 112  341
 112  346
 112  280
 112  380
 112  240
 113  247
 113  224
 113  291
 113  236
 113  295
 113  400
 113  218
 113  325
 113  280
 113  374
 114  338
 114  400
 114  320
 114  352
 114  376
 114  289
 114  237
 114  385
 114  203
 114  235
 115  214
 115  208
 115  268
 115  232
 115  285
 115  356
 115  349
 115  228
 115  373
 115  344
 116  339
 116  289
 116  336
 116  328
 116  202
 116  251
 116  206
 116  300
 116  238
 116  348
 117  303
 117  311
 117  277
 117  228
 117  225
 117  271
 117  253
 117  269
 117  241
 117  400
 118  322
 118  277
 118  374
 118  253
 118  246
 118  299
 118  386
 118  354
 118  209
 118  217
 119  379
 119  374
 119  229
 119  330
 119  380
 119  222
 119  318
 119  264
 119  329
 119  344
 120  373
 120  217
 120  354
 120  327
 120  339
 120  250
 120  216
 120  295
 120  289
 120  259
 121  393
 121  292
 121  386
 121  394
 121  221
 121  229
 121  366
 121  263
 121  305
 121  377
 122  385
 122  248
 122  353
 122  358
 122  292
 122  322
 122  335
 122  293
 122  377
 122  375
 123  203
 123  227
 123  375
 123  338
 123  383
 123  351
 123  370
 123  235
 123  328
 123  280
 124  268
 124  306
 124  204
 124  294
 124  378
 124  354
 124  377
 124  358
 124  287
 124  315
 125  288
 125  352
 125  207
 125  261
 125  260
 125  345
 125  285
 125  399
 125  213
 125  303
 126  331
 126  294
 126  323
 126  386
 126  206
 126  233
 126  213
 126  273
 126  324
 126  364
 127  320
 127  221
 127  272
 127  354
 127  399
 127  321
 127  322
 127  212
 127  371
 127  376
 128  281
 128  297
 128  260
 128  377
 128  205
 128  280
 128  278
 128  221
 128  250
 128  227
 129  243
 129  398
 129  329
 129  369
 129  311
 129  305
 129  237
 129  249
 129  319
 129  331
 130  273
 130  209
 130  205
 130  306
 130  309
 130  258
 130  238
 130  301
 130  275
 130  284
 131  394
 131  260
 131  357
 131  318
 131  355
 131  218
 131  297
 131  273
 131  340
 131  227
 132  318
 132  284
 132  330
 132  371
 132  390
 132  258
 132  217
 132  384
 132  341
 132  398
 133  375
 133  285
 133  274
 133  255
 133  276
 133  390
 133  208
 133  357
 133  312
 133  378
 134  326
 134  247
 134  361
 134  202
 134  375
 134  300
 134  351
 134  242
 134  275
 134  363
 135  286
 135  250
 135  208
 135  337
 135  284
 135  389
 135  247
 135  290
 135  332
 135  213
 136  352
 136  274
 136  244
 136  225
 136  247
 136  277
 136  294
 136  285
 136  392
 136  258
 137  311
 137  323
 137  312
 137  303
 137  315
 137  201
 137  348
 137  262
 137  342
 137  240
 138  362
 138  334
 138  386
 138  230
 138  299
 138  340
 138  277
 138  252
 138  315
 138  254
 139  304
 139  291
 139  278
 139  342
 139  272
 139  212
 139  388
 139  205
 139  280
 139  371
 140  215
 140  347
 140  360
 140  248
 140  314
 140  301
 140  328
 140  354
 140  299
 140  226
 141  327
 141  366
 141  211
 141  364
 141  349
 141  313
 141  387
 141  242
 141  232
 141  310
 142  384
 142  268
 142  215
 142  211
 142  279
 142  350
 142  334
 142  234
 142  393
 142  302
 143  215
 143  400
 143  209
 143  326
 143  350
 143  376
 143  304
 143  398
 143  389
 143  295
 144  283
 144  296
 144  381
 144  275
 144  206
 144  312
 144  248
 144  226
 144  314
 144  315
 145  351
 145  311
 145  397
 145  230
 145  319
 145  384
 145  383
 145  249
 145  223
 145  225
 146  269
 146  209
 146  223
 146  393
 146  337
 146  282
 146  286
 146  333
 146  234
 146  392
 147  288
 147  335
 147  314
 147  293
 147  279
 147  223
 147  286
 147  294
 147  282
 147  262
 148  211
 148  330
 148  317
 148  208
 148  337
 148  323
 148  299
 148  318
 148  221
 148  238
 149  324
 149  342
 149  274
 149  360
 149  370
 149  392
 149  394
 149  352
 149  332
 149  290
 150  310
 150  342
 150  394
 150  214
 150  245
 150  313
 150  221
 150  332
 150  390
 150  295
 151  204
 151  319
 151  358
 151  396
 151  382
 151  202
 151  318
 151  372
 151  274
 151  335
 152  358
 152  226
 152  253
 152  371
 152  228
 152  284
 152  392
 152  305
 152  318
 152  300
 153  384
 153  289
 153  347
 153  274
 153  312
 153  255
 153  311
 153  256
 153  258
 153  293
 154  394
 154  347
 154  272
 154  329
 154  269
 154  385
 154  245
 154  238
 154  302
 154  390
 155  325
 155  245
 155  385
 155  283
 155  349
 155  394
 155  228
 155  211
 155  369
 155  350
 156  369
 156  363
 156  388
 156  379
 156  294
 156  284
 156  330
 156  372
 156  270
 156  337
 157  297
 157  262
 157  334
 157  307
 157  278
 157  372
 157  237
 157  232
 157  216
 157  274
 158  291
 158  208
 158  232
 158  246
 158  258
 158  224
 158  379
 158  296
 158  308
 158  231
 159  205
 159  253
 159  218
 159  236
 159  364
 159  202
 159  306
 159  359
 159  295
 159  296
 160  345
 160  239
 160  372
 160  360
 160  288
 160  270
 160  361
 160  355
 160  213
 160  371
 161  225
 161  256
 161  303
 161  217
 161  206
 161  239
 161  209
 161  247
 161  274
 161  382
 162  316
 162  253
 162  246
 162  288
 162  270
 162  322
 162  341
 162  372
 162  382
 162  321
 163  388
 163  204
 163  382
 163  254
 163  295
 163  272
 163  312
 163  234
 163  383
 163  292
 164  322
 164  295
 164  281
 164  397
 164  288
 164  389
 164  310
 164  386
 164  350
 164  294
 165  334
 165  340
 165  253
 165  365
 165  295
 165  372
 165  283
 165  371
 165  244
 165  296
 166  366
 166  297
 166  252
 166  219
 166  314
 166  212
 166  316
 166  225
 166  326
 166  292
 167  236
 167  252
 167  336
 167  297
 167  391
 167  248
 167  311
 167  207
 167  355
 167  363
 168  382
 168  244
 168  396
 168  365
 168  265
 168  204
 168  205
 168  215
 168  359
 168  295
 169  214
 169  322
 169  325
 169  262
 169  255
 169  246
 169  292
 169  327
 169  253
 169  231
 170  252
 170  201
 170  244
 170  394
 170  202
 170  261
 170  316
 170  363
 170  230
 170  293
 171  381
 171  305
 171  355
 171  376
 171  291
 171  204
 171  333
 171  372
 171  255
 171  375
 172  210
 172  365
 172  248
 172  334
 172  345
 172  296
 172  277
 172  388
 172  219
 172  249
 173  261
 173  362
 173  268
 173  358
 173  290
 173  336
 173  393
 173  352
 173  347
 173  286
 174  297
 174  393
 174  232
 174  344
 174  281
 174  355
 174  235
 174  347
 174  321
 174  322
 175  359
 175  399
 175  313
 175  254
 175  355
 175  389
 175  371
 175  341
 175  229
 175  300
 176  366
 176  307
 176  252
 176  327
 176  333
 176  281
 176  362
 176  389
 176  339
 176  360
 177  248
 177  283
 177  326
 177  314
 177  387
 177  325
 177  393
 177  369
 177  290
 177  238
 178  336
 178  375
 178  382
 178  214
 178  244
 178  387
 178  322
 178  225
 178  379
 178  389
 179  340
 179  372
 179  291
 179  208
 179  210
 179  339
 179  357
 179  392
 179  215
 179  341
 180  229
 180  325
 180  215
 180  384
 180  283
 180  363
 180  246
 180  236
 180  291
 180  361
 181  363
 181  386
 181  228
 181  283
 181  369
 181  248
 181  212
 181  243
 181  361
 181  324
 182  229
 182  388
 182  215
 182  206
 182  219
 182  324
 182  255
 182  361
 182  288
 182  316
 183  235
 183  282
 183  281
 183  214
 183  243
 183  210
 183  371
 183  360
 183  369
 183  202
 184  314
 184  387
 184  302
 184  309
 184  255
 184  232
 184  219
 184  253
 184  384
 184  333
 185  208
 185  282
 185  309
 185  308
 185  391
 185  361
 185  212
 185  265
 185  397
 185  210
 186  230
 186  302
 186  352
 186  201
 186  391
 186  381
 186  231
 186  265
 186  288
 186  393
 187  231
 187  215
 187  316
 187  291
 187  217
 187  282
 187  232
 187  383
 187  374
 187  372
 188  204
 188  243
 188  369
 188  232
 188  238
 188  217
 188  255
 188  228
 188  333
 188  252
 189  214
 189  388
 189  201
 189  313
 189  231
 189  348
 189  230
 189  308
 189  290
 189  334
 190  206
 190  243
 190  324
 190  308
 190  372
 190  212
 190  265
 190  249
 190  344
 190  348
 191  219
 191  317
 191  316
 191  310
 191  325
 191  283
 191  341
 191  376
 191  254
 191  307
 192  244
 192  255
 192  282
 192  381
 192  397
 192  302
 192  212
 192  309
 192  348
 192  243
 193  310
 193  309
 193  391
 193  376
 193  252
 193  339
 193  397
 193  381
 193  286
 193  334
 194  361
 194  348
 194  255
 194  355
 194  235
 194  339
 194  313
 194  326
 194  324
 194  344
 195  316
 195  333
 195  357
 195  344
 195  388
 195  310
 195  399
 195  243
 195  252
 195  326
 196  393
 196  391
 196  307
 196  219
 196  313
 196  296
 196  339
 196  317
 196  327
 196  376
 197  313
 197  355
 197  333
 197  302
 197  265
 197  397
 197  286
 197  391
 197  352
 197  327
 198  307
 198  327
 198  352
 198  397
 198  357
 198  270
 198  376
 198  361
 198  288
 198  374
 199  397
 199  334
 199  324
 199  265
 199  243
 199  270
 199  344
 199  288
 199  391
 199  357
 200  324
 200  361
 200  265
 200  344
 200  391
 200  334
 200  288
 200  270
 200  257
 200  339
