 150  150     450
   1  153
   1  211
   1  256
   2  237
   2  201
   2  261
   3  238
   3  168
   3  162
   4  274
   4  229
   4  249
   5  186
   5  278
   5  276
   6  168
   6  294
   6  167
   7  200
   7  237
   7  161
   8  255
   8  194
   8  204
   9  155
   9  205
   9  215
  10  250
  10  265
  10  256
  11  247
  11  194
  11  204
  12  228
  12  197
  12  162
  13  161
  13  225
  13  261
  14  173
  14  175
  14  181
  15  222
  15  298
  15  199
  16  294
  16  169
  16  200
  17  274
  17  172
  17  286
  18  274
  18  236
  18  201
  19  250
  19  169
  19  247
  20  223
  20  176
  20  244
  21  157
  21  233
  21  175
  22  182
  22  196
  22  276
  23  246
  23  254
  23  280
  24  291
  24  167
  24  290
  25  292
  25  212
  25  243
  26  219
  26  269
  26  168
  27  249
  27  225
  27  185
  28  252
  28  191
  28  214
  29  175
  29  220
  29  242
  30  153
  30  267
  30  193
  31  208
  31  280
  31  195
  32  152
  32  223
  32  240
  33  159
  33  155
  33  251
  34  213
  34  159
  34  177
  35  191
  35  167
  35  199
  36  266
  36  259
  36  292
  37  162
  37  286
  37  215
  38  216
  38  271
  38  166
  39  156
  39  273
  39  174
  40  288
  40  191
  40  285
  41  190
  41  209
  41  245
  42  246
  42  257
  42  282
  43  287
  43  194
  43  298
  44  229
  44  292
  44  197
  45  178
  45  195
  45  247
  46  279
  46  276
  46  174
  47  193
  47  223
  47  262
  48  272
  48  237
  48  257
  49  271
  49  291
  49  187
  50  209
  50  286
  50  245
  51  224
  51  213
  51  161
  52  152
  52  267
  52  273
  53  290
  53  174
  53  270
  54  157
  54  287
  54  165
  55  299
  55  298
  55  254
  56  207
  56  164
  56  257
  57  296
  57  252
  57  176
  58  244
  58  273
  58  190
  59  195
  59  170
  59  173
  60  233
  60  238
  60  190
  61  233
  61  210
  61  200
  62  283
  62  297
  62  155
  63  224
  63  218
  63  154
  64  222
  64  277
  64  152
  65  172
  65  265
  65  180
  66  178
  66  156
  66  172
  67  186
  67  188
  67  176
  68  151
  68  203
  68  232
  69  246
  69  282
  69  277
  70  250
  70  264
  70  151
  71  216
  71  209
  71  219
  72  229
  72  279
  72  196
  73  188
  73  272
  73  204
  74  186
  74  227
  74  264
  75  205
  75  199
  75  264
  76  271
  76  179
  76  289
  77  221
  77  218
  77  236
  78  285
  78  277
  78  181
  79  254
  79  288
  79  210
  80  153
  80  248
  80  160
  81  291
  81  299
  81  294
  82  171
  82  193
  82  218
  83  275
  83  243
  83  157
  84  293
  84  164
  84  240
  85  259
  85  214
  85  206
  86  256
  86  244
  86  297
  87  290
  87  178
  87  182
  88  258
  88  203
  88  179
  89  181
  89  222
  89  258
  90  282
  90  214
  90  260
  91  259
  91  189
  91  269
  92  170
  92  283
  92  179
  93  187
  93  202
  93  163
  94  182
  94  249
  94  265
  95  253
  95  278
  95  236
  96  166
  96  297
  96  280
  97  255
  97  202
  97  210
  98  288
  98  207
  98  296
  99  169
  99  281
  99  248
 100  232
 100  267
 100  217
 101  220
 101  269
 101  173
 102  287
 102  206
 102  245
 103  272
 103  206
 103  238
 104  166
 104  243
 104  219
 105  251
 105  158
 105  185
 106  202
 106  158
 106  183
 107  281
 107  201
 107  232
 108  263
 108  251
 108  275
 109  159
 109  296
 109  203
 110  216
 110  164
 110  284
 111  275
 111  279
 111  289
 112  207
 112  231
 112  220
 113  240
 113  263
 113  221
 114  235
 114  278
 114  255
 115  263
 115  192
 115  156
 116  165
 116  226
 116  160
 117  154
 117  253
 117  268
 118  266
 118  281
 118  248
 119  266
 119  197
 119  180
 120  224
 120  154
 120  192
 121  183
 121  283
 121  227
 122  293
 122  171
 122  231
 123  160
 123  289
 123  252
 124  258
 124  234
 124  241
 125  268
 125  230
 125  253
 126  171
 126  187
 126  235
 127  185
 127  300
 127  165
 128  192
 128  163
 128  177
 129  268
 129  205
 129  270
 130  188
 130  299
 130  208
 131  163
 131  235
 131  215
 132  227
 132  184
 132  234
 133  239
 133  228
 133  234
 134  230
 134  177
 134  189
 135  262
 135  228
 135  285
 136  230
 136  221
 136  300
 137  242
 137  151
 137  184
 138  189
 138  262
 138  198
 139  260
 139  284
 139  158
 140  293
 140  211
 140  284
 141  217
 141  225
 141  300
 142  239
 142  211
 142  184
 143  226
 143  241
 143  260
 144  261
 144  242
 144  226
 145  217
 145  270
 145  213
 146  295
 146  198
 146  183
 147  239
 147  180
 147  241
 148  295
 148  208
 148  231
 149  170
 149  212
 149  198
 150  196
 150  212
 150  295
