 500  500    5000
   1  515
   1  857
   1  915
   1  989
   1  866
   1  751
   1  962
   1  604
   1  911
   1  687
   2  676
   2  762
   2  630
   2  513
   2  535
   2  601
   2  596
   2  970
   2  989
   2  694
   3  583
   3  976
   3  571
   3  685
   3  716
   3  886
   3  935
   3  692
   3  783
   3  588
   4  859
   4  813
   4  543
   4  756
   4  701
   4  743
   4  675
   4  924
   4  644
   4  520
   5  557
   5  686
   5  994
   5  513
   5  680
   5  684
   5  786
   5  690
   5  826
   5  669
   6  894
   6  874
   6  635
   6  960
   6  598
   6  616
   6  892
   6  571
   6  857
   6  885
   7  716
   7  755
   7  601
   7  939
   7  878
   7  919
   7  979
   7  622
   7  767
   7  682
   8  580
   8  879
   8  553
   8  932
   8  689
   8  887
   8  911
   8  681
   8  528
   8  863
   9  711
   9  750
   9  838
   9  640
   9  737
   9  853
   9  965
   9  636
   9  973
   9  952
  10  523
  10  539
  10  584
  10  710
  10  589
  10  865
  10  913
  10  955
  10  944
  10  647
  11  901
  11  918
  11  603
  11  844
  11  570
  11  944
  11  616
  11  656
  11  533
  11  669
  12  556
  12  665
  12  557
  12  532
  12  529
  12  951
  12  938
  12  579
  12  512
  12  764
  13  608
  13  682
  13  641
  13  656
  13  541
  13  976
  13  714
  13  651
  13  672
  13  631
  14  986
  14  696
  14  705
  14  770
  14  525
  14  617
  14  760
  14  930
  14  702
  14  993
  15  700
  15  952
  15  832
  15  599
  15  605
  15  743
  15  924
  15  788
  15  571
  15  649
  16  610
  16  839
  16  501
  16  643
  16  847
  16  553
  16  779
  16  622
  16  762
  16  515
  17  567
  17  651
  17  525
  17  580
  17  999
  17  597
  17  570
  17  589
  17  745
  17  592
  18  894
  18  961
  18  705
  18 1000
  18  634
  18  588
  18  870
  18  573
  18  717
  18  672
  19  781
  19  551
  19  720
  19  514
  19  539
  19  772
  19  968
  19  725
  19  856
  19  841
  20  709
  20  950
  20  529
  20  922
  20  861
  20  879
  20  546
  20  539
  20  659
  20  743
  21  629
  21  950
  21  644
  21  776
  21  811
  21  559
  21  628
  21  889
  21  508
  21  716
  22  516
  22  882
  22  716
  22  789
  22  650
  22  763
  22  752
  22  638
  22  792
  22  897
  23  885
  23  739
  23  778
  23  553
  23  590
  23  954
  23  622
  23  593
  23  759
  23  726
  24  793
  24  701
  24  603
  24  874
  24  876
  24  759
  24  805
  24  744
  24  732
  24  812
  25  520
  25  904
  25  693
  25  903
  25  679
  25  792
  25  835
  25  849
  25  632
  25  547
  26  619
  26  653
  26  930
  26  628
  26  712
  26  530
  26  926
  26  885
  26  988
  26  881
  27  626
  27  647
  27  798
  27  707
  27  640
  27  906
  27  648
  27  574
  27  928
  27  876
  28  537
  28  858
  28  620
  28  757
  28  623
  28  627
  28  786
  28  558
  28  929
  28  638
  29  685
  29  780
  29  724
  29  528
  29  941
  29  990
  29  584
  29  628
  29  697
  29  702
  30  722
  30  614
  30  815
  30  606
  30  782
  30  546
  30  751
  30  585
  30  837
  30  564
  31  785
  31  701
  31  534
  31  664
  31  681
  31  942
  31  884
  31  956
  31  750
  31  805
  32  580
  32  875
  32  915
  32  679
  32  596
  32  967
  32  805
  32  601
  32  652
  32  750
  33  605
  33  534
  33  683
  33  995
  33  997
  33  931
  33  672
  33  863
  33  753
  33  706
  34  754
  34  643
  34  752
  34  830
  34  920
  34  814
  34  781
  34  512
  34  796
  34  832
  35  791
  35  606
  35  585
  35  926
  35  523
  35  607
  35  841
  35  971
  35  691
  35  805
  36  691
  36  881
  36  696
  36  614
  36  618
  36  951
  36  520
  36  549
  36  915
  36  889
  37  751
  37  615
  37  579
  37  638
  37  510
  37  979
  37  862
  37  762
  37  974
  37  594
  38  612
  38  720
  38  879
  38  779
  38  787
  38  916
  38  610
  38  680
  38  740
  38  650
  39  578
  39  573
  39  614
  39  639
  39  899
  39  916
  39  646
  39  858
  39  863
  39  955
  40  917
  40  875
  40  698
  40  923
  40  796
  40  646
  40  672
  40  866
  40  691
  40  855
  41  940
  41  607
  41  744
  41  686
  41  949
  41  676
  41  847
  41  871
  41  534
  41  768
  42  532
  42  899
  42  918
  42  690
  42  676
  42  948
  42  825
  42  890
  42  538
  42  550
  43  856
  43  511
  43  603
  43  697
  43  640
  43  660
  43  713
  43  736
  43  783
  43  659
  44  839
  44  774
  44  582
  44  525
  44  942
  44  684
  44  683
  44  567
  44  571
  44  722
  45  683
  45  751
  45  983
  45  947
  45  997
  45  866
  45  891
  45  552
  45  904
  45  672
  46  780
  46  817
  46  657
  46  961
  46  682
  46  768
  46  581
  46  576
  46  627
  46  752
  47  937
  47  767
  47  943
  47  952
  47  677
  47  641
  47  890
  47  757
  47  916
  47  891
  48  855
  48  587
  48  967
  48  634
  48  595
  48  592
  48  884
  48  788
  48  857
  48  978
  49  706
  49  877
  49  729
  49  631
  49  692
  49  639
  49  960
  49  912
  49  697
  49  931
  50  667
  50  640
  50  785
  50  684
  50  528
  50  635
  50  594
  50  832
  50  966
  50  679
  51  536
  51  542
  51  738
  51  636
  51  985
  51  527
  51  659
  51  913
  51  838
  51  872
  52  959
  52  871
  52  502
  52  701
  52  822
  52  886
  52  661
  52  576
  52  818
  52  964
  53  964
  53  808
  53  557
  53  920
  53  666
  53  767
  53  886
  53  675
  53  713
  53  723
  54  645
  54  924
  54  524
  54  571
  54  900
  54  973
  54  559
  54  893
  54  511
  54  667
  55  971
  55  800
  55  966
  55  752
  55  619
  55  848
  55  821
  55  900
  55  612
  55  636
  56  959
  56  957
  56  990
  56  721
  56  833
  56  895
  56  837
  56  714
  56  587
  56  610
  57  527
  57  808
  57  810
  57  926
  57  648
  57  992
  57  687
  57  845
  57  938
  57  940
  58  873
  58  789
  58  751
  58  778
  58  829
  58  524
  58  902
  58  532
  58  872
  58  630
  59  616
  59  525
  59  572
  59  985
  59  978
  59  561
  59  692
  59  626
  59  852
  59  992
  60  582
  60  958
  60  528
  60  910
  60  982
  60  969
  60  552
  60  738
  60  724
  60  531
  61  669
  61  839
  61  871
  61  963
  61  586
  61  866
  61  886
  61  682
  61  678
  61  714
  62  769
  62  855
  62  920
  62  773
  62  609
  62  518
  62  809
  62  965
  62  511
  62  653
  63  910
  63  929
  63  578
  63  833
  63  551
  63  511
  63  840
  63  975
  63  917
  63  669
  64  592
  64  623
  64  777
  64  939
  64  663
  64  771
  64  952
  64  717
  64  697
  64  548
  65  572
  65  624
  65  587
  65  769
  65  952
  65  869
  65  872
  65  659
  65  666
  65  686
  66  519
  66  537
  66  741
  66  643
  66  539
  66  540
  66  956
  66  764
  66  853
  66  850
  67  968
  67  657
  67  707
  67  601
  67  679
  67  526
  67  753
  67  907
  67  983
  67  501
  68  662
  68  847
  68  622
  68  503
  68  659
  68  844
  68  968
  68  661
  68  786
  68  687
  69  637
  69  908
  69  956
  69  944
  69  913
  69  649
  69  676
  69  667
  69  740
  69  611
  70  978
  70  969
  70  628
  70  956
  70  846
  70  913
  70  662
  70  547
  70  719
  70  773
  71  547
  71  586
  71  646
  71  583
  71  701
  71  639
  71  860
  71  817
  71  657
  71  792
  72  566
  72  974
  72  917
  72  927
  72  987
  72  872
  72  671
  72  825
  72  870
  72  760
  73  587
  73  803
  73  915
  73  703
  73  565
  73  699
  73  631
  73  521
  73  728
  73  626
  74  524
  74  735
  74  777
  74  734
  74  756
  74  944
  74  883
  74  673
  74  575
  74  554
  75  936
  75  858
  75  544
  75  971
  75  930
  75  711
  75  997
  75  645
  75  795
  75  670
  76  901
  76  978
  76  801
  76  764
  76  541
  76  519
  76  728
  76  768
  76  739
  76  596
  77  778
  77  983
  77  754
  77  622
  77  797
  77  972
  77  966
  77  704
  77  862
  77  616
  78  568
  78  570
  78  571
  78  766
  78  937
  78  759
  78  926
  78  846
  78  880
  78  782
  79  930
  79  960
  79  669
  79  706
  79  552
  79  954
  79  974
  79  603
  79  967
  79  553
  80  990
  80  762
  80  899
  80  777
  80  634
  80  785
  80  751
  80  795
  80  604
  80  626
  81  711
  81  568
  81  957
  81  656
  81  628
  81  876
  81  834
  81  622
  81  944
  81  921
  82  950
  82  943
  82  916
  82  875
  82  957
  82  546
  82  767
  82  910
  82  900
  82  773
  83  771
  83  974
  83  726
  83  646
  83  656
  83  989
  83  995
  83  741
  83  984
  83  583
  84  518
  84  941
  84  504
  84  895
  84  887
  84  806
  84  728
  84  955
  84  629
  84  637
  85  833
  85  939
  85  891
  85  927
  85  887
  85  677
  85  691
  85  642
  85  542
  85  608
  86  849
  86  642
  86  772
  86  779
  86  939
  86  803
  86  521
  86  920
  86  902
  86  552
  87  779
  87  664
  87  598
  87  832
  87  919
  87  990
  87  882
  87  577
  87  529
  87  740
  88  973
  88  670
  88  664
  88  650
  88  642
  88  987
  88  942
  88  722
  88  540
  88  898
  89  789
  89  908
  89  623
  89  833
  89  926
  89  779
  89  919
  89  987
  89  739
  89  841
  90  672
  90  922
  90  778
  90  734
  90  747
  90  759
  90  870
  90  630
  90  679
  90  600
  91  789
  91  769
  91  650
  91  977
  91  942
  91  557
  91  633
  91  693
  91  579
  91  921
  92  509
  92  798
  92  795
  92  836
  92  926
  92  736
  92  833
  92  691
  92  646
  92  848
  93  692
  93  741
  93  608
  93  898
  93  863
  93  956
  93  516
  93  777
  93  575
  93  930
  94  651
  94  909
  94  991
  94  983
  94  513
  94  610
  94  929
  94  584
  94  850
  94  950
  95  750
  95  558
  95  757
  95  700
  95  653
  95  623
  95  581
  95  823
  95  785
  95  896
  96  981
  96  974
  96  994
  96  640
  96  754
  96  773
  96  615
  96  932
  96  883
  96  885
  97  952
  97  753
  97  774
  97  766
  97  542
  97  750
  97  712
  97  940
  97  719
  97  515
  98  804
  98  805
  98  775
  98  896
  98  798
  98  732
  98  616
  98  682
  98  814
  98  708
  99  790
  99  564
  99  988
  99  909
  99  550
  99  923
  99  677
  99  691
  99  797
  99  525
 100  802
 100  952
 100  571
 100  943
 100  773
 100  936
 100  946
 100  853
 100  818
 100  714
 101  647
 101  753
 101  507
 101  518
 101  900
 101  741
 101  873
 101  885
 101  838
 101  798
 102  712
 102  735
 102  819
 102  973
 102  945
 102  921
 102  997
 102  977
 102  666
 102  511
 103  574
 103  791
 103  778
 103  980
 103  577
 103  528
 103  519
 103  931
 103  875
 103  982
 104  854
 104  758
 104  750
 104  814
 104  959
 104  829
 104  563
 104  819
 104  872
 104  955
 105  985
 105  634
 105  697
 105  821
 105  539
 105  902
 105  679
 105  704
 105  556
 105  819
 106  598
 106  973
 106  862
 106  781
 106  724
 106  771
 106  826
 106  772
 106  978
 106  774
 107  707
 107  744
 107  615
 107  616
 107  966
 107  761
 107  978
 107  964
 107  695
 107  930
 108  839
 108  895
 108  744
 108  590
 108  692
 108  647
 108  743
 108  615
 108  711
 108  938
 109  840
 109  669
 109  615
 109  756
 109  585
 109  863
 109  808
 109  951
 109  732
 109  638
 110  578
 110  895
 110  974
 110  917
 110  948
 110  846
 110  592
 110  912
 110  727
 110  793
 111  774
 111  584
 111  786
 111  817
 111  826
 111  687
 111  564
 111  621
 111  912
 111  918
 112  690
 112  600
 112  940
 112  714
 112  683
 112  601
 112  986
 112  694
 112  847
 112  748
 113  694
 113  895
 113  713
 113  980
 113  674
 113  714
 113  959
 113  806
 113  810
 113  884
 114  611
 114  907
 114  896
 114  890
 114  678
 114  954
 114  629
 114  847
 114  555
 114  996
 115  634
 115  584
 115  677
 115  906
 115  644
 115  985
 115  902
 115  941
 115  509
 115  704
 116  703
 116  779
 116  785
 116  880
 116  886
 116  562
 116  841
 116  670
 116  554
 116  934
 117  817
 117  825
 117  982
 117  543
 117  717
 117  752
 117  858
 117  737
 117  946
 117  950
 118  611
 118  735
 118  605
 118  553
 118  924
 118  967
 118  653
 118  523
 118  738
 118  508
 119  860
 119  658
 119  943
 119  760
 119  741
 119  736
 119  887
 119  550
 119  711
 119  642
 120  933
 120  886
 120  860
 120  959
 120  958
 120  632
 120  859
 120  543
 120  902
 120  818
 121  931
 121  701
 121  962
 121  801
 121  685
 121  558
 121  881
 121  865
 121  851
 121  869
 122  689
 122  986
 122  565
 122  596
 122  976
 122  966
 122  992
 122  558
 122  557
 122  554
 123  886
 123  807
 123  708
 123  826
 123  702
 123  517
 123  931
 123  870
 123  669
 123  598
 124  612
 124  575
 124  684
 124  748
 124  872
 124  963
 124  588
 124  981
 124  573
 124  509
 125  675
 125  607
 125  600
 125  800
 125  545
 125  752
 125  860
 125  542
 125  530
 125  942
 126  826
 126  975
 126  909
 126  822
 126  782
 126  678
 126  788
 126  772
 126  868
 126  694
 127  992
 127  642
 127  536
 127  835
 127  723
 127  847
 127  890
 127  879
 127  570
 127  699
 128  973
 128  821
 128  646
 128  600
 128  631
 128  685
 128  974
 128  860
 128  813
 128  636
 129  876
 129  819
 129  872
 129  798
 129  641
 129  939
 129  509
 129  653
 129  883
 129  628
 130  585
 130  566
 130  972
 130  866
 130  610
 130  647
 130  684
 130  690
 130  537
 130  526
 131  828
 131  744
 131  621
 131  868
 131  958
 131  587
 131  876
 131  863
 131  532
 131  525
 132  828
 132  933
 132  983
 132  765
 132  756
 132  552
 132  606
 132  716
 132  592
 132  927
 133  880
 133  664
 133  567
 133  697
 133  789
 133  523
 133  910
 133  916
 133  730
 133  561
 134  668
 134  834
 134  517
 134  716
 134  516
 134  710
 134  986
 134  748
 134  849
 134  906
 135  608
 135  704
 135  538
 135  938
 135  962
 135  797
 135  502
 135  583
 135  995
 135  511
 136  982
 136  568
 136  664
 136  532
 136  828
 136  581
 136  973
 136  939
 136  652
 136  853
 137  670
 137  520
 137  673
 137  967
 137  578
 137  655
 137  518
 137  932
 137  639
 137  658
 138  836
 138  784
 138  926
 138  795
 138  804
 138  662
 138  665
 138  650
 138  645
 138  777
 139  762
 139  624
 139  707
 139  775
 139  792
 139  909
 139  715
 139  729
 139  908
 139  541
 140  727
 140  866
 140  988
 140  696
 140  929
 140  554
 140  691
 140  503
 140  920
 140  995
 141  757
 141  805
 141  569
 141  781
 141  553
 141  922
 141  931
 141  836
 141  983
 141  800
 142  811
 142  906
 142  629
 142  641
 142  949
 142  648
 142  532
 142  816
 142  745
 142  539
 143  706
 143  650
 143  524
 143  688
 143  909
 143  625
 143  615
 143  739
 143  989
 143  588
 144  802
 144  941
 144  760
 144  693
 144  612
 144  791
 144  898
 144  953
 144  857
 144  720
 145  647
 145  816
 145  610
 145  862
 145  612
 145  775
 145  884
 145  773
 145  675
 145  680
 146  806
 146  888
 146  907
 146  942
 146  906
 146  578
 146  896
 146  535
 146  669
 146  830
 147  914
 147  921
 147  849
 147  524
 147  568
 147  612
 147  892
 147  944
 147  910
 147  736
 148  937
 148  794
 148  670
 148  520
 148  616
 148  950
 148  593
 148  639
 148  697
 148  788
 149  761
 149  764
 149  834
 149  623
 149  767
 149  619
 149  688
 149  835
 149  566
 149  815
 150  603
 150  687
 150  699
 150  883
 150  971
 150  731
 150  692
 150  956
 150  743
 150  602
 151  625
 151  863
 151  777
 151  644
 151  691
 151  544
 151  790
 151  754
 151  517
 151  945
 152  532
 152  690
 152  803
 152  810
 152  809
 152  696
 152  986
 152  759
 152  974
 152  907
 153  581
 153  570
 153  713
 153  531
 153  799
 153  812
 153  693
 153  678
 153  771
 153  908
 154  760
 154  538
 154  699
 154  944
 154  714
 154  734
 154  786
 154  820
 154  640
 154  635
 155  836
 155  895
 155  807
 155  964
 155  720
 155  621
 155  869
 155  894
 155  774
 155  872
 156  773
 156  763
 156  542
 156  920
 156  926
 156  757
 156  844
 156  878
 156  529
 156  664
 157  976
 157  875
 157  784
 157  534
 157  711
 157  826
 157  987
 157  589
 157  988
 157  758
 158  797
 158  965
 158  938
 158  910
 158  839
 158  618
 158  895
 158  728
 158  509
 158  563
 159  886
 159  921
 159  806
 159  737
 159  753
 159  785
 159  554
 159  548
 159  986
 159  739
 160  978
 160  988
 160  720
 160  856
 160  767
 160  904
 160  982
 160  637
 160  919
 160  902
 161  611
 161  706
 161  866
 161  752
 161  742
 161  952
 161  774
 161  614
 161  703
 161  656
 162  764
 162  808
 162  844
 162  956
 162  838
 162  834
 162  983
 162  801
 162  595
 162  578
 163  700
 163  722
 163  779
 163  526
 163  567
 163  584
 163  744
 163  816
 163  914
 163  727
 164  972
 164  523
 164  708
 164  606
 164  776
 164  740
 164  920
 164  646
 164  898
 164  687
 165  588
 165  758
 165  858
 165  703
 165  887
 165  884
 165  600
 165  878
 165  760
 165  665
 166  501
 166  698
 166  881
 166  900
 166  827
 166  680
 166  756
 166  787
 166  948
 166  503
 167  861
 167  987
 167  634
 167  512
 167  759
 167  727
 167  738
 167  873
 167  559
 167  882
 168  971
 168  908
 168  747
 168  681
 168  828
 168  739
 168  788
 168  726
 168  592
 168  968
 169  955
 169  547
 169  526
 169  993
 169  531
 169  550
 169  808
 169  617
 169  802
 169  647
 170  930
 170  877
 170  569
 170  914
 170  913
 170  530
 170  776
 170  670
 170  624
 170  507
 171  668
 171  894
 171  874
 171  659
 171  937
 171  641
 171  980
 171  982
 171  666
 171  868
 172  890
 172  841
 172  915
 172  622
 172  956
 172  873
 172  831
 172  930
 172  931
 172  845
 173  759
 173  609
 173  867
 173  501
 173  966
 173  833
 173  653
 173  649
 173  995
 173  893
 174  575
 174  791
 174  562
 174  910
 174  891
 174  832
 174  961
 174  770
 174  577
 174  872
 175  926
 175  952
 175  715
 175  916
 175  968
 175  857
 175  841
 175  686
 175  553
 175  569
 176  602
 176  546
 176  522
 176  980
 176  640
 176  624
 176  591
 176  807
 176  801
 176  628
 177  553
 177  770
 177  636
 177  747
 177  941
 177  649
 177  825
 177  811
 177  684
 177  601
 178  867
 178  950
 178  952
 178  796
 178  962
 178  753
 178  555
 178  971
 178  811
 178  711
 179  796
 179  956
 179  641
 179  607
 179  824
 179  698
 179  531
 179  690
 179  940
 179  994
 180  766
 180  954
 180  828
 180  938
 180  629
 180  865
 180  827
 180  555
 180  736
 180  643
 181  828
 181  995
 181  966
 181  975
 181  630
 181  931
 181  885
 181  557
 181  520
 181  613
 182  666
 182  751
 182  768
 182  852
 182  950
 182  663
 182  724
 182  841
 182  920
 182  803
 183  560
 183  932
 183  980
 183  691
 183  722
 183  693
 183  847
 183  913
 183  828
 183  889
 184  917
 184  688
 184  733
 184  791
 184  534
 184  658
 184  920
 184  616
 184  574
 184  746
 185  651
 185  768
 185  654
 185  820
 185  876
 185  821
 185  694
 185  687
 185  615
 185  634
 186  899
 186  695
 186  877
 186  636
 186  557
 186  661
 186  834
 186  996
 186  595
 186  854
 187  594
 187  553
 187  857
 187  534
 187  507
 187  710
 187  590
 187  716
 187  879
 187  638
 188  536
 188  788
 188  869
 188  817
 188  730
 188  521
 188  994
 188  903
 188  614
 188  847
 189  855
 189  983
 189  608
 189  539
 189  664
 189  724
 189  751
 189  926
 189  993
 189  924
 190  761
 190  834
 190  719
 190  551
 190  507
 190  655
 190  531
 190  841
 190  972
 190  814
 191  554
 191  506
 191  751
 191  859
 191  668
 191  507
 191  907
 191  621
 191  962
 191  607
 192  514
 192  911
 192  945
 192  932
 192  877
 192  818
 192  694
 192  762
 192  983
 192  652
 193  938
 193  745
 193  577
 193  564
 193  833
 193  615
 193  945
 193  809
 193  943
 193  989
 194  744
 194  965
 194  516
 194  668
 194  645
 194  958
 194  701
 194  946
 194  640
 194  970
 195  753
 195  973
 195  594
 195  535
 195  751
 195  961
 195  635
 195  590
 195  636
 195  540
 196  579
 196  827
 196  865
 196  551
 196  534
 196  710
 196  745
 196  589
 196  709
 196  573
 197  551
 197  912
 197  744
 197  543
 197  725
 197  708
 197  585
 197  922
 197  702
 197  519
 198  542
 198  763
 198  754
 198  618
 198  688
 198  964
 198  696
 198  903
 198  897
 198  661
 199  677
 199  520
 199  731
 199  985
 199  811
 199  836
 199  888
 199  808
 199  921
 199  724
 200  645
 200  598
 200  660
 200  538
 200  742
 200  713
 200  875
 200  535
 200  565
 200  725
 201  623
 201  868
 201  567
 201  693
 201  760
 201  893
 201  697
 201  595
 201  637
 201  869
 202  818
 202  721
 202  931
 202  810
 202  785
 202  525
 202  957
 202  843
 202  660
 202  725
 203  630
 203  704
 203  849
 203  561
 203  982
 203  823
 203  546
 203 1000
 203  569
 203  553
 204  773
 204  539
 204  567
 204  622
 204  842
 204  736
 204  757
 204  660
 204  501
 204  648
 205  823
 205  900
 205  791
 205  643
 205  559
 205  971
 205  990
 205  790
 205  774
 205  989
 206  810
 206  983
 206  953
 206  736
 206  572
 206  962
 206  518
 206  987
 206  724
 206  658
 207  601
 207  579
 207  692
 207  782
 207  798
 207  835
 207  521
 207  736
 207  888
 207  527
 208  794
 208  640
 208  939
 208  598
 208  984
 208  632
 208  628
 208  656
 208  956
 208  654
 209  839
 209  857
 209  665
 209  978
 209  896
 209  799
 209  932
 209  911
 209  720
 209  705
 210  670
 210  991
 210  886
 210  928
 210  624
 210  576
 210  988
 210  659
 210  957
 210  644
 211  885
 211  903
 211  660
 211  528
 211  535
 211  922
 211  987
 211  967
 211  852
 211  782
 212  543
 212  679
 212  893
 212  713
 212  585
 212  601
 212  538
 212  975
 212  603
 212  770
 213  982
 213  907
 213  740
 213  585
 213  715
 213  945
 213  549
 213  564
 213  957
 213  937
 214  957
 214  635
 214  578
 214  804
 214  882
 214  979
 214  915
 214  903
 214  595
 214  569
 215  700
 215  806
 215  901
 215  639
 215  607
 215  977
 215  749
 215  571
 215  763
 215  715
 216  943
 216  927
 216  716
 216  574
 216  602
 216  537
 216  795
 216  891
 216  784
 216  566
 217  681
 217  936
 217  869
 217  806
 217  762
 217  749
 217  672
 217  695
 217  824
 217  846
 218  517
 218  972
 218  643
 218  764
 218  683
 218  799
 218  613
 218  975
 218  615
 218  999
 219  644
 219  525
 219  792
 219  871
 219  667
 219  891
 219  961
 219  590
 219  622
 219  559
 220  834
 220  733
 220  668
 220  771
 220  763
 220  676
 220  516
 220  800
 220  933
 220  904
 221  824
 221  542
 221  504
 221  776
 221  739
 221  579
 221  578
 221  545
 221  841
 221  712
 222  793
 222  691
 222  841
 222  703
 222  561
 222  544
 222  510
 222  545
 222  627
 222  708
 223  713
 223  929
 223  805
 223  615
 223  720
 223  532
 223  570
 223  756
 223  877
 223  545
 224  683
 224  619
 224  749
 224  632
 224  648
 224  879
 224  822
 224  842
 224  959
 224  767
 225  842
 225  598
 225  783
 225  961
 225  905
 225  799
 225  949
 225  899
 225  886
 225  565
 226  978
 226  815
 226  712
 226  738
 226  586
 226  650
 226  561
 226  667
 226  592
 226  825
 227  623
 227  889
 227  545
 227  642
 227  596
 227  866
 227  572
 227  833
 227  675
 227  868
 228  982
 228  723
 228  564
 228  597
 228  569
 228  677
 228  636
 228  584
 228  532
 228  799
 229  660
 229  717
 229  642
 229  991
 229  684
 229  528
 229  740
 229  908
 229  598
 229  539
 230  784
 230  626
 230  762
 230  881
 230  534
 230  692
 230  501
 230  721
 230  567
 230  537
 231  657
 231  784
 231  633
 231  660
 231  676
 231  522
 231  927
 231  536
 231  540
 231  887
 232  931
 232  584
 232  505
 232  861
 232  933
 232  958
 232  567
 232  609
 232  994
 232  777
 233  575
 233  967
 233  703
 233  768
 233  797
 233  529
 233  602
 233  718
 233  583
 233  507
 234  668
 234  571
 234  505
 234  814
 234  604
 234  608
 234  914
 234  837
 234  963
 234  735
 235  878
 235  502
 235  710
 235  579
 235  967
 235  715
 235  609
 235  664
 235  573
 235  505
 236  829
 236  806
 236  860
 236  717
 236  832
 236  644
 236  725
 236  771
 236  782
 236  775
 237  515
 237  981
 237  628
 237  954
 237  676
 237  612
 237  597
 237  529
 237  666
 237  900
 238  845
 238  746
 238  865
 238  781
 238  622
 238  694
 238  546
 238  637
 238  882
 238  665
 239  736
 239  747
 239  649
 239  933
 239  981
 239  854
 239  659
 239  853
 239  943
 239  749
 240  505
 240  957
 240  543
 240  801
 240  840
 240  932
 240  504
 240  880
 240  867
 240  825
 241  935
 241  668
 241  714
 241  805
 241  994
 241  930
 241  862
 241  567
 241  574
 241  819
 242  676
 242  851
 242  937
 242  947
 242  590
 242  659
 242  523
 242  671
 242  968
 242  529
 243  740
 243  633
 243  552
 243  555
 243  517
 243  868
 243  860
 243  511
 243  808
 243  946
 244  986
 244  609
 244  818
 244  772
 244  913
 244  541
 244  536
 244  845
 244  628
 244  759
 245  562
 245  972
 245  583
 245  770
 245  923
 245  575
 245  585
 245  917
 245  509
 245  728
 246  578
 246  569
 246  920
 246  935
 246  845
 246  783
 246  672
 246  568
 246  862
 246  832
 247  607
 247  541
 247  596
 247  655
 247  680
 247  955
 247  589
 247  540
 247  587
 247  561
 248  981
 248  802
 248  747
 248  919
 248  664
 248  676
 248  637
 248  703
 248  761
 248  710
 249  754
 249  773
 249  543
 249  962
 249  736
 249  695
 249  532
 249  863
 249  959
 249  559
 250  541
 250  992
 250  743
 250  629
 250  653
 250  808
 250  875
 250  937
 250  529
 250  729
 251  557
 251  516
 251  578
 251  584
 251  782
 251  598
 251  869
 251  916
 251  912
 251  660
 252  772
 252  705
 252  830
 252  951
 252  969
 252  866
 252  660
 252  899
 252  993
 252  769
 253  806
 253  531
 253  992
 253  779
 253  986
 253  902
 253  536
 253  998
 253  774
 253  504
 254  541
 254  850
 254  614
 254  924
 254  825
 254  919
 254  725
 254  748
 254  866
 254  706
 255  650
 255  724
 255  898
 255  746
 255  545
 255  503
 255  608
 255  689
 255  568
 255  560
 256  626
 256  526
 256  755
 256  867
 256  716
 256  991
 256  689
 256  581
 256  907
 256  939
 257  847
 257  912
 257  994
 257  530
 257  845
 257  823
 257  839
 257  710
 257  725
 257  966
 258  620
 258  566
 258  677
 258  558
 258  594
 258  719
 258  915
 258  515
 258  599
 258  911
 259  851
 259  758
 259  986
 259  529
 259  834
 259  602
 259  765
 259  992
 259  700
 259  837
 260  950
 260  651
 260  518
 260  729
 260  768
 260  698
 260  527
 260  557
 260  938
 260  740
 261  658
 261  795
 261  807
 261  673
 261  561
 261  556
 261  665
 261  590
 261  932
 261  771
 262  683
 262  961
 262  619
 262  739
 262  796
 262  653
 262  638
 262  649
 262  827
 262  980
 263  501
 263  533
 263  977
 263  503
 263  544
 263  698
 263  768
 263  611
 263  745
 263  616
 264  857
 264  798
 264  778
 264  953
 264  800
 264  789
 264  636
 264  990
 264  864
 264  698
 265  867
 265  959
 265  579
 265  656
 265  505
 265  715
 265  545
 265  552
 265  540
 265  542
 266  795
 266  934
 266  787
 266  835
 266  686
 266  899
 266  687
 266  777
 266  745
 266  941
 267  638
 267  885
 267  778
 267  712
 267  556
 267  804
 267  955
 267  791
 267  881
 267  815
 268  800
 268  824
 268  997
 268  685
 268  962
 268  890
 268  741
 268  610
 268  568
 268  574
 269  579
 269  879
 269  730
 269  510
 269  921
 269  671
 269  958
 269  506
 269  837
 269  741
 270  507
 270  873
 270  647
 270  547
 270  596
 270  938
 270  989
 270  673
 270  806
 270  744
 271  676
 271  798
 271  583
 271  612
 271  787
 271  637
 271  727
 271  642
 271  806
 271  961
 272  933
 272  875
 272  970
 272  618
 272  581
 272  685
 272  822
 272  777
 272  598
 272  597
 273  626
 273  853
 273  890
 273  678
 273  982
 273  818
 273  996
 273  729
 273  973
 273  786
 274  763
 274  972
 274  740
 274  874
 274  710
 274  845
 274  616
 274  985
 274  557
 274  714
 275  877
 275  951
 275  733
 275  755
 275  872
 275  535
 275  772
 275  859
 275  766
 275  959
 276  797
 276  865
 276  632
 276  742
 276  707
 276  502
 276  827
 276  858
 276  986
 276  667
 277  826
 277  881
 277  542
 277  997
 277  948
 277  755
 277  976
 277  673
 277  935
 277  832
 278  653
 278  565
 278  767
 278  770
 278  951
 278  636
 278  820
 278  979
 278  733
 278  665
 279  693
 279  744
 279  924
 279  714
 279  623
 279  587
 279  922
 279  763
 279  596
 279  883
 280  686
 280  864
 280  761
 280  967
 280  901
 280  799
 280  999
 280  885
 280  994
 280  905
 281  816
 281  860
 281  632
 281  831
 281  976
 281  965
 281  962
 281  590
 281  946
 281  505
 282  746
 282  556
 282  840
 282  767
 282  737
 282  524
 282  837
 282  754
 282  528
 282  988
 283  907
 283  701
 283  640
 283  884
 283  731
 283  885
 283  754
 283  943
 283  659
 283  574
 284  715
 284  535
 284  780
 284  775
 284  761
 284  977
 284  899
 284  996
 284  992
 284  513
 285  600
 285  604
 285  799
 285  789
 285  882
 285  919
 285  987
 285  849
 285  917
 285  642
 286  942
 286  957
 286  720
 286  662
 286  819
 286  603
 286  555
 286  896
 286  917
 286  859
 287  819
 287  766
 287  993
 287  905
 287  584
 287  606
 287  571
 287  823
 287  901
 287  729
 288  829
 288  705
 288  763
 288  969
 288  967
 288  821
 288  779
 288  801
 288  873
 288  513
 289  528
 289  696
 289  695
 289  916
 289  911
 289  630
 289  870
 289  852
 289  675
 289  569
 290  704
 290  723
 290  815
 290  696
 290  679
 290  780
 290  854
 290  514
 290  819
 290  878
 291  629
 291  582
 291  935
 291  540
 291  913
 291  874
 291  699
 291  594
 291  693
 291  997
 292  880
 292  717
 292  684
 292  957
 292  941
 292  993
 292  502
 292  793
 292  874
 292  570
 293  988
 293  688
 293  520
 293  980
 293  871
 293  600
 293  587
 293  855
 293  785
 293  540
 294  544
 294  727
 294  891
 294  766
 294  737
 294  525
 294  909
 294  577
 294  601
 294  800
 295  505
 295  972
 295  748
 295  921
 295  960
 295  710
 295  539
 295  618
 295  732
 295  675
 296  941
 296  627
 296  513
 296  846
 296  703
 296  774
 296  699
 296  943
 296  790
 296  535
 297  944
 297  932
 297  686
 297  976
 297  629
 297  573
 297  984
 297  522
 297  514
 297  826
 298  526
 298  629
 298  523
 298  720
 298  985
 298  717
 298  555
 298  895
 298  977
 298  739
 299  834
 299  904
 299  910
 299  969
 299  650
 299  851
 299  545
 299  948
 299  849
 299  554
 300  950
 300  547
 300  906
 300  787
 300  818
 300  871
 300  626
 300  721
 300  671
 300  835
 301  577
 301  994
 301  692
 301  669
 301  580
 301  800
 301  516
 301  658
 301  884
 301  748
 302  848
 302  849
 302  503
 302  589
 302  747
 302  860
 302  516
 302  934
 302  564
 302  969
 303  702
 303  803
 303  827
 303  667
 303  610
 303  784
 303  748
 303  623
 303  513
 303  993
 304  601
 304  507
 304  582
 304  554
 304  826
 304  772
 304  847
 304  746
 304  794
 304  812
 305  545
 305  730
 305  945
 305  913
 305  868
 305  664
 305  713
 305  608
 305  933
 305  515
 306  916
 306  801
 306  710
 306  631
 306  941
 306  858
 306  905
 306  538
 306  727
 306  789
 307  966
 307  575
 307  668
 307  932
 307  896
 307  669
 307  904
 307  804
 307  627
 307  892
 308  958
 308  881
 308  587
 308  902
 308  703
 308  968
 308  563
 308  674
 308  549
 308  699
 309  770
 309  738
 309  652
 309  613
 309  560
 309  959
 309  639
 309  987
 309  618
 309  702
 310  600
 310  998
 310  660
 310  927
 310  945
 310  993
 310  699
 310  541
 310  560
 310  525
 311  668
 311  835
 311  531
 311  977
 311  728
 311  844
 311  605
 311  944
 311  874
 311  775
 312  805
 312  987
 312  501
 312  881
 312  928
 312  830
 312  854
 312  596
 312  656
 312  963
 313  939
 313  556
 313  684
 313  558
 313  812
 313  700
 313  534
 313  881
 313  678
 313  574
 314  646
 314  817
 314  608
 314  867
 314  874
 314  815
 314  509
 314  534
 314  516
 314  702
 315  770
 315  711
 315  833
 315  823
 315  745
 315  575
 315  656
 315  918
 315  940
 315  677
 316  898
 316  860
 316  760
 316  996
 316  527
 316  823
 316  504
 316  924
 316  579
 316  958
 317  915
 317  605
 317  888
 317  512
 317  651
 317  513
 317  823
 317  765
 317  810
 317  925
 318  509
 318  510
 318  681
 318  822
 318  980
 318  739
 318  608
 318  795
 318  993
 318  896
 319  707
 319  572
 319  784
 319  980
 319  588
 319  679
 319  791
 319  581
 319  580
 319  620
 320  533
 320  779
 320  890
 320  634
 320  720
 320  695
 320  529
 320  514
 320  604
 320  508
 321  697
 321  647
 321  521
 321  715
 321  627
 321  700
 321  816
 321  843
 321  929
 321  781
 322  782
 322  997
 322  647
 322  867
 322  540
 322  706
 322  562
 322  801
 322  653
 322  554
 323  875
 323  770
 323  818
 323  899
 323  673
 323  791
 323  882
 323  953
 323  726
 323  695
 324  568
 324  552
 324  633
 324  928
 324  706
 324  694
 324  829
 324  868
 324  652
 324  823
 325  585
 325  984
 325  732
 325  774
 325  617
 325  934
 325  862
 325  930
 325  768
 325  536
 326  729
 326  937
 326  670
 326  810
 326  790
 326  509
 326  734
 326  556
 326  583
 326  550
 327  590
 327  892
 327  641
 327  520
 327  543
 327  589
 327  569
 327  672
 327  894
 327  801
 328  722
 328  648
 328  802
 328  941
 328  693
 328  833
 328  990
 328  901
 328  668
 328 1000
 329  993
 329  544
 329  794
 329  906
 329  760
 329  917
 329  576
 329  569
 329  648
 329  596
 330  670
 330  631
 330  644
 330  758
 330  705
 330  586
 330  913
 330  810
 330  634
 330  985
 331  531
 331  652
 331  650
 331  826
 331  963
 331  533
 331  558
 331  785
 331  697
 331  786
 332  909
 332  842
 332  901
 332  738
 332  907
 332  960
 332  501
 332  840
 332  503
 332  968
 333  721
 333  746
 333  974
 333  551
 333  887
 333  549
 333  971
 333  862
 333  679
 333  822
 334  614
 334  683
 334  698
 334  775
 334  809
 334  776
 334  742
 334  513
 334  924
 334  591
 335  880
 335  820
 335  619
 335  948
 335  865
 335  732
 335  693
 335  789
 335  978
 335  765
 336  756
 336  666
 336  943
 336  809
 336  865
 336  927
 336  919
 336  654
 336  746
 336  911
 337  542
 337  924
 337  798
 337  800
 337  851
 337  848
 337  760
 337  559
 337  928
 337  564
 338  791
 338  854
 338  614
 338  895
 338  620
 338  728
 338  804
 338  572
 338  840
 338  597
 339  840
 339  935
 339  741
 339  848
 339  919
 339  778
 339  846
 339  968
 339  988
 339  585
 340  968
 340  612
 340  587
 340  737
 340  667
 340  642
 340  873
 340  718
 340  793
 340  796
 341  570
 341  613
 341  646
 341  918
 341 1000
 341  997
 341  927
 341  955
 341  702
 341  508
 342  505
 342  906
 342  929
 342  570
 342  696
 342  576
 342  767
 342  552
 342  625
 342  502
 343  701
 343  503
 343  633
 343  745
 343  880
 343  750
 343 1000
 343  527
 343  798
 343  845
 344  699
 344  949
 344  549
 344  635
 344  923
 344  856
 344  811
 344  845
 344  973
 344  874
 345  712
 345  655
 345  844
 345  865
 345  575
 345  502
 345  546
 345  515
 345  556
 345  937
 346  854
 346  658
 346  865
 346  804
 346  823
 346  776
 346  808
 346  903
 346  857
 346  613
 347  836
 347  526
 347  778
 347  985
 347  671
 347  651
 347  694
 347  599
 347  723
 347  922
 348  890
 348  887
 348  832
 348  709
 348  638
 348  621
 348  808
 348  646
 348  568
 348  574
 349  726
 349  661
 349  589
 349  549
 349  526
 349  605
 349  536
 349  992
 349  873
 349  867
 350  825
 350  897
 350  790
 350  991
 350  915
 350  867
 350  981
 350  947
 350  735
 350  966
 351  686
 351  591
 351  819
 351  765
 351  792
 351  683
 351  802
 351  837
 351  734
 351  597
 352  681
 352  781
 352  563
 352  879
 352  922
 352  765
 352  632
 352  976
 352  530
 352  680
 353  853
 353  565
 353  536
 353  988
 353  918
 353  842
 353  921
 353  614
 353  944
 353  637
 354  604
 354  707
 354  502
 354  658
 354  638
 354  515
 354  625
 354  568
 354  672
 354  965
 355  938
 355  816
 355  840
 355  725
 355  688
 355  804
 355  836
 355  849
 355  663
 355  757
 356  573
 356  600
 356  919
 356  766
 356  862
 356  829
 356  951
 356  528
 356  517
 356  742
 357  821
 357  687
 357  825
 357  590
 357  634
 357  626
 357  939
 357  940
 357  665
 357  685
 358  896
 358  816
 358  837
 358  818
 358  836
 358  649
 358  799
 358  564
 358  820
 358  848
 359  581
 359  741
 359  629
 359  819
 359  961
 359  817
 359  521
 359  888
 359  706
 359  614
 360  686
 360  547
 360  527
 360  663
 360  510
 360  554
 360  593
 360  730
 360  513
 360  773
 361  875
 361  977
 361  605
 361  776
 361  745
 361  743
 361  711
 361  981
 361  830
 361  706
 362  603
 362  729
 362  782
 362  749
 362  521
 362  501
 362  535
 362  909
 362  690
 362  665
 363  921
 363  989
 363  797
 363  510
 363  998
 363  900
 363  597
 363  912
 363  600
 363  726
 364  633
 364  662
 364  830
 364  859
 364  567
 364  895
 364  543
 364  764
 364  595
 364  752
 365  868
 365  832
 365  756
 365  689
 365  856
 365  705
 365  917
 365  742
 365  775
 365  852
 366  597
 366  747
 366  727
 366  788
 366  817
 366  776
 366  949
 366  996
 366  836
 366  995
 367  522
 367  960
 367  961
 367  843
 367  918
 367  514
 367  550
 367  511
 367  619
 367  874
 368  971
 368  862
 368  695
 368  558
 368  777
 368  948
 368  621
 368  969
 368  632
 368  949
 369  514
 369  768
 369  854
 369  868
 369  870
 369  869
 369  562
 369  703
 369  972
 369  613
 370  940
 370  748
 370  797
 370  828
 370  577
 370  551
 370  521
 370  858
 370  700
 370  639
 371  995
 371  905
 371  948
 371  586
 371  936
 371  678
 371  709
 371  975
 371  570
 371  675
 372  502
 372  897
 372  976
 372  998
 372  641
 372  947
 372  583
 372  786
 372  937
 372  687
 373  661
 373  675
 373  946
 373  689
 373  603
 373  723
 373  677
 373  906
 373  712
 373  514
 374  811
 374  817
 374  555
 374  975
 374  726
 374  678
 374  769
 374  977
 374  715
 374  984
 375  549
 375  815
 375  686
 375  555
 375  871
 375  807
 375  684
 375  775
 375  562
 375  867
 376  979
 376  962
 376  772
 376  910
 376  997
 376  635
 376  645
 376  864
 376  617
 376  890
 377  803
 377  984
 377  586
 377  733
 377  729
 377  942
 377  724
 377  527
 377  561
 377  991
 378  705
 378  830
 378  535
 378  815
 378  524
 378  748
 378  575
 378  675
 378  906
 378  813
 379  949
 379  830
 379  582
 379  594
 379  797
 379  772
 379  626
 379  780
 379  976
 379  848
 380  820
 380  674
 380  891
 380  652
 380  918
 380  512
 380  555
 380  857
 380  725
 380  508
 381  656
 381  752
 381  766
 381  786
 381  748
 381  945
 381  527
 381  861
 381  883
 381  593
 382  527
 382  516
 382  563
 382  858
 382  661
 382  545
 382  745
 382  753
 382  643
 382  700
 383  588
 383  904
 383  559
 383  852
 383  764
 383  674
 383  692
 383  581
 383  685
 383  623
 384  994
 384  536
 384  617
 384  690
 384  794
 384  949
 384  531
 384  786
 384  929
 384  670
 385  869
 385  649
 385  607
 385  502
 385  632
 385  820
 385  901
 385  782
 385  883
 385  504
 386  864
 386  793
 386  563
 386  827
 386  606
 386  958
 386  752
 386  556
 386  813
 386  996
 387  775
 387  515
 387  678
 387  597
 387  870
 387  749
 387  916
 387  582
 387  733
 387  839
 388  799
 388  713
 388  673
 388  514
 388  737
 388  555
 388  837
 388  787
 388  970
 388  566
 389  713
 389  582
 389  655
 389  770
 389  505
 389  515
 389  811
 389  730
 389  688
 389  902
 390  510
 390  788
 390  991
 390  963
 390  661
 390  809
 390  549
 390  620
 390  889
 390  724
 391  894
 391  969
 391  780
 391  809
 391  537
 391  508
 391  817
 391  597
 391  802
 391  848
 392  658
 392  825
 392  815
 392  514
 392  707
 392  869
 392  928
 392  755
 392  558
 392  678
 393  533
 393  549
 393  998
 393  725
 393  904
 393  718
 393  764
 393  801
 393  589
 393  974
 394  764
 394  836
 394  701
 394  705
 394  611
 394  728
 394  689
 394  635
 394  734
 394  883
 395  508
 395  696
 395  975
 395  741
 395  662
 395  607
 395  822
 395  556
 395  965
 395  723
 396  830
 396  696
 396  755
 396  695
 396  580
 396  892
 396  612
 396  925
 396  728
 396  781
 397  685
 397  845
 397  981
 397  766
 397  996
 397  852
 397  821
 397  635
 397  690
 397  794
 398  871
 398  699
 398  790
 398  564
 398  559
 398  949
 398  960
 398  681
 398  999
 398  673
 399  793
 399  781
 399  508
 399  975
 399  657
 399  722
 399  604
 399  948
 399  762
 399  613
 400  593
 400  604
 400  765
 400  698
 400  796
 400  619
 400  839
 400  621
 400  666
 400  942
 401  652
 401  788
 401  537
 401  730
 401  550
 401  830
 401  709
 401  737
 401  757
 401  522
 402  581
 402  892
 402  735
 402  809
 402  762
 402  698
 402  981
 402  652
 402  649
 402  894
 403  519
 403  970
 403  549
 403  910
 403  880
 403  609
 403  800
 403  849
 403  787
 403  797
 404  945
 404  550
 404  834
 404  989
 404  871
 404  666
 404  783
 404  912
 404  757
 404  914
 405  541
 405  722
 405  573
 405  509
 405  933
 405  712
 405  852
 405  654
 405  544
 405  888
 406  778
 406  517
 406  565
 406  887
 406  811
 406  732
 406  559
 406  711
 406  547
 406  880
 407  610
 407  644
 407  588
 407  645
 407  942
 407  793
 407  911
 407 1000
 407  582
 407  603
 408  934
 408  837
 408  915
 408  996
 408  990
 408  949
 408  604
 408 1000
 408  838
 408  606
 409  980
 409  842
 409  639
 409  618
 409  506
 409  588
 409  896
 409  737
 409  928
 409  985
 410  677
 410  595
 410  889
 410  940
 410  964
 410  870
 410  803
 410  754
 410  807
 410  722
 411  740
 411  718
 411  864
 411  970
 411  928
 411  592
 411  666
 411  743
 411  737
 411  781
 412  503
 412  718
 412  552
 412  537
 412  821
 412  517
 412  848
 412  880
 412  547
 412  799
 413  595
 413  789
 413  996
 413  964
 413  743
 413  624
 413  613
 413  981
 413  715
 413  955
 414  688
 414  695
 414  873
 414  503
 414  604
 414  613
 414  756
 414  838
 414  947
 414  971
 415  960
 415  788
 415  566
 415  844
 415  526
 415  638
 415  723
 415  790
 415  793
 415  582
 416  883
 416  694
 416  586
 416  929
 416  940
 416  771
 416  894
 416  645
 416  511
 416  734
 417  592
 417  758
 417  934
 417  607
 417  839
 417  820
 417  763
 417  583
 417  637
 417  947
 418  765
 418  644
 418  655
 418  898
 418  645
 418  560
 418  589
 418  602
 418  721
 418  722
 419  863
 419  876
 419  835
 419  645
 419  572
 419  858
 419  671
 419  811
 419  947
 419  593
 420  682
 420  728
 420  576
 420  995
 420  992
 420  565
 420  698
 420  522
 420  809
 420  769
 421  547
 421  783
 421  883
 421  609
 421  856
 421  965
 421  747
 421  923
 421  766
 421  506
 422  588
 422  807
 422  518
 422  882
 422  683
 422  605
 422  521
 422  761
 422  512
 422  572
 423  674
 423  643
 423  955
 423  576
 423  969
 423  641
 423  655
 423  726
 423  648
 423  990
 424  809
 424  824
 424  507
 424  820
 424  887
 424  655
 424  999
 424  561
 424  643
 424  726
 425  520
 425  894
 425  521
 425  624
 425  546
 425  846
 425  761
 425  905
 425  821
 425  593
 426  551
 426  761
 426  749
 426  674
 426  958
 426  574
 426  717
 426  611
 426  649
 426  732
 427  842
 427  573
 427  671
 427  855
 427  591
 427  889
 427  821
 427  742
 427  505
 427  960
 428  707
 428  965
 428  540
 428  561
 428  610
 428  586
 428  719
 428  591
 428  709
 428  964
 429  842
 429  914
 429  911
 429  661
 429  606
 429  731
 429  726
 429  566
 429  769
 429  792
 430  680
 430  733
 430  738
 430  827
 430  911
 430  573
 430  763
 430  876
 430  746
 430  899
 431  784
 431  551
 431  771
 431  882
 431  947
 431  591
 431  580
 431  602
 431  671
 431  795
 432  815
 432  831
 432  882
 432  893
 432  708
 432  914
 432 1000
 432  705
 432  538
 432  718
 433  820
 433  680
 433  718
 433  637
 433  729
 433  658
 433  506
 433  855
 433  852
 433  580
 434  530
 434  734
 434  893
 434  661
 434  780
 434  593
 434  708
 434  876
 434  853
 434  671
 435  595
 435  592
 435  904
 435  732
 435  731
 435  888
 435  870
 435  975
 435  708
 435  522
 436  901
 436  893
 436  903
 436  790
 436  688
 436  928
 436  884
 436  831
 436  708
 436  580
 437  662
 437  749
 437  624
 437  682
 437 1000
 437  753
 437  855
 437  856
 437  854
 437  814
 438  984
 438  533
 438  999
 438  963
 438  541
 438  560
 438  674
 438  565
 438  848
 438  654
 439  551
 439  718
 439  813
 439  891
 439  991
 439  995
 439  954
 439  878
 439  757
 439  851
 440  965
 440  723
 440  787
 440  565
 440  688
 440  861
 440  813
 440  563
 440  618
 440  795
 441  804
 441  990
 441  850
 441  787
 441  673
 441  754
 441  888
 441  909
 441  747
 441  989
 442  840
 442  846
 442  680
 442  796
 442  558
 442  914
 442  972
 442  945
 442  850
 442  894
 443  755
 443 1000
 443  700
 443  876
 443  814
 443  856
 443  759
 443  519
 443  933
 443  928
 444  785
 444  560
 444  674
 444  619
 444  970
 444  871
 444  812
 444  964
 444  851
 444  643
 445  690
 445  719
 445  619
 445  844
 445  718
 445  524
 445  870
 445  512
 445  900
 445  593
 446  548
 446  504
 446  577
 446  685
 446  979
 446  595
 446  704
 446  523
 446  783
 446  802
 447  512
 447  735
 447  550
 447  609
 447  765
 447  538
 447  787
 447  991
 447  936
 447  934
 448  512
 448  673
 448  843
 448  960
 448  933
 448  716
 448  633
 448  655
 448  753
 448  522
 449  723
 449  824
 449  524
 449  927
 449  712
 449  902
 449  822
 449  572
 449  591
 449  946
 450  639
 450  954
 450  904
 450  682
 450  907
 450  674
 450  793
 450  998
 450  593
 450  524
 451  707
 451  765
 451  632
 451  827
 451  544
 451  850
 451  855
 451  756
 451  951
 451  506
 452  543
 452  572
 452  900
 452  544
 452  929
 452  893
 452  586
 452  609
 452  954
 452  831
 453  721
 453  617
 453  662
 453  663
 453  702
 453  708
 453  873
 453  759
 453  747
 453  727
 454  908
 454  518
 454  851
 454  755
 454  769
 454  854
 454  828
 454  591
 454  925
 454  602
 455  742
 455  897
 455  611
 455  518
 455  863
 455  546
 455  909
 455  784
 455  856
 455  758
 456  562
 456  526
 456  618
 456  892
 456  984
 456  625
 456  731
 456  617
 456  749
 456  769
 457  903
 457  618
 457  594
 457  530
 457  814
 457  742
 457  901
 457  635
 457  613
 457  731
 458  749
 458  835
 458  641
 458  562
 458  827
 458  538
 458  709
 458  657
 458  605
 458  838
 459  769
 459  548
 459  631
 459  743
 459  508
 459  812
 459  979
 459  776
 459  792
 459  580
 460  812
 460  606
 460  897
 460  624
 460  814
 460  662
 460  577
 460  903
 460  822
 460  908
 461  609
 461  606
 461  963
 461  674
 461  627
 461  844
 461  999
 461  625
 461  538
 461  630
 462  813
 462  689
 462  599
 462  991
 462  512
 462  829
 462  946
 462  851
 462  576
 462  735
 463  506
 463  829
 463  908
 463  611
 463  927
 463  652
 463  630
 463  719
 463  998
 463  655
 464  682
 464  946
 464  812
 464  550
 464  721
 464  889
 464  731
 464  704
 464  508
 464  842
 465  517
 465  852
 465  625
 465  771
 465  951
 465  605
 465  807
 465  879
 465  611
 465  810
 466  732
 466  953
 466  750
 466  648
 466  667
 466  835
 466  859
 466  812
 466  790
 466  506
 467  892
 467  888
 467  523
 467  746
 467  504
 467  807
 467  898
 467  780
 467  908
 467  897
 468  850
 468  671
 468  792
 468  853
 468  804
 468  963
 468  761
 468  506
 468  730
 468  831
 469  846
 469  842
 469  518
 469  898
 469  999
 469  803
 469  533
 469  784
 469  855
 469  663
 470  507
 470  523
 470  577
 470  979
 470  746
 470  814
 470  548
 470  796
 470  511
 470  888
 471  877
 471  738
 471  617
 471  918
 471  923
 471  562
 471  897
 471  796
 471  780
 471  621
 472  544
 472  877
 472  531
 472  594
 472  792
 472  864
 472  816
 472  591
 472  582
 472  879
 473  591
 473  631
 473  891
 473  861
 473  709
 473  844
 473  951
 473  838
 473  829
 473  602
 474  621
 474  522
 474  654
 474  530
 474  566
 474  802
 474  954
 474  864
 474  735
 474  733
 475  682
 475  630
 475  794
 475  843
 475  861
 475  648
 475  719
 475  602
 475  738
 475  621
 476  689
 476  859
 476  755
 476  667
 476  633
 476  599
 476  935
 476  794
 476  617
 476  730
 477  979
 477  813
 477  594
 477  970
 477  864
 477  935
 477  563
 477  654
 477  742
 477  947
 478  721
 478  530
 478  850
 478  750
 478  727
 478  755
 478  702
 478  654
 478  537
 478  851
 479  999
 479  935
 479  517
 479  735
 479  599
 479  812
 479  680
 479  718
 479  721
 479  934
 480  984
 480  576
 480  953
 480  617
 480  630
 480  925
 480  954
 480  979
 480  625
 480  892
 481  794
 481  838
 481  576
 481  970
 481  563
 481  522
 481  566
 481  828
 481  813
 481  704
 482  654
 482  504
 482  704
 482  807
 482  620
 482  560
 482  599
 482  719
 482  662
 482  984
 483  717
 483  816
 483  510
 483  850
 483  964
 483  999
 483  734
 483  730
 483  530
 483  794
 484  803
 484  898
 484  853
 484  657
 484  631
 484  734
 484  903
 484  731
 484  856
 484  654
 485  533
 485  750
 485  586
 485  633
 485  843
 485  780
 485  970
 485  624
 485  864
 485  912
 486  709
 486  599
 486  935
 486  914
 486  803
 486  810
 486  831
 486  563
 486  802
 486  934
 487  892
 487  864
 487  846
 487  560
 487  838
 487  925
 487  776
 487  813
 487  829
 487  889
 488  914
 488  889
 488  533
 488  840
 488  912
 488  689
 488  562
 488  859
 488  905
 488  969
 489  918
 489  599
 489  625
 489  925
 489  946
 489  783
 489  651
 489  681
 489  934
 489  731
 490  884
 490  537
 490  709
 490  625
 490  510
 490  877
 490  548
 490  657
 490  506
 490  936
 491  620
 491  953
 491  897
 491  923
 491  850
 491  859
 491  843
 491  631
 491  948
 491  599
 492  657
 492  519
 492  878
 492  953
 492  504
 492  877
 492  923
 492  681
 492  831
 492  963
 493  897
 493  822
 493  717
 493  620
 493  936
 493  831
 493  633
 493  510
 493  548
 493  922
 494  925
 494  861
 494  843
 494  758
 494  663
 494  733
 494  923
 494  953
 494  651
 494  533
 495  719
 495  922
 495  546
 495  519
 495  878
 495  548
 495  953
 495  998
 495  843
 495  620
 496  560
 496  620
 496  627
 496  733
 496  923
 496  783
 496  893
 496  758
 496  548
 496  824
 497  947
 497  519
 497  925
 497  663
 497  998
 497  824
 497  861
 497  783
 497  936
 497  758
 498  998
 498  843
 498  878
 498  861
 498  519
 498  936
 498  824
 498  831
 498  548
 498  905
 499  905
 499  657
 499  681
 499  824
 499  651
 499  878
 499  663
 499  925
 499  627
 499  893
 500  925
 500  627
 500  816
 500  663
 500  905
 500  936
 500  665
 500  884
 500  805
 500  977
