494 494   1666 
  1 495 
 16 495 
  1 510 
 46 495 
  1 540 
267 495 
  1 761 
  2 496 
  4 496 
  2 498 
  3 497 
 52 497 
  3 546 
186 497 
  3 680 
  4 498 
  8 498 
  4 502 
120 498 
  4 614 
158 498 
  4 652 
429 498 
  4 923 
432 498 
  4 926 
  5 499 
115 499 
  5 609 
  6 500 
150 500 
  6 644 
433 500 
  6 927 
  7 501 
 18 501 
  7 512 
165 501 
  7 659 
367 501 
  7 861 
426 501 
  7 920 
  8 502 
  9 503 
422 503 
  9 916 
 10 504 
205 504 
 10 699 
277 504 
 10 771 
 11 505 
412 505 
 11 906 
436 505 
 11 930 
 12 506 
 13 506 
 12 507 
 14 506 
 12 508 
 16 506 
 12 510 
 13 507 
 14 508 
 15 509 
 16 509 
 15 510 
 16 510 
 17 510 
 16 511 
 19 510 
 16 513 
 57 510 
 16 551 
 17 511 
 20 511 
 17 514 
 21 511 
 17 515 
281 511 
 17 775 
334 511 
 17 828 
 18 512 
 19 513 
 20 514 
 21 515 
 22 516 
 23 516 
 22 517 
140 516 
 22 634 
 23 517 
140 517 
 23 634 
155 517 
 23 649 
197 517 
 23 691 
 24 518 
 25 518 
 24 519 
 25 519 
157 519 
 25 651 
170 519 
 25 664 
 26 520 
 99 520 
 26 593 
425 520 
 26 919 
 27 521 
 28 521 
 27 522 
 28 522 
 85 522 
 28 579 
173 522 
 28 667 
 29 523 
307 523 
 29 801 
316 523 
 29 810 
 30 524 
 31 524 
 30 525 
 31 525 
182 525 
 31 676 
186 525 
 31 680 
 32 526 
376 526 
 32 870 
444 526 
 32 938 
 33 527 
 34 527 
 33 528 
239 527 
 33 733 
 34 528 
 35 529 
222 529 
 35 716 
 36 530 
325 530 
 36 819 
419 530 
 36 913 
 37 531 
147 531 
 37 641 
262 531 
 37 756 
 38 532 
 39 532 
 38 533 
398 532 
 38 892 
 39 533 
 40 533 
 39 534 
281 533 
 39 775 
 40 534 
417 534 
 40 911 
 41 535 
 47 535 
 41 541 
328 535 
 41 822 
413 535 
 41 907 
 42 536 
172 536 
 42 666 
328 536 
 42 822 
 43 537 
175 537 
 43 669 
 44 538 
102 538 
 44 596 
286 538 
 44 780 
 45 539 
174 539 
 45 668 
203 539 
 45 697 
264 539 
 45 758 
285 539 
 45 779 
 46 540 
253 540 
 46 747 
 47 541 
153 541 
 47 647 
285 541 
 47 779 
 48 542 
205 542 
 48 699 
271 542 
 48 765 
283 542 
 48 777 
306 542 
 48 800 
 49 543 
 50 543 
 49 544 
114 543 
 49 608 
455 543 
 49 949 
 50 544 
238 544 
 50 732 
331 544 
 50 825 
442 544 
 50 936 
 51 545 
 82 545 
 51 576 
409 545 
 51 903 
 52 546 
397 546 
 52 891 
 53 547 
271 547 
 53 765 
310 547 
 53 804 
 54 548 
162 548 
 54 656 
406 548 
 54 900 
 55 549 
269 549 
 55 763 
363 549 
 55 857 
 56 550 
124 550 
 56 618 
224 550 
 56 718 
 57 551 
 84 551 
 57 578 
 58 552 
 59 552 
 58 553 
 60 552 
 58 554 
 59 553 
347 553 
 59 841 
377 553 
 59 871 
 60 554 
 61 555 
332 555 
 61 826 
418 555 
 61 912 
 62 556 
438 556 
 62 932 
 63 557 
 64 557 
 63 558 
 89 557 
 63 583 
190 557 
 63 684 
394 557 
 63 888 
 64 558 
 65 559 
 66 559 
 65 560 
428 559 
 65 922 
436 559 
 65 930 
 66 560 
 67 561 
 69 561 
 67 563 
 70 561 
 67 564 
 71 561 
 67 565 
 68 562 
 70 562 
 68 564 
 72 562 
 68 566 
 73 562 
 68 567 
214 562 
 68 708 
 69 563 
 70 564 
 71 564 
 70 565 
 72 564 
 70 566 
142 564 
 70 636 
311 564 
 70 805 
320 564 
 70 814 
 71 565 
 74 565 
 71 568 
 75 565 
 71 569 
 76 565 
 71 570 
 91 565 
 71 585 
353 565 
 71 847 
 72 566 
212 566 
 72 706 
213 566 
 72 707 
440 566 
 72 934 
464 566 
 72 958 
 73 567 
 74 568 
 75 569 
 76 570 
 77 571 
 78 571 
 77 572 
187 571 
 77 681 
264 571 
 77 758 
 78 572 
123 572 
 78 617 
265 572 
 78 759 
 79 573 
 80 573 
 79 574 
214 573 
 79 708 
421 573 
 79 915 
 80 574 
147 574 
 80 641 
252 574 
 80 746 
355 574 
 80 849 
393 574 
 80 887 
437 574 
 80 931 
 81 575 
396 575 
 81 890 
457 575 
 81 951 
 82 576 
287 576 
 82 781 
 83 577 
387 577 
 83 881 
423 577 
 83 917 
 84 578 
173 578 
 84 667 
 85 579 
 88 579 
 85 582 
116 579 
 85 610 
275 579 
 85 769 
454 579 
 85 948 
 86 580 
 88 580 
 86 582 
 87 581 
 88 581 
 87 582 
236 581 
 87 730 
 88 582 
 89 583 
326 583 
 89 820 
 90 584 
 91 584 
 90 585 
386 584 
 90 880 
 91 585 
 93 585 
 91 587 
 94 585 
 91 588 
 95 585 
 91 589 
371 585 
 91 865 
 92 586 
 95 586 
 92 589 
387 586 
 92 881 
 93 587 
 94 588 
 95 589 
 96 589 
 95 590 
 96 590 
 97 591 
326 591 
 97 820 
422 591 
 97 916 
 98 592 
150 592 
 98 644 
156 592 
 98 650 
 99 593 
224 593 
 99 718 
100 594 
158 594 
100 652 
220 594 
100 714 
391 594 
100 885 
101 595 
102 595 
101 596 
102 596 
178 596 
102 672 
233 596 
102 727 
286 596 
102 780 
103 597 
306 597 
103 800 
429 597 
103 923 
104 598 
105 598 
104 599 
191 598 
104 685 
257 598 
104 751 
263 598 
104 757 
105 599 
106 600 
255 600 
106 749 
107 601 
246 601 
107 740 
334 601 
107 828 
108 602 
191 602 
108 685 
380 602 
108 874 
109 603 
112 603 
109 606 
110 604 
112 604 
110 606 
111 605 
112 605 
111 606 
112 606 
123 606 
112 617 
179 606 
112 673 
298 606 
112 792 
113 607 
263 607 
113 757 
337 607 
113 831 
378 607 
113 872 
416 607 
113 910 
114 608 
115 608 
114 609 
285 608 
114 779 
115 609 
354 609 
115 848 
116 610 
117 610 
116 611 
117 611 
119 611 
117 613 
118 612 
124 612 
118 618 
346 612 
118 840 
119 613 
346 613 
119 840 
120 614 
429 614 
120 923 
121 615 
123 615 
121 617 
122 616 
123 616 
122 617 
187 616 
122 681 
264 616 
122 758 
297 616 
122 791 
123 617 
179 617 
123 673 
265 617 
123 759 
124 618 
125 619 
126 619 
125 620 
126 620 
385 620 
126 879 
127 621 
129 621 
127 623 
226 621 
127 720 
128 622 
225 622 
128 719 
438 622 
128 932 
129 623 
130 624 
141 624 
130 635 
131 625 
141 625 
131 635 
132 626 
141 626 
132 635 
133 627 
142 627 
133 636 
134 628 
143 628 
134 637 
135 629 
140 629 
135 634 
136 630 
141 630 
136 635 
142 630 
136 636 
144 630 
136 638 
137 631 
141 631 
137 635 
142 631 
137 636 
145 631 
137 639 
138 632 
199 632 
138 693 
340 632 
138 834 
139 633 
147 633 
139 641 
140 634 
141 635 
142 636 
143 636 
142 637 
473 636 
142 967 
478 636 
142 972 
487 636 
142 981 
143 637 
242 637 
143 736 
144 638 
145 639 
146 640 
183 640 
146 677 
245 640 
146 739 
339 640 
146 833 
147 641 
148 642 
434 642 
148 928 
443 642 
148 937 
149 643 
150 643 
149 644 
217 643 
149 711 
150 644 
397 644 
150 891 
151 645 
153 645 
151 647 
154 645 
151 648 
155 645 
151 649 
152 646 
153 646 
152 647 
154 646 
152 648 
155 646 
152 649 
153 647 
203 647 
153 697 
154 648 
155 649 
241 649 
155 735 
156 650 
157 650 
156 651 
157 651 
158 652 
159 653 
160 653 
159 654 
183 653 
159 677 
248 653 
159 742 
388 653 
159 882 
392 653 
159 886 
160 654 
369 654 
160 863 
399 654 
160 893 
161 655 
410 655 
161 904 
162 656 
355 656 
162 849 
163 657 
167 657 
163 661 
246 657 
163 740 
164 658 
167 658 
164 661 
231 658 
164 725 
417 658 
164 911 
470 658 
164 964 
165 659 
166 660 
341 660 
166 835 
423 660 
166 917 
167 661 
168 662 
169 662 
168 663 
169 663 
344 663 
169 838 
400 663 
169 894 
170 664 
325 664 
170 819 
171 665 
172 665 
171 666 
172 666 
173 667 
202 667 
173 696 
174 668 
175 668 
174 669 
285 668 
174 779 
175 669 
176 670 
464 670 
176 958 
177 671 
226 671 
177 720 
178 672 
340 672 
178 834 
179 673 
180 674 
181 674 
180 675 
181 675 
233 675 
181 727 
182 676 
183 677 
184 677 
183 678 
185 677 
183 679 
248 677 
183 742 
184 678 
185 679 
186 680 
187 681 
188 682 
198 682 
188 692 
212 682 
188 706 
189 683 
190 683 
189 684 
190 684 
401 684 
190 895 
191 685 
192 685 
191 686 
195 685 
191 689 
196 685 
191 690 
374 685 
191 868 
380 685 
191 874 
416 685 
191 910 
192 686 
193 686 
192 687 
194 686 
192 688 
193 687 
194 688 
195 689 
196 690 
197 691 
465 691 
197 959 
198 692 
201 692 
198 695 
199 693 
364 693 
199 858 
200 694 
280 694 
200 774 
201 695 
202 696 
247 696 
202 741 
203 697 
297 697 
203 791 
204 698 
205 698 
204 699 
206 698 
204 700 
207 698 
204 701 
205 699 
208 699 
205 702 
283 699 
205 777 
357 699 
205 851 
369 699 
205 863 
206 700 
207 701 
278 701 
207 772 
208 702 
209 702 
208 703 
209 703 
210 704 
211 704 
210 705 
211 705 
457 705 
211 951 
465 705 
211 959 
212 706 
213 707 
444 707 
213 938 
214 708 
215 709 
390 709 
215 884 
440 709 
215 934 
216 710 
217 710 
216 711 
218 710 
216 712 
219 710 
216 713 
217 711 
277 711 
217 771 
286 711 
217 780 
429 711 
217 923 
218 712 
219 713 
235 713 
219 729 
220 714 
271 714 
220 765 
449 714 
220 943 
221 715 
367 715 
221 861 
464 715 
221 958 
222 716 
240 716 
222 734 
436 716 
222 930 
223 717 
345 717 
223 839 
398 717 
223 892 
407 717 
223 901 
224 718 
377 718 
224 871 
454 718 
224 948 
225 719 
226 719 
225 720 
282 719 
225 776 
377 719 
225 871 
226 720 
227 721 
228 721 
227 722 
228 722 
420 722 
228 914 
229 723 
230 723 
229 724 
230 724 
315 724 
230 809 
436 724 
230 930 
231 725 
386 725 
231 880 
473 725 
231 967 
232 726 
233 726 
232 727 
234 726 
232 728 
235 726 
232 729 
233 727 
234 728 
235 729 
236 730 
301 730 
236 795 
399 730 
236 893 
237 731 
300 731 
237 794 
308 731 
237 802 
238 732 
294 732 
238 788 
239 733 
322 733 
239 816 
240 734 
422 734 
240 916 
241 735 
329 735 
241 823 
242 736 
258 736 
242 752 
431 736 
242 925 
480 736 
242 974 
243 737 
244 737 
243 738 
309 737 
243 803 
244 738 
245 739 
300 739 
245 794 
246 740 
247 741 
333 741 
247 827 
248 742 
249 742 
248 743 
249 743 
250 743 
249 744 
251 743 
249 745 
250 744 
251 745 
252 746 
363 746 
252 857 
253 747 
256 747 
253 750 
254 748 
256 748 
254 750 
255 749 
256 749 
255 750 
385 749 
255 879 
256 750 
257 751 
266 751 
257 760 
336 751 
257 830 
402 751 
257 896 
427 751 
257 921 
258 752 
259 752 
258 753 
260 752 
258 754 
261 752 
258 755 
431 752 
258 925 
466 752 
258 960 
259 753 
260 754 
261 755 
262 756 
443 756 
262 937 
263 757 
336 757 
263 830 
378 757 
263 872 
264 758 
265 758 
264 759 
265 759 
266 760 
267 761 
407 761 
267 901 
268 762 
269 762 
268 763 
269 763 
422 763 
269 916 
270 764 
372 764 
270 866 
404 764 
270 898 
271 765 
272 765 
271 766 
310 765 
271 804 
377 765 
271 871 
272 766 
273 766 
272 767 
274 766 
272 768 
273 767 
274 768 
275 769 
345 769 
275 839 
375 769 
275 869 
407 769 
275 901 
276 770 
315 770 
276 809 
394 770 
276 888 
277 771 
432 771 
277 926 
278 772 
279 772 
278 773 
431 772 
278 925 
479 772 
278 973 
279 773 
280 774 
281 774 
280 775 
281 775 
282 776 
283 777 
284 778 
285 778 
284 779 
287 778 
284 781 
288 778 
284 782 
285 779 
289 779 
285 783 
290 779 
285 784 
286 780 
289 780 
286 783 
290 780 
286 784 
287 781 
288 782 
289 783 
291 783 
289 785 
290 784 
292 784 
290 786 
291 785 
292 786 
293 787 
294 787 
293 788 
294 788 
419 788 
294 913 
295 789 
447 789 
295 941 
296 790 
297 790 
296 791 
298 790 
296 792 
299 790 
296 793 
297 791 
456 791 
297 950 
298 792 
299 793 
300 794 
372 794 
300 866 
301 795 
302 795 
301 796 
304 795 
301 798 
306 795 
301 800 
310 795 
301 804 
323 795 
301 817 
429 795 
301 923 
302 796 
303 796 
302 797 
493 796 
302 987 
303 797 
304 798 
305 798 
304 799 
494 798 
304 988 
305 799 
306 800 
310 800 
306 804 
307 801 
434 801 
307 928 
308 802 
373 802 
308 867 
309 803 
409 803 
309 903 
310 804 
317 804 
310 811 
318 804 
310 812 
319 804 
310 813 
391 804 
310 885 
311 805 
317 805 
311 811 
318 805 
311 812 
319 805 
311 813 
320 805 
311 814 
312 806 
317 806 
312 811 
313 807 
318 807 
313 812 
314 808 
319 808 
314 813 
315 809 
316 810 
428 810 
316 922 
317 811 
318 812 
319 813 
320 814 
321 814 
320 815 
321 815 
401 815 
321 895 
322 816 
323 816 
322 817 
323 817 
340 817 
323 834 
435 817 
323 929 
324 818 
325 818 
324 819 
325 819 
326 820 
327 821 
328 821 
327 822 
328 822 
329 823 
396 823 
329 890 
330 824 
331 824 
330 825 
331 825 
332 826 
335 826 
332 829 
333 827 
392 827 
333 886 
334 828 
335 829 
434 829 
335 928 
336 830 
337 831 
343 831 
337 837 
338 832 
394 832 
338 888 
339 833 
342 833 
339 836 
340 834 
341 835 
423 835 
341 917 
342 836 
343 837 
416 837 
343 910 
344 838 
345 839 
348 839 
345 842 
350 839 
345 844 
352 839 
345 846 
353 839 
345 847 
346 840 
347 840 
346 841 
349 840 
346 843 
351 840 
346 845 
353 840 
346 847 
375 840 
346 869 
347 841 
348 842 
349 843 
350 844 
351 845 
352 846 
395 846 
352 889 
353 847 
403 847 
353 897 
354 848 
420 848 
354 914 
355 849 
356 850 
385 850 
356 879 
357 851 
358 851 
357 852 
359 851 
357 853 
361 851 
357 855 
399 851 
357 893 
358 852 
360 852 
358 854 
362 852 
358 856 
359 853 
360 854 
361 855 
362 856 
363 857 
364 858 
365 859 
438 859 
365 932 
366 860 
367 860 
366 861 
367 861 
376 861 
367 870 
426 861 
367 920 
368 862 
369 862 
368 863 
370 862 
368 864 
371 862 
368 865 
369 863 
372 863 
369 866 
373 863 
369 867 
370 864 
371 865 
372 866 
373 867 
392 867 
373 886 
374 868 
408 868 
374 902 
375 869 
376 870 
377 871 
395 871 
377 889 
378 872 
379 873 
380 873 
379 874 
381 873 
379 875 
383 873 
379 877 
380 874 
384 874 
380 878 
381 875 
417 875 
381 911 
430 875 
381 924 
382 876 
384 876 
382 878 
383 877 
384 878 
385 879 
386 880 
387 881 
388 882 
389 882 
388 883 
389 883 
390 884 
439 884 
390 933 
391 885 
392 886 
404 886 
392 898 
393 887 
439 887 
393 933 
394 888 
395 889 
396 890 
457 890 
396 951 
465 890 
396 959 
397 891 
398 892 
399 893 
400 894 
442 894 
400 936 
401 895 
402 896 
403 896 
402 897 
403 897 
404 898 
405 899 
406 899 
405 900 
406 900 
407 901 
408 902 
427 902 
408 921 
409 903 
410 904 
418 904 
410 912 
411 905 
412 905 
411 906 
412 906 
437 906 
412 931 
413 907 
414 908 
415 908 
414 909 
416 908 
414 910 
417 908 
414 911 
415 909 
416 910 
417 911 
418 912 
419 913 
420 914 
424 914 
420 918 
421 915 
422 915 
421 916 
435 915 
421 929 
422 916 
423 917 
424 918 
425 919 
426 920 
427 921 
428 922 
429 923 
431 923 
429 925 
430 924 
431 924 
430 925 
431 925 
432 926 
433 927 
434 928 
437 928 
434 931 
435 929 
436 929 
435 930 
436 930 
437 931 
438 932 
439 933 
440 934 
441 935 
442 935 
441 936 
442 936 
443 937 
444 938 
445 939 
446 939 
445 940 
447 939 
445 941 
449 939 
445 943 
446 940 
450 940 
446 944 
455 940 
446 949 
447 941 
455 941 
447 949 
448 942 
450 942 
448 944 
449 943 
451 943 
449 945 
452 943 
449 946 
453 943 
449 947 
450 944 
451 945 
452 946 
453 947 
454 948 
455 948 
454 949 
455 949 
456 950 
457 950 
456 951 
458 950 
456 952 
457 951 
459 951 
457 953 
460 951 
457 954 
461 951 
457 955 
462 951 
457 956 
463 951 
457 957 
458 952 
459 953 
460 954 
461 955 
462 956 
463 957 
464 958 
465 959 
466 960 
467 960 
466 961 
480 960 
466 974 
467 961 
481 961 
467 975 
468 962 
472 962 
468 966 
478 962 
468 972 
469 963 
473 963 
469 967 
478 963 
469 972 
470 964 
471 964 
470 965 
471 965 
472 965 
471 966 
472 966 
473 967 
474 967 
473 968 
475 967 
473 969 
476 967 
473 970 
477 967 
473 971 
474 968 
475 969 
476 970 
477 971 
478 972 
479 973 
480 974 
481 974 
480 975 
483 974 
480 977 
481 975 
482 975 
481 976 
483 975 
481 977 
486 975 
481 980 
482 976 
486 976 
482 980 
483 977 
484 977 
483 978 
485 977 
483 979 
484 978 
485 979 
486 980 
487 981 
488 982 
490 982 
488 984 
493 982 
488 987 
494 982 
488 988 
489 983 
490 983 
489 984 
491 983 
489 985 
490 984 
492 984 
490 986 
491 985 
492 986 
493 987 
494 988 
