292 292   2208 
  1 293 
  2 293 
  1 294 
  3 293 
  1 295 
  4 293 
  1 296 
  2 294 
  3 294 
  2 295 
  4 294 
  2 296 
  5 294 
  2 297 
  3 295 
  4 295 
  3 296 
  5 295 
  3 297 
  4 296 
  5 296 
  4 297 
  6 296 
  4 298 
  7 296 
  4 299 
  5 297 
  6 297 
  5 298 
  7 297 
  5 299 
  8 297 
  5 300 
  6 298 
  7 298 
  6 299 
  9 298 
  6 301 
 10 298 
  6 302 
  7 299 
  8 299 
  7 300 
  9 299 
  7 301 
 10 299 
  7 302 
  8 300 
  9 300 
  8 301 
 11 300 
  8 303 
  9 301 
 10 301 
  9 302 
 11 301 
  9 303 
 12 301 
  9 304 
 13 301 
  9 305 
 10 302 
 12 302 
 10 304 
 13 302 
 10 305 
 14 302 
 10 306 
 11 303 
 12 303 
 11 304 
 22 303 
 11 314 
 23 303 
 11 315 
 12 304 
 13 304 
 12 305 
 15 304 
 12 307 
 22 304 
 12 314 
 23 304 
 12 315 
 24 304 
 12 316 
 25 304 
 12 317 
 13 305 
 14 305 
 13 306 
 15 305 
 13 307 
 16 305 
 13 308 
 14 306 
 15 306 
 14 307 
 16 306 
 14 308 
 15 307 
 16 307 
 15 308 
 17 307 
 15 309 
 18 307 
 15 310 
 24 307 
 15 316 
 25 307 
 15 317 
 26 307 
 15 318 
 16 308 
 17 308 
 16 309 
 18 308 
 16 310 
 26 308 
 16 318 
 17 309 
 18 309 
 17 310 
 19 309 
 17 311 
 26 309 
 17 318 
 27 309 
 17 319 
 18 310 
 19 310 
 18 311 
 20 310 
 18 312 
 21 310 
 18 313 
 27 310 
 18 319 
 19 311 
 20 311 
 19 312 
 21 311 
 19 313 
 26 311 
 19 318 
 27 311 
 19 319 
 28 311 
 19 320 
 29 311 
 19 321 
 30 311 
 19 322 
 20 312 
 21 312 
 20 313 
 28 312 
 20 320 
 29 312 
 20 321 
 30 312 
 20 322 
 21 313 
 28 313 
 21 320 
 29 313 
 21 321 
 30 313 
 21 322 
 31 313 
 21 323 
 32 313 
 21 324 
 35 313 
 21 327 
 36 313 
 21 328 
 22 314 
 23 314 
 22 315 
 41 314 
 22 333 
 23 315 
 24 315 
 23 316 
 41 315 
 23 333 
 42 315 
 23 334 
 43 315 
 23 335 
 24 316 
 25 316 
 24 317 
 41 316 
 24 333 
 42 316 
 24 334 
 43 316 
 24 335 
 44 316 
 24 336 
 25 317 
 26 317 
 25 318 
 44 317 
 25 336 
 45 317 
 25 337 
 26 318 
 27 318 
 26 319 
 45 318 
 26 337 
 46 318 
 26 338 
 27 319 
 28 319 
 27 320 
 45 319 
 27 337 
 46 319 
 27 338 
 28 320 
 29 320 
 28 321 
 30 320 
 28 322 
 46 320 
 28 338 
 48 320 
 28 340 
 29 321 
 30 321 
 29 322 
 46 321 
 29 338 
 48 321 
 29 340 
 49 321 
 29 341 
 30 322 
 31 322 
 30 323 
 33 322 
 30 325 
 49 322 
 30 341 
 31 323 
 32 323 
 31 324 
 33 323 
 31 325 
 34 323 
 31 326 
 35 323 
 31 327 
 37 323 
 31 329 
 32 324 
 34 324 
 32 326 
 35 324 
 32 327 
 33 325 
 34 325 
 33 326 
 49 325 
 33 341 
 50 325 
 33 342 
 51 325 
 33 343 
 52 325 
 33 344 
 34 326 
 35 326 
 34 327 
 38 326 
 34 330 
 50 326 
 34 342 
 52 326 
 34 344 
 54 326 
 34 346 
 55 326 
 34 347 
 35 327 
 36 327 
 35 328 
 37 327 
 35 329 
 38 327 
 35 330 
 39 327 
 35 331 
 36 328 
 37 328 
 36 329 
 39 328 
 36 331 
 37 329 
 39 329 
 37 331 
 38 330 
 39 330 
 38 331 
 40 330 
 38 332 
 55 330 
 38 347 
 56 330 
 38 348 
 39 331 
 40 331 
 39 332 
 55 331 
 39 347 
 56 331 
 39 348 
 40 332 
 56 332 
 40 348 
 58 332 
 40 350 
 41 333 
 42 333 
 41 334 
 59 333 
 41 351 
 60 333 
 41 352 
 61 333 
 41 353 
 42 334 
 43 334 
 42 335 
 61 334 
 42 353 
 43 335 
 44 335 
 43 336 
 61 335 
 43 353 
 62 335 
 43 354 
 44 336 
 45 336 
 44 337 
 47 336 
 44 339 
 61 336 
 44 353 
 62 336 
 44 354 
 64 336 
 44 356 
 45 337 
 46 337 
 45 338 
 47 337 
 45 339 
 48 337 
 45 340 
 46 338 
 48 338 
 46 340 
 47 339 
 48 339 
 47 340 
 62 339 
 47 354 
 63 339 
 47 355 
 64 339 
 47 356 
 65 339 
 47 357 
 66 339 
 47 358 
 48 340 
 49 340 
 48 341 
 63 340 
 48 355 
 66 340 
 48 358 
 49 341 
 50 341 
 49 342 
 63 341 
 49 355 
 66 341 
 49 358 
 50 342 
 51 342 
 50 343 
 52 342 
 50 344 
 63 342 
 50 355 
 66 342 
 50 358 
 67 342 
 50 359 
 51 343 
 52 343 
 51 344 
 66 343 
 51 358 
 67 343 
 51 359 
 72 343 
 51 364 
 52 344 
 53 344 
 52 345 
 54 344 
 52 346 
 68 344 
 52 360 
 69 344 
 52 361 
 72 344 
 52 364 
 73 344 
 52 365 
 53 345 
 54 345 
 53 346 
 68 345 
 53 360 
 69 345 
 53 361 
 54 346 
 55 346 
 54 347 
 68 346 
 54 360 
 69 346 
 54 361 
 70 346 
 54 362 
 55 347 
 56 347 
 55 348 
 57 347 
 55 349 
 68 347 
 55 360 
 69 347 
 55 361 
 70 347 
 55 362 
 56 348 
 57 348 
 56 349 
 58 348 
 56 350 
 57 349 
 58 349 
 57 350 
 70 349 
 57 362 
 71 349 
 57 363 
 75 349 
 57 367 
 76 349 
 57 368 
 58 350 
 70 350 
 58 362 
 71 350 
 58 363 
 75 350 
 58 367 
 76 350 
 58 368 
 59 351 
 60 351 
 59 352 
 81 351 
 59 373 
 60 352 
 61 352 
 60 353 
 81 352 
 60 373 
 82 352 
 60 374 
 83 352 
 60 375 
 61 353 
 62 353 
 61 354 
 83 353 
 61 375 
 84 353 
 61 376 
 62 354 
 64 354 
 62 356 
 83 354 
 62 375 
 84 354 
 62 376 
 85 354 
 62 377 
 63 355 
 65 355 
 63 357 
 66 355 
 63 358 
 64 356 
 65 356 
 64 357 
 84 356 
 64 376 
 85 356 
 64 377 
 86 356 
 64 378 
 87 356 
 64 379 
 88 356 
 64 380 
 65 357 
 66 357 
 65 358 
 87 357 
 65 379 
 66 358 
 67 358 
 66 359 
 87 358 
 66 379 
 88 358 
 66 380 
 67 359 
 72 359 
 67 364 
 88 359 
 67 380 
 68 360 
 69 360 
 68 361 
 70 360 
 68 362 
 71 360 
 68 363 
 74 360 
 68 366 
 69 361 
 72 361 
 69 364 
 73 361 
 69 365 
 74 361 
 69 366 
 92 361 
 69 384 
 70 362 
 71 362 
 70 363 
 71 363 
 74 363 
 71 366 
 75 363 
 71 367 
 90 363 
 71 382 
 72 364 
 88 364 
 72 380 
 92 364 
 72 384 
 93 364 
 72 385 
 94 364 
 72 386 
 73 365 
 74 365 
 73 366 
 89 365 
 73 381 
 90 365 
 73 382 
 92 365 
 73 384 
 74 366 
 89 366 
 74 381 
 90 366 
 74 382 
 75 367 
 76 367 
 75 368 
 90 367 
 75 382 
 91 367 
 75 383 
 76 368 
 77 368 
 76 369 
 78 368 
 76 370 
 91 368 
 76 383 
 77 369 
 78 369 
 77 370 
 79 369 
 77 371 
 91 369 
 77 383 
 95 369 
 77 387 
 96 369 
 77 388 
 78 370 
 79 370 
 78 371 
 79 371 
 80 371 
 79 372 
 96 371 
 79 388 
 97 371 
 79 389 
 80 372 
 97 372 
 80 389 
 98 372 
 80 390 
 81 373 
 82 373 
 81 374 
104 373 
 81 396 
 82 374 
 83 374 
 82 375 
 99 374 
 82 391 
104 374 
 82 396 
 83 375 
 84 375 
 83 376 
 99 375 
 83 391 
 84 376 
 85 376 
 84 377 
 99 376 
 84 391 
100 376 
 84 392 
102 376 
 84 394 
103 376 
 84 395 
 85 377 
 86 377 
 85 378 
 87 377 
 85 379 
100 377 
 85 392 
105 377 
 85 397 
107 377 
 85 399 
108 377 
 85 400 
 86 378 
 87 378 
 86 379 
 88 378 
 86 380 
105 378 
 86 397 
106 378 
 86 398 
107 378 
 86 399 
108 378 
 86 400 
109 378 
 86 401 
 87 379 
 88 379 
 87 380 
106 379 
 87 398 
 88 380 
 93 380 
 88 385 
106 380 
 88 398 
109 380 
 88 401 
 89 381 
 90 381 
 89 382 
 92 381 
 89 384 
110 381 
 89 402 
111 381 
 89 403 
 90 382 
 91 382 
 90 383 
 95 382 
 90 387 
111 382 
 90 403 
 91 383 
 95 383 
 91 387 
 92 384 
 94 384 
 92 386 
110 384 
 92 402 
112 384 
 92 404 
113 384 
 92 405 
114 384 
 92 406 
 93 385 
 94 385 
 93 386 
106 385 
 93 398 
112 385 
 93 404 
115 385 
 93 407 
116 385 
 93 408 
 94 386 
112 386 
 94 404 
113 386 
 94 405 
114 386 
 94 406 
 95 387 
 96 387 
 95 388 
111 387 
 95 403 
117 387 
 95 409 
118 387 
 95 410 
 96 388 
 97 388 
 96 389 
118 388 
 96 410 
119 388 
 96 411 
120 388 
 96 412 
 97 389 
 98 389 
 97 390 
120 389 
 97 412 
121 389 
 97 413 
 98 390 
121 390 
 98 413 
122 390 
 98 414 
 99 391 
100 391 
 99 392 
101 391 
 99 393 
102 391 
 99 394 
104 391 
 99 396 
100 392 
103 392 
100 395 
105 392 
100 397 
107 392 
100 399 
101 393 
102 393 
101 394 
104 393 
101 396 
123 393 
101 415 
124 393 
101 416 
125 393 
101 417 
102 394 
103 394 
102 395 
125 394 
102 417 
103 395 
105 395 
103 397 
107 395 
103 399 
125 395 
103 417 
126 395 
103 418 
127 395 
103 419 
104 396 
123 396 
104 415 
128 396 
104 420 
105 397 
107 397 
105 399 
108 397 
105 400 
127 397 
105 419 
129 397 
105 421 
106 398 
109 398 
106 401 
115 398 
106 407 
116 398 
106 408 
107 399 
108 399 
107 400 
126 399 
107 418 
127 399 
107 419 
129 399 
107 421 
130 399 
107 422 
108 400 
109 400 
108 401 
129 400 
108 421 
109 401 
115 401 
109 407 
129 401 
109 421 
131 401 
109 423 
132 401 
109 424 
110 402 
111 402 
110 403 
113 402 
110 405 
114 402 
110 406 
111 403 
114 403 
111 406 
117 403 
111 409 
118 403 
111 410 
119 403 
111 411 
112 404 
113 404 
112 405 
114 404 
112 406 
116 404 
112 408 
133 404 
112 425 
113 405 
114 405 
113 406 
133 405 
113 425 
134 405 
113 426 
114 406 
117 406 
114 409 
133 406 
114 425 
134 406 
114 426 
135 406 
114 427 
136 406 
114 428 
137 406 
114 429 
115 407 
116 407 
115 408 
132 407 
115 424 
133 407 
115 425 
138 407 
115 430 
116 408 
133 408 
116 425 
117 409 
118 409 
117 410 
119 409 
117 411 
137 409 
117 429 
139 409 
117 431 
118 410 
119 410 
118 411 
137 410 
118 429 
119 411 
120 411 
119 412 
137 411 
119 429 
139 411 
119 431 
120 412 
121 412 
120 413 
137 412 
120 429 
139 412 
120 431 
121 413 
122 413 
121 414 
139 413 
121 431 
140 413 
121 432 
141 413 
121 433 
122 414 
140 414 
122 432 
141 414 
122 433 
123 415 
124 415 
123 416 
125 415 
123 417 
128 415 
123 420 
142 415 
123 434 
124 416 
125 416 
124 417 
126 416 
124 418 
128 416 
124 420 
142 416 
124 434 
143 416 
124 435 
125 417 
126 417 
125 418 
143 417 
125 435 
126 418 
127 418 
126 419 
143 418 
126 435 
144 418 
126 436 
148 418 
126 440 
127 419 
130 419 
127 422 
144 419 
127 436 
148 419 
127 440 
149 419 
127 441 
150 419 
127 442 
128 420 
142 420 
128 434 
145 420 
128 437 
146 420 
128 438 
147 420 
128 439 
129 421 
130 421 
129 422 
131 421 
129 423 
130 422 
131 422 
130 423 
149 422 
130 441 
151 422 
130 443 
152 422 
130 444 
131 423 
132 423 
131 424 
152 423 
131 444 
132 424 
138 424 
132 430 
152 424 
132 444 
153 424 
132 445 
133 425 
134 425 
133 426 
135 425 
133 427 
138 425 
133 430 
154 425 
133 446 
134 426 
135 426 
134 427 
136 426 
134 428 
154 426 
134 446 
135 427 
136 427 
135 428 
154 427 
135 446 
156 427 
135 448 
157 427 
135 449 
158 427 
135 450 
136 428 
137 428 
136 429 
156 428 
136 448 
137 429 
139 429 
137 431 
155 429 
137 447 
156 429 
137 448 
138 430 
153 430 
138 445 
154 430 
138 446 
160 430 
138 452 
139 431 
141 431 
139 433 
155 431 
139 447 
140 432 
141 432 
140 433 
141 433 
155 433 
141 447 
156 433 
141 448 
157 433 
141 449 
142 434 
143 434 
142 435 
144 434 
142 436 
146 434 
142 438 
147 434 
142 439 
162 434 
142 454 
143 435 
144 435 
143 436 
146 435 
143 438 
147 435 
143 439 
161 435 
143 453 
162 435 
143 454 
144 436 
147 436 
144 439 
148 436 
144 440 
161 436 
144 453 
162 436 
144 454 
145 437 
146 437 
145 438 
163 437 
145 455 
164 437 
145 456 
165 437 
145 457 
166 437 
145 458 
146 438 
147 438 
146 439 
161 438 
146 453 
162 438 
146 454 
163 438 
146 455 
165 438 
146 457 
166 438 
146 458 
167 438 
146 459 
147 439 
161 439 
147 453 
162 439 
147 454 
166 439 
147 458 
167 439 
147 459 
168 439 
147 460 
148 440 
149 440 
148 441 
150 440 
148 442 
161 440 
148 453 
162 440 
148 454 
169 440 
148 461 
170 440 
148 462 
149 441 
150 441 
149 442 
151 441 
149 443 
170 441 
149 462 
150 442 
151 442 
150 443 
170 442 
150 462 
171 442 
150 463 
151 443 
152 443 
151 444 
171 443 
151 463 
172 443 
151 464 
173 443 
151 465 
152 444 
153 444 
152 445 
173 444 
152 465 
153 445 
154 445 
153 446 
160 445 
153 452 
173 445 
153 465 
174 445 
153 466 
154 446 
157 446 
154 449 
158 446 
154 450 
159 446 
154 451 
160 446 
154 452 
174 446 
154 466 
155 447 
156 447 
155 448 
156 448 
157 448 
156 449 
157 449 
158 449 
157 450 
158 450 
159 450 
158 451 
159 451 
160 451 
159 452 
160 452 
174 452 
160 466 
161 453 
162 453 
161 454 
162 454 
168 454 
162 460 
169 454 
162 461 
179 454 
162 471 
180 454 
162 472 
181 454 
162 473 
163 455 
164 455 
163 456 
165 455 
163 457 
166 455 
163 458 
182 455 
163 474 
164 456 
165 456 
164 457 
182 456 
164 474 
183 456 
164 475 
165 457 
166 457 
165 458 
167 457 
165 459 
182 457 
165 474 
183 457 
165 475 
184 457 
165 476 
185 457 
165 477 
186 457 
165 478 
187 457 
165 479 
188 457 
165 480 
166 458 
167 458 
166 459 
186 458 
166 478 
187 458 
166 479 
167 459 
168 459 
167 460 
186 459 
167 478 
187 459 
167 479 
188 459 
167 480 
168 460 
179 460 
168 471 
188 460 
168 480 
189 460 
168 481 
169 461 
170 461 
169 462 
180 461 
169 472 
181 461 
169 473 
191 461 
169 483 
170 462 
171 462 
170 463 
181 462 
170 473 
191 462 
170 483 
171 463 
172 463 
171 464 
191 463 
171 483 
172 464 
173 464 
172 465 
175 464 
172 467 
177 464 
172 469 
191 464 
172 483 
193 464 
172 485 
194 464 
172 486 
173 465 
174 465 
173 466 
175 465 
173 467 
174 466 
175 466 
174 467 
176 466 
174 468 
175 467 
176 467 
175 468 
177 467 
175 469 
178 467 
175 470 
176 468 
177 468 
176 469 
178 468 
176 470 
177 469 
178 469 
177 470 
193 469 
177 485 
194 469 
177 486 
195 469 
177 487 
178 470 
195 470 
178 487 
179 471 
180 471 
179 472 
189 471 
179 481 
190 471 
179 482 
200 471 
179 492 
201 471 
179 493 
180 472 
181 472 
180 473 
190 472 
180 482 
192 472 
180 484 
181 473 
191 473 
181 483 
192 473 
181 484 
182 474 
183 474 
182 475 
202 474 
182 494 
203 474 
182 495 
183 475 
184 475 
183 476 
185 475 
183 477 
186 475 
183 478 
187 475 
183 479 
202 475 
183 494 
203 475 
183 495 
204 475 
183 496 
205 475 
183 497 
206 475 
183 498 
184 476 
185 476 
184 477 
186 476 
184 478 
187 476 
184 479 
206 476 
184 498 
207 476 
184 499 
185 477 
186 477 
185 478 
187 477 
185 479 
204 477 
185 496 
205 477 
185 497 
206 477 
185 498 
208 477 
185 500 
209 477 
185 501 
186 478 
187 478 
186 479 
188 478 
186 480 
206 478 
186 498 
187 479 
188 479 
187 480 
189 479 
187 481 
207 479 
187 499 
210 479 
187 502 
188 480 
189 480 
188 481 
207 480 
188 499 
189 481 
190 481 
189 482 
200 481 
189 492 
201 481 
189 493 
207 481 
189 499 
210 481 
189 502 
211 481 
189 503 
190 482 
192 482 
190 484 
198 482 
190 490 
201 482 
190 493 
212 482 
190 504 
191 483 
192 483 
191 484 
193 483 
191 485 
192 484 
193 484 
192 485 
196 484 
192 488 
198 484 
192 490 
193 485 
194 485 
193 486 
196 485 
193 488 
197 485 
193 489 
198 485 
193 490 
199 485 
193 491 
194 486 
195 486 
194 487 
197 486 
194 489 
195 487 
197 487 
195 489 
196 488 
197 488 
196 489 
198 488 
196 490 
199 488 
196 491 
197 489 
199 489 
197 491 
198 490 
199 490 
198 491 
212 490 
198 504 
199 491 
212 491 
199 504 
200 492 
201 492 
200 493 
211 492 
200 503 
213 492 
200 505 
214 492 
200 506 
223 492 
200 515 
201 493 
212 493 
201 504 
214 493 
201 506 
202 494 
203 494 
202 495 
203 495 
204 495 
203 496 
205 495 
203 497 
215 495 
203 507 
216 495 
203 508 
204 496 
205 496 
204 497 
215 496 
204 507 
216 496 
204 508 
217 496 
204 509 
205 497 
208 497 
205 500 
217 497 
205 509 
218 497 
205 510 
206 498 
207 498 
206 499 
208 498 
206 500 
209 498 
206 501 
210 498 
206 502 
207 499 
209 499 
207 501 
210 499 
207 502 
211 499 
207 503 
208 500 
209 500 
208 501 
218 500 
208 510 
219 500 
208 511 
220 500 
208 512 
209 501 
210 501 
209 502 
220 501 
209 512 
221 501 
209 513 
230 501 
209 522 
210 502 
211 502 
210 503 
221 502 
210 513 
211 503 
213 503 
211 505 
221 503 
211 513 
222 503 
211 514 
212 504 
214 504 
212 506 
213 505 
214 505 
213 506 
221 505 
213 513 
222 505 
213 514 
223 505 
213 515 
214 506 
223 506 
214 515 
215 507 
216 507 
215 508 
224 507 
215 516 
225 507 
215 517 
235 507 
215 527 
236 507 
215 528 
216 508 
217 508 
216 509 
224 508 
216 516 
225 508 
216 517 
226 508 
216 518 
227 508 
216 519 
217 509 
218 509 
217 510 
226 509 
217 518 
227 509 
217 519 
218 510 
219 510 
218 511 
227 510 
218 519 
219 511 
220 511 
219 512 
227 511 
219 519 
228 511 
219 520 
230 511 
219 522 
238 511 
219 530 
220 512 
221 512 
220 513 
230 512 
220 522 
221 513 
222 513 
221 514 
223 513 
221 515 
230 513 
221 522 
222 514 
223 514 
222 515 
230 514 
222 522 
231 514 
222 523 
232 514 
222 524 
223 515 
231 515 
223 523 
232 515 
223 524 
224 516 
225 516 
224 517 
235 516 
224 527 
236 516 
224 528 
244 516 
224 536 
225 517 
226 517 
225 518 
236 517 
225 528 
237 517 
225 529 
238 517 
225 530 
246 517 
225 538 
226 518 
227 518 
226 519 
237 518 
226 529 
238 518 
226 530 
227 519 
228 519 
227 520 
238 519 
227 530 
239 519 
227 531 
228 520 
229 520 
228 521 
230 520 
228 522 
238 520 
228 530 
239 520 
228 531 
240 520 
228 532 
229 521 
230 521 
229 522 
231 521 
229 523 
233 521 
229 525 
240 521 
229 532 
241 521 
229 533 
230 522 
231 522 
230 523 
233 522 
230 525 
231 523 
232 523 
231 524 
233 523 
231 525 
232 524 
233 524 
232 525 
234 524 
232 526 
233 525 
234 525 
233 526 
240 525 
233 532 
241 525 
233 533 
242 525 
233 534 
234 526 
241 526 
234 533 
242 526 
234 534 
243 526 
234 535 
235 527 
236 527 
235 528 
244 527 
235 536 
245 527 
235 537 
253 527 
235 545 
254 527 
235 546 
236 528 
237 528 
236 529 
244 528 
236 536 
245 528 
236 537 
246 528 
236 538 
237 529 
238 529 
237 530 
246 529 
237 538 
247 529 
237 539 
256 529 
237 548 
238 530 
239 530 
238 531 
247 530 
238 539 
239 531 
240 531 
239 532 
247 531 
239 539 
248 531 
239 540 
249 531 
239 541 
240 532 
241 532 
240 533 
248 532 
240 540 
249 532 
240 541 
241 533 
242 533 
241 534 
249 533 
241 541 
250 533 
241 542 
242 534 
243 534 
242 535 
249 534 
242 541 
250 534 
242 542 
251 534 
242 543 
252 534 
242 544 
243 535 
251 535 
243 543 
252 535 
243 544 
244 536 
245 536 
244 537 
253 536 
244 545 
254 536 
244 546 
245 537 
246 537 
245 538 
254 537 
245 546 
255 537 
245 547 
256 537 
245 548 
265 537 
245 557 
246 538 
247 538 
246 539 
255 538 
246 547 
256 538 
246 548 
247 539 
248 539 
247 540 
256 539 
247 548 
258 539 
247 550 
259 539 
247 551 
248 540 
249 540 
248 541 
250 540 
248 542 
259 540 
248 551 
260 540 
248 552 
249 541 
250 541 
249 542 
260 541 
249 552 
250 542 
251 542 
250 543 
260 542 
250 552 
261 542 
250 553 
262 542 
250 554 
251 543 
252 543 
251 544 
262 543 
251 554 
263 543 
251 555 
252 544 
263 544 
252 555 
253 545 
254 545 
253 546 
264 545 
253 556 
265 545 
253 557 
254 546 
255 546 
254 547 
264 546 
254 556 
265 546 
254 557 
255 547 
256 547 
255 548 
257 547 
255 549 
258 547 
255 550 
265 547 
255 557 
256 548 
257 548 
256 549 
258 548 
256 550 
257 549 
258 549 
257 550 
265 549 
257 557 
266 549 
257 558 
267 549 
257 559 
258 550 
259 550 
258 551 
267 550 
258 559 
268 550 
258 560 
259 551 
260 551 
259 552 
268 551 
259 560 
269 551 
259 561 
271 551 
259 563 
260 552 
261 552 
260 553 
269 552 
260 561 
261 553 
262 553 
261 554 
269 553 
261 561 
270 553 
261 562 
275 553 
261 567 
262 554 
263 554 
262 555 
263 555 
264 556 
265 556 
264 557 
266 556 
264 558 
265 557 
266 557 
265 558 
267 557 
265 559 
266 558 
267 558 
266 559 
272 558 
266 564 
267 559 
268 559 
267 560 
272 559 
267 564 
268 560 
269 560 
268 561 
271 560 
268 563 
272 560 
268 564 
273 560 
268 565 
269 561 
270 561 
269 562 
271 561 
269 563 
270 562 
271 562 
270 563 
275 562 
270 567 
271 563 
273 563 
271 565 
274 563 
271 566 
275 563 
271 567 
272 564 
273 564 
272 565 
273 565 
274 565 
273 566 
279 565 
273 571 
281 565 
273 573 
274 566 
275 566 
274 567 
276 566 
274 568 
277 566 
274 569 
278 566 
274 570 
279 566 
274 571 
281 566 
274 573 
275 567 
276 567 
275 568 
277 567 
275 569 
276 568 
277 568 
276 569 
278 568 
276 570 
279 568 
276 571 
277 569 
278 569 
277 570 
279 569 
277 571 
278 570 
279 570 
278 571 
280 570 
278 572 
281 570 
278 573 
279 571 
280 571 
279 572 
281 571 
279 573 
280 572 
281 572 
280 573 
282 572 
280 574 
281 573 
282 573 
281 574 
283 573 
281 575 
284 573 
281 576 
282 574 
283 574 
282 575 
284 574 
282 576 
285 574 
282 577 
283 575 
284 575 
283 576 
285 575 
283 577 
284 576 
285 576 
284 577 
286 576 
284 578 
285 577 
286 577 
285 578 
287 577 
285 579 
286 578 
287 578 
286 579 
288 578 
286 580 
289 578 
286 581 
287 579 
288 579 
287 580 
289 579 
287 581 
290 579 
287 582 
288 580 
289 580 
288 581 
290 580 
288 582 
292 580 
288 584 
289 581 
290 581 
289 582 
291 581 
289 583 
292 581 
289 584 
290 582 
291 582 
290 583 
292 582 
290 584 
291 583 
292 583 
291 584 
292 584 
