219  85    438 
  1 220 
  2 220 
  3 220 
  4 220 
  1 221 
  5 221 
  6 221 
  7 221 
  8 221 
  5 222 
  9 222 
 10 222 
  9 223 
 11 223 
 12 223 
 13 223 
 14 223 
 11 224 
 15 224 
 16 224 
  4 225 
 17 225 
 18 225 
 19 225 
 20 225 
  3 226 
 17 226 
 21 226 
 22 226 
 23 226 
 24 226 
  2 227 
  8 227 
 23 227 
 25 227 
 26 227 
 27 227 
  7 228 
 27 228 
 28 228 
 29 228 
 30 228 
 31 228 
 32 228 
  6 229 
 10 229 
 14 229 
 30 229 
 33 229 
 13 230 
 31 230 
 33 230 
 34 230 
 35 230 
 36 230 
 37 230 
 12 231 
 16 231 
 35 231 
 38 231 
 39 231 
 20 232 
 40 232 
 41 232 
 18 233 
 22 233 
 42 233 
 43 233 
 44 233 
 45 233 
 21 234 
 45 234 
 46 234 
 47 234 
 48 234 
 49 234 
 50 234 
 24 235 
 26 235 
 49 235 
 51 235 
 52 235 
 50 236 
 51 236 
 53 236 
 54 236 
 55 236 
 56 236 
 25 237 
 29 237 
 52 237 
 55 237 
 57 237 
 58 237 
 59 237 
 28 238 
 58 238 
 60 238 
 61 238 
 62 238 
 32 239 
 34 239 
 61 239 
 63 239 
 64 239 
 37 240 
 64 240 
 65 240 
 66 240 
 67 240 
 68 240 
 69 240 
 36 241 
 38 241 
 67 241 
 70 241 
 71 241 
 15 242 
 39 242 
 70 242 
 72 242 
 73 242 
 68 243 
 71 243 
 73 243 
 74 243 
 75 243 
 76 243 
 77 243 
 69 244 
 75 244 
 78 244 
 79 244 
 65 245 
 78 245 
 80 245 
 81 245 
 82 245 
 83 245 
 62 246 
 63 246 
 66 246 
 82 246 
 84 246 
 85 246 
 86 246 
 59 247 
 60 247 
 86 247 
 87 247 
 88 247 
 56 248 
 57 248 
 88 248 
 89 248 
 90 248 
 91 248 
 53 249 
 90 249 
 92 249 
 93 249 
 94 249 
 95 249 
 46 250 
 54 250 
 94 250 
 96 250 
 97 250 
 98 250 
 72 251 
 76 251 
 99 251 
100 251 
 77 252 
100 252 
101 252 
102 252 
103 252 
 74 253 
 79 253 
 83 253 
103 253 
104 253 
105 253 
106 253 
107 253 
105 254 
108 254 
109 254 
110 254 
111 254 
 80 255 
106 255 
110 255 
112 255 
113 255 
 81 256 
 84 256 
113 256 
114 256 
115 256 
109 257 
112 257 
115 257 
116 257 
117 257 
118 257 
119 257 
 85 258 
 87 258 
 91 258 
114 258 
117 258 
120 258 
121 258 
122 258 
123 258 
 89 259 
 95 259 
122 259 
124 259 
125 259 
126 259 
121 260 
126 260 
127 260 
128 260 
 92 261 
125 261 
129 261 
130 261 
131 261 
132 261 
 93 262 
 96 262 
131 262 
133 262 
134 262 
135 262 
 41 263 
136 263 
137 263 
138 263 
139 263 
 19 264 
 40 264 
 44 264 
136 264 
140 264 
141 264 
142 264 
 43 265 
140 265 
143 265 
144 265 
145 265 
 42 266 
 48 266 
143 266 
146 266 
147 266 
 47 267 
 98 267 
146 267 
148 267 
149 267 
150 267 
 97 268 
135 268 
148 268 
151 268 
152 268 
153 268 
130 269 
133 269 
154 269 
155 269 
156 269 
134 270 
151 270 
155 270 
157 270 
158 270 
159 270 
137 271 
142 271 
160 271 
161 271 
162 271 
139 272 
163 272 
164 272 
165 272 
138 273 
162 273 
163 273 
166 273 
167 273 
168 273 
164 274 
168 274 
169 274 
170 274 
171 274 
172 274 
167 275 
169 275 
173 275 
174 275 
175 275 
141 276 
145 276 
160 276 
176 276 
177 276 
178 276 
144 277 
147 277 
150 277 
178 277 
179 277 
180 277 
149 278 
153 278 
179 278 
181 278 
182 278 
183 278 
184 278 
152 279 
159 279 
184 279 
185 279 
158 280 
181 280 
185 280 
186 280 
187 280 
188 280 
189 280 
190 280 
186 281 
191 281 
192 281 
193 281 
194 281 
101 282 
195 282 
 99 283 
102 283 
107 283 
195 283 
196 283 
104 284 
111 284 
196 284 
197 284 
108 285 
118 285 
197 285 
198 285 
119 286 
198 286 
199 286 
200 286 
199 287 
201 287 
116 288 
123 288 
200 288 
201 288 
202 288 
120 289 
128 289 
202 289 
203 289 
124 290 
127 290 
132 290 
203 290 
204 290 
129 291 
156 291 
204 291 
205 291 
154 292 
157 292 
190 292 
194 292 
205 292 
206 292 
191 293 
206 293 
207 293 
208 293 
207 294 
209 294 
187 295 
192 295 
208 295 
209 295 
210 295 
211 295 
210 296 
212 296 
188 297 
193 297 
211 297 
212 297 
213 297 
182 298 
189 298 
213 298 
214 298 
176 299 
180 299 
183 299 
214 299 
215 299 
161 300 
166 300 
173 300 
177 300 
215 300 
216 300 
174 301 
216 301 
217 301 
170 302 
175 302 
217 302 
218 302 
171 303 
218 303 
219 303 
165 304 
172 304 
219 304 
