 85  85    523 
  1  86 
  2  86 
  1  87 
  6  86 
  1  91 
  7  86 
  1  92 
  8  86 
  1  93 
  2  87 
  3  87 
  2  88 
  8  87 
  2  93 
  9  87 
  2  94 
 10  87 
  2  95 
  3  88 
  4  88 
  3  89 
 10  88 
  3  95 
  4  89 
  5  89 
  4  90 
 10  89 
  4  95 
 11  89 
  4  96 
 12  89 
  4  97 
  5  90 
 12  90 
  5  97 
 23  90 
  5 108 
  6  91 
  7  91 
  6  92 
 13  91 
  6  98 
 14  91 
  6  99 
 45  91 
  6 130 
  7  92 
  8  92 
  7  93 
 14  92 
  7  99 
 15  92 
  7 100 
 16  92 
  7 101 
  8  93 
  9  93 
  8  94 
 16  93 
  8 101 
 18  93 
  8 103 
  9  94 
 10  94 
  9  95 
 11  94 
  9  96 
 18  94 
  9 103 
 19  94 
  9 104 
 20  94 
  9 105 
 10  95 
 11  95 
 10  96 
 11  96 
 12  96 
 11  97 
 20  96 
 11 105 
 21  96 
 11 106 
 22  96 
 11 107 
 12  97 
 22  97 
 12 107 
 23  97 
 12 108 
 13  98 
 44  98 
 13 129 
 45  98 
 13 130 
 14  99 
 15  99 
 14 100 
 45  99 
 14 130 
 46  99 
 14 131 
 47  99 
 14 132 
 15 100 
 16 100 
 15 101 
 17 100 
 15 102 
 31 100 
 15 116 
 47 100 
 15 132 
 48 100 
 15 133 
 16 101 
 17 101 
 16 102 
 18 101 
 16 103 
 17 102 
 18 102 
 17 103 
 29 102 
 17 114 
 30 102 
 17 115 
 31 102 
 17 116 
 18 103 
 19 103 
 18 104 
 28 103 
 18 113 
 29 103 
 18 114 
 19 104 
 20 104 
 19 105 
 27 104 
 19 112 
 28 104 
 19 113 
 20 105 
 21 105 
 20 106 
 27 105 
 20 112 
 21 106 
 22 106 
 21 107 
 24 106 
 21 109 
 25 106 
 21 110 
 26 106 
 21 111 
 27 106 
 21 112 
 22 107 
 23 107 
 22 108 
 24 107 
 22 109 
 23 108 
 24 108 
 23 109 
 32 108 
 23 117 
 24 109 
 25 109 
 24 110 
 32 109 
 24 117 
 33 109 
 24 118 
 34 109 
 24 119 
 25 110 
 26 110 
 25 111 
 34 110 
 25 119 
 26 111 
 27 111 
 26 112 
 34 111 
 26 119 
 36 111 
 26 121 
 37 111 
 26 122 
 27 112 
 28 112 
 27 113 
 37 112 
 27 122 
 39 112 
 27 124 
 28 113 
 29 113 
 28 114 
 39 113 
 28 124 
 29 114 
 30 114 
 29 115 
 39 114 
 29 124 
 40 114 
 29 125 
 30 115 
 31 115 
 30 116 
 40 115 
 30 125 
 42 115 
 30 127 
 43 115 
 30 128 
 31 116 
 43 116 
 31 128 
 48 116 
 31 133 
 49 116 
 31 134 
 32 117 
 33 117 
 32 118 
 64 117 
 32 149 
 33 118 
 34 118 
 33 119 
 63 118 
 33 148 
 64 118 
 33 149 
 34 119 
 35 119 
 34 120 
 36 119 
 34 121 
 64 119 
 34 149 
 65 119 
 34 150 
 35 120 
 36 120 
 35 121 
 38 120 
 35 123 
 65 120 
 35 150 
 66 120 
 35 151 
 36 121 
 37 121 
 36 122 
 38 121 
 36 123 
 37 122 
 38 122 
 37 123 
 39 122 
 37 124 
 38 123 
 39 123 
 38 124 
 66 123 
 38 151 
 67 123 
 38 152 
 69 123 
 38 154 
 39 124 
 40 124 
 39 125 
 41 124 
 39 126 
 69 124 
 39 154 
 70 124 
 39 155 
 40 125 
 41 125 
 40 126 
 42 125 
 40 127 
 71 125 
 40 156 
 41 126 
 70 126 
 41 155 
 71 126 
 41 156 
 42 127 
 43 127 
 42 128 
 50 127 
 42 135 
 71 127 
 42 156 
 72 127 
 42 157 
 43 128 
 49 128 
 43 134 
 50 128 
 43 135 
 51 128 
 43 136 
 44 129 
 45 129 
 44 130 
 52 129 
 44 137 
 53 129 
 44 138 
 54 129 
 44 139 
 45 130 
 46 130 
 45 131 
 52 130 
 45 137 
 57 130 
 45 142 
 46 131 
 47 131 
 46 132 
 57 131 
 46 142 
 58 131 
 46 143 
 47 132 
 48 132 
 47 133 
 58 132 
 47 143 
 48 133 
 49 133 
 48 134 
 58 133 
 48 143 
 59 133 
 48 144 
 49 134 
 51 134 
 49 136 
 59 134 
 49 144 
 60 134 
 49 145 
 50 135 
 51 135 
 50 136 
 72 135 
 50 157 
 73 135 
 50 158 
 51 136 
 60 136 
 51 145 
 61 136 
 51 146 
 73 136 
 51 158 
 52 137 
 54 137 
 52 139 
 57 137 
 52 142 
 81 137 
 52 166 
 53 138 
 54 138 
 53 139 
 55 138 
 53 140 
 85 138 
 53 170 
 54 139 
 55 139 
 54 140 
 56 139 
 54 141 
 81 139 
 54 166 
 55 140 
 56 140 
 55 141 
 83 140 
 55 168 
 84 140 
 55 169 
 85 140 
 55 170 
 56 141 
 81 141 
 56 166 
 82 141 
 56 167 
 83 141 
 56 168 
 57 142 
 58 142 
 57 143 
 80 142 
 57 165 
 81 142 
 57 166 
 58 143 
 59 143 
 58 144 
 80 143 
 58 165 
 59 144 
 60 144 
 59 145 
 61 144 
 59 146 
 79 144 
 59 164 
 80 144 
 59 165 
 60 145 
 61 145 
 60 146 
 61 146 
 62 146 
 61 147 
 73 146 
 61 158 
 76 146 
 61 161 
 78 146 
 61 163 
 79 146 
 61 164 
 62 147 
 73 147 
 62 158 
 74 147 
 62 159 
 76 147 
 62 161 
 78 147 
 62 163 
 63 148 
 64 148 
 63 149 
 64 149 
 65 149 
 64 150 
 65 150 
 66 150 
 65 151 
 66 151 
 67 151 
 66 152 
 67 152 
 68 152 
 67 153 
 69 152 
 67 154 
 68 153 
 69 153 
 68 154 
 69 154 
 70 154 
 69 155 
 70 155 
 71 155 
 70 156 
 71 156 
 72 156 
 71 157 
 72 157 
 73 157 
 72 158 
 73 158 
 74 158 
 73 159 
 74 159 
 75 159 
 74 160 
 76 159 
 74 161 
 75 160 
 76 160 
 75 161 
 76 161 
 77 161 
 76 162 
 78 161 
 76 163 
 77 162 
 78 162 
 77 163 
 78 163 
 79 163 
 78 164 
 79 164 
 80 164 
 79 165 
 80 165 
 81 165 
 80 166 
 81 166 
 82 166 
 81 167 
 82 167 
 83 167 
 82 168 
 83 168 
 84 168 
 83 169 
 84 169 
 85 169 
 84 170 
 85 170 
