443 443   1623 
  1 444 
281 444 
  1 724 
353 444 
  1 796 
  2 445 
  3 445 
  2 446 
435 445 
  2 878 
437 445 
  2 880 
  3 446 
  4 446 
  3 447 
  5 446 
  3 448 
  4 447 
  5 448 
  6 449 
 10 449 
  6 453 
  7 450 
 10 450 
  7 453 
  8 451 
  9 451 
  8 452 
  9 452 
 20 452 
  9 463 
 39 452 
  9 482 
 10 453 
 20 453 
 10 463 
214 453 
 10 657 
 11 454 
108 454 
 11 551 
350 454 
 11 793 
 12 455 
177 455 
 12 620 
259 455 
 12 702 
 13 456 
202 456 
 13 645 
428 456 
 13 871 
 14 457 
 16 457 
 14 459 
 15 458 
 16 458 
 15 459 
 52 458 
 15 495 
301 458 
 15 744 
 16 459 
266 459 
 16 709 
300 459 
 16 743 
 17 460 
 28 460 
 17 471 
434 460 
 17 877 
 18 461 
206 461 
 18 649 
 19 462 
268 462 
 19 711 
272 462 
 19 715 
 20 463 
 93 463 
 20 536 
185 463 
 20 628 
 21 464 
 32 464 
 21 475 
289 464 
 21 732 
 22 465 
 23 465 
 22 466 
400 465 
 22 843 
 23 466 
 24 466 
 23 467 
266 466 
 23 709 
 24 467 
415 467 
 24 858 
 25 468 
 26 468 
 25 469 
 26 469 
202 469 
 26 645 
299 469 
 26 742 
364 469 
 26 807 
424 469 
 26 867 
 27 470 
140 470 
 27 583 
175 470 
 27 618 
243 470 
 27 686 
270 470 
 27 713 
 28 471 
201 471 
 28 644 
241 471 
 28 684 
308 471 
 28 751 
441 471 
 28 884 
 29 472 
112 472 
 29 555 
270 472 
 29 713 
 30 473 
177 473 
 30 620 
267 473 
 30 710 
284 473 
 30 727 
 31 474 
115 474 
 31 558 
188 474 
 31 631 
 32 475 
194 475 
 32 637 
 33 476 
253 476 
 33 696 
289 476 
 33 732 
 34 477 
111 477 
 34 554 
163 477 
 34 606 
210 477 
 34 653 
 35 478 
 98 478 
 35 541 
206 478 
 35 649 
 36 479 
 94 479 
 36 537 
431 479 
 36 874 
 37 480 
 38 480 
 37 481 
133 480 
 37 576 
306 480 
 37 749 
387 480 
 37 830 
395 480 
 37 838 
 38 481 
 39 482 
 71 482 
 39 514 
214 482 
 39 657 
256 482 
 39 699 
 40 483 
382 483 
 40 825 
 41 484 
221 484 
 41 664 
222 484 
 41 665 
317 484 
 41 760 
336 484 
 41 779 
 42 485 
 43 485 
 42 486 
 43 486 
 44 486 
 43 487 
184 486 
 43 627 
 44 487 
 45 487 
 44 488 
108 487 
 44 551 
290 487 
 44 733 
291 487 
 44 734 
 45 488 
 46 488 
 45 489 
 47 488 
 45 490 
 48 488 
 45 491 
 49 488 
 45 492 
 66 488 
 45 509 
339 488 
 45 782 
 46 489 
 47 490 
 48 491 
 49 492 
 50 493 
 51 493 
 50 494 
 89 493 
 50 532 
242 493 
 50 685 
 51 494 
161 494 
 51 604 
243 494 
 51 686 
 52 495 
 65 495 
 52 508 
 53 496 
184 496 
 53 627 
423 496 
 53 866 
 54 497 
 55 497 
 54 498 
 56 497 
 54 499 
176 497 
 54 619 
 55 498 
 56 499 
 57 500 
 94 500 
 57 537 
403 500 
 57 846 
 58 501 
 59 501 
 58 502 
 60 501 
 58 503 
 61 501 
 58 504 
 59 502 
 61 502 
 59 504 
 85 502 
 59 528 
186 502 
 59 629 
257 502 
 59 700 
280 502 
 59 723 
 60 503 
 61 504 
216 504 
 61 659 
 62 505 
 66 505 
 62 509 
 63 506 
 66 506 
 63 509 
 64 507 
 66 507 
 64 509 
 65 508 
245 508 
 65 688 
 66 509 
339 509 
 66 782 
363 509 
 66 806 
 67 510 
 99 510 
 67 542 
191 510 
 67 634 
213 510 
 67 656 
 68 511 
 69 511 
 68 512 
 69 512 
136 512 
 69 579 
142 512 
 69 585 
211 512 
 69 654 
271 512 
 69 714 
 70 513 
286 513 
 70 729 
412 513 
 70 855 
 71 514 
 93 514 
 71 536 
182 514 
 71 625 
193 514 
 71 636 
 72 515 
 73 515 
 72 516 
169 515 
 72 612 
326 515 
 72 769 
430 515 
 72 873 
 73 516 
250 516 
 73 693 
 74 517 
 75 517 
 74 518 
165 517 
 74 608 
411 517 
 74 854 
 75 518 
 76 519 
127 519 
 76 570 
300 519 
 76 743 
 77 520 
164 520 
 77 607 
353 520 
 77 796 
 78 521 
 89 521 
 78 532 
144 521 
 78 587 
287 521 
 78 730 
 79 522 
281 522 
 79 724 
353 522 
 79 796 
 80 523 
240 523 
 80 683 
312 523 
 80 755 
321 523 
 80 764 
414 523 
 80 857 
 81 524 
187 524 
 81 630 
270 524 
 81 713 
 82 525 
 83 525 
 82 526 
 83 526 
163 526 
 83 606 
169 526 
 83 612 
 84 527 
214 527 
 84 657 
268 527 
 84 711 
394 527 
 84 837 
 85 528 
 86 528 
 85 529 
 86 529 
 87 530 
 95 530 
 87 538 
180 530 
 87 623 
183 530 
 87 626 
 88 531 
117 531 
 88 560 
192 531 
 88 635 
435 531 
 88 878 
 89 532 
 90 532 
 89 533 
144 532 
 89 587 
242 532 
 89 685 
 90 533 
161 533 
 90 604 
243 533 
 90 686 
288 533 
 90 731 
 91 534 
 92 534 
 91 535 
199 534 
 91 642 
210 534 
 91 653 
 92 535 
200 535 
 92 643 
208 535 
 92 651 
223 535 
 92 666 
224 535 
 92 667 
 93 536 
157 536 
 93 600 
171 536 
 93 614 
 94 537 
323 537 
 94 766 
 95 538 
 96 538 
 95 539 
 97 538 
 95 540 
 96 539 
 97 540 
 98 541 
 99 542 
123 542 
 99 566 
100 543 
101 543 
100 544 
102 543 
100 545 
221 543 
100 664 
264 543 
100 707 
326 543 
100 769 
430 543 
100 873 
101 544 
102 545 
103 546 
107 546 
103 550 
104 547 
108 547 
104 551 
105 548 
109 548 
105 552 
106 549 
107 549 
106 550 
107 550 
108 550 
107 551 
108 551 
109 551 
108 552 
328 551 
108 771 
434 551 
108 877 
109 552 
223 552 
109 666 
110 553 
153 553 
110 596 
228 553 
110 671 
313 553 
110 756 
111 554 
271 554 
111 714 
112 555 
113 555 
112 556 
114 555 
112 557 
175 555 
112 618 
113 556 
115 556 
113 558 
114 557 
443 557 
114 886 
115 558 
349 558 
115 792 
116 559 
374 559 
116 817 
377 559 
116 820 
117 560 
123 560 
117 566 
118 561 
119 561 
118 562 
153 561 
118 596 
234 561 
118 677 
389 561 
118 832 
119 562 
338 562 
119 781 
401 562 
119 844 
120 563 
121 563 
120 564 
182 563 
120 625 
121 564 
394 564 
121 837 
428 564 
121 871 
122 565 
366 565 
122 809 
372 565 
122 815 
397 565 
122 840 
123 566 
124 567 
125 567 
124 568 
231 567 
124 674 
125 568 
126 568 
125 569 
126 569 
141 569 
126 584 
201 569 
126 644 
362 569 
126 805 
415 569 
126 858 
127 570 
231 570 
127 674 
128 571 
397 571 
128 840 
129 572 
130 572 
129 573 
371 572 
129 814 
130 573 
131 574 
385 574 
131 828 
132 575 
188 575 
132 631 
271 575 
132 714 
133 576 
134 576 
133 577 
135 576 
133 578 
262 576 
133 705 
306 576 
133 749 
134 577 
292 577 
134 735 
135 578 
294 578 
135 737 
136 579 
271 579 
136 714 
137 580 
301 580 
137 744 
402 580 
137 845 
138 581 
139 581 
138 582 
311 581 
138 754 
365 581 
138 808 
376 581 
138 819 
377 581 
138 820 
139 582 
140 583 
270 583 
140 713 
141 584 
201 584 
141 644 
142 585 
298 585 
142 741 
143 586 
180 586 
143 623 
193 586 
143 636 
144 587 
145 588 
146 588 
145 589 
146 589 
211 589 
146 654 
147 590 
148 590 
147 591 
154 590 
147 597 
425 590 
147 868 
148 591 
207 591 
148 650 
398 591 
148 841 
149 592 
150 592 
149 593 
150 593 
210 593 
150 653 
151 594 
152 594 
151 595 
152 595 
210 595 
152 653 
153 596 
155 596 
153 598 
156 596 
153 599 
234 596 
153 677 
154 597 
155 598 
156 599 
157 600 
158 600 
157 601 
159 600 
157 602 
158 601 
159 602 
160 603 
161 603 
160 604 
161 604 
162 605 
163 605 
162 606 
163 606 
164 607 
165 607 
164 608 
167 607 
164 610 
235 607 
164 678 
346 607 
164 789 
353 607 
164 796 
414 607 
164 857 
165 608 
166 608 
165 609 
166 609 
167 610 
168 611 
169 611 
168 612 
169 612 
170 613 
191 613 
170 634 
253 613 
170 696 
171 614 
331 614 
171 774 
172 615 
221 615 
172 664 
430 615 
172 873 
173 616 
265 616 
173 708 
174 617 
232 617 
174 675 
402 617 
174 845 
175 618 
288 618 
175 731 
176 619 
199 619 
176 642 
177 620 
178 620 
177 621 
179 620 
177 622 
227 620 
177 670 
267 620 
177 710 
329 620 
177 772 
338 620 
177 781 
349 620 
177 792 
178 621 
250 621 
178 693 
179 622 
180 623 
182 623 
180 625 
183 623 
180 626 
302 623 
180 745 
181 624 
305 624 
181 748 
322 624 
181 765 
182 625 
309 625 
182 752 
183 626 
184 627 
185 628 
427 628 
185 870 
186 629 
187 629 
186 630 
188 629 
186 631 
206 629 
186 649 
187 630 
188 631 
190 631 
188 633 
227 631 
188 670 
259 631 
188 702 
390 631 
188 833 
435 631 
188 878 
189 632 
190 632 
189 633 
212 632 
189 655 
190 633 
191 634 
253 634 
191 696 
273 634 
191 716 
192 635 
273 635 
192 716 
193 636 
214 636 
193 657 
302 636 
193 745 
194 637 
392 637 
194 835 
412 637 
194 855 
195 638 
196 638 
195 639 
197 638 
195 640 
198 638 
195 641 
196 639 
200 639 
196 643 
429 639 
196 872 
197 640 
198 641 
199 642 
200 642 
199 643 
200 643 
220 643 
200 663 
224 643 
200 667 
337 643 
200 780 
426 643 
200 869 
429 643 
200 872 
201 644 
308 644 
201 751 
202 645 
272 645 
202 715 
364 645 
202 807 
424 645 
202 867 
203 646 
204 646 
203 647 
204 647 
314 647 
204 757 
205 648 
400 648 
205 843 
408 648 
205 851 
206 649 
349 649 
206 792 
207 650 
208 650 
207 651 
211 650 
207 654 
398 650 
207 841 
208 651 
236 651 
208 679 
426 651 
208 869 
209 652 
328 652 
209 771 
362 652 
209 805 
210 653 
211 653 
210 654 
211 654 
212 654 
211 655 
212 655 
213 656 
258 656 
213 701 
214 657 
309 657 
214 752 
432 657 
214 875 
215 658 
216 658 
215 659 
217 658 
215 660 
216 659 
283 659 
216 726 
401 659 
216 844 
217 660 
218 661 
282 661 
218 725 
285 661 
218 728 
219 662 
315 662 
219 758 
429 662 
219 872 
220 663 
221 663 
220 664 
222 663 
220 665 
337 663 
220 780 
221 664 
256 664 
221 699 
264 664 
221 707 
430 664 
221 873 
432 664 
221 875 
222 665 
430 665 
222 873 
223 666 
236 666 
223 679 
436 666 
223 879 
224 667 
225 667 
224 668 
226 667 
224 669 
225 668 
226 669 
227 670 
228 671 
282 671 
228 725 
229 672 
289 672 
229 732 
392 672 
229 835 
230 673 
260 673 
230 703 
268 673 
230 711 
314 673 
230 757 
327 673 
230 770 
231 674 
232 675 
297 675 
232 740 
233 676 
234 676 
233 677 
234 677 
235 678 
322 678 
235 765 
410 678 
235 853 
433 678 
235 876 
236 679 
237 679 
236 680 
238 679 
236 681 
239 679 
236 682 
436 679 
236 879 
237 680 
238 681 
239 682 
240 683 
305 683 
240 748 
241 684 
242 685 
243 685 
242 686 
243 686 
244 687 
246 687 
244 689 
328 687 
244 771 
434 687 
244 877 
245 688 
408 688 
245 851 
246 689 
255 689 
246 698 
247 690 
250 690 
247 693 
248 691 
250 691 
248 693 
249 692 
250 692 
249 693 
250 693 
325 693 
250 768 
436 693 
250 879 
251 694 
340 694 
251 783 
404 694 
251 847 
252 695 
254 695 
252 697 
253 696 
254 696 
253 697 
289 696 
253 732 
254 697 
255 698 
328 698 
255 771 
396 698 
255 839 
256 699 
432 699 
256 875 
257 700 
347 700 
257 790 
408 700 
257 851 
258 701 
392 701 
258 835 
259 702 
437 702 
259 880 
260 703 
261 703 
260 704 
327 703 
260 770 
261 704 
262 705 
263 705 
262 706 
263 706 
264 707 
265 708 
266 708 
265 709 
266 709 
267 710 
268 711 
272 711 
268 715 
314 711 
268 757 
394 711 
268 837 
428 711 
268 871 
269 712 
270 712 
269 713 
270 713 
271 713 
270 714 
271 714 
272 715 
273 716 
275 716 
273 718 
274 717 
278 717 
274 721 
275 718 
278 718 
275 721 
279 718 
275 722 
276 719 
278 719 
276 721 
279 719 
276 722 
277 720 
279 720 
277 722 
278 721 
279 722 
280 723 
281 724 
353 724 
281 796 
282 725 
340 725 
282 783 
283 726 
284 726 
283 727 
289 726 
283 732 
296 726 
283 739 
435 726 
283 878 
284 727 
289 727 
284 732 
435 727 
284 878 
285 728 
341 728 
285 784 
286 729 
435 729 
286 878 
287 730 
288 730 
287 731 
288 731 
440 731 
288 883 
289 732 
290 732 
289 733 
291 732 
289 734 
290 733 
291 734 
292 735 
293 735 
292 736 
294 735 
292 737 
293 736 
294 737 
295 737 
294 738 
295 738 
296 739 
298 739 
296 741 
438 739 
296 881 
297 740 
393 740 
297 836 
298 741 
299 742 
424 742 
299 867 
300 743 
301 744 
302 745 
303 745 
302 746 
304 745 
302 747 
303 746 
304 747 
305 748 
433 748 
305 876 
306 749 
307 749 
306 750 
381 749 
306 824 
387 749 
306 830 
395 749 
306 838 
405 749 
306 848 
420 749 
306 863 
307 750 
391 750 
307 834 
426 750 
307 869 
308 751 
309 752 
310 752 
309 753 
428 752 
309 871 
310 753 
429 753 
310 872 
311 754 
365 754 
311 808 
376 754 
311 819 
312 755 
414 755 
312 857 
313 756 
314 757 
315 758 
316 758 
315 759 
391 758 
315 834 
429 758 
315 872 
316 759 
317 760 
318 760 
317 761 
319 760 
317 762 
320 760 
317 763 
331 760 
317 774 
336 760 
317 779 
318 761 
319 762 
320 763 
321 764 
414 764 
321 857 
322 765 
323 766 
325 766 
323 768 
348 766 
323 791 
399 766 
323 842 
324 767 
325 767 
324 768 
354 767 
324 797 
325 768 
339 768 
325 782 
326 769 
430 769 
326 873 
327 770 
328 771 
342 771 
328 785 
343 771 
328 786 
344 771 
328 787 
345 771 
328 788 
329 772 
330 772 
329 773 
401 772 
329 844 
330 773 
331 774 
332 775 
335 775 
332 778 
384 775 
332 827 
333 776 
334 776 
333 777 
382 776 
333 825 
334 777 
335 778 
336 779 
337 779 
336 780 
427 779 
336 870 
337 780 
338 781 
339 781 
338 782 
340 781 
338 783 
341 781 
338 784 
403 781 
338 846 
339 782 
340 783 
341 784 
393 784 
341 836 
342 785 
343 786 
344 787 
345 788 
346 789 
410 789 
346 853 
347 790 
348 790 
347 791 
348 791 
403 791 
348 846 
349 792 
399 792 
349 842 
431 792 
349 874 
350 793 
434 793 
350 877 
351 794 
353 794 
351 796 
354 794 
351 797 
357 794 
351 800 
352 795 
353 795 
352 796 
354 795 
352 797 
358 795 
352 801 
353 796 
388 796 
353 831 
354 797 
415 797 
354 858 
439 797 
354 882 
355 798 
388 798 
355 831 
356 799 
388 799 
356 831 
357 800 
358 801 
359 802 
362 802 
359 805 
360 803 
362 803 
360 805 
361 804 
396 804 
361 839 
362 805 
363 805 
362 806 
363 806 
364 807 
365 808 
377 808 
365 820 
366 809 
367 809 
366 810 
369 809 
366 812 
370 809 
366 813 
367 810 
425 810 
367 868 
368 811 
369 811 
368 812 
426 811 
368 869 
369 812 
376 812 
369 819 
370 813 
371 813 
370 814 
385 813 
370 828 
397 813 
370 840 
371 814 
372 815 
378 815 
372 821 
383 815 
372 826 
384 815 
372 827 
373 816 
374 816 
373 817 
380 816 
373 823 
374 817 
375 817 
374 818 
377 817 
374 820 
379 817 
374 822 
405 817 
374 848 
420 817 
374 863 
375 818 
426 818 
375 869 
376 819 
377 819 
376 820 
377 820 
378 821 
380 821 
378 823 
379 822 
380 822 
379 823 
380 823 
381 824 
387 824 
381 830 
382 825 
383 825 
382 826 
387 825 
382 830 
383 826 
386 826 
383 829 
384 827 
385 828 
386 829 
387 829 
386 830 
387 830 
388 831 
389 832 
390 833 
435 833 
390 878 
391 834 
406 834 
391 849 
392 835 
393 836 
404 836 
393 847 
394 837 
395 837 
394 838 
395 838 
396 839 
397 840 
398 841 
399 842 
400 843 
401 844 
402 845 
403 845 
402 846 
403 846 
404 847 
405 848 
406 848 
405 849 
406 849 
407 850 
409 850 
407 852 
410 850 
407 853 
411 850 
407 854 
408 851 
409 852 
410 853 
411 854 
412 855 
413 856 
417 856 
413 860 
414 857 
417 857 
414 860 
418 857 
414 861 
415 858 
417 858 
415 860 
418 858 
415 861 
416 859 
418 859 
416 861 
417 860 
418 861 
419 862 
420 862 
419 863 
421 862 
419 864 
422 862 
419 865 
420 863 
421 864 
422 865 
423 866 
438 866 
423 881 
424 867 
425 868 
426 868 
425 869 
426 869 
427 870 
428 871 
429 871 
428 872 
429 872 
430 873 
431 874 
432 875 
433 876 
434 877 
435 878 
436 878 
435 879 
436 879 
439 879 
436 882 
437 880 
438 881 
439 882 
440 883 
442 883 
440 885 
441 884 
442 885 
443 885 
442 886 
443 886 
