 39  39    131 
  1  40 
  2  40 
  1  41 
 39  40 
  1  78 
  2  41 
  3  41 
  2  42 
 25  41 
  2  64 
 30  41 
  2  69 
  3  42 
  4  42 
  3  43 
 18  42 
  3  57 
  4  43 
 14  43 
  4  53 
 18  43 
  4  57 
  5  44 
  6  44 
  5  45 
  8  44 
  5  47 
  6  45 
  7  45 
  6  46 
 11  45 
  6  50 
 31  45 
  6  70 
  7  46 
  8  46 
  7  47 
  8  47 
  9  47 
  8  48 
  9  48 
 39  48 
  9  78 
 10  49 
 11  49 
 10  50 
 13  49 
 10  52 
 32  49 
 10  71 
 11  50 
 12  50 
 11  51 
 12  51 
 13  51 
 12  52 
 13  52 
 14  52 
 13  53 
 14  53 
 15  53 
 14  54 
 15  54 
 16  54 
 15  55 
 16  55 
 17  55 
 16  56 
 19  55 
 16  58 
 21  55 
 16  60 
 24  55 
 16  63 
 17  56 
 18  56 
 17  57 
 27  56 
 17  66 
 18  57 
 19  58 
 20  58 
 19  59 
 33  58 
 19  72 
 20  59 
 34  59 
 20  73 
 21  60 
 22  60 
 21  61 
 22  61 
 23  61 
 22  62 
 35  61 
 22  74 
 23  62 
 24  62 
 23  63 
 36  62 
 23  75 
 24  63 
 25  64 
 26  64 
 25  65 
 37  64 
 25  76 
 26  65 
 27  65 
 26  66 
 28  65 
 26  67 
 29  65 
 26  68 
 27  66 
 28  67 
 29  67 
 28  68 
 29  68 
 38  68 
 29  77 
 30  69 
 31  70 
 32  71 
 33  72 
 34  73 
 35  74 
 36  75 
 37  76 
 38  77 
 39  78 
