132 132   3648 
  1 133 
  2 133 
  1 134 
  3 133 
  1 135 
  6 133 
  1 138 
  7 133 
  1 139 
 13 133 
  1 145 
 18 133 
  1 150 
 19 133 
  1 151 
 20 133 
  1 152 
 24 133 
  1 156 
 25 133 
  1 157 
 26 133 
  1 158 
 27 133 
  1 159 
 28 133 
  1 160 
 29 133 
  1 161 
 30 133 
  1 162 
  2 134 
  3 134 
  2 135 
  6 134 
  2 138 
  8 134 
  2 140 
 12 134 
  2 144 
 14 134 
  2 146 
 19 134 
  2 151 
 20 134 
  2 152 
 24 134 
  2 156 
 25 134 
  2 157 
 26 134 
  2 158 
 27 134 
  2 159 
 28 134 
  2 160 
 29 134 
  2 161 
 30 134 
  2 162 
  3 135 
  4 135 
  3 136 
  5 135 
  3 137 
  9 135 
  3 141 
 11 135 
  3 143 
 15 135 
  3 147 
 16 135 
  3 148 
 21 135 
  3 153 
 22 135 
  3 154 
 23 135 
  3 155 
 25 135 
  3 157 
 26 135 
  3 158 
 27 135 
  3 159 
 28 135 
  3 160 
 29 135 
  3 161 
  4 136 
  5 136 
  4 137 
  6 136 
  4 138 
 10 136 
  4 142 
 15 136 
  4 147 
 16 136 
  4 148 
 21 136 
  4 153 
 22 136 
  4 154 
 23 136 
  4 155 
 25 136 
  4 157 
 26 136 
  4 158 
 27 136 
  4 159 
 28 136 
  4 160 
 29 136 
  4 161 
 30 136 
  4 162 
  5 137 
  6 137 
  5 138 
  9 137 
  5 141 
 11 137 
  5 143 
 17 137 
  5 149 
 21 137 
  5 153 
 22 137 
  5 154 
 23 137 
  5 155 
 25 137 
  5 157 
 26 137 
  5 158 
 27 137 
  5 159 
 28 137 
  5 160 
 29 137 
  5 161 
 30 137 
  5 162 
  6 138 
  8 138 
  6 140 
 12 138 
  6 144 
 13 138 
  6 145 
 18 138 
  6 150 
 19 138 
  6 151 
 20 138 
  6 152 
 24 138 
  6 156 
 25 138 
  6 157 
 26 138 
  6 158 
 28 138 
  6 160 
 29 138 
  6 161 
 30 138 
  6 162 
  7 139 
  8 139 
  7 140 
  9 139 
  7 141 
 11 139 
  7 143 
 12 139 
  7 144 
 13 139 
  7 145 
 14 139 
  7 146 
 18 139 
  7 150 
 19 139 
  7 151 
 24 139 
  7 156 
 25 139 
  7 157 
 26 139 
  7 158 
 27 139 
  7 159 
 29 139 
  7 161 
 30 139 
  7 162 
 31 139 
  7 163 
 32 139 
  7 164 
 33 139 
  7 165 
 34 139 
  7 166 
 35 139 
  7 167 
 36 139 
  7 168 
 43 139 
  7 175 
 44 139 
  7 176 
 45 139 
  7 177 
 47 139 
  7 179 
 48 139 
  7 180 
  8 140 
  9 140 
  8 141 
 10 140 
  8 142 
 12 140 
  8 144 
 13 140 
  8 145 
 14 140 
  8 146 
 18 140 
  8 150 
 20 140 
  8 152 
 25 140 
  8 157 
 26 140 
  8 158 
 27 140 
  8 159 
 28 140 
  8 160 
 30 140 
  8 162 
 31 140 
  8 163 
 32 140 
  8 164 
 33 140 
  8 165 
 34 140 
  8 166 
 35 140 
  8 167 
 36 140 
  8 168 
 43 140 
  8 175 
 44 140 
  8 176 
 45 140 
  8 177 
 46 140 
  8 178 
 48 140 
  8 180 
  9 141 
 10 141 
  9 142 
 11 141 
  9 143 
 15 141 
  9 147 
 16 141 
  9 148 
 17 141 
  9 149 
 21 141 
  9 153 
 22 141 
  9 154 
 25 141 
  9 157 
 26 141 
  9 158 
 27 141 
  9 159 
 28 141 
  9 160 
 29 141 
  9 161 
 30 141 
  9 162 
 31 141 
  9 163 
 32 141 
  9 164 
 33 141 
  9 165 
 34 141 
  9 166 
 35 141 
  9 167 
 43 141 
  9 175 
 44 141 
  9 176 
 45 141 
  9 177 
 46 141 
  9 178 
 47 141 
  9 179 
 48 141 
  9 180 
 10 142 
 11 142 
 10 143 
 12 142 
 10 144 
 15 142 
 10 147 
 16 142 
 10 148 
 17 142 
 10 149 
 21 142 
 10 153 
 22 142 
 10 154 
 26 142 
 10 158 
 27 142 
 10 159 
 28 142 
 10 160 
 29 142 
 10 161 
 30 142 
 10 162 
 31 142 
 10 163 
 32 142 
 10 164 
 33 142 
 10 165 
 34 142 
 10 166 
 35 142 
 10 167 
 36 142 
 10 168 
 44 142 
 10 176 
 45 142 
 10 177 
 46 142 
 10 178 
 47 142 
 10 179 
 48 142 
 10 180 
 11 143 
 12 143 
 11 144 
 15 143 
 11 147 
 16 143 
 11 148 
 17 143 
 11 149 
 23 143 
 11 155 
 25 143 
 11 157 
 27 143 
 11 159 
 28 143 
 11 160 
 29 143 
 11 161 
 30 143 
 11 162 
 31 143 
 11 163 
 32 143 
 11 164 
 33 143 
 11 165 
 34 143 
 11 166 
 35 143 
 11 167 
 36 143 
 11 168 
 43 143 
 11 175 
 45 143 
 11 177 
 46 143 
 11 178 
 47 143 
 11 179 
 48 143 
 11 180 
 12 144 
 13 144 
 12 145 
 14 144 
 12 146 
 18 144 
 12 150 
 19 144 
 12 151 
 24 144 
 12 156 
 25 144 
 12 157 
 26 144 
 12 158 
 27 144 
 12 159 
 28 144 
 12 160 
 29 144 
 12 161 
 30 144 
 12 162 
 31 144 
 12 163 
 32 144 
 12 164 
 34 144 
 12 166 
 35 144 
 12 167 
 36 144 
 12 168 
 43 144 
 12 175 
 44 144 
 12 176 
 45 144 
 12 177 
 46 144 
 12 178 
 47 144 
 12 179 
 48 144 
 12 180 
 13 145 
 14 145 
 13 146 
 15 145 
 13 147 
 17 145 
 13 149 
 18 145 
 13 150 
 19 145 
 13 151 
 25 145 
 13 157 
 26 145 
 13 158 
 27 145 
 13 159 
 29 145 
 13 161 
 30 145 
 13 162 
 37 145 
 13 169 
 38 145 
 13 170 
 39 145 
 13 171 
 40 145 
 13 172 
 41 145 
 13 173 
 42 145 
 13 174 
 43 145 
 13 175 
 44 145 
 13 176 
 45 145 
 13 177 
 47 145 
 13 179 
 48 145 
 13 180 
 14 146 
 15 146 
 14 147 
 16 146 
 14 148 
 18 146 
 14 150 
 20 146 
 14 152 
 24 146 
 14 156 
 25 146 
 14 157 
 26 146 
 14 158 
 27 146 
 14 159 
 28 146 
 14 160 
 30 146 
 14 162 
 37 146 
 14 169 
 38 146 
 14 170 
 39 146 
 14 171 
 40 146 
 14 172 
 41 146 
 14 173 
 42 146 
 14 174 
 43 146 
 14 175 
 44 146 
 14 176 
 45 146 
 14 177 
 46 146 
 14 178 
 48 146 
 14 180 
 15 147 
 16 147 
 15 148 
 17 147 
 15 149 
 21 147 
 15 153 
 23 147 
 15 155 
 25 147 
 15 157 
 26 147 
 15 158 
 27 147 
 15 159 
 28 147 
 15 160 
 29 147 
 15 161 
 30 147 
 15 162 
 37 147 
 15 169 
 38 147 
 15 170 
 39 147 
 15 171 
 40 147 
 15 172 
 41 147 
 15 173 
 43 147 
 15 175 
 44 147 
 15 176 
 45 147 
 15 177 
 46 147 
 15 178 
 47 147 
 15 179 
 48 147 
 15 180 
 16 148 
 17 148 
 16 149 
 18 148 
 16 150 
 22 148 
 16 154 
 26 148 
 16 158 
 27 148 
 16 159 
 28 148 
 16 160 
 29 148 
 16 161 
 30 148 
 16 162 
 37 148 
 16 169 
 38 148 
 16 170 
 39 148 
 16 171 
 40 148 
 16 172 
 41 148 
 16 173 
 42 148 
 16 174 
 44 148 
 16 176 
 45 148 
 16 177 
 46 148 
 16 178 
 47 148 
 16 179 
 48 148 
 16 180 
 17 149 
 18 149 
 17 150 
 21 149 
 17 153 
 23 149 
 17 155 
 25 149 
 17 157 
 27 149 
 17 159 
 28 149 
 17 160 
 29 149 
 17 161 
 30 149 
 17 162 
 37 149 
 17 169 
 38 149 
 17 170 
 39 149 
 17 171 
 40 149 
 17 172 
 41 149 
 17 173 
 42 149 
 17 174 
 43 149 
 17 175 
 45 149 
 17 177 
 46 149 
 17 178 
 47 149 
 17 179 
 48 149 
 17 180 
 18 150 
 20 150 
 18 152 
 24 150 
 18 156 
 25 150 
 18 157 
 26 150 
 18 158 
 27 150 
 18 159 
 28 150 
 18 160 
 29 150 
 18 161 
 30 150 
 18 162 
 37 150 
 18 169 
 38 150 
 18 170 
 40 150 
 18 172 
 41 150 
 18 173 
 42 150 
 18 174 
 43 150 
 18 175 
 44 150 
 18 176 
 45 150 
 18 177 
 46 150 
 18 178 
 47 150 
 18 179 
 48 150 
 18 180 
 19 151 
 20 151 
 19 152 
 21 151 
 19 153 
 24 151 
 19 156 
 43 151 
 19 175 
 44 151 
 19 176 
 45 151 
 19 177 
 46 151 
 19 178 
 47 151 
 19 179 
 48 151 
 19 180 
 20 152 
 21 152 
 20 153 
 24 152 
 20 156 
 43 152 
 20 175 
 44 152 
 20 176 
 45 152 
 20 177 
 46 152 
 20 178 
 47 152 
 20 179 
 48 152 
 20 180 
 21 153 
 22 153 
 21 154 
 23 153 
 21 155 
 43 153 
 21 175 
 44 153 
 21 176 
 45 153 
 21 177 
 46 153 
 21 178 
 47 153 
 21 179 
 22 154 
 23 154 
 22 155 
 24 154 
 22 156 
 43 154 
 22 175 
 44 154 
 22 176 
 45 154 
 22 177 
 46 154 
 22 178 
 47 154 
 22 179 
 48 154 
 22 180 
 23 155 
 24 155 
 23 156 
 43 155 
 23 175 
 44 155 
 23 176 
 45 155 
 23 177 
 46 155 
 23 178 
 47 155 
 23 179 
 48 155 
 23 180 
 24 156 
 43 156 
 24 175 
 44 156 
 24 176 
 46 156 
 24 178 
 47 156 
 24 179 
 48 156 
 24 180 
 25 157 
 26 157 
 25 158 
 27 157 
 25 159 
 29 157 
 25 161 
 30 157 
 25 162 
 31 157 
 25 163 
 37 157 
 25 169 
 42 157 
 25 174 
 43 157 
 25 175 
 44 157 
 25 176 
 48 157 
 25 180 
 49 157 
 25 181 
 50 157 
 25 182 
 51 157 
 25 183 
 52 157 
 25 184 
 53 157 
 25 185 
 54 157 
 25 186 
 55 157 
 25 187 
 56 157 
 25 188 
 57 157 
 25 189 
 59 157 
 25 191 
 60 157 
 25 192 
 61 157 
 25 193 
 62 157 
 25 194 
 63 157 
 25 195 
 65 157 
 25 197 
 66 157 
 25 198 
 26 158 
 27 158 
 26 159 
 28 158 
 26 160 
 30 158 
 26 162 
 32 158 
 26 164 
 36 158 
 26 168 
 38 158 
 26 170 
 43 158 
 26 175 
 44 158 
 26 176 
 48 158 
 26 180 
 49 158 
 26 181 
 50 158 
 26 182 
 51 158 
 26 183 
 52 158 
 26 184 
 53 158 
 26 185 
 54 158 
 26 186 
 55 158 
 26 187 
 56 158 
 26 188 
 57 158 
 26 189 
 58 158 
 26 190 
 60 158 
 26 192 
 61 158 
 26 193 
 62 158 
 26 194 
 63 158 
 26 195 
 64 158 
 26 196 
 66 158 
 26 198 
 27 159 
 28 159 
 27 160 
 29 159 
 27 161 
 33 159 
 27 165 
 35 159 
 27 167 
 39 159 
 27 171 
 40 159 
 27 172 
 45 159 
 27 177 
 46 159 
 27 178 
 47 159 
 27 179 
 49 159 
 27 181 
 50 159 
 27 182 
 51 159 
 27 183 
 52 159 
 27 184 
 53 159 
 27 185 
 55 159 
 27 187 
 56 159 
 27 188 
 57 159 
 27 189 
 58 159 
 27 190 
 59 159 
 27 191 
 61 159 
 27 193 
 62 159 
 27 194 
 63 159 
 27 195 
 64 159 
 27 196 
 65 159 
 27 197 
 28 160 
 29 160 
 28 161 
 30 160 
 28 162 
 34 160 
 28 166 
 39 160 
 28 171 
 40 160 
 28 172 
 45 160 
 28 177 
 46 160 
 28 178 
 47 160 
 28 179 
 49 160 
 28 181 
 50 160 
 28 182 
 51 160 
 28 183 
 52 160 
 28 184 
 53 160 
 28 185 
 54 160 
 28 186 
 56 160 
 28 188 
 57 160 
 28 189 
 58 160 
 28 190 
 59 160 
 28 191 
 60 160 
 28 192 
 62 160 
 28 194 
 63 160 
 28 195 
 64 160 
 28 196 
 65 160 
 28 197 
 66 160 
 28 198 
 29 161 
 30 161 
 29 162 
 33 161 
 29 165 
 35 161 
 29 167 
 41 161 
 29 173 
 45 161 
 29 177 
 46 161 
 29 178 
 47 161 
 29 179 
 49 161 
 29 181 
 50 161 
 29 182 
 51 161 
 29 183 
 52 161 
 29 184 
 53 161 
 29 185 
 54 161 
 29 186 
 55 161 
 29 187 
 57 161 
 29 189 
 58 161 
 29 190 
 59 161 
 29 191 
 60 161 
 29 192 
 61 161 
 29 193 
 63 161 
 29 195 
 64 161 
 29 196 
 65 161 
 29 197 
 66 161 
 29 198 
 30 162 
 32 162 
 30 164 
 36 162 
 30 168 
 37 162 
 30 169 
 42 162 
 30 174 
 43 162 
 30 175 
 44 162 
 30 176 
 48 162 
 30 180 
 49 162 
 30 181 
 50 162 
 30 182 
 52 162 
 30 184 
 53 162 
 30 185 
 54 162 
 30 186 
 55 162 
 30 187 
 56 162 
 30 188 
 58 162 
 30 190 
 59 162 
 30 191 
 60 162 
 30 192 
 61 162 
 30 193 
 62 162 
 30 194 
 64 162 
 30 196 
 65 162 
 30 197 
 66 162 
 30 198 
 31 163 
 32 163 
 31 164 
 33 163 
 31 165 
 36 163 
 31 168 
 37 163 
 31 169 
 38 163 
 31 170 
 42 163 
 31 174 
 43 163 
 31 175 
 48 163 
 31 180 
 55 163 
 31 187 
 56 163 
 31 188 
 57 163 
 31 189 
 58 163 
 31 190 
 59 163 
 31 191 
 60 163 
 31 192 
 32 164 
 33 164 
 32 165 
 36 164 
 32 168 
 37 164 
 32 169 
 38 164 
 32 170 
 42 164 
 32 174 
 44 164 
 32 176 
 55 164 
 32 187 
 56 164 
 32 188 
 57 164 
 32 189 
 58 164 
 32 190 
 59 164 
 32 191 
 60 164 
 32 192 
 33 165 
 34 165 
 33 166 
 35 165 
 33 167 
 39 165 
 33 171 
 40 165 
 33 172 
 41 165 
 33 173 
 45 165 
 33 177 
 46 165 
 33 178 
 55 165 
 33 187 
 56 165 
 33 188 
 57 165 
 33 189 
 58 165 
 33 190 
 59 165 
 33 191 
 34 166 
 35 166 
 34 167 
 36 166 
 34 168 
 39 166 
 34 171 
 40 166 
 34 172 
 41 166 
 34 173 
 45 166 
 34 177 
 46 166 
 34 178 
 55 166 
 34 187 
 56 166 
 34 188 
 57 166 
 34 189 
 58 166 
 34 190 
 59 166 
 34 191 
 60 166 
 34 192 
 35 167 
 36 167 
 35 168 
 39 167 
 35 171 
 40 167 
 35 172 
 41 167 
 35 173 
 47 167 
 35 179 
 55 167 
 35 187 
 56 167 
 35 188 
 57 167 
 35 189 
 58 167 
 35 190 
 59 167 
 35 191 
 60 167 
 35 192 
 36 168 
 37 168 
 36 169 
 38 168 
 36 170 
 42 168 
 36 174 
 43 168 
 36 175 
 48 168 
 36 180 
 55 168 
 36 187 
 56 168 
 36 188 
 58 168 
 36 190 
 59 168 
 36 191 
 60 168 
 36 192 
 37 169 
 38 169 
 37 170 
 39 169 
 37 171 
 42 169 
 37 174 
 43 169 
 37 175 
 61 169 
 37 193 
 62 169 
 37 194 
 63 169 
 37 195 
 64 169 
 37 196 
 65 169 
 37 197 
 66 169 
 37 198 
 38 170 
 39 170 
 38 171 
 42 170 
 38 174 
 44 170 
 38 176 
 48 170 
 38 180 
 61 170 
 38 193 
 62 170 
 38 194 
 63 170 
 38 195 
 64 170 
 38 196 
 65 170 
 38 197 
 66 170 
 38 198 
 39 171 
 40 171 
 39 172 
 41 171 
 39 173 
 45 171 
 39 177 
 47 171 
 39 179 
 61 171 
 39 193 
 62 171 
 39 194 
 63 171 
 39 195 
 64 171 
 39 196 
 65 171 
 39 197 
 40 172 
 41 172 
 40 173 
 42 172 
 40 174 
 46 172 
 40 178 
 61 172 
 40 193 
 62 172 
 40 194 
 63 172 
 40 195 
 64 172 
 40 196 
 65 172 
 40 197 
 66 172 
 40 198 
 41 173 
 42 173 
 41 174 
 45 173 
 41 177 
 47 173 
 41 179 
 61 173 
 41 193 
 62 173 
 41 194 
 63 173 
 41 195 
 64 173 
 41 196 
 65 173 
 41 197 
 66 173 
 41 198 
 42 174 
 44 174 
 42 176 
 48 174 
 42 180 
 61 174 
 42 193 
 62 174 
 42 194 
 64 174 
 42 196 
 65 174 
 42 197 
 66 174 
 42 198 
 43 175 
 44 175 
 43 176 
 45 175 
 43 177 
 47 175 
 43 179 
 48 175 
 43 180 
 55 175 
 43 187 
 56 175 
 43 188 
 57 175 
 43 189 
 59 175 
 43 191 
 60 175 
 43 192 
 61 175 
 43 193 
 62 175 
 43 194 
 63 175 
 43 195 
 65 175 
 43 197 
 66 175 
 43 198 
 67 175 
 43 199 
 68 175 
 43 200 
 69 175 
 43 201 
 70 175 
 43 202 
 71 175 
 43 203 
 72 175 
 43 204 
 44 176 
 45 176 
 44 177 
 46 176 
 44 178 
 48 176 
 44 180 
 55 176 
 44 187 
 56 176 
 44 188 
 57 176 
 44 189 
 58 176 
 44 190 
 60 176 
 44 192 
 61 176 
 44 193 
 62 176 
 44 194 
 63 176 
 44 195 
 64 176 
 44 196 
 66 176 
 44 198 
 67 176 
 44 199 
 68 176 
 44 200 
 69 176 
 44 201 
 70 176 
 44 202 
 71 176 
 44 203 
 72 176 
 44 204 
 45 177 
 46 177 
 45 178 
 47 177 
 45 179 
 55 177 
 45 187 
 56 177 
 45 188 
 57 177 
 45 189 
 58 177 
 45 190 
 59 177 
 45 191 
 61 177 
 45 193 
 62 177 
 45 194 
 63 177 
 45 195 
 64 177 
 45 196 
 65 177 
 45 197 
 67 177 
 45 199 
 68 177 
 45 200 
 69 177 
 45 201 
 70 177 
 45 202 
 71 177 
 45 203 
 46 178 
 47 178 
 46 179 
 48 178 
 46 180 
 56 178 
 46 188 
 57 178 
 46 189 
 58 178 
 46 190 
 59 178 
 46 191 
 60 178 
 46 192 
 62 178 
 46 194 
 63 178 
 46 195 
 64 178 
 46 196 
 65 178 
 46 197 
 66 178 
 46 198 
 67 178 
 46 199 
 68 178 
 46 200 
 69 178 
 46 201 
 70 178 
 46 202 
 71 178 
 46 203 
 72 178 
 46 204 
 47 179 
 48 179 
 47 180 
 55 179 
 47 187 
 57 179 
 47 189 
 58 179 
 47 190 
 59 179 
 47 191 
 60 179 
 47 192 
 61 179 
 47 193 
 63 179 
 47 195 
 64 179 
 47 196 
 65 179 
 47 197 
 66 179 
 47 198 
 67 179 
 47 199 
 68 179 
 47 200 
 69 179 
 47 201 
 70 179 
 47 202 
 71 179 
 47 203 
 72 179 
 47 204 
 48 180 
 55 180 
 48 187 
 56 180 
 48 188 
 58 180 
 48 190 
 59 180 
 48 191 
 60 180 
 48 192 
 61 180 
 48 193 
 62 180 
 48 194 
 64 180 
 48 196 
 65 180 
 48 197 
 66 180 
 48 198 
 67 180 
 48 199 
 68 180 
 48 200 
 70 180 
 48 202 
 71 180 
 48 203 
 72 180 
 48 204 
 49 181 
 50 181 
 49 182 
 51 181 
 49 183 
 54 181 
 49 186 
 55 181 
 49 187 
 61 181 
 49 193 
 66 181 
 49 198 
 67 181 
 49 199 
 68 181 
 49 200 
 72 181 
 49 204 
 73 181 
 49 205 
 74 181 
 49 206 
 75 181 
 49 207 
 76 181 
 49 208 
 77 181 
 49 209 
 78 181 
 49 210 
 50 182 
 51 182 
 50 183 
 54 182 
 50 186 
 56 182 
 50 188 
 60 182 
 50 192 
 62 182 
 50 194 
 67 182 
 50 199 
 68 182 
 50 200 
 72 182 
 50 204 
 73 182 
 50 205 
 74 182 
 50 206 
 75 182 
 50 207 
 76 182 
 50 208 
 77 182 
 50 209 
 78 182 
 50 210 
 51 183 
 52 183 
 51 184 
 53 183 
 51 185 
 57 183 
 51 189 
 59 183 
 51 191 
 63 183 
 51 195 
 64 183 
 51 196 
 69 183 
 51 201 
 70 183 
 51 202 
 71 183 
 51 203 
 73 183 
 51 205 
 74 183 
 51 206 
 75 183 
 51 207 
 76 183 
 51 208 
 77 183 
 51 209 
 52 184 
 53 184 
 52 185 
 54 184 
 52 186 
 58 184 
 52 190 
 63 184 
 52 195 
 64 184 
 52 196 
 69 184 
 52 201 
 70 184 
 52 202 
 71 184 
 52 203 
 73 184 
 52 205 
 74 184 
 52 206 
 75 184 
 52 207 
 76 184 
 52 208 
 77 184 
 52 209 
 78 184 
 52 210 
 53 185 
 54 185 
 53 186 
 57 185 
 53 189 
 59 185 
 53 191 
 65 185 
 53 197 
 69 185 
 53 201 
 70 185 
 53 202 
 71 185 
 53 203 
 73 185 
 53 205 
 74 185 
 53 206 
 75 185 
 53 207 
 76 185 
 53 208 
 77 185 
 53 209 
 78 185 
 53 210 
 54 186 
 56 186 
 54 188 
 60 186 
 54 192 
 61 186 
 54 193 
 66 186 
 54 198 
 67 186 
 54 199 
 68 186 
 54 200 
 72 186 
 54 204 
 73 186 
 54 205 
 74 186 
 54 206 
 76 186 
 54 208 
 77 186 
 54 209 
 78 186 
 54 210 
 55 187 
 56 187 
 55 188 
 57 187 
 55 189 
 58 187 
 55 190 
 59 187 
 55 191 
 60 187 
 55 192 
 61 187 
 55 193 
 62 187 
 55 194 
 66 187 
 55 198 
 67 187 
 55 199 
 72 187 
 55 204 
 73 187 
 55 205 
 74 187 
 55 206 
 75 187 
 55 207 
 77 187 
 55 209 
 78 187 
 55 210 
 79 187 
 55 211 
 80 187 
 55 212 
 81 187 
 55 213 
 82 187 
 55 214 
 83 187 
 55 215 
 84 187 
 55 216 
 91 187 
 55 223 
 92 187 
 55 224 
 93 187 
 55 225 
 94 187 
 55 226 
 95 187 
 55 227 
 96 187 
 55 228 
 56 188 
 57 188 
 56 189 
 58 188 
 56 190 
 59 188 
 56 191 
 60 188 
 56 192 
 61 188 
 56 193 
 62 188 
 56 194 
 66 188 
 56 198 
 68 188 
 56 200 
 73 188 
 56 205 
 74 188 
 56 206 
 75 188 
 56 207 
 76 188 
 56 208 
 77 188 
 56 209 
 78 188 
 56 210 
 79 188 
 56 211 
 80 188 
 56 212 
 81 188 
 56 213 
 82 188 
 56 214 
 83 188 
 56 215 
 84 188 
 56 216 
 91 188 
 56 223 
 92 188 
 56 224 
 93 188 
 56 225 
 94 188 
 56 226 
 96 188 
 56 228 
 57 189 
 58 189 
 57 190 
 59 189 
 57 191 
 63 189 
 57 195 
 64 189 
 57 196 
 65 189 
 57 197 
 69 189 
 57 201 
 70 189 
 57 202 
 73 189 
 57 205 
 74 189 
 57 206 
 75 189 
 57 207 
 76 189 
 57 208 
 77 189 
 57 209 
 79 189 
 57 211 
 80 189 
 57 212 
 81 189 
 57 213 
 82 189 
 57 214 
 83 189 
 57 215 
 91 189 
 57 223 
 92 189 
 57 224 
 93 189 
 57 225 
 94 189 
 57 226 
 95 189 
 57 227 
 58 190 
 59 190 
 58 191 
 60 190 
 58 192 
 63 190 
 58 195 
 64 190 
 58 196 
 65 190 
 58 197 
 69 190 
 58 201 
 70 190 
 58 202 
 74 190 
 58 206 
 75 190 
 58 207 
 76 190 
 58 208 
 77 190 
 58 209 
 78 190 
 58 210 
 79 190 
 58 211 
 80 190 
 58 212 
 81 190 
 58 213 
 82 190 
 58 214 
 83 190 
 58 215 
 84 190 
 58 216 
 91 190 
 58 223 
 92 190 
 58 224 
 93 190 
 58 225 
 94 190 
 58 226 
 95 190 
 58 227 
 96 190 
 58 228 
 59 191 
 60 191 
 59 192 
 63 191 
 59 195 
 64 191 
 59 196 
 65 191 
 59 197 
 71 191 
 59 203 
 73 191 
 59 205 
 74 191 
 59 206 
 75 191 
 59 207 
 76 191 
 59 208 
 77 191 
 59 209 
 78 191 
 59 210 
 79 191 
 59 211 
 80 191 
 59 212 
 81 191 
 59 213 
 82 191 
 59 214 
 83 191 
 59 215 
 84 191 
 59 216 
 91 191 
 59 223 
 93 191 
 59 225 
 94 191 
 59 226 
 95 191 
 59 227 
 96 191 
 59 228 
 60 192 
 61 192 
 60 193 
 62 192 
 60 194 
 66 192 
 60 198 
 67 192 
 60 199 
 72 192 
 60 204 
 73 192 
 60 205 
 74 192 
 60 206 
 76 192 
 60 208 
 77 192 
 60 209 
 78 192 
 60 210 
 79 192 
 60 211 
 80 192 
 60 212 
 82 192 
 60 214 
 83 192 
 60 215 
 84 192 
 60 216 
 91 192 
 60 223 
 92 192 
 60 224 
 94 192 
 60 226 
 95 192 
 60 227 
 96 192 
 60 228 
 61 193 
 62 193 
 61 194 
 63 193 
 61 195 
 64 193 
 61 196 
 65 193 
 61 197 
 66 193 
 61 198 
 67 193 
 61 199 
 73 193 
 61 205 
 74 193 
 61 206 
 75 193 
 61 207 
 76 193 
 61 208 
 77 193 
 61 209 
 78 193 
 61 210 
 85 193 
 61 217 
 86 193 
 61 218 
 87 193 
 61 219 
 88 193 
 61 220 
 89 193 
 61 221 
 90 193 
 61 222 
 91 193 
 61 223 
 92 193 
 61 224 
 93 193 
 61 225 
 95 193 
 61 227 
 96 193 
 61 228 
 62 194 
 63 194 
 62 195 
 64 194 
 62 196 
 65 194 
 62 197 
 66 194 
 62 198 
 68 194 
 62 200 
 72 194 
 62 204 
 73 194 
 62 205 
 74 194 
 62 206 
 75 194 
 62 207 
 76 194 
 62 208 
 78 194 
 62 210 
 85 194 
 62 217 
 86 194 
 62 218 
 87 194 
 62 219 
 88 194 
 62 220 
 89 194 
 62 221 
 90 194 
 62 222 
 91 194 
 62 223 
 92 194 
 62 224 
 93 194 
 62 225 
 94 194 
 62 226 
 95 194 
 62 227 
 96 194 
 62 228 
 63 195 
 64 195 
 63 196 
 65 195 
 63 197 
 69 195 
 63 201 
 71 195 
 63 203 
 73 195 
 63 205 
 74 195 
 63 206 
 75 195 
 63 207 
 76 195 
 63 208 
 77 195 
 63 209 
 85 195 
 63 217 
 86 195 
 63 218 
 87 195 
 63 219 
 88 195 
 63 220 
 89 195 
 63 221 
 91 195 
 63 223 
 92 195 
 63 224 
 93 195 
 63 225 
 94 195 
 63 226 
 95 195 
 63 227 
 64 196 
 65 196 
 64 197 
 66 196 
 64 198 
 70 196 
 64 202 
 73 196 
 64 205 
 74 196 
 64 206 
 75 196 
 64 207 
 76 196 
 64 208 
 77 196 
 64 209 
 78 196 
 64 210 
 85 196 
 64 217 
 86 196 
 64 218 
 87 196 
 64 219 
 88 196 
 64 220 
 89 196 
 64 221 
 90 196 
 64 222 
 92 196 
 64 224 
 93 196 
 64 225 
 94 196 
 64 226 
 95 196 
 64 227 
 96 196 
 64 228 
 65 197 
 66 197 
 65 198 
 69 197 
 65 201 
 71 197 
 65 203 
 73 197 
 65 205 
 75 197 
 65 207 
 76 197 
 65 208 
 77 197 
 65 209 
 78 197 
 65 210 
 85 197 
 65 217 
 86 197 
 65 218 
 87 197 
 65 219 
 88 197 
 65 220 
 89 197 
 65 221 
 90 197 
 65 222 
 91 197 
 65 223 
 92 197 
 65 224 
 93 197 
 65 225 
 94 197 
 65 226 
 95 197 
 65 227 
 96 197 
 65 228 
 66 198 
 68 198 
 66 200 
 72 198 
 66 204 
 73 198 
 66 205 
 74 198 
 66 206 
 76 198 
 66 208 
 77 198 
 66 209 
 78 198 
 66 210 
 85 198 
 66 217 
 86 198 
 66 218 
 88 198 
 66 220 
 89 198 
 66 221 
 90 198 
 66 222 
 91 198 
 66 223 
 92 198 
 66 224 
 94 198 
 66 226 
 95 198 
 66 227 
 96 198 
 66 228 
 67 199 
 68 199 
 67 200 
 69 199 
 67 201 
 72 199 
 67 204 
 91 199 
 67 223 
 92 199 
 67 224 
 93 199 
 67 225 
 94 199 
 67 226 
 95 199 
 67 227 
 96 199 
 67 228 
 68 200 
 69 200 
 68 201 
 72 200 
 68 204 
 91 200 
 68 223 
 92 200 
 68 224 
 93 200 
 68 225 
 94 200 
 68 226 
 95 200 
 68 227 
 96 200 
 68 228 
 69 201 
 70 201 
 69 202 
 71 201 
 69 203 
 91 201 
 69 223 
 92 201 
 69 224 
 93 201 
 69 225 
 94 201 
 69 226 
 95 201 
 69 227 
 70 202 
 71 202 
 70 203 
 72 202 
 70 204 
 91 202 
 70 223 
 92 202 
 70 224 
 93 202 
 70 225 
 94 202 
 70 226 
 95 202 
 70 227 
 96 202 
 70 228 
 71 203 
 72 203 
 71 204 
 91 203 
 71 223 
 92 203 
 71 224 
 93 203 
 71 225 
 94 203 
 71 226 
 95 203 
 71 227 
 96 203 
 71 228 
 72 204 
 91 204 
 72 223 
 92 204 
 72 224 
 94 204 
 72 226 
 95 204 
 72 227 
 96 204 
 72 228 
 73 205 
 74 205 
 73 206 
 75 205 
 73 207 
 76 205 
 73 208 
 77 205 
 73 209 
 78 205 
 73 210 
 79 205 
 73 211 
 85 205 
 73 217 
 90 205 
 73 222 
 97 205 
 73 229 
 98 205 
 73 230 
102 205 
 73 234 
103 205 
 73 235 
104 205 
 73 236 
105 205 
 73 237 
106 205 
 73 238 
107 205 
 73 239 
108 205 
 73 240 
109 205 
 73 241 
110 205 
 73 242 
111 205 
 73 243 
112 205 
 73 244 
113 205 
 73 245 
114 205 
 73 246 
115 205 
 73 247 
116 205 
 73 248 
117 205 
 73 249 
119 205 
 73 251 
120 205 
 73 252 
 74 206 
 75 206 
 74 207 
 76 206 
 74 208 
 77 206 
 74 209 
 78 206 
 74 210 
 80 206 
 74 212 
 84 206 
 74 216 
 86 206 
 74 218 
 97 206 
 74 229 
 98 206 
 74 230 
102 206 
 74 234 
103 206 
 74 235 
104 206 
 74 236 
105 206 
 74 237 
106 206 
 74 238 
107 206 
 74 239 
108 206 
 74 240 
109 206 
 74 241 
110 206 
 74 242 
111 206 
 74 243 
112 206 
 74 244 
114 206 
 74 246 
115 206 
 74 247 
116 206 
 74 248 
117 206 
 74 249 
118 206 
 74 250 
119 206 
 74 251 
120 206 
 74 252 
 75 207 
 76 207 
 75 208 
 77 207 
 75 209 
 81 207 
 75 213 
 83 207 
 75 215 
 87 207 
 75 219 
 88 207 
 75 220 
 99 207 
 75 231 
100 207 
 75 232 
101 207 
 75 233 
103 207 
 75 235 
104 207 
 75 236 
105 207 
 75 237 
106 207 
 75 238 
107 207 
 75 239 
109 207 
 75 241 
110 207 
 75 242 
111 207 
 75 243 
112 207 
 75 244 
113 207 
 75 245 
115 207 
 75 247 
116 207 
 75 248 
117 207 
 75 249 
118 207 
 75 250 
119 207 
 75 251 
 76 208 
 77 208 
 76 209 
 78 208 
 76 210 
 82 208 
 76 214 
 87 208 
 76 219 
 88 208 
 76 220 
 99 208 
 76 231 
100 208 
 76 232 
101 208 
 76 233 
103 208 
 76 235 
104 208 
 76 236 
105 208 
 76 237 
106 208 
 76 238 
107 208 
 76 239 
108 208 
 76 240 
109 208 
 76 241 
110 208 
 76 242 
111 208 
 76 243 
112 208 
 76 244 
113 208 
 76 245 
114 208 
 76 246 
116 208 
 76 248 
117 208 
 76 249 
118 208 
 76 250 
119 208 
 76 251 
120 208 
 76 252 
 77 209 
 78 209 
 77 210 
 81 209 
 77 213 
 83 209 
 77 215 
 89 209 
 77 221 
 99 209 
 77 231 
100 209 
 77 232 
101 209 
 77 233 
103 209 
 77 235 
104 209 
 77 236 
105 209 
 77 237 
106 209 
 77 238 
107 209 
 77 239 
108 209 
 77 240 
109 209 
 77 241 
111 209 
 77 243 
112 209 
 77 244 
113 209 
 77 245 
114 209 
 77 246 
115 209 
 77 247 
116 209 
 77 248 
117 209 
 77 249 
118 209 
 77 250 
119 209 
 77 251 
120 209 
 77 252 
 78 210 
 80 210 
 78 212 
 84 210 
 78 216 
 85 210 
 78 217 
 90 210 
 78 222 
 97 210 
 78 229 
 98 210 
 78 230 
102 210 
 78 234 
103 210 
 78 235 
104 210 
 78 236 
106 210 
 78 238 
107 210 
 78 239 
108 210 
 78 240 
109 210 
 78 241 
110 210 
 78 242 
112 210 
 78 244 
113 210 
 78 245 
114 210 
 78 246 
115 210 
 78 247 
116 210 
 78 248 
118 210 
 78 250 
119 210 
 78 251 
120 210 
 78 252 
 79 211 
 80 211 
 79 212 
 81 211 
 79 213 
 84 211 
 79 216 
 91 211 
 79 223 
 96 211 
 79 228 
 97 211 
 79 229 
 98 211 
 79 230 
102 211 
 79 234 
109 211 
 79 241 
110 211 
 79 242 
111 211 
 79 243 
112 211 
 79 244 
113 211 
 79 245 
114 211 
 79 246 
 80 212 
 81 212 
 80 213 
 84 212 
 80 216 
 92 212 
 80 224 
 97 212 
 80 229 
 98 212 
 80 230 
102 212 
 80 234 
109 212 
 80 241 
110 212 
 80 242 
111 212 
 80 243 
112 212 
 80 244 
113 212 
 80 245 
114 212 
 80 246 
 81 213 
 82 213 
 81 214 
 83 213 
 81 215 
 93 213 
 81 225 
 94 213 
 81 226 
 99 213 
 81 231 
100 213 
 81 232 
101 213 
 81 233 
109 213 
 81 241 
110 213 
 81 242 
111 213 
 81 243 
112 213 
 81 244 
113 213 
 81 245 
 82 214 
 83 214 
 82 215 
 84 214 
 82 216 
 93 214 
 82 225 
 94 214 
 82 226 
 99 214 
 82 231 
100 214 
 82 232 
101 214 
 82 233 
109 214 
 82 241 
110 214 
 82 242 
111 214 
 82 243 
112 214 
 82 244 
113 214 
 82 245 
114 214 
 82 246 
 83 215 
 84 215 
 83 216 
 95 215 
 83 227 
 99 215 
 83 231 
100 215 
 83 232 
101 215 
 83 233 
109 215 
 83 241 
110 215 
 83 242 
111 215 
 83 243 
112 215 
 83 244 
113 215 
 83 245 
114 215 
 83 246 
 84 216 
 91 216 
 84 223 
 96 216 
 84 228 
 97 216 
 84 229 
 98 216 
 84 230 
102 216 
 84 234 
109 216 
 84 241 
110 216 
 84 242 
112 216 
 84 244 
113 216 
 84 245 
114 216 
 84 246 
 85 217 
 86 217 
 85 218 
 87 217 
 85 219 
 90 217 
 85 222 
 91 217 
 85 223 
 97 217 
 85 229 
 98 217 
 85 230 
102 217 
 85 234 
115 217 
 85 247 
116 217 
 85 248 
117 217 
 85 249 
118 217 
 85 250 
119 217 
 85 251 
120 217 
 85 252 
 86 218 
 87 218 
 86 219 
 90 218 
 86 222 
 92 218 
 86 224 
 96 218 
 86 228 
 97 218 
 86 229 
 98 218 
 86 230 
102 218 
 86 234 
115 218 
 86 247 
116 218 
 86 248 
117 218 
 86 249 
118 218 
 86 250 
119 218 
 86 251 
120 218 
 86 252 
 87 219 
 88 219 
 87 220 
 89 219 
 87 221 
 93 219 
 87 225 
 95 219 
 87 227 
 99 219 
 87 231 
100 219 
 87 232 
101 219 
 87 233 
115 219 
 87 247 
116 219 
 87 248 
117 219 
 87 249 
118 219 
 87 250 
119 219 
 87 251 
 88 220 
 89 220 
 88 221 
 90 220 
 88 222 
 94 220 
 88 226 
 99 220 
 88 231 
100 220 
 88 232 
101 220 
 88 233 
115 220 
 88 247 
116 220 
 88 248 
117 220 
 88 249 
118 220 
 88 250 
119 220 
 88 251 
120 220 
 88 252 
 89 221 
 90 221 
 89 222 
 93 221 
 89 225 
 95 221 
 89 227 
 99 221 
 89 231 
100 221 
 89 232 
101 221 
 89 233 
115 221 
 89 247 
116 221 
 89 248 
117 221 
 89 249 
118 221 
 89 250 
119 221 
 89 251 
120 221 
 89 252 
 90 222 
 92 222 
 90 224 
 96 222 
 90 228 
 97 222 
 90 229 
 98 222 
 90 230 
102 222 
 90 234 
115 222 
 90 247 
116 222 
 90 248 
118 222 
 90 250 
119 222 
 90 251 
120 222 
 90 252 
 91 223 
 92 223 
 91 224 
 93 223 
 91 225 
 94 223 
 91 226 
 95 223 
 91 227 
 96 223 
 91 228 
 97 223 
 91 229 
 98 223 
 91 230 
102 223 
 91 234 
109 223 
 91 241 
110 223 
 91 242 
111 223 
 91 243 
113 223 
 91 245 
114 223 
 91 246 
115 223 
 91 247 
116 223 
 91 248 
117 223 
 91 249 
118 223 
 91 250 
119 223 
 91 251 
120 223 
 91 252 
121 223 
 91 253 
122 223 
 91 254 
123 223 
 91 255 
124 223 
 91 256 
125 223 
 91 257 
126 223 
 91 258 
 92 224 
 93 224 
 92 225 
 94 224 
 92 226 
 95 224 
 92 227 
 96 224 
 92 228 
 97 224 
 92 229 
 98 224 
 92 230 
102 224 
 92 234 
109 224 
 92 241 
110 224 
 92 242 
111 224 
 92 243 
112 224 
 92 244 
113 224 
 92 245 
114 224 
 92 246 
115 224 
 92 247 
116 224 
 92 248 
117 224 
 92 249 
118 224 
 92 250 
120 224 
 92 252 
121 224 
 92 253 
122 224 
 92 254 
123 224 
 92 255 
124 224 
 92 256 
125 224 
 92 257 
126 224 
 92 258 
 93 225 
 94 225 
 93 226 
 95 225 
 93 227 
 99 225 
 93 231 
100 225 
 93 232 
101 225 
 93 233 
109 225 
 93 241 
110 225 
 93 242 
111 225 
 93 243 
112 225 
 93 244 
113 225 
 93 245 
115 225 
 93 247 
116 225 
 93 248 
117 225 
 93 249 
118 225 
 93 250 
119 225 
 93 251 
121 225 
 93 253 
122 225 
 93 254 
123 225 
 93 255 
124 225 
 93 256 
125 225 
 93 257 
 94 226 
 95 226 
 94 227 
 96 226 
 94 228 
 99 226 
 94 231 
100 226 
 94 232 
101 226 
 94 233 
110 226 
 94 242 
111 226 
 94 243 
112 226 
 94 244 
113 226 
 94 245 
114 226 
 94 246 
115 226 
 94 247 
116 226 
 94 248 
117 226 
 94 249 
118 226 
 94 250 
119 226 
 94 251 
120 226 
 94 252 
121 226 
 94 253 
122 226 
 94 254 
123 226 
 94 255 
124 226 
 94 256 
125 226 
 94 257 
126 226 
 94 258 
 95 227 
 96 227 
 95 228 
 99 227 
 95 231 
100 227 
 95 232 
101 227 
 95 233 
109 227 
 95 241 
110 227 
 95 242 
111 227 
 95 243 
112 227 
 95 244 
113 227 
 95 245 
114 227 
 95 246 
115 227 
 95 247 
117 227 
 95 249 
118 227 
 95 250 
119 227 
 95 251 
120 227 
 95 252 
121 227 
 95 253 
122 227 
 95 254 
123 227 
 95 255 
124 227 
 95 256 
125 227 
 95 257 
126 227 
 95 258 
 96 228 
 97 228 
 96 229 
 98 228 
 96 230 
102 228 
 96 234 
109 228 
 96 241 
110 228 
 96 242 
112 228 
 96 244 
113 228 
 96 245 
114 228 
 96 246 
115 228 
 96 247 
116 228 
 96 248 
118 228 
 96 250 
119 228 
 96 251 
120 228 
 96 252 
121 228 
 96 253 
122 228 
 96 254 
124 228 
 96 256 
125 228 
 96 257 
126 228 
 96 258 
 97 229 
101 229 
 97 233 
102 229 
 97 234 
127 229 
 97 259 
131 229 
 97 263 
 98 230 
100 230 
 98 232 
128 230 
 98 260 
130 230 
 98 262 
 99 231 
100 231 
 99 232 
129 231 
 99 261 
100 232 
128 232 
100 260 
130 232 
100 262 
101 233 
127 233 
101 259 
131 233 
101 263 
102 234 
132 234 
102 264 
103 235 
104 235 
103 236 
105 235 
103 237 
106 235 
103 238 
107 235 
103 239 
108 235 
103 240 
109 235 
103 241 
115 235 
103 247 
120 235 
103 252 
127 235 
103 259 
128 235 
103 260 
132 235 
103 264 
104 236 
105 236 
104 237 
106 236 
104 238 
107 236 
104 239 
108 236 
104 240 
110 236 
104 242 
114 236 
104 246 
116 236 
104 248 
127 236 
104 259 
128 236 
104 260 
132 236 
104 264 
105 237 
106 237 
105 238 
107 237 
105 239 
111 237 
105 243 
113 237 
105 245 
117 237 
105 249 
118 237 
105 250 
129 237 
105 261 
130 237 
105 262 
131 237 
105 263 
106 238 
107 238 
106 239 
108 238 
106 240 
112 238 
106 244 
117 238 
106 249 
118 238 
106 250 
129 238 
106 261 
130 238 
106 262 
131 238 
106 263 
107 239 
108 239 
107 240 
111 239 
107 243 
113 239 
107 245 
119 239 
107 251 
129 239 
107 261 
130 239 
107 262 
131 239 
107 263 
108 240 
110 240 
108 242 
114 240 
108 246 
115 240 
108 247 
120 240 
108 252 
127 240 
108 259 
128 240 
108 260 
132 240 
108 264 
109 241 
110 241 
109 242 
111 241 
109 243 
112 241 
109 244 
113 241 
109 245 
114 241 
109 246 
121 241 
109 253 
126 241 
109 258 
127 241 
109 259 
128 241 
109 260 
132 241 
109 264 
110 242 
111 242 
110 243 
112 242 
110 244 
113 242 
110 245 
114 242 
110 246 
122 242 
110 254 
127 242 
110 259 
128 242 
110 260 
132 242 
110 264 
111 243 
112 243 
111 244 
113 243 
111 245 
123 243 
111 255 
124 243 
111 256 
129 243 
111 261 
130 243 
111 262 
131 243 
111 263 
112 244 
113 244 
112 245 
114 244 
112 246 
123 244 
112 255 
124 244 
112 256 
129 244 
112 261 
130 244 
112 262 
131 244 
112 263 
113 245 
114 245 
113 246 
125 245 
113 257 
129 245 
113 261 
130 245 
113 262 
131 245 
113 263 
114 246 
121 246 
114 253 
126 246 
114 258 
127 246 
114 259 
128 246 
114 260 
132 246 
114 264 
115 247 
116 247 
115 248 
117 247 
115 249 
118 247 
115 250 
119 247 
115 251 
120 247 
115 252 
121 247 
115 253 
127 247 
115 259 
128 247 
115 260 
132 247 
115 264 
116 248 
117 248 
116 249 
118 248 
116 250 
119 248 
116 251 
120 248 
116 252 
122 248 
116 254 
126 248 
116 258 
127 248 
116 259 
128 248 
116 260 
132 248 
116 264 
117 249 
118 249 
117 250 
119 249 
117 251 
123 249 
117 255 
125 249 
117 257 
129 249 
117 261 
130 249 
117 262 
131 249 
117 263 
118 250 
119 250 
118 251 
120 250 
118 252 
124 250 
118 256 
129 250 
118 261 
130 250 
118 262 
131 250 
118 263 
119 251 
120 251 
119 252 
123 251 
119 255 
125 251 
119 257 
129 251 
119 261 
130 251 
119 262 
131 251 
119 263 
120 252 
122 252 
120 254 
126 252 
120 258 
127 252 
120 259 
128 252 
120 260 
132 252 
120 264 
121 253 
122 253 
121 254 
123 253 
121 255 
124 253 
121 256 
125 253 
121 257 
126 253 
121 258 
127 253 
121 259 
128 253 
121 260 
132 253 
121 264 
122 254 
123 254 
122 255 
124 254 
122 256 
125 254 
122 257 
126 254 
122 258 
127 254 
122 259 
128 254 
122 260 
132 254 
122 264 
123 255 
124 255 
123 256 
125 255 
123 257 
129 255 
123 261 
130 255 
123 262 
131 255 
123 263 
124 256 
125 256 
124 257 
126 256 
124 258 
129 256 
124 261 
130 256 
124 262 
131 256 
124 263 
125 257 
126 257 
125 258 
129 257 
125 261 
130 257 
125 262 
131 257 
125 263 
126 258 
127 258 
126 259 
128 258 
126 260 
132 258 
126 264 
127 259 
131 259 
127 263 
132 259 
127 264 
128 260 
130 260 
128 262 
129 261 
130 261 
129 262 
130 262 
131 263 
132 264 
