153 153   2423 
  1 154 
  4 154 
  1 157 
  5 154 
  1 158 
  7 154 
  1 160 
  8 154 
  1 161 
  9 154 
  1 162 
 10 154 
  1 163 
 11 154 
  1 164 
 12 154 
  1 165 
 13 154 
  1 166 
 14 154 
  1 167 
 16 154 
  1 169 
 17 154 
  1 170 
 18 154 
  1 171 
 19 154 
  1 172 
 20 154 
  1 173 
 21 154 
  1 174 
  2 155 
  3 155 
  2 156 
  4 155 
  2 157 
  5 155 
  2 158 
  7 155 
  2 160 
  8 155 
  2 161 
  9 155 
  2 162 
 10 155 
  2 163 
 11 155 
  2 164 
 12 155 
  2 165 
 13 155 
  2 166 
 14 155 
  2 167 
 16 155 
  2 169 
 17 155 
  2 170 
 18 155 
  2 171 
 19 155 
  2 172 
 20 155 
  2 173 
 21 155 
  2 174 
  3 156 
  7 156 
  3 160 
  8 156 
  3 161 
  9 156 
  3 162 
 10 156 
  3 163 
 11 156 
  3 164 
 12 156 
  3 165 
 16 156 
  3 169 
 17 156 
  3 170 
 18 156 
  3 171 
 19 156 
  3 172 
 20 156 
  3 173 
 21 156 
  3 174 
  4 157 
  5 157 
  4 158 
  7 157 
  4 160 
  9 157 
  4 162 
 19 157 
  4 172 
 21 157 
  4 174 
  5 158 
  6 159 
  7 159 
  6 160 
  9 159 
  6 162 
 19 159 
  6 172 
 21 159 
  6 174 
  7 160 
  8 160 
  7 161 
  9 160 
  7 162 
 10 160 
  7 163 
 25 160 
  7 178 
 26 160 
  7 179 
  8 161 
  9 161 
  8 162 
 23 161 
  8 176 
 25 161 
  8 178 
 26 161 
  8 179 
 32 161 
  8 185 
 33 161 
  8 186 
  9 162 
 21 162 
  9 174 
 32 162 
  9 185 
 33 162 
  9 186 
 10 163 
 11 163 
 10 164 
 12 163 
 10 165 
 13 163 
 10 166 
 15 163 
 10 168 
 19 163 
 10 172 
 21 163 
 10 174 
 22 163 
 10 175 
 23 163 
 10 176 
 11 164 
 12 164 
 11 165 
 22 164 
 11 175 
 23 164 
 11 176 
 26 164 
 11 179 
 29 164 
 11 182 
 30 164 
 11 183 
 12 165 
 13 165 
 12 166 
 15 165 
 12 168 
 18 165 
 12 171 
 19 165 
 12 172 
 21 165 
 12 174 
 29 165 
 12 182 
 30 165 
 12 183 
 13 166 
 14 166 
 13 167 
 16 166 
 13 169 
 18 166 
 13 171 
 14 167 
 15 168 
 16 168 
 15 169 
 18 168 
 15 171 
 16 169 
 17 169 
 16 170 
 18 169 
 16 171 
 19 169 
 16 172 
 31 169 
 16 184 
 32 169 
 16 185 
 17 170 
 18 170 
 17 171 
 26 170 
 17 179 
 27 170 
 17 180 
 29 170 
 17 182 
 31 170 
 17 184 
 32 170 
 17 185 
 18 171 
 26 171 
 18 179 
 27 171 
 18 180 
 19 172 
 20 172 
 19 173 
 21 172 
 19 174 
 28 172 
 19 181 
 29 172 
 19 182 
 20 173 
 21 173 
 20 174 
 23 173 
 20 176 
 24 173 
 20 177 
 28 173 
 20 181 
 29 173 
 20 182 
 32 173 
 20 185 
 21 174 
 23 174 
 21 176 
 24 174 
 21 177 
 22 175 
 23 175 
 22 176 
 24 175 
 22 177 
 34 175 
 22 187 
 35 175 
 22 188 
 36 175 
 22 189 
 40 175 
 22 193 
 41 175 
 22 194 
 23 176 
 24 176 
 23 177 
 34 176 
 23 187 
 35 176 
 23 188 
 36 176 
 23 189 
 38 176 
 23 191 
 40 176 
 23 193 
 41 176 
 23 194 
 50 176 
 23 203 
 51 176 
 23 204 
 24 177 
 34 177 
 24 187 
 35 177 
 24 188 
 36 177 
 24 189 
 50 177 
 24 203 
 51 177 
 24 204 
 25 178 
 26 178 
 25 179 
 27 178 
 25 180 
 37 178 
 25 190 
 38 178 
 25 191 
 43 178 
 25 196 
 44 178 
 25 197 
 45 178 
 25 198 
 26 179 
 27 179 
 26 180 
 37 179 
 26 190 
 38 179 
 26 191 
 41 179 
 26 194 
 43 179 
 26 196 
 44 179 
 26 197 
 45 179 
 26 198 
 47 179 
 26 200 
 48 179 
 26 201 
 27 180 
 43 180 
 27 196 
 44 180 
 27 197 
 45 180 
 27 198 
 47 180 
 27 200 
 48 180 
 27 201 
 28 181 
 29 181 
 28 182 
 30 181 
 28 183 
 43 181 
 28 196 
 44 181 
 28 197 
 45 181 
 28 198 
 49 181 
 28 202 
 50 181 
 28 203 
 29 182 
 30 182 
 29 183 
 41 182 
 29 194 
 42 182 
 29 195 
 43 182 
 29 196 
 44 182 
 29 197 
 45 182 
 29 198 
 47 182 
 29 200 
 49 182 
 29 202 
 50 182 
 29 203 
 30 183 
 41 183 
 30 194 
 42 183 
 30 195 
 43 183 
 30 196 
 44 183 
 30 197 
 45 183 
 30 198 
 31 184 
 32 184 
 31 185 
 33 184 
 31 186 
 34 184 
 31 187 
 35 184 
 31 188 
 36 184 
 31 189 
 46 184 
 31 199 
 47 184 
 31 200 
 32 185 
 33 185 
 32 186 
 34 185 
 32 187 
 35 185 
 32 188 
 36 185 
 32 189 
 38 185 
 32 191 
 39 185 
 32 192 
 46 185 
 32 199 
 47 185 
 32 200 
 50 185 
 32 203 
 33 186 
 34 186 
 33 187 
 35 186 
 33 188 
 36 186 
 33 189 
 38 186 
 33 191 
 39 186 
 33 192 
 34 187 
 35 187 
 34 188 
 37 187 
 34 190 
 39 187 
 34 192 
 49 187 
 34 202 
 51 187 
 34 204 
 35 188 
 36 189 
 37 189 
 36 190 
 39 189 
 36 192 
 49 189 
 36 202 
 51 189 
 36 204 
 37 190 
 38 190 
 37 191 
 39 190 
 37 192 
 40 190 
 37 193 
 55 190 
 37 208 
 56 190 
 37 209 
 38 191 
 39 191 
 38 192 
 53 191 
 38 206 
 55 191 
 38 208 
 56 191 
 38 209 
 62 191 
 38 215 
 63 191 
 38 216 
 39 192 
 51 192 
 39 204 
 62 192 
 39 215 
 63 192 
 39 216 
 40 193 
 41 193 
 40 194 
 42 193 
 40 195 
 43 193 
 40 196 
 45 193 
 40 198 
 49 193 
 40 202 
 51 193 
 40 204 
 52 193 
 40 205 
 53 193 
 40 206 
 41 194 
 42 194 
 41 195 
 52 194 
 41 205 
 53 194 
 41 206 
 56 194 
 41 209 
 59 194 
 41 212 
 60 194 
 41 213 
 42 195 
 43 195 
 42 196 
 45 195 
 42 198 
 48 195 
 42 201 
 49 195 
 42 202 
 51 195 
 42 204 
 59 195 
 42 212 
 60 195 
 42 213 
 43 196 
 44 196 
 43 197 
 46 196 
 43 199 
 48 196 
 43 201 
 44 197 
 45 198 
 46 198 
 45 199 
 48 198 
 45 201 
 46 199 
 47 199 
 46 200 
 48 199 
 46 201 
 49 199 
 46 202 
 61 199 
 46 214 
 62 199 
 46 215 
 47 200 
 48 200 
 47 201 
 56 200 
 47 209 
 57 200 
 47 210 
 59 200 
 47 212 
 61 200 
 47 214 
 62 200 
 47 215 
 48 201 
 56 201 
 48 209 
 57 201 
 48 210 
 49 202 
 50 202 
 49 203 
 51 202 
 49 204 
 58 202 
 49 211 
 59 202 
 49 212 
 50 203 
 51 203 
 50 204 
 53 203 
 50 206 
 54 203 
 50 207 
 58 203 
 50 211 
 59 203 
 50 212 
 62 203 
 50 215 
 51 204 
 53 204 
 51 206 
 54 204 
 51 207 
 52 205 
 53 205 
 52 206 
 54 205 
 52 207 
 64 205 
 52 217 
 65 205 
 52 218 
 66 205 
 52 219 
 70 205 
 52 223 
 71 205 
 52 224 
 53 206 
 54 206 
 53 207 
 64 206 
 53 217 
 65 206 
 53 218 
 66 206 
 53 219 
 68 206 
 53 221 
 70 206 
 53 223 
 71 206 
 53 224 
 80 206 
 53 233 
 81 206 
 53 234 
 54 207 
 64 207 
 54 217 
 65 207 
 54 218 
 66 207 
 54 219 
 80 207 
 54 233 
 81 207 
 54 234 
 55 208 
 56 208 
 55 209 
 57 208 
 55 210 
 67 208 
 55 220 
 68 208 
 55 221 
 73 208 
 55 226 
 74 208 
 55 227 
 75 208 
 55 228 
 56 209 
 57 209 
 56 210 
 67 209 
 56 220 
 68 209 
 56 221 
 71 209 
 56 224 
 73 209 
 56 226 
 74 209 
 56 227 
 75 209 
 56 228 
 77 209 
 56 230 
 78 209 
 56 231 
 57 210 
 73 210 
 57 226 
 74 210 
 57 227 
 75 210 
 57 228 
 77 210 
 57 230 
 78 210 
 57 231 
 58 211 
 59 211 
 58 212 
 60 211 
 58 213 
 73 211 
 58 226 
 74 211 
 58 227 
 75 211 
 58 228 
 79 211 
 58 232 
 80 211 
 58 233 
 59 212 
 60 212 
 59 213 
 71 212 
 59 224 
 72 212 
 59 225 
 73 212 
 59 226 
 74 212 
 59 227 
 75 212 
 59 228 
 77 212 
 59 230 
 79 212 
 59 232 
 80 212 
 59 233 
 60 213 
 71 213 
 60 224 
 72 213 
 60 225 
 73 213 
 60 226 
 74 213 
 60 227 
 75 213 
 60 228 
 61 214 
 62 214 
 61 215 
 63 214 
 61 216 
 64 214 
 61 217 
 65 214 
 61 218 
 66 214 
 61 219 
 76 214 
 61 229 
 77 214 
 61 230 
 62 215 
 63 215 
 62 216 
 64 215 
 62 217 
 65 215 
 62 218 
 66 215 
 62 219 
 68 215 
 62 221 
 69 215 
 62 222 
 76 215 
 62 229 
 77 215 
 62 230 
 80 215 
 62 233 
 63 216 
 64 216 
 63 217 
 65 216 
 63 218 
 66 216 
 63 219 
 68 216 
 63 221 
 69 216 
 63 222 
 64 217 
 65 217 
 64 218 
 67 217 
 64 220 
 69 217 
 64 222 
 79 217 
 64 232 
 81 217 
 64 234 
 65 218 
 66 219 
 67 219 
 66 220 
 69 219 
 66 222 
 79 219 
 66 232 
 81 219 
 66 234 
 67 220 
 68 220 
 67 221 
 69 220 
 67 222 
 70 220 
 67 223 
 82 220 
 67 235 
 83 220 
 67 236 
 84 220 
 67 237 
 85 220 
 67 238 
 86 220 
 67 239 
 87 220 
 67 240 
 91 220 
 67 244 
 92 220 
 67 245 
 93 220 
 67 246 
 68 221 
 69 221 
 68 222 
 82 221 
 68 235 
 83 221 
 68 236 
 84 221 
 68 237 
 85 221 
 68 238 
 86 221 
 68 239 
 87 221 
 68 240 
 91 221 
 68 244 
 92 221 
 68 245 
 93 221 
 68 246 
 69 222 
 81 222 
 69 234 
 82 222 
 69 235 
 83 222 
 69 236 
 84 222 
 69 237 
 85 222 
 69 238 
 86 222 
 69 239 
 87 222 
 69 240 
 91 222 
 69 244 
 92 222 
 69 245 
 93 222 
 69 246 
 70 223 
 71 223 
 70 224 
 72 223 
 70 225 
 73 223 
 70 226 
 75 223 
 70 228 
 79 223 
 70 232 
 81 223 
 70 234 
 82 223 
 70 235 
 83 223 
 70 236 
 84 223 
 70 237 
 85 223 
 70 238 
 86 223 
 70 239 
 87 223 
 70 240 
 88 223 
 70 241 
 89 223 
 70 242 
 90 223 
 70 243 
 71 224 
 72 224 
 71 225 
 82 224 
 71 235 
 83 224 
 71 236 
 84 224 
 71 237 
 85 224 
 71 238 
 86 224 
 71 239 
 87 224 
 71 240 
 88 224 
 71 241 
 89 224 
 71 242 
 90 224 
 71 243 
 72 225 
 73 225 
 72 226 
 75 225 
 72 228 
 78 225 
 72 231 
 79 225 
 72 232 
 81 225 
 72 234 
 82 225 
 72 235 
 83 225 
 72 236 
 84 225 
 72 237 
 85 225 
 72 238 
 86 225 
 72 239 
 87 225 
 72 240 
 88 225 
 72 241 
 89 225 
 72 242 
 90 225 
 72 243 
 73 226 
 74 226 
 73 227 
 76 226 
 73 229 
 78 226 
 73 231 
 74 227 
 75 228 
 76 228 
 75 229 
 78 228 
 75 231 
 76 229 
 77 229 
 76 230 
 78 229 
 76 231 
 79 229 
 76 232 
 85 229 
 76 238 
 86 229 
 76 239 
 87 229 
 76 240 
 88 229 
 76 241 
 89 229 
 76 242 
 90 229 
 76 243 
 91 229 
 76 244 
 92 229 
 76 245 
 93 229 
 76 246 
 77 230 
 78 230 
 77 231 
 85 230 
 77 238 
 86 230 
 77 239 
 87 230 
 77 240 
 88 230 
 77 241 
 89 230 
 77 242 
 90 230 
 77 243 
 91 230 
 77 244 
 92 230 
 77 245 
 93 230 
 77 246 
 78 231 
 85 231 
 78 238 
 86 231 
 78 239 
 87 231 
 78 240 
 88 231 
 78 241 
 89 231 
 78 242 
 90 231 
 78 243 
 91 231 
 78 244 
 92 231 
 78 245 
 93 231 
 78 246 
 79 232 
 80 232 
 79 233 
 81 232 
 79 234 
 82 232 
 79 235 
 83 232 
 79 236 
 84 232 
 79 237 
 88 232 
 79 241 
 89 232 
 79 242 
 90 232 
 79 243 
 91 232 
 79 244 
 92 232 
 79 245 
 93 232 
 79 246 
 80 233 
 81 233 
 80 234 
 82 233 
 80 235 
 83 233 
 80 236 
 84 233 
 80 237 
 88 233 
 80 241 
 89 233 
 80 242 
 90 233 
 80 243 
 91 233 
 80 244 
 92 233 
 80 245 
 93 233 
 80 246 
 81 234 
 82 234 
 81 235 
 83 234 
 81 236 
 84 234 
 81 237 
 88 234 
 81 241 
 89 234 
 81 242 
 90 234 
 81 243 
 91 234 
 81 244 
 92 234 
 81 245 
 93 234 
 81 246 
 82 235 
 83 235 
 82 236 
 84 235 
 82 237 
 94 235 
 82 247 
 95 235 
 82 248 
 96 235 
 82 249 
 97 235 
 82 250 
 98 235 
 82 251 
 99 235 
 82 252 
103 235 
 82 256 
104 235 
 82 257 
105 235 
 82 258 
 83 236 
 84 236 
 83 237 
 94 236 
 83 247 
 95 236 
 83 248 
 96 236 
 83 249 
 97 236 
 83 250 
 98 236 
 83 251 
 99 236 
 83 252 
103 236 
 83 256 
104 236 
 83 257 
105 236 
 83 258 
 84 237 
 94 237 
 84 247 
 95 237 
 84 248 
 96 237 
 84 249 
 97 237 
 84 250 
 98 237 
 84 251 
 99 237 
 84 252 
103 237 
 84 256 
104 237 
 84 257 
105 237 
 84 258 
 85 238 
 86 238 
 85 239 
 87 238 
 85 240 
 94 238 
 85 247 
 95 238 
 85 248 
 96 238 
 85 249 
 97 238 
 85 250 
 98 238 
 85 251 
 99 238 
 85 252 
100 238 
 85 253 
101 238 
 85 254 
102 238 
 85 255 
 86 239 
 87 239 
 86 240 
 94 239 
 86 247 
 95 239 
 86 248 
 96 239 
 86 249 
 97 239 
 86 250 
 98 239 
 86 251 
 99 239 
 86 252 
100 239 
 86 253 
101 239 
 86 254 
102 239 
 86 255 
 87 240 
 94 240 
 87 247 
 95 240 
 87 248 
 96 240 
 87 249 
 97 240 
 87 250 
 98 240 
 87 251 
 99 240 
 87 252 
100 240 
 87 253 
101 240 
 87 254 
102 240 
 87 255 
 88 241 
 89 241 
 88 242 
 90 241 
 88 243 
 97 241 
 88 250 
 98 241 
 88 251 
 99 241 
 88 252 
100 241 
 88 253 
101 241 
 88 254 
102 241 
 88 255 
103 241 
 88 256 
104 241 
 88 257 
105 241 
 88 258 
 89 242 
 90 242 
 89 243 
 97 242 
 89 250 
 98 242 
 89 251 
 99 242 
 89 252 
100 242 
 89 253 
101 242 
 89 254 
102 242 
 89 255 
103 242 
 89 256 
104 242 
 89 257 
105 242 
 89 258 
 90 243 
 97 243 
 90 250 
 98 243 
 90 251 
 99 243 
 90 252 
100 243 
 90 253 
101 243 
 90 254 
102 243 
 90 255 
103 243 
 90 256 
104 243 
 90 257 
105 243 
 90 258 
 91 244 
 92 244 
 91 245 
 93 244 
 91 246 
 94 244 
 91 247 
 95 244 
 91 248 
 96 244 
 91 249 
100 244 
 91 253 
101 244 
 91 254 
102 244 
 91 255 
103 244 
 91 256 
104 244 
 91 257 
105 244 
 91 258 
 92 245 
 93 245 
 92 246 
 94 245 
 92 247 
 95 245 
 92 248 
 96 245 
 92 249 
100 245 
 92 253 
101 245 
 92 254 
102 245 
 92 255 
103 245 
 92 256 
104 245 
 92 257 
105 245 
 92 258 
 93 246 
 94 246 
 93 247 
 95 246 
 93 248 
 96 246 
 93 249 
100 246 
 93 253 
101 246 
 93 254 
102 246 
 93 255 
103 246 
 93 256 
104 246 
 93 257 
105 246 
 93 258 
 94 247 
 95 247 
 94 248 
 96 247 
 94 249 
106 247 
 94 259 
107 247 
 94 260 
108 247 
 94 261 
109 247 
 94 262 
110 247 
 94 263 
111 247 
 94 264 
115 247 
 94 268 
116 247 
 94 269 
117 247 
 94 270 
 95 248 
 96 248 
 95 249 
106 248 
 95 259 
107 248 
 95 260 
108 248 
 95 261 
109 248 
 95 262 
110 248 
 95 263 
111 248 
 95 264 
115 248 
 95 268 
116 248 
 95 269 
117 248 
 95 270 
 96 249 
106 249 
 96 259 
107 249 
 96 260 
108 249 
 96 261 
109 249 
 96 262 
110 249 
 96 263 
111 249 
 96 264 
115 249 
 96 268 
116 249 
 96 269 
117 249 
 96 270 
 97 250 
 98 250 
 97 251 
 99 250 
 97 252 
106 250 
 97 259 
107 250 
 97 260 
108 250 
 97 261 
109 250 
 97 262 
110 250 
 97 263 
111 250 
 97 264 
112 250 
 97 265 
113 250 
 97 266 
114 250 
 97 267 
 98 251 
 99 251 
 98 252 
106 251 
 98 259 
107 251 
 98 260 
108 251 
 98 261 
109 251 
 98 262 
110 251 
 98 263 
111 251 
 98 264 
112 251 
 98 265 
113 251 
 98 266 
114 251 
 98 267 
 99 252 
106 252 
 99 259 
107 252 
 99 260 
108 252 
 99 261 
109 252 
 99 262 
110 252 
 99 263 
111 252 
 99 264 
112 252 
 99 265 
113 252 
 99 266 
114 252 
 99 267 
100 253 
101 253 
100 254 
102 253 
100 255 
109 253 
100 262 
110 253 
100 263 
111 253 
100 264 
112 253 
100 265 
113 253 
100 266 
114 253 
100 267 
115 253 
100 268 
116 253 
100 269 
117 253 
100 270 
101 254 
102 254 
101 255 
109 254 
101 262 
110 254 
101 263 
111 254 
101 264 
112 254 
101 265 
113 254 
101 266 
114 254 
101 267 
115 254 
101 268 
116 254 
101 269 
117 254 
101 270 
102 255 
109 255 
102 262 
110 255 
102 263 
111 255 
102 264 
112 255 
102 265 
113 255 
102 266 
114 255 
102 267 
115 255 
102 268 
116 255 
102 269 
117 255 
102 270 
103 256 
104 256 
103 257 
105 256 
103 258 
106 256 
103 259 
107 256 
103 260 
108 256 
103 261 
112 256 
103 265 
113 256 
103 266 
114 256 
103 267 
115 256 
103 268 
116 256 
103 269 
117 256 
103 270 
104 257 
105 257 
104 258 
106 257 
104 259 
107 257 
104 260 
108 257 
104 261 
112 257 
104 265 
113 257 
104 266 
114 257 
104 267 
115 257 
104 268 
116 257 
104 269 
117 257 
104 270 
105 258 
106 258 
105 259 
107 258 
105 260 
108 258 
105 261 
112 258 
105 265 
113 258 
105 266 
114 258 
105 267 
115 258 
105 268 
116 258 
105 269 
117 258 
105 270 
106 259 
107 259 
106 260 
108 259 
106 261 
118 259 
106 271 
119 259 
106 272 
120 259 
106 273 
121 259 
106 274 
122 259 
106 275 
123 259 
106 276 
127 259 
106 280 
128 259 
106 281 
129 259 
106 282 
107 260 
108 260 
107 261 
118 260 
107 271 
119 260 
107 272 
120 260 
107 273 
121 260 
107 274 
122 260 
107 275 
123 260 
107 276 
127 260 
107 280 
128 260 
107 281 
129 260 
107 282 
108 261 
118 261 
108 271 
119 261 
108 272 
120 261 
108 273 
121 261 
108 274 
122 261 
108 275 
123 261 
108 276 
127 261 
108 280 
128 261 
108 281 
129 261 
108 282 
109 262 
110 262 
109 263 
111 262 
109 264 
118 262 
109 271 
119 262 
109 272 
120 262 
109 273 
121 262 
109 274 
122 262 
109 275 
123 262 
109 276 
124 262 
109 277 
125 262 
109 278 
126 262 
109 279 
110 263 
111 263 
110 264 
118 263 
110 271 
119 263 
110 272 
120 263 
110 273 
121 263 
110 274 
122 263 
110 275 
123 263 
110 276 
124 263 
110 277 
125 263 
110 278 
126 263 
110 279 
111 264 
118 264 
111 271 
119 264 
111 272 
120 264 
111 273 
121 264 
111 274 
122 264 
111 275 
123 264 
111 276 
124 264 
111 277 
125 264 
111 278 
126 264 
111 279 
112 265 
113 265 
112 266 
114 265 
112 267 
121 265 
112 274 
122 265 
112 275 
123 265 
112 276 
124 265 
112 277 
125 265 
112 278 
126 265 
112 279 
127 265 
112 280 
128 265 
112 281 
129 265 
112 282 
113 266 
114 266 
113 267 
121 266 
113 274 
122 266 
113 275 
123 266 
113 276 
124 266 
113 277 
125 266 
113 278 
126 266 
113 279 
127 266 
113 280 
128 266 
113 281 
129 266 
113 282 
114 267 
121 267 
114 274 
122 267 
114 275 
123 267 
114 276 
124 267 
114 277 
125 267 
114 278 
126 267 
114 279 
127 267 
114 280 
128 267 
114 281 
129 267 
114 282 
115 268 
116 268 
115 269 
117 268 
115 270 
118 268 
115 271 
119 268 
115 272 
120 268 
115 273 
124 268 
115 277 
125 268 
115 278 
126 268 
115 279 
127 268 
115 280 
128 268 
115 281 
129 268 
115 282 
116 269 
117 269 
116 270 
118 269 
116 271 
119 269 
116 272 
120 269 
116 273 
124 269 
116 277 
125 269 
116 278 
126 269 
116 279 
127 269 
116 280 
128 269 
116 281 
129 269 
116 282 
117 270 
118 270 
117 271 
119 270 
117 272 
120 270 
117 273 
124 270 
117 277 
125 270 
117 278 
126 270 
117 279 
127 270 
117 280 
128 270 
117 281 
129 270 
117 282 
118 271 
119 271 
118 272 
120 271 
118 273 
130 271 
118 283 
131 271 
118 284 
132 271 
118 285 
133 271 
118 286 
134 271 
118 287 
135 271 
118 288 
139 271 
118 292 
140 271 
118 293 
141 271 
118 294 
119 272 
120 272 
119 273 
130 272 
119 283 
131 272 
119 284 
132 272 
119 285 
133 272 
119 286 
134 272 
119 287 
135 272 
119 288 
139 272 
119 292 
140 272 
119 293 
141 272 
119 294 
120 273 
130 273 
120 283 
131 273 
120 284 
132 273 
120 285 
133 273 
120 286 
134 273 
120 287 
135 273 
120 288 
139 273 
120 292 
140 273 
120 293 
141 273 
120 294 
121 274 
122 274 
121 275 
123 274 
121 276 
130 274 
121 283 
131 274 
121 284 
132 274 
121 285 
133 274 
121 286 
134 274 
121 287 
135 274 
121 288 
136 274 
121 289 
137 274 
121 290 
138 274 
121 291 
122 275 
123 275 
122 276 
130 275 
122 283 
131 275 
122 284 
132 275 
122 285 
133 275 
122 286 
134 275 
122 287 
135 275 
122 288 
136 275 
122 289 
137 275 
122 290 
138 275 
122 291 
123 276 
130 276 
123 283 
131 276 
123 284 
132 276 
123 285 
133 276 
123 286 
134 276 
123 287 
135 276 
123 288 
136 276 
123 289 
137 276 
123 290 
138 276 
123 291 
124 277 
125 277 
124 278 
126 277 
124 279 
133 277 
124 286 
134 277 
124 287 
135 277 
124 288 
136 277 
124 289 
137 277 
124 290 
138 277 
124 291 
139 277 
124 292 
140 277 
124 293 
141 277 
124 294 
125 278 
126 278 
125 279 
133 278 
125 286 
134 278 
125 287 
135 278 
125 288 
136 278 
125 289 
137 278 
125 290 
138 278 
125 291 
139 278 
125 292 
140 278 
125 293 
141 278 
125 294 
126 279 
133 279 
126 286 
134 279 
126 287 
135 279 
126 288 
136 279 
126 289 
137 279 
126 290 
138 279 
126 291 
139 279 
126 292 
140 279 
126 293 
141 279 
126 294 
127 280 
128 280 
127 281 
129 280 
127 282 
136 280 
127 289 
137 280 
127 290 
138 280 
127 291 
139 280 
127 292 
140 280 
127 293 
141 280 
127 294 
142 280 
127 295 
143 280 
127 296 
144 280 
127 297 
128 281 
129 281 
128 282 
136 281 
128 289 
137 281 
128 290 
138 281 
128 291 
139 281 
128 292 
140 281 
128 293 
141 281 
128 294 
142 281 
128 295 
143 281 
128 296 
144 281 
128 297 
129 282 
136 282 
129 289 
137 282 
129 290 
138 282 
129 291 
139 282 
129 292 
140 282 
129 293 
141 282 
129 294 
142 282 
129 295 
143 282 
129 296 
144 282 
129 297 
130 283 
131 283 
130 284 
132 283 
130 285 
133 283 
130 286 
136 283 
130 289 
138 283 
130 291 
142 283 
130 295 
143 283 
130 296 
144 283 
130 297 
145 283 
130 298 
146 283 
130 299 
147 283 
130 300 
151 283 
130 304 
152 283 
130 305 
153 283 
130 306 
131 284 
132 284 
131 285 
142 284 
131 295 
143 284 
131 296 
144 284 
131 297 
145 284 
131 298 
146 284 
131 299 
147 284 
131 300 
151 284 
131 304 
152 284 
131 305 
153 284 
131 306 
132 285 
136 285 
132 289 
138 285 
132 291 
141 285 
132 294 
142 285 
132 295 
143 285 
132 296 
144 285 
132 297 
145 285 
132 298 
146 285 
132 299 
147 285 
132 300 
151 285 
132 304 
152 285 
132 305 
153 285 
132 306 
133 286 
134 286 
133 287 
135 286 
133 288 
139 286 
133 292 
141 286 
133 294 
142 286 
133 295 
143 286 
133 296 
144 286 
133 297 
145 286 
133 298 
146 286 
133 299 
147 286 
133 300 
148 286 
133 301 
149 286 
133 302 
150 286 
133 303 
134 287 
135 287 
134 288 
142 287 
134 295 
143 287 
134 296 
144 287 
134 297 
145 287 
134 298 
146 287 
134 299 
147 287 
134 300 
148 287 
134 301 
149 287 
134 302 
150 287 
134 303 
135 288 
138 288 
135 291 
139 288 
135 292 
141 288 
135 294 
142 288 
135 295 
143 288 
135 296 
144 288 
135 297 
145 288 
135 298 
146 288 
135 299 
147 288 
135 300 
148 288 
135 301 
149 288 
135 302 
150 288 
135 303 
136 289 
137 289 
136 290 
138 289 
136 291 
139 289 
136 292 
145 289 
136 298 
146 289 
136 299 
147 289 
136 300 
148 289 
136 301 
149 289 
136 302 
150 289 
136 303 
151 289 
136 304 
152 289 
136 305 
153 289 
136 306 
137 290 
138 290 
137 291 
145 290 
137 298 
146 290 
137 299 
147 290 
137 300 
148 290 
137 301 
149 290 
137 302 
150 290 
137 303 
151 290 
137 304 
152 290 
137 305 
153 290 
137 306 
138 291 
145 291 
138 298 
146 291 
138 299 
147 291 
138 300 
148 291 
138 301 
149 291 
138 302 
150 291 
138 303 
151 291 
138 304 
152 291 
138 305 
153 291 
138 306 
139 292 
140 292 
139 293 
141 292 
139 294 
142 292 
139 295 
143 292 
139 296 
144 292 
139 297 
148 292 
139 301 
149 292 
139 302 
150 292 
139 303 
151 292 
139 304 
152 292 
139 305 
153 292 
139 306 
140 293 
141 293 
140 294 
142 293 
140 295 
143 293 
140 296 
144 293 
140 297 
148 293 
140 301 
149 293 
140 302 
150 293 
140 303 
151 293 
140 304 
152 293 
140 305 
153 293 
140 306 
141 294 
142 294 
141 295 
143 294 
141 296 
144 294 
141 297 
148 294 
141 301 
149 294 
141 302 
150 294 
141 303 
151 294 
141 304 
152 294 
141 305 
153 294 
141 306 
142 295 
143 295 
142 296 
144 295 
142 297 
145 295 
142 298 
143 296 
144 296 
143 297 
144 297 
153 297 
144 306 
145 298 
146 298 
145 299 
147 298 
145 300 
146 299 
147 299 
146 300 
147 300 
150 300 
147 303 
148 301 
149 301 
148 302 
150 301 
148 303 
151 301 
148 304 
149 302 
150 302 
149 303 
150 303 
151 304 
152 304 
151 305 
153 304 
151 306 
152 305 
153 305 
152 306 
153 306 
