229 229   1777 
  1 230 
  2 230 
  1 231 
 24 230 
  1 253 
 25 230 
  1 254 
 26 230 
  1 255 
 48 230 
  1 277 
 73 230 
  1 302 
 74 230 
  1 303 
 96 230 
  1 325 
  2 231 
  3 231 
  2 232 
 25 231 
  2 254 
 26 231 
  2 255 
 27 231 
  2 256 
 73 231 
  2 302 
 74 231 
  2 303 
 75 231 
  2 304 
  3 232 
  4 232 
  3 233 
 26 232 
  3 255 
 27 232 
  3 256 
 28 232 
  3 257 
 74 232 
  3 303 
 75 232 
  3 304 
 76 232 
  3 305 
151 232 
  3 380 
175 232 
  3 404 
  4 233 
  5 233 
  4 234 
 27 233 
  4 256 
 28 233 
  4 257 
 29 233 
  4 258 
 75 233 
  4 304 
 76 233 
  4 305 
 77 233 
  4 306 
  5 234 
  6 234 
  5 235 
 28 234 
  5 257 
 29 234 
  5 258 
 30 234 
  5 259 
 76 234 
  5 305 
 77 234 
  5 306 
 78 234 
  5 307 
  6 235 
  7 235 
  6 236 
 29 235 
  6 258 
 30 235 
  6 259 
 31 235 
  6 260 
 77 235 
  6 306 
 78 235 
  6 307 
 79 235 
  6 308 
  7 236 
  8 236 
  7 237 
 30 236 
  7 259 
 31 236 
  7 260 
 32 236 
  7 261 
 78 236 
  7 307 
 79 236 
  7 308 
 80 236 
  7 309 
152 236 
  7 381 
176 236 
  7 405 
  8 237 
  9 237 
  8 238 
 31 237 
  8 260 
 32 237 
  8 261 
 33 237 
  8 262 
 79 237 
  8 308 
 80 237 
  8 309 
 81 237 
  8 310 
  9 238 
 10 238 
  9 239 
 32 238 
  9 261 
 33 238 
  9 262 
 34 238 
  9 263 
 80 238 
  9 309 
 81 238 
  9 310 
 82 238 
  9 311 
 10 239 
 11 239 
 10 240 
 33 239 
 10 262 
 34 239 
 10 263 
 35 239 
 10 264 
 81 239 
 10 310 
 82 239 
 10 311 
 83 239 
 10 312 
 11 240 
 12 240 
 11 241 
 34 240 
 11 263 
 35 240 
 11 264 
 36 240 
 11 265 
 82 240 
 11 311 
 83 240 
 11 312 
 84 240 
 11 313 
153 240 
 11 382 
177 240 
 11 406 
 12 241 
 13 241 
 12 242 
 35 241 
 12 264 
 36 241 
 12 265 
 37 241 
 12 266 
 83 241 
 12 312 
 84 241 
 12 313 
 85 241 
 12 314 
 13 242 
 14 242 
 13 243 
 36 242 
 13 265 
 37 242 
 13 266 
 38 242 
 13 267 
 84 242 
 13 313 
 85 242 
 13 314 
 86 242 
 13 315 
 14 243 
 15 243 
 14 244 
 37 243 
 14 266 
 38 243 
 14 267 
 39 243 
 14 268 
 85 243 
 14 314 
 86 243 
 14 315 
 87 243 
 14 316 
 15 244 
 16 244 
 15 245 
 38 244 
 15 267 
 39 244 
 15 268 
 40 244 
 15 269 
 86 244 
 15 315 
 87 244 
 15 316 
 88 244 
 15 317 
154 244 
 15 383 
178 244 
 15 407 
 16 245 
 17 245 
 16 246 
 39 245 
 16 268 
 40 245 
 16 269 
 41 245 
 16 270 
 87 245 
 16 316 
 88 245 
 16 317 
 89 245 
 16 318 
 17 246 
 18 246 
 17 247 
 40 246 
 17 269 
 41 246 
 17 270 
 42 246 
 17 271 
 88 246 
 17 317 
 89 246 
 17 318 
 90 246 
 17 319 
 18 247 
 19 247 
 18 248 
 41 247 
 18 270 
 42 247 
 18 271 
 43 247 
 18 272 
 89 247 
 18 318 
 90 247 
 18 319 
 91 247 
 18 320 
 19 248 
 20 248 
 19 249 
 42 248 
 19 271 
 43 248 
 19 272 
 44 248 
 19 273 
 90 248 
 19 319 
 91 248 
 19 320 
 92 248 
 19 321 
155 248 
 19 384 
179 248 
 19 408 
 20 249 
 21 249 
 20 250 
 43 249 
 20 272 
 44 249 
 20 273 
 45 249 
 20 274 
 91 249 
 20 320 
 92 249 
 20 321 
 93 249 
 20 322 
 21 250 
 22 250 
 21 251 
 44 250 
 21 273 
 45 250 
 21 274 
 46 250 
 21 275 
 92 250 
 21 321 
 93 250 
 21 322 
 94 250 
 21 323 
 22 251 
 23 251 
 22 252 
 45 251 
 22 274 
 46 251 
 22 275 
 47 251 
 22 276 
 93 251 
 22 322 
 94 251 
 22 323 
 95 251 
 22 324 
 23 252 
 24 252 
 23 253 
 46 252 
 23 275 
 47 252 
 23 276 
 48 252 
 23 277 
 94 252 
 23 323 
 95 252 
 23 324 
 96 252 
 23 325 
156 252 
 23 385 
180 252 
 23 409 
 24 253 
 25 253 
 24 254 
 47 253 
 24 276 
 48 253 
 24 277 
 73 253 
 24 302 
 95 253 
 24 324 
 96 253 
 24 325 
 25 254 
 26 254 
 25 255 
 48 254 
 25 277 
 49 254 
 25 278 
 50 254 
 25 279 
 72 254 
 25 301 
 26 255 
 27 255 
 26 256 
 49 255 
 26 278 
 50 255 
 26 279 
 51 255 
 26 280 
 27 256 
 28 256 
 27 257 
 50 256 
 27 279 
 51 256 
 27 280 
 52 256 
 27 281 
 28 257 
 29 257 
 28 258 
 51 257 
 28 280 
 52 257 
 28 281 
 53 257 
 28 282 
 29 258 
 30 258 
 29 259 
 52 258 
 29 281 
 53 258 
 29 282 
 54 258 
 29 283 
 30 259 
 31 259 
 30 260 
 53 259 
 30 282 
 54 259 
 30 283 
 55 259 
 30 284 
 31 260 
 32 260 
 31 261 
 54 260 
 31 283 
 55 260 
 31 284 
 56 260 
 31 285 
 32 261 
 33 261 
 32 262 
 55 261 
 32 284 
 56 261 
 32 285 
 57 261 
 32 286 
 33 262 
 34 262 
 33 263 
 56 262 
 33 285 
 57 262 
 33 286 
 58 262 
 33 287 
 34 263 
 35 263 
 34 264 
 57 263 
 34 286 
 58 263 
 34 287 
 59 263 
 34 288 
 35 264 
 36 264 
 35 265 
 58 264 
 35 287 
 59 264 
 35 288 
 60 264 
 35 289 
 36 265 
 37 265 
 36 266 
 59 265 
 36 288 
 60 265 
 36 289 
 61 265 
 36 290 
 37 266 
 38 266 
 37 267 
 60 266 
 37 289 
 61 266 
 37 290 
 62 266 
 37 291 
 38 267 
 39 267 
 38 268 
 61 267 
 38 290 
 62 267 
 38 291 
 63 267 
 38 292 
 39 268 
 40 268 
 39 269 
 62 268 
 39 291 
 63 268 
 39 292 
 64 268 
 39 293 
 40 269 
 41 269 
 40 270 
 63 269 
 40 292 
 64 269 
 40 293 
 65 269 
 40 294 
 41 270 
 42 270 
 41 271 
 64 270 
 41 293 
 65 270 
 41 294 
 66 270 
 41 295 
 42 271 
 43 271 
 42 272 
 65 271 
 42 294 
 66 271 
 42 295 
 67 271 
 42 296 
 43 272 
 44 272 
 43 273 
 66 272 
 43 295 
 67 272 
 43 296 
 68 272 
 43 297 
 44 273 
 45 273 
 44 274 
 67 273 
 44 296 
 68 273 
 44 297 
 69 273 
 44 298 
 45 274 
 46 274 
 45 275 
 68 274 
 45 297 
 69 274 
 45 298 
 70 274 
 45 299 
 46 275 
 47 275 
 46 276 
 69 275 
 46 298 
 70 275 
 46 299 
 71 275 
 46 300 
 47 276 
 48 276 
 47 277 
 70 276 
 47 299 
 71 276 
 47 300 
 72 276 
 47 301 
 48 277 
 49 277 
 48 278 
 71 277 
 48 300 
 72 277 
 48 301 
 49 278 
 50 278 
 49 279 
 72 278 
 49 301 
 50 279 
 51 279 
 50 280 
 51 280 
 52 280 
 51 281 
 52 281 
 53 281 
 52 282 
 53 282 
 54 282 
 53 283 
 54 283 
 55 283 
 54 284 
 55 284 
 56 284 
 55 285 
 56 285 
 57 285 
 56 286 
 57 286 
 58 286 
 57 287 
 58 287 
 59 287 
 58 288 
 59 288 
 60 288 
 59 289 
 60 289 
 61 289 
 60 290 
 61 290 
 62 290 
 61 291 
 62 291 
 63 291 
 62 292 
 63 292 
 64 292 
 63 293 
 64 293 
 65 293 
 64 294 
 65 294 
 66 294 
 65 295 
 66 295 
 67 295 
 66 296 
 67 296 
 68 296 
 67 297 
 68 297 
 69 297 
 68 298 
 69 298 
 70 298 
 69 299 
 70 299 
 71 299 
 70 300 
 71 300 
 72 300 
 71 301 
 72 301 
 73 302 
 74 302 
 73 303 
 96 302 
 73 325 
 97 302 
 73 326 
 98 302 
 73 327 
120 302 
 73 349 
 74 303 
 75 303 
 74 304 
 97 303 
 74 326 
 98 303 
 74 327 
 99 303 
 74 328 
 75 304 
 76 304 
 75 305 
 98 304 
 75 327 
 99 304 
 75 328 
100 304 
 75 329 
 76 305 
 77 305 
 76 306 
 99 305 
 76 328 
100 305 
 76 329 
101 305 
 76 330 
 77 306 
 78 306 
 77 307 
100 306 
 77 329 
101 306 
 77 330 
102 306 
 77 331 
 78 307 
 79 307 
 78 308 
101 307 
 78 330 
102 307 
 78 331 
103 307 
 78 332 
 79 308 
 80 308 
 79 309 
102 308 
 79 331 
103 308 
 79 332 
104 308 
 79 333 
 80 309 
 81 309 
 80 310 
103 309 
 80 332 
104 309 
 80 333 
105 309 
 80 334 
 81 310 
 82 310 
 81 311 
104 310 
 81 333 
105 310 
 81 334 
106 310 
 81 335 
 82 311 
 83 311 
 82 312 
105 311 
 82 334 
106 311 
 82 335 
107 311 
 82 336 
 83 312 
 84 312 
 83 313 
106 312 
 83 335 
107 312 
 83 336 
108 312 
 83 337 
 84 313 
 85 313 
 84 314 
107 313 
 84 336 
108 313 
 84 337 
109 313 
 84 338 
 85 314 
 86 314 
 85 315 
108 314 
 85 337 
109 314 
 85 338 
110 314 
 85 339 
 86 315 
 87 315 
 86 316 
109 315 
 86 338 
110 315 
 86 339 
111 315 
 86 340 
 87 316 
 88 316 
 87 317 
110 316 
 87 339 
111 316 
 87 340 
112 316 
 87 341 
 88 317 
 89 317 
 88 318 
111 317 
 88 340 
112 317 
 88 341 
113 317 
 88 342 
 89 318 
 90 318 
 89 319 
112 318 
 89 341 
113 318 
 89 342 
114 318 
 89 343 
 90 319 
 91 319 
 90 320 
113 319 
 90 342 
114 319 
 90 343 
115 319 
 90 344 
 91 320 
 92 320 
 91 321 
114 320 
 91 343 
115 320 
 91 344 
116 320 
 91 345 
 92 321 
 93 321 
 92 322 
115 321 
 92 344 
116 321 
 92 345 
117 321 
 92 346 
 93 322 
 94 322 
 93 323 
116 322 
 93 345 
117 322 
 93 346 
118 322 
 93 347 
 94 323 
 95 323 
 94 324 
117 323 
 94 346 
118 323 
 94 347 
119 323 
 94 348 
 95 324 
 96 324 
 95 325 
118 324 
 95 347 
119 324 
 95 348 
120 324 
 95 349 
 96 325 
 97 325 
 96 326 
119 325 
 96 348 
120 325 
 96 349 
 97 326 
 98 326 
 97 327 
120 326 
 97 349 
121 326 
 97 350 
122 326 
 97 351 
144 326 
 97 373 
145 326 
 97 374 
164 326 
 97 393 
 98 327 
 99 327 
 98 328 
121 327 
 98 350 
122 327 
 98 351 
123 327 
 98 352 
 99 328 
100 328 
 99 329 
122 328 
 99 351 
123 328 
 99 352 
124 328 
 99 353 
100 329 
101 329 
100 330 
123 329 
100 352 
124 329 
100 353 
125 329 
100 354 
101 330 
102 330 
101 331 
124 330 
101 353 
125 330 
101 354 
126 330 
101 355 
146 330 
101 375 
166 330 
101 395 
102 331 
103 331 
102 332 
125 331 
102 354 
126 331 
102 355 
127 331 
102 356 
103 332 
104 332 
103 333 
126 332 
103 355 
127 332 
103 356 
128 332 
103 357 
104 333 
105 333 
104 334 
127 333 
104 356 
128 333 
104 357 
129 333 
104 358 
105 334 
106 334 
105 335 
128 334 
105 357 
129 334 
105 358 
130 334 
105 359 
147 334 
105 376 
168 334 
105 397 
106 335 
107 335 
106 336 
129 335 
106 358 
130 335 
106 359 
131 335 
106 360 
107 336 
108 336 
107 337 
130 336 
107 359 
131 336 
107 360 
132 336 
107 361 
108 337 
109 337 
108 338 
131 337 
108 360 
132 337 
108 361 
133 337 
108 362 
109 338 
110 338 
109 339 
132 338 
109 361 
133 338 
109 362 
134 338 
109 363 
148 338 
109 377 
170 338 
109 399 
110 339 
111 339 
110 340 
133 339 
110 362 
134 339 
110 363 
135 339 
110 364 
111 340 
112 340 
111 341 
134 340 
111 363 
135 340 
111 364 
136 340 
111 365 
112 341 
113 341 
112 342 
135 341 
112 364 
136 341 
112 365 
137 341 
112 366 
113 342 
114 342 
113 343 
136 342 
113 365 
137 342 
113 366 
138 342 
113 367 
149 342 
113 378 
172 342 
113 401 
114 343 
115 343 
114 344 
137 343 
114 366 
138 343 
114 367 
139 343 
114 368 
115 344 
116 344 
115 345 
138 344 
115 367 
139 344 
115 368 
140 344 
115 369 
116 345 
117 345 
116 346 
139 345 
116 368 
140 345 
116 369 
141 345 
116 370 
117 346 
118 346 
117 347 
140 346 
117 369 
141 346 
117 370 
142 346 
117 371 
150 346 
117 379 
174 346 
117 403 
118 347 
119 347 
118 348 
141 347 
118 370 
142 347 
118 371 
143 347 
118 372 
119 348 
120 348 
119 349 
142 348 
119 371 
143 348 
119 372 
144 348 
119 373 
120 349 
121 349 
120 350 
143 349 
120 372 
144 349 
120 373 
121 350 
122 350 
121 351 
144 350 
121 373 
181 350 
121 410 
182 350 
121 411 
204 350 
121 433 
122 351 
123 351 
122 352 
181 351 
122 410 
182 351 
122 411 
183 351 
122 412 
123 352 
124 352 
123 353 
182 352 
123 411 
183 352 
123 412 
184 352 
123 413 
124 353 
125 353 
124 354 
183 353 
124 412 
184 353 
124 413 
185 353 
124 414 
125 354 
126 354 
125 355 
184 354 
125 413 
185 354 
125 414 
186 354 
125 415 
126 355 
127 355 
126 356 
185 355 
126 414 
186 355 
126 415 
187 355 
126 416 
127 356 
128 356 
127 357 
186 356 
127 415 
187 356 
127 416 
188 356 
127 417 
128 357 
129 357 
128 358 
187 357 
128 416 
188 357 
128 417 
189 357 
128 418 
129 358 
130 358 
129 359 
188 358 
129 417 
189 358 
129 418 
190 358 
129 419 
130 359 
131 359 
130 360 
189 359 
130 418 
190 359 
130 419 
191 359 
130 420 
131 360 
132 360 
131 361 
190 360 
131 419 
191 360 
131 420 
192 360 
131 421 
132 361 
133 361 
132 362 
191 361 
132 420 
192 361 
132 421 
193 361 
132 422 
133 362 
134 362 
133 363 
192 362 
133 421 
193 362 
133 422 
194 362 
133 423 
134 363 
135 363 
134 364 
193 363 
134 422 
194 363 
134 423 
195 363 
134 424 
135 364 
136 364 
135 365 
194 364 
135 423 
195 364 
135 424 
196 364 
135 425 
136 365 
137 365 
136 366 
195 365 
136 424 
196 365 
136 425 
197 365 
136 426 
137 366 
138 366 
137 367 
196 366 
137 425 
197 366 
137 426 
198 366 
137 427 
138 367 
139 367 
138 368 
197 367 
138 426 
198 367 
138 427 
199 367 
138 428 
139 368 
140 368 
139 369 
198 368 
139 427 
199 368 
139 428 
200 368 
139 429 
140 369 
141 369 
140 370 
199 369 
140 428 
200 369 
140 429 
201 369 
140 430 
141 370 
142 370 
141 371 
200 370 
141 429 
201 370 
141 430 
202 370 
141 431 
142 371 
143 371 
142 372 
201 371 
142 430 
202 371 
142 431 
203 371 
142 432 
143 372 
144 372 
143 373 
202 372 
143 431 
203 372 
143 432 
204 372 
143 433 
144 373 
181 373 
144 410 
203 373 
144 432 
204 373 
144 433 
145 374 
164 374 
145 393 
146 375 
166 375 
146 395 
147 376 
168 376 
147 397 
148 377 
170 377 
148 399 
149 378 
172 378 
149 401 
150 379 
174 379 
150 403 
151 380 
175 380 
151 404 
152 381 
176 381 
152 405 
153 382 
177 382 
153 406 
154 383 
178 383 
154 407 
155 384 
179 384 
155 408 
156 385 
180 385 
156 409 
157 386 
164 386 
157 393 
165 386 
157 394 
166 386 
157 395 
175 386 
157 404 
158 387 
166 387 
158 395 
167 387 
158 396 
168 387 
158 397 
176 387 
158 405 
159 388 
168 388 
159 397 
169 388 
159 398 
170 388 
159 399 
177 388 
159 406 
160 389 
170 389 
160 399 
171 389 
160 400 
172 389 
160 401 
178 389 
160 407 
161 390 
172 390 
161 401 
173 390 
161 402 
174 390 
161 403 
179 390 
161 408 
162 391 
163 391 
162 392 
164 391 
162 393 
174 391 
162 403 
180 391 
162 409 
163 392 
164 392 
163 393 
164 393 
165 394 
166 394 
165 395 
166 395 
167 396 
168 396 
167 397 
168 397 
169 398 
170 398 
169 399 
170 399 
171 400 
172 400 
171 401 
172 401 
173 402 
174 402 
173 403 
174 403 
175 404 
176 405 
177 406 
178 407 
179 408 
180 409 
181 410 
182 410 
181 411 
204 410 
181 433 
205 410 
181 434 
206 410 
181 435 
228 410 
181 457 
182 411 
183 411 
182 412 
205 411 
182 434 
206 411 
182 435 
207 411 
182 436 
183 412 
184 412 
183 413 
206 412 
183 435 
207 412 
183 436 
208 412 
183 437 
184 413 
185 413 
184 414 
207 413 
184 436 
208 413 
184 437 
209 413 
184 438 
185 414 
186 414 
185 415 
208 414 
185 437 
209 414 
185 438 
210 414 
185 439 
186 415 
187 415 
186 416 
209 415 
186 438 
210 415 
186 439 
211 415 
186 440 
187 416 
188 416 
187 417 
210 416 
187 439 
211 416 
187 440 
212 416 
187 441 
188 417 
189 417 
188 418 
211 417 
188 440 
212 417 
188 441 
213 417 
188 442 
189 418 
190 418 
189 419 
212 418 
189 441 
213 418 
189 442 
214 418 
189 443 
190 419 
191 419 
190 420 
213 419 
190 442 
214 419 
190 443 
215 419 
190 444 
191 420 
192 420 
191 421 
214 420 
191 443 
215 420 
191 444 
216 420 
191 445 
192 421 
193 421 
192 422 
215 421 
192 444 
216 421 
192 445 
217 421 
192 446 
193 422 
194 422 
193 423 
216 422 
193 445 
217 422 
193 446 
218 422 
193 447 
194 423 
195 423 
194 424 
217 423 
194 446 
218 423 
194 447 
219 423 
194 448 
195 424 
196 424 
195 425 
218 424 
195 447 
219 424 
195 448 
220 424 
195 449 
196 425 
197 425 
196 426 
219 425 
196 448 
220 425 
196 449 
221 425 
196 450 
197 426 
198 426 
197 427 
220 426 
197 449 
221 426 
197 450 
222 426 
197 451 
198 427 
199 427 
198 428 
221 427 
198 450 
222 427 
198 451 
223 427 
198 452 
199 428 
200 428 
199 429 
222 428 
199 451 
223 428 
199 452 
224 428 
199 453 
200 429 
201 429 
200 430 
223 429 
200 452 
224 429 
200 453 
225 429 
200 454 
201 430 
202 430 
201 431 
224 430 
201 453 
225 430 
201 454 
226 430 
201 455 
202 431 
203 431 
202 432 
225 431 
202 454 
226 431 
202 455 
227 431 
202 456 
203 432 
204 432 
203 433 
226 432 
203 455 
227 432 
203 456 
228 432 
203 457 
204 433 
205 433 
204 434 
227 433 
204 456 
228 433 
204 457 
205 434 
206 434 
205 435 
228 434 
205 457 
229 434 
205 458 
206 435 
207 435 
206 436 
207 436 
208 436 
207 437 
229 436 
207 458 
208 437 
209 437 
208 438 
209 438 
210 438 
209 439 
229 438 
209 458 
210 439 
211 439 
210 440 
211 440 
212 440 
211 441 
229 440 
211 458 
212 441 
213 441 
212 442 
213 442 
214 442 
213 443 
229 442 
213 458 
214 443 
215 443 
214 444 
215 444 
216 444 
215 445 
229 444 
215 458 
216 445 
217 445 
216 446 
217 446 
218 446 
217 447 
229 446 
217 458 
218 447 
219 447 
218 448 
219 448 
220 448 
219 449 
229 448 
219 458 
220 449 
221 449 
220 450 
221 450 
222 450 
221 451 
229 450 
221 458 
222 451 
223 451 
222 452 
223 452 
224 452 
223 453 
229 452 
223 458 
224 453 
225 453 
224 454 
225 454 
226 454 
225 455 
229 454 
225 458 
226 455 
227 455 
226 456 
227 456 
228 456 
227 457 
229 456 
227 458 
228 457 
229 458 
