268 268   3082 
  1 269 
  7 269 
  1 275 
  8 269 
  1 276 
 12 269 
  1 280 
 13 269 
  1 281 
 43 269 
  1 311 
 45 269 
  1 313 
 95 269 
  1 363 
 96 269 
  1 364 
 98 269 
  1 366 
 99 269 
  1 367 
101 269 
  1 369 
117 269 
  1 385 
  2 270 
  3 270 
  2 271 
  9 270 
  2 277 
 14 270 
  2 282 
 60 270 
  2 328 
 62 270 
  2 330 
 94 270 
  2 362 
 95 270 
  2 363 
 97 270 
  2 365 
114 270 
  2 382 
  3 271 
  4 271 
  3 272 
  5 271 
  3 273 
  7 271 
  3 275 
  9 271 
  3 277 
 14 271 
  3 282 
 15 271 
  3 283 
 60 271 
  3 328 
 61 271 
  3 329 
 62 271 
  3 330 
 63 271 
  3 331 
 64 271 
  3 332 
 65 271 
  3 333 
 77 271 
  3 345 
 94 271 
  3 362 
 95 271 
  3 363 
113 271 
  3 381 
114 271 
  3 382 
115 271 
  3 383 
116 271 
  3 384 
117 271 
  3 385 
  4 272 
  5 272 
  4 273 
 10 272 
  4 278 
 15 272 
  4 283 
 16 272 
  4 284 
 26 272 
  4 294 
 61 272 
  4 329 
 63 272 
  4 331 
 64 272 
  4 332 
 66 272 
  4 334 
 77 272 
  4 345 
 79 272 
  4 347 
113 272 
  4 381 
134 272 
  4 402 
237 272 
  4 505 
  5 273 
  6 273 
  5 274 
  7 273 
  5 275 
 10 273 
  5 278 
 16 273 
  5 284 
 17 273 
  5 285 
 44 273 
  5 312 
 61 273 
  5 329 
 77 273 
  5 345 
 78 273 
  5 346 
 79 273 
  5 347 
 80 273 
  5 348 
 81 273 
  5 349 
 82 273 
  5 350 
113 273 
  5 381 
115 273 
  5 383 
116 273 
  5 384 
240 273 
  5 508 
243 273 
  5 511 
244 273 
  5 512 
245 273 
  5 513 
268 273 
  5 536 
  6 274 
  7 274 
  6 275 
 11 274 
  6 279 
 17 274 
  6 285 
 18 274 
  6 286 
 19 274 
  6 287 
 44 274 
  6 312 
 46 274 
  6 314 
 47 274 
  6 315 
 49 274 
  6 317 
 78 274 
  6 346 
 80 274 
  6 348 
 81 274 
  6 349 
 83 274 
  6 351 
116 274 
  6 384 
  7 275 
  8 275 
  7 276 
 12 275 
  7 280 
 19 275 
  7 287 
 43 275 
  7 311 
 44 275 
  7 312 
 45 275 
  7 313 
 46 275 
  7 314 
 47 275 
  7 315 
 48 275 
  7 316 
 78 275 
  7 346 
 95 275 
  7 363 
 96 275 
  7 364 
113 275 
  7 381 
114 275 
  7 382 
115 275 
  7 383 
116 275 
  7 384 
117 275 
  7 385 
  8 276 
 12 276 
  8 280 
 13 276 
  8 281 
 43 276 
  8 311 
 45 276 
  8 313 
 99 276 
  8 367 
101 276 
  8 369 
  9 277 
 14 277 
  9 282 
 60 277 
  9 328 
 62 277 
  9 330 
 94 277 
  9 362 
 95 277 
  9 363 
 97 277 
  9 365 
 10 278 
 15 278 
 10 283 
 16 278 
 10 284 
 64 278 
 10 332 
 66 278 
 10 334 
 77 278 
 10 345 
 79 278 
 10 347 
 11 279 
 17 279 
 11 285 
 18 279 
 11 286 
 19 279 
 11 287 
 47 279 
 11 315 
 49 279 
 11 317 
 81 279 
 11 349 
 83 279 
 11 351 
 12 280 
 13 280 
 12 281 
 19 280 
 12 287 
 20 280 
 12 288 
 24 280 
 12 292 
 30 280 
 12 298 
 43 280 
 12 311 
 45 280 
 12 313 
 46 280 
 12 314 
 48 280 
 12 316 
 50 280 
 12 318 
 51 280 
 12 319 
 53 280 
 12 321 
 99 280 
 12 367 
101 280 
 12 369 
104 280 
 12 372 
 13 281 
 14 281 
 13 282 
 20 281 
 13 288 
 24 281 
 13 292 
 95 281 
 13 363 
 96 281 
 13 364 
 97 281 
 13 365 
 98 281 
 13 366 
 99 281 
 13 367 
100 281 
 13 368 
101 281 
 13 369 
102 281 
 13 370 
103 281 
 13 371 
104 281 
 13 372 
106 281 
 13 374 
107 281 
 13 375 
 14 282 
 15 282 
 14 283 
 21 282 
 14 289 
 25 282 
 14 293 
 26 282 
 14 294 
 60 282 
 14 328 
 62 282 
 14 330 
 63 282 
 14 331 
 65 282 
 14 333 
 67 282 
 14 335 
 68 282 
 14 336 
 70 282 
 14 338 
 94 282 
 14 362 
 95 282 
 14 363 
 97 282 
 14 365 
 98 282 
 14 366 
100 282 
 14 368 
102 282 
 14 370 
103 282 
 14 371 
105 282 
 14 373 
106 282 
 14 374 
 15 283 
 16 283 
 15 284 
 22 283 
 15 290 
 26 283 
 15 294 
 27 283 
 15 295 
 61 283 
 15 329 
 62 283 
 15 330 
 63 283 
 15 331 
 64 283 
 15 332 
 65 283 
 15 333 
 66 283 
 15 334 
 67 283 
 15 335 
 68 283 
 15 336 
 69 283 
 15 337 
 71 283 
 15 339 
 16 284 
 17 284 
 16 285 
 22 284 
 16 290 
 27 284 
 16 295 
 28 284 
 16 296 
 64 284 
 16 332 
 66 284 
 16 334 
 69 284 
 16 337 
 77 284 
 16 345 
 79 284 
 16 347 
 80 284 
 16 348 
 82 284 
 16 350 
 84 284 
 16 352 
 85 284 
 16 353 
 87 284 
 16 355 
 17 285 
 18 285 
 17 286 
 23 285 
 17 291 
 28 285 
 17 296 
 29 285 
 17 297 
 78 285 
 17 346 
 79 285 
 17 347 
 80 285 
 17 348 
 81 285 
 17 349 
 82 285 
 17 350 
 83 285 
 17 351 
 84 285 
 17 352 
 85 285 
 17 353 
 86 285 
 17 354 
 88 285 
 17 356 
 18 286 
 19 286 
 18 287 
 23 286 
 18 291 
 29 286 
 18 297 
 47 286 
 18 315 
 49 286 
 18 317 
 52 286 
 18 320 
 81 286 
 18 349 
 83 286 
 18 351 
 86 286 
 18 354 
 19 287 
 23 287 
 19 291 
 29 287 
 19 297 
 30 287 
 19 298 
 44 287 
 19 312 
 45 287 
 19 313 
 46 287 
 19 314 
 47 287 
 19 315 
 48 287 
 19 316 
 49 287 
 19 317 
 50 287 
 19 318 
 51 287 
 19 319 
 52 287 
 19 320 
 54 287 
 19 322 
 20 288 
 24 288 
 20 292 
 30 288 
 20 298 
 50 288 
 20 318 
 53 288 
 20 321 
101 288 
 20 369 
104 288 
 20 372 
 21 289 
 25 289 
 21 293 
 26 289 
 21 294 
 67 289 
 21 335 
 70 289 
 21 338 
102 289 
 21 370 
105 289 
 21 373 
106 289 
 21 374 
 22 290 
 27 290 
 22 295 
 28 290 
 22 296 
 66 290 
 22 334 
 69 290 
 22 337 
 84 290 
 22 352 
 87 290 
 22 355 
 23 291 
 29 291 
 23 297 
 49 291 
 23 317 
 52 291 
 23 320 
 83 291 
 23 351 
 86 291 
 23 354 
 24 292 
 30 292 
 24 298 
 31 292 
 24 299 
 35 292 
 24 303 
 36 292 
 24 304 
 50 292 
 24 318 
 53 292 
 24 321 
 55 292 
 24 323 
101 292 
 24 369 
103 292 
 24 371 
104 292 
 24 372 
106 292 
 24 374 
107 292 
 24 375 
109 292 
 24 377 
110 292 
 24 378 
112 292 
 24 380 
122 292 
 24 390 
 25 293 
 26 293 
 25 294 
 32 293 
 25 300 
 37 293 
 25 305 
 67 293 
 25 335 
 70 293 
 25 338 
 72 293 
 25 340 
102 293 
 25 370 
105 293 
 25 373 
106 293 
 25 374 
108 293 
 25 376 
119 293 
 25 387 
 26 294 
 27 294 
 26 295 
 28 294 
 26 296 
 32 294 
 26 300 
 37 294 
 26 305 
 38 294 
 26 306 
 65 294 
 26 333 
 67 294 
 26 335 
 68 294 
 26 336 
 69 294 
 26 337 
 70 294 
 26 338 
 71 294 
 26 339 
 72 294 
 26 340 
 73 294 
 26 341 
 74 294 
 26 342 
 75 294 
 26 343 
 87 294 
 26 355 
105 294 
 26 373 
106 294 
 26 374 
118 294 
 26 386 
119 294 
 26 387 
120 294 
 26 388 
123 294 
 26 391 
124 294 
 26 392 
126 294 
 26 394 
134 294 
 26 402 
237 294 
 26 505 
 27 295 
 28 295 
 27 296 
 33 295 
 27 301 
 38 295 
 27 306 
 39 295 
 27 307 
 66 295 
 27 334 
 68 295 
 27 336 
 69 295 
 27 337 
 71 295 
 27 339 
 73 295 
 27 341 
 74 295 
 27 342 
 76 295 
 27 344 
 84 295 
 27 352 
 87 295 
 27 355 
 89 295 
 27 357 
118 295 
 27 386 
 28 296 
 29 296 
 28 297 
 30 296 
 28 298 
 33 296 
 28 301 
 39 296 
 28 307 
 40 296 
 28 308 
 54 296 
 28 322 
 71 296 
 28 339 
 82 296 
 28 350 
 84 296 
 28 352 
 85 296 
 28 353 
 86 296 
 28 354 
 87 296 
 28 355 
 88 296 
 28 356 
 89 296 
 28 357 
 90 296 
 28 358 
 91 296 
 28 359 
 92 296 
 28 360 
118 296 
 28 386 
120 296 
 28 388 
121 296 
 28 389 
123 296 
 28 391 
124 296 
 28 392 
125 296 
 28 393 
240 296 
 28 508 
241 296 
 28 509 
248 296 
 28 516 
249 296 
 28 517 
251 296 
 28 519 
252 296 
 28 520 
253 296 
 28 521 
268 296 
 28 536 
 29 297 
 30 297 
 29 298 
 34 297 
 29 302 
 40 297 
 29 308 
 41 297 
 29 309 
 42 297 
 29 310 
 49 297 
 29 317 
 51 297 
 29 319 
 52 297 
 29 320 
 54 297 
 29 322 
 56 297 
 29 324 
 57 297 
 29 325 
 59 297 
 29 327 
 83 297 
 29 351 
 85 297 
 29 353 
 86 297 
 29 354 
 88 297 
 29 356 
 90 297 
 29 358 
 91 297 
 29 359 
 93 297 
 29 361 
121 297 
 29 389 
 30 298 
 31 298 
 30 299 
 35 298 
 30 303 
 42 298 
 30 310 
 48 298 
 30 316 
 50 298 
 30 318 
 51 298 
 30 319 
 52 298 
 30 320 
 53 298 
 30 321 
 54 298 
 30 322 
 55 298 
 30 323 
 56 298 
 30 324 
 57 298 
 30 325 
 58 298 
 30 326 
 88 298 
 30 356 
106 298 
 30 374 
107 298 
 30 375 
120 298 
 30 388 
121 298 
 30 389 
122 298 
 30 390 
124 298 
 30 392 
125 298 
 30 393 
126 298 
 30 394 
 31 299 
 35 299 
 31 303 
 36 299 
 31 304 
 53 299 
 31 321 
 55 299 
 31 323 
110 299 
 31 378 
112 299 
 31 380 
 32 300 
 37 300 
 32 305 
 70 300 
 32 338 
 72 300 
 32 340 
105 300 
 32 373 
106 300 
 32 374 
108 300 
 32 376 
 33 301 
 38 301 
 33 306 
 39 301 
 33 307 
 74 301 
 33 342 
 76 301 
 33 344 
 87 301 
 33 355 
 89 301 
 33 357 
 34 302 
 40 302 
 34 308 
 41 302 
 34 309 
 42 302 
 34 310 
 57 302 
 34 325 
 59 302 
 34 327 
 91 302 
 34 359 
 93 302 
 34 361 
 35 303 
 36 303 
 35 304 
 42 303 
 35 310 
 53 303 
 35 321 
 55 303 
 35 323 
 56 303 
 35 324 
 58 303 
 35 326 
110 303 
 35 378 
112 303 
 35 380 
127 303 
 35 395 
131 303 
 35 399 
137 303 
 35 405 
161 303 
 35 429 
162 303 
 35 430 
164 303 
 35 432 
208 303 
 35 476 
 36 304 
 37 304 
 36 305 
106 304 
 36 374 
107 304 
 36 375 
108 304 
 36 376 
109 304 
 36 377 
110 304 
 36 378 
111 304 
 36 379 
112 304 
 36 380 
127 304 
 36 395 
131 304 
 36 399 
206 304 
 36 474 
207 304 
 36 475 
208 304 
 36 476 
210 304 
 36 478 
211 304 
 36 479 
 37 305 
 38 305 
 37 306 
 70 305 
 37 338 
 72 305 
 37 340 
 73 305 
 37 341 
 75 305 
 37 343 
105 305 
 37 373 
106 305 
 37 374 
108 305 
 37 376 
109 305 
 37 377 
111 305 
 37 379 
128 305 
 37 396 
132 305 
 37 400 
133 305 
 37 401 
176 305 
 37 444 
177 305 
 37 445 
179 305 
 37 447 
206 305 
 37 474 
207 305 
 37 475 
209 305 
 37 477 
210 305 
 37 478 
 38 306 
 39 306 
 38 307 
 71 306 
 38 339 
 72 306 
 38 340 
 73 306 
 38 341 
 74 306 
 38 342 
 75 306 
 38 343 
 76 306 
 38 344 
129 306 
 38 397 
133 306 
 38 401 
134 306 
 38 402 
176 306 
 38 444 
177 306 
 38 445 
178 306 
 38 446 
180 306 
 38 448 
 39 307 
 40 307 
 39 308 
 74 307 
 39 342 
 76 307 
 39 344 
 87 307 
 39 355 
 89 307 
 39 357 
 90 307 
 39 358 
 92 307 
 39 360 
129 307 
 39 397 
134 307 
 39 402 
135 307 
 39 403 
178 307 
 39 446 
191 307 
 39 459 
192 307 
 39 460 
194 307 
 39 462 
 40 308 
 41 308 
 40 309 
 88 308 
 40 356 
 89 308 
 40 357 
 90 308 
 40 358 
 91 308 
 40 359 
 92 308 
 40 360 
 93 308 
 40 361 
130 308 
 40 398 
135 308 
 40 403 
136 308 
 40 404 
191 308 
 40 459 
192 308 
 40 460 
193 308 
 40 461 
195 308 
 40 463 
 41 309 
 42 309 
 41 310 
 57 309 
 41 325 
 59 309 
 41 327 
 91 309 
 41 359 
 93 309 
 41 361 
130 309 
 41 398 
136 309 
 41 404 
163 309 
 41 431 
193 309 
 41 461 
 42 310 
 54 310 
 42 322 
 55 310 
 42 323 
 56 310 
 42 324 
 57 310 
 42 325 
 58 310 
 42 326 
 59 310 
 42 327 
130 310 
 42 398 
136 310 
 42 404 
137 310 
 42 405 
161 310 
 42 429 
162 310 
 42 430 
163 310 
 42 431 
165 310 
 42 433 
 43 311 
 45 311 
 43 313 
 95 311 
 43 363 
 96 311 
 43 364 
117 311 
 43 385 
 44 312 
 46 312 
 44 314 
 47 312 
 44 315 
 78 312 
 44 346 
116 312 
 44 384 
 45 313 
 46 313 
 45 314 
 48 313 
 45 316 
 46 314 
 47 314 
 46 315 
 48 314 
 46 316 
 47 315 
 49 315 
 47 317 
 48 316 
 50 316 
 48 318 
 51 316 
 48 319 
 49 317 
 52 317 
 49 320 
 50 318 
 51 318 
 50 319 
 53 318 
 50 321 
 51 319 
 52 319 
 51 320 
 54 319 
 51 322 
 52 320 
 54 320 
 52 322 
 53 321 
 55 321 
 53 323 
106 321 
 53 374 
107 321 
 53 375 
122 321 
 53 390 
 54 322 
 56 322 
 54 324 
 57 322 
 54 325 
 88 322 
 54 356 
121 322 
 54 389 
 55 323 
 56 323 
 55 324 
 58 323 
 55 326 
 56 324 
 57 324 
 56 325 
 58 324 
 56 326 
 57 325 
 59 325 
 57 327 
 58 326 
137 326 
 58 405 
161 326 
 58 429 
162 326 
 58 430 
 59 327 
130 327 
 59 398 
136 327 
 59 404 
163 327 
 59 431 
 60 328 
 62 328 
 60 330 
 94 328 
 60 362 
 95 328 
 60 363 
114 328 
 60 382 
 61 329 
 63 329 
 61 331 
 64 329 
 61 332 
 77 329 
 61 345 
113 329 
 61 381 
 62 330 
 63 330 
 62 331 
 65 330 
 62 333 
 63 331 
 64 331 
 63 332 
 65 331 
 63 333 
 64 332 
 66 332 
 64 334 
 65 333 
 67 333 
 65 335 
 68 333 
 65 336 
 66 334 
 69 334 
 66 337 
 67 335 
 68 335 
 67 336 
 70 335 
 67 338 
 68 336 
 69 336 
 68 337 
 71 336 
 68 339 
 69 337 
 71 337 
 69 339 
 70 338 
 72 338 
 70 340 
105 338 
 70 373 
106 338 
 70 374 
119 338 
 70 387 
 71 339 
 73 339 
 71 341 
 74 339 
 71 342 
 87 339 
 71 355 
118 339 
 71 386 
 72 340 
 73 340 
 72 341 
 75 340 
 72 343 
 73 341 
 74 341 
 73 342 
 75 341 
 73 343 
 74 342 
 76 342 
 74 344 
 75 343 
133 343 
 75 401 
176 343 
 75 444 
177 343 
 75 445 
 76 344 
129 344 
 76 397 
134 344 
 76 402 
178 344 
 76 446 
 77 345 
 79 345 
 77 347 
113 345 
 77 381 
 78 346 
 80 346 
 78 348 
 81 346 
 78 349 
116 346 
 78 384 
 79 347 
 80 347 
 79 348 
 82 347 
 79 350 
 80 348 
 81 348 
 80 349 
 82 348 
 80 350 
 81 349 
 83 349 
 81 351 
 82 350 
 84 350 
 82 352 
 85 350 
 82 353 
 83 351 
 86 351 
 83 354 
 84 352 
 85 352 
 84 353 
 87 352 
 84 355 
 85 353 
 86 353 
 85 354 
 88 353 
 85 356 
 86 354 
 88 354 
 86 356 
 87 355 
 89 355 
 87 357 
118 355 
 87 386 
 88 356 
 90 356 
 88 358 
 91 356 
 88 359 
121 356 
 88 389 
 89 357 
 90 357 
 89 358 
 92 357 
 89 360 
 90 358 
 91 358 
 90 359 
 92 358 
 90 360 
 91 359 
 93 359 
 91 361 
 92 360 
135 360 
 92 403 
191 360 
 92 459 
192 360 
 92 460 
 93 361 
130 361 
 93 398 
136 361 
 93 404 
193 361 
 93 461 
 94 362 
 95 362 
 94 363 
 97 362 
 94 365 
114 362 
 94 382 
 95 363 
 96 363 
 95 364 
 97 363 
 95 365 
 98 363 
 95 366 
 99 363 
 95 367 
100 363 
 95 368 
114 363 
 95 382 
115 363 
 95 383 
117 363 
 95 385 
 96 364 
 98 364 
 96 366 
 99 364 
 96 367 
117 364 
 96 385 
 97 365 
 98 365 
 97 366 
100 365 
 97 368 
 98 366 
 99 366 
 98 367 
100 366 
 98 368 
 99 367 
101 367 
 99 369 
100 368 
102 368 
100 370 
103 368 
100 371 
106 368 
100 374 
101 369 
104 369 
101 372 
102 370 
103 370 
102 371 
105 370 
102 373 
106 370 
102 374 
103 371 
104 371 
103 372 
106 371 
103 374 
107 371 
103 375 
104 372 
106 372 
104 374 
107 372 
104 375 
105 373 
106 373 
105 374 
108 373 
105 376 
119 373 
105 387 
106 374 
107 374 
106 375 
108 374 
106 376 
109 374 
106 377 
110 374 
106 378 
111 374 
106 379 
119 374 
106 387 
120 374 
106 388 
122 374 
106 390 
123 374 
106 391 
125 374 
106 393 
126 374 
106 394 
107 375 
109 375 
107 377 
110 375 
107 378 
122 375 
107 390 
108 376 
109 376 
108 377 
111 376 
108 379 
109 377 
110 377 
109 378 
111 377 
109 379 
110 378 
112 378 
110 380 
111 379 
206 379 
111 474 
207 379 
111 475 
210 379 
111 478 
112 380 
127 380 
112 395 
131 380 
112 399 
208 380 
112 476 
113 381 
115 381 
113 383 
116 381 
113 384 
114 382 
115 382 
114 383 
117 382 
114 385 
115 383 
116 383 
115 384 
117 383 
115 385 
116 384 
117 385 
118 386 
120 386 
118 388 
123 386 
118 391 
124 386 
118 392 
119 387 
120 387 
119 388 
123 387 
119 391 
126 387 
119 394 
120 388 
121 388 
120 389 
122 388 
120 390 
123 388 
120 391 
124 388 
120 392 
125 388 
120 393 
126 388 
120 394 
121 389 
124 389 
121 392 
125 389 
121 393 
122 390 
125 390 
122 393 
126 390 
122 394 
123 391 
124 391 
123 392 
126 391 
123 394 
124 392 
125 392 
124 393 
125 393 
126 393 
125 394 
126 394 
127 395 
131 395 
127 399 
137 395 
127 405 
161 395 
127 429 
164 395 
127 432 
208 395 
127 476 
128 396 
132 396 
128 400 
133 396 
128 401 
176 396 
128 444 
179 396 
128 447 
206 396 
128 474 
209 396 
128 477 
210 396 
128 478 
129 397 
134 397 
129 402 
135 397 
129 403 
178 397 
129 446 
191 397 
129 459 
194 397 
129 462 
130 398 
136 398 
130 404 
163 398 
130 431 
193 398 
130 461 
131 399 
137 399 
131 405 
138 399 
131 406 
142 399 
131 410 
143 399 
131 411 
161 399 
131 429 
164 399 
131 432 
166 399 
131 434 
207 399 
131 475 
208 399 
131 476 
210 399 
131 478 
211 399 
131 479 
213 399 
131 481 
214 399 
131 482 
216 399 
131 484 
227 399 
131 495 
132 400 
133 400 
132 401 
139 400 
132 407 
144 400 
132 412 
176 400 
132 444 
179 400 
132 447 
181 400 
132 449 
206 400 
132 474 
209 400 
132 477 
210 400 
132 478 
212 400 
132 480 
224 400 
132 492 
133 401 
134 401 
133 402 
135 401 
133 403 
137 401 
133 405 
139 401 
133 407 
144 401 
133 412 
145 401 
133 413 
176 401 
133 444 
177 401 
133 445 
178 401 
133 446 
179 401 
133 447 
180 401 
133 448 
181 401 
133 449 
182 401 
133 450 
183 401 
133 451 
184 401 
133 452 
194 401 
133 462 
209 401 
133 477 
210 401 
133 478 
223 401 
133 491 
224 401 
133 492 
225 401 
133 493 
226 401 
133 494 
227 401 
133 495 
134 402 
135 402 
134 403 
140 402 
134 408 
145 402 
134 413 
146 402 
134 414 
156 402 
134 424 
177 402 
134 445 
178 402 
134 446 
180 402 
134 448 
182 402 
134 450 
183 402 
134 451 
185 402 
134 453 
191 402 
134 459 
194 402 
134 462 
196 402 
134 464 
223 402 
134 491 
237 402 
134 505 
238 402 
134 506 
239 402 
134 507 
135 403 
136 403 
135 404 
137 403 
135 405 
140 403 
135 408 
146 403 
135 414 
147 403 
135 415 
165 403 
135 433 
180 403 
135 448 
191 403 
135 459 
192 403 
135 460 
193 403 
135 461 
194 403 
135 462 
195 403 
135 463 
196 403 
135 464 
197 403 
135 465 
198 403 
135 466 
199 403 
135 467 
223 403 
135 491 
225 403 
135 493 
226 403 
135 494 
241 403 
135 509 
242 403 
135 510 
256 403 
135 524 
257 403 
135 525 
259 403 
135 527 
260 403 
135 528 
261 403 
135 529 
268 403 
135 536 
136 404 
137 404 
136 405 
141 404 
136 409 
147 404 
136 415 
148 404 
136 416 
149 404 
136 417 
162 404 
136 430 
163 404 
136 431 
165 404 
136 433 
167 404 
136 435 
168 404 
136 436 
170 404 
136 438 
192 404 
136 460 
193 404 
136 461 
195 404 
136 463 
197 404 
136 465 
198 404 
136 466 
200 404 
136 468 
226 404 
136 494 
137 405 
138 405 
137 406 
142 405 
137 410 
149 405 
137 417 
161 405 
137 429 
162 405 
137 430 
163 405 
137 431 
164 405 
137 432 
165 405 
137 433 
166 405 
137 434 
167 405 
137 435 
168 405 
137 436 
169 405 
137 437 
195 405 
137 463 
210 405 
137 478 
211 405 
137 479 
223 405 
137 491 
224 405 
137 492 
225 405 
137 493 
226 405 
137 494 
227 405 
137 495 
138 406 
142 406 
138 410 
143 406 
138 411 
164 406 
138 432 
166 406 
138 434 
214 406 
138 482 
216 406 
138 484 
139 407 
144 407 
139 412 
179 407 
139 447 
181 407 
139 449 
209 407 
139 477 
210 407 
139 478 
212 407 
139 480 
140 408 
145 408 
140 413 
146 408 
140 414 
183 408 
140 451 
185 408 
140 453 
194 408 
140 462 
196 408 
140 464 
141 409 
147 409 
141 415 
148 409 
141 416 
149 409 
141 417 
168 409 
141 436 
170 409 
141 438 
198 409 
141 466 
200 409 
141 468 
142 410 
143 410 
142 411 
149 410 
142 417 
150 410 
142 418 
154 410 
142 422 
160 410 
142 428 
164 410 
142 432 
166 410 
142 434 
167 410 
142 435 
169 410 
142 437 
171 410 
142 439 
172 410 
142 440 
174 410 
142 442 
214 410 
142 482 
216 410 
142 484 
219 410 
142 487 
143 411 
144 411 
143 412 
150 411 
143 418 
154 411 
143 422 
210 411 
143 478 
211 411 
143 479 
212 411 
143 480 
213 411 
143 481 
214 411 
143 482 
215 411 
143 483 
216 411 
143 484 
217 411 
143 485 
218 411 
143 486 
219 411 
143 487 
221 411 
143 489 
222 411 
143 490 
144 412 
145 412 
144 413 
151 412 
144 419 
155 412 
144 423 
156 412 
144 424 
179 412 
144 447 
181 412 
144 449 
182 412 
144 450 
184 412 
144 452 
186 412 
144 454 
187 412 
144 455 
189 412 
144 457 
209 412 
144 477 
210 412 
144 478 
212 412 
144 480 
213 412 
144 481 
215 412 
144 483 
217 412 
144 485 
218 412 
144 486 
220 412 
144 488 
221 412 
144 489 
145 413 
146 413 
145 414 
152 413 
145 420 
156 413 
145 424 
157 413 
145 425 
180 413 
145 448 
181 413 
145 449 
182 413 
145 450 
183 413 
145 451 
184 413 
145 452 
185 413 
145 453 
186 413 
145 454 
187 413 
145 455 
188 413 
145 456 
190 413 
145 458 
146 414 
147 414 
146 415 
152 414 
146 420 
157 414 
146 425 
158 414 
146 426 
183 414 
146 451 
185 414 
146 453 
188 414 
146 456 
194 414 
146 462 
196 414 
146 464 
197 414 
146 465 
199 414 
146 467 
201 414 
146 469 
202 414 
146 470 
204 414 
146 472 
147 415 
148 415 
147 416 
153 415 
147 421 
158 415 
147 426 
159 415 
147 427 
195 415 
147 463 
196 415 
147 464 
197 415 
147 465 
198 415 
147 466 
199 415 
147 467 
200 415 
147 468 
201 415 
147 469 
202 415 
147 470 
203 415 
147 471 
205 415 
147 473 
148 416 
149 416 
148 417 
153 416 
148 421 
159 416 
148 427 
168 416 
148 436 
170 416 
148 438 
173 416 
148 441 
198 416 
148 466 
200 416 
148 468 
203 416 
148 471 
149 417 
153 417 
149 421 
159 417 
149 427 
160 417 
149 428 
165 417 
149 433 
166 417 
149 434 
167 417 
149 435 
168 417 
149 436 
169 417 
149 437 
170 417 
149 438 
171 417 
149 439 
172 417 
149 440 
173 417 
149 441 
175 417 
149 443 
150 418 
154 418 
150 422 
160 418 
150 428 
171 418 
150 439 
174 418 
150 442 
216 418 
150 484 
219 418 
150 487 
151 419 
155 419 
151 423 
156 419 
151 424 
186 419 
151 454 
189 419 
151 457 
217 419 
151 485 
220 419 
151 488 
221 419 
151 489 
152 420 
157 420 
152 425 
158 420 
152 426 
185 420 
152 453 
188 420 
152 456 
201 420 
152 469 
204 420 
152 472 
153 421 
159 421 
153 427 
170 421 
153 438 
173 421 
153 441 
200 421 
153 468 
203 421 
153 471 
154 422 
160 422 
154 428 
171 422 
154 439 
174 422 
154 442 
216 422 
154 484 
218 422 
154 486 
219 422 
154 487 
221 422 
154 489 
222 422 
154 490 
232 422 
154 500 
155 423 
156 423 
155 424 
186 423 
155 454 
189 423 
155 457 
217 423 
155 485 
220 423 
155 488 
221 423 
155 489 
229 423 
155 497 
156 424 
157 424 
156 425 
158 424 
156 426 
184 424 
156 452 
186 424 
156 454 
187 424 
156 455 
188 424 
156 456 
189 424 
156 457 
190 424 
156 458 
204 424 
156 472 
220 424 
156 488 
221 424 
156 489 
228 424 
156 496 
229 424 
156 497 
230 424 
156 498 
233 424 
156 501 
234 424 
156 502 
236 424 
156 504 
238 424 
156 506 
239 424 
156 507 
157 425 
158 425 
157 426 
185 425 
157 453 
187 425 
157 455 
188 425 
157 456 
190 425 
157 458 
201 425 
157 469 
204 425 
157 472 
228 425 
157 496 
158 426 
159 426 
158 427 
160 426 
158 428 
175 426 
158 443 
190 426 
158 458 
199 426 
158 467 
201 426 
158 469 
202 426 
158 470 
203 426 
158 471 
204 426 
158 472 
205 426 
158 473 
228 426 
158 496 
230 426 
158 498 
231 426 
158 499 
233 426 
158 501 
234 426 
158 502 
235 426 
158 503 
242 426 
158 510 
264 426 
158 532 
265 426 
158 533 
267 426 
158 535 
268 426 
158 536 
159 427 
160 427 
159 428 
170 427 
159 438 
172 427 
159 440 
173 427 
159 441 
175 427 
159 443 
200 427 
159 468 
202 427 
159 470 
203 427 
159 471 
205 427 
159 473 
231 427 
159 499 
160 428 
169 428 
160 437 
171 428 
160 439 
172 428 
160 440 
173 428 
160 441 
174 428 
160 442 
175 428 
160 443 
205 428 
160 473 
221 428 
160 489 
222 428 
160 490 
230 428 
160 498 
231 428 
160 499 
232 428 
160 500 
234 428 
160 502 
235 428 
160 503 
236 428 
160 504 
161 429 
162 429 
161 430 
164 429 
161 432 
162 430 
163 430 
162 431 
165 430 
162 433 
163 431 
165 431 
163 433 
164 432 
166 432 
164 434 
210 432 
164 478 
211 432 
164 479 
227 432 
164 495 
165 433 
167 433 
165 435 
168 433 
165 436 
195 433 
165 463 
226 433 
165 494 
166 434 
167 434 
166 435 
169 434 
166 437 
167 435 
168 435 
167 436 
169 435 
167 437 
168 436 
170 436 
168 438 
169 437 
171 437 
169 439 
172 437 
169 440 
170 438 
173 438 
170 441 
171 439 
172 439 
171 440 
174 439 
171 442 
172 440 
173 440 
172 441 
175 440 
172 443 
173 441 
175 441 
173 443 
174 442 
221 442 
174 489 
222 442 
174 490 
232 442 
174 500 
175 443 
205 443 
175 473 
231 443 
175 499 
176 444 
177 444 
176 445 
179 444 
176 447 
177 445 
178 445 
177 446 
180 445 
177 448 
178 446 
180 446 
178 448 
179 447 
181 447 
179 449 
209 447 
179 477 
210 447 
179 478 
224 447 
179 492 
180 448 
182 448 
180 450 
183 448 
180 451 
194 448 
180 462 
223 448 
180 491 
181 449 
182 449 
181 450 
184 449 
181 452 
182 450 
183 450 
182 451 
184 450 
182 452 
183 451 
185 451 
183 453 
184 452 
186 452 
184 454 
187 452 
184 455 
185 453 
188 453 
185 456 
186 454 
187 454 
186 455 
189 454 
186 457 
187 455 
188 455 
187 456 
190 455 
187 458 
188 456 
190 456 
188 458 
189 457 
220 457 
189 488 
221 457 
189 489 
229 457 
189 497 
190 458 
204 458 
190 472 
228 458 
190 496 
191 459 
192 459 
191 460 
194 459 
191 462 
192 460 
193 460 
192 461 
195 460 
192 463 
193 461 
195 461 
193 463 
194 462 
196 462 
194 464 
223 462 
194 491 
195 463 
197 463 
195 465 
198 463 
195 466 
226 463 
195 494 
196 464 
197 464 
196 465 
199 464 
196 467 
197 465 
198 465 
197 466 
199 465 
197 467 
198 466 
200 466 
198 468 
199 467 
201 467 
199 469 
202 467 
199 470 
200 468 
203 468 
200 471 
201 469 
202 469 
201 470 
204 469 
201 472 
202 470 
203 470 
202 471 
205 470 
202 473 
203 471 
205 471 
203 473 
204 472 
228 472 
204 496 
205 473 
231 473 
205 499 
206 474 
207 474 
206 475 
209 474 
206 477 
210 474 
206 478 
207 475 
208 475 
207 476 
210 475 
207 478 
211 475 
207 479 
208 476 
210 476 
208 478 
211 476 
208 479 
209 477 
210 477 
209 478 
212 477 
209 480 
224 477 
209 492 
210 478 
211 478 
210 479 
212 478 
210 480 
213 478 
210 481 
214 478 
210 482 
215 478 
210 483 
224 478 
210 492 
225 478 
210 493 
227 478 
210 495 
211 479 
213 479 
211 481 
214 479 
211 482 
227 479 
211 495 
212 480 
213 480 
212 481 
215 480 
212 483 
213 481 
214 481 
213 482 
215 481 
213 483 
214 482 
216 482 
214 484 
215 483 
217 483 
215 485 
218 483 
215 486 
221 483 
215 489 
216 484 
219 484 
216 487 
217 485 
218 485 
217 486 
220 485 
217 488 
221 485 
217 489 
218 486 
219 486 
218 487 
221 486 
218 489 
222 486 
218 490 
219 487 
221 487 
219 489 
222 487 
219 490 
220 488 
221 488 
220 489 
229 488 
220 497 
221 489 
222 489 
221 490 
229 489 
221 497 
230 489 
221 498 
232 489 
221 500 
233 489 
221 501 
235 489 
221 503 
236 489 
221 504 
222 490 
232 490 
222 500 
223 491 
225 491 
223 493 
226 491 
223 494 
224 492 
225 492 
224 493 
227 492 
224 495 
225 493 
226 493 
225 494 
227 493 
225 495 
226 494 
227 495 
228 496 
230 496 
228 498 
233 496 
228 501 
234 496 
228 502 
229 497 
230 497 
229 498 
233 497 
229 501 
236 497 
229 504 
230 498 
231 498 
230 499 
232 498 
230 500 
233 498 
230 501 
234 498 
230 502 
235 498 
230 503 
236 498 
230 504 
231 499 
234 499 
231 502 
235 499 
231 503 
232 500 
235 500 
232 503 
236 500 
232 504 
233 501 
234 501 
233 502 
236 501 
233 504 
234 502 
235 502 
234 503 
235 503 
236 503 
235 504 
236 504 
237 505 
238 506 
239 506 
238 507 
239 507 
240 508 
243 508 
240 511 
244 508 
240 512 
245 508 
240 513 
246 508 
240 514 
247 508 
240 515 
248 508 
240 516 
249 508 
240 517 
250 508 
240 518 
251 508 
240 519 
268 508 
240 536 
241 509 
251 509 
241 519 
252 509 
241 520 
253 509 
241 521 
254 509 
241 522 
255 509 
241 523 
256 509 
241 524 
257 509 
241 525 
258 509 
241 526 
259 509 
241 527 
268 509 
241 536 
242 510 
259 510 
242 527 
260 510 
242 528 
261 510 
242 529 
262 510 
242 530 
263 510 
242 531 
264 510 
242 532 
265 510 
242 533 
266 510 
242 534 
267 510 
242 535 
268 510 
242 536 
243 511 
244 511 
243 512 
245 511 
243 513 
268 511 
243 536 
244 512 
245 512 
244 513 
268 512 
244 536 
245 513 
246 513 
245 514 
247 513 
245 515 
268 513 
245 536 
246 514 
247 514 
246 515 
268 514 
246 536 
247 515 
249 515 
247 517 
250 515 
247 518 
268 515 
247 536 
248 516 
249 516 
248 517 
251 516 
248 519 
268 516 
248 536 
249 517 
250 517 
249 518 
251 517 
249 519 
268 517 
249 536 
250 518 
268 518 
250 536 
251 519 
252 519 
251 520 
253 519 
251 521 
268 519 
251 536 
252 520 
253 520 
252 521 
268 520 
252 536 
253 521 
254 521 
253 522 
255 521 
253 523 
268 521 
253 536 
254 522 
255 522 
254 523 
268 522 
254 536 
255 523 
257 523 
255 525 
258 523 
255 526 
268 523 
255 536 
256 524 
257 524 
256 525 
259 524 
256 527 
268 524 
256 536 
257 525 
258 525 
257 526 
259 525 
257 527 
268 525 
257 536 
258 526 
268 526 
258 536 
259 527 
260 527 
259 528 
261 527 
259 529 
268 527 
259 536 
260 528 
261 528 
260 529 
268 528 
260 536 
261 529 
262 529 
261 530 
263 529 
261 531 
268 529 
261 536 
262 530 
263 530 
262 531 
268 530 
262 536 
263 531 
265 531 
263 533 
266 531 
263 534 
268 531 
263 536 
264 532 
265 532 
264 533 
267 532 
264 535 
268 532 
264 536 
265 533 
266 533 
265 534 
267 533 
265 535 
268 533 
265 536 
266 534 
268 534 
266 536 
267 535 
268 535 
267 536 
268 536 
