 54  54    291 
  1  55 
  2  55 
  3  55 
  1  56 
  2  56 
  3  56 
  1  57 
  2  57 
  3  57 
  4  57 
  5  57 
  7  57 
 10  57 
  3  58 
  4  58 
  5  58 
  7  58 
 34  58 
 35  58 
 36  58 
 45  58 
 48  58 
  3  59 
  4  59 
  5  59 
  6  59 
  7  59 
  5  60 
  6  60 
  7  60 
  8  60 
  9  60 
  3  61 
  4  61 
  5  61 
  6  61 
  7  61 
 10  61 
 13  61 
 14  61 
 15  61 
 16  61 
 17  61 
 34  61 
 35  61 
 36  61 
 45  61 
 46  61 
  6  62 
  8  62 
  9  62 
  6  63 
  8  63 
  9  63 
 11  63 
 12  63 
  3  64 
  7  64 
 10  64 
  9  65 
 11  65 
 12  65 
 13  65 
  9  66 
 11  66 
 12  66 
 13  66 
 11  67 
 12  67 
 13  67 
 14  67 
 15  67 
 13  68 
 14  68 
 15  68 
  4  69 
  7  69 
 13  69 
 14  69 
 15  69 
 16  69 
 17  69 
 15  70 
 16  70 
 17  70 
 18  70 
 19  70 
 15  71 
 16  71 
 17  71 
 16  72 
 18  72 
 19  72 
 20  72 
 22  72 
 25  72 
 26  72 
 16  73 
 18  73 
 19  73 
 20  73 
 21  73 
 18  74 
 19  74 
 20  74 
 21  74 
 22  74 
 25  74 
 26  74 
 19  75 
 20  75 
 21  75 
 23  75 
 24  75 
 25  75 
 26  75 
 27  75 
 28  75 
 29  75 
 18  76 
 20  76 
 22  76 
 23  76 
 24  76 
 25  76 
 26  76 
 21  77 
 22  77 
 23  77 
 24  77 
 25  77 
 21  78 
 22  78 
 23  78 
 24  78 
 18  79 
 20  79 
 21  79 
 22  79 
 23  79 
 25  79 
 26  79 
 18  80 
 20  80 
 21  80 
 22  80 
 25  80 
 26  80 
 21  81 
 27  81 
 28  81 
 29  81 
 31  81 
 33  81 
 21  82 
 27  82 
 28  82 
 29  82 
 30  82 
 31  82 
 32  82 
 21  83 
 27  83 
 28  83 
 29  83 
 50  83 
 54  83 
 28  84 
 30  84 
 31  84 
 32  84 
 27  85 
 28  85 
 30  85 
 31  85 
 32  85 
 33  85 
 28  86 
 30  86 
 31  86 
 32  86 
 34  86 
 35  86 
 37  86 
 40  86 
 27  87 
 31  87 
 33  87 
 52  87 
 54  87 
  4  88 
  7  88 
 32  88 
 34  88 
 35  88 
 36  88 
  4  89 
  7  89 
 32  89 
 34  89 
 35  89 
 36  89 
  4  90 
  7  90 
 34  90 
 35  90 
 36  90 
 37  90 
 38  90 
 32  91 
 36  91 
 37  91 
 38  91 
 39  91 
 40  91 
 41  91 
 44  91 
 36  92 
 37  92 
 38  92 
 39  92 
 37  93 
 38  93 
 39  93 
 41  93 
 42  93 
 32  94 
 37  94 
 40  94 
 36  95 
 39  95 
 41  95 
 42  95 
 43  95 
 44  95 
 39  96 
 41  96 
 42  96 
 43  96 
 41  97 
 42  97 
 43  97 
 46  97 
 47  97 
 36  98 
 41  98 
 44  98 
  4  99 
  7  99 
 45  99 
 46  99 
 48  99 
  7 100 
 43 100 
 45 100 
 46 100 
 47 100 
 43 101 
 46 101 
 47 101 
 48 101 
 49 101 
  4 102 
 45 102 
 48 102 
 49 103 
 50 103 
 51 103 
 29 104 
 49 104 
 50 104 
 51 104 
 54 104 
 49 105 
 50 105 
 51 105 
 52 105 
 53 105 
 33 106 
 51 106 
 52 106 
 53 106 
 54 106 
 51 107 
 52 107 
 53 107 
 29 108 
 33 108 
 50 108 
 52 108 
 54 108 
