162 162   1182 
  1 163 
  2 163 
  1 164 
 12 163 
  1 174 
 13 163 
  1 175 
  2 164 
  3 164 
  2 165 
 12 164 
  2 174 
 13 164 
  2 175 
 14 164 
  2 176 
  3 165 
  4 165 
  3 166 
 13 165 
  3 175 
 14 165 
  3 176 
 15 165 
  3 177 
  4 166 
  5 166 
  4 167 
 14 166 
  4 176 
 15 166 
  4 177 
 16 166 
  4 178 
  5 167 
  6 167 
  5 168 
 15 167 
  5 177 
 16 167 
  5 178 
 17 167 
  5 179 
  6 168 
  7 168 
  6 169 
 16 168 
  6 178 
 17 168 
  6 179 
 18 168 
  6 180 
162 168 
  6 324 
  7 169 
  8 169 
  7 170 
 17 169 
  7 179 
 18 169 
  7 180 
 19 169 
  7 181 
  8 170 
  9 170 
  8 171 
 18 170 
  8 180 
 19 170 
  8 181 
 20 170 
  8 182 
  9 171 
 10 171 
  9 172 
 19 171 
  9 181 
 20 171 
  9 182 
 21 171 
  9 183 
 10 172 
 11 172 
 10 173 
 20 172 
 10 182 
 21 172 
 10 183 
 22 172 
 10 184 
 11 173 
 21 173 
 11 183 
 22 173 
 11 184 
 12 174 
 13 174 
 12 175 
 23 174 
 12 185 
 24 174 
 12 186 
 13 175 
 14 175 
 13 176 
 23 175 
 13 185 
 24 175 
 13 186 
 25 175 
 13 187 
 14 176 
 15 176 
 14 177 
 24 176 
 14 186 
 25 176 
 14 187 
 26 176 
 14 188 
 15 177 
 16 177 
 15 178 
 25 177 
 15 187 
 26 177 
 15 188 
 27 177 
 15 189 
 16 178 
 17 178 
 16 179 
 26 178 
 16 188 
 27 178 
 16 189 
 28 178 
 16 190 
 17 179 
 18 179 
 17 180 
 27 179 
 17 189 
 28 179 
 17 190 
 29 179 
 17 191 
 18 180 
 19 180 
 18 181 
 28 180 
 18 190 
 29 180 
 18 191 
 30 180 
 18 192 
 19 181 
 20 181 
 19 182 
 29 181 
 19 191 
 30 181 
 19 192 
 31 181 
 19 193 
 20 182 
 21 182 
 20 183 
 30 182 
 20 192 
 31 182 
 20 193 
 32 182 
 20 194 
 21 183 
 22 183 
 21 184 
 31 183 
 21 193 
 32 183 
 21 194 
 33 183 
 21 195 
 22 184 
 32 184 
 22 194 
 33 184 
 22 195 
 23 185 
 24 185 
 23 186 
 34 185 
 23 196 
 35 185 
 23 197 
 24 186 
 25 186 
 24 187 
 34 186 
 24 196 
 35 186 
 24 197 
 36 186 
 24 198 
 25 187 
 26 187 
 25 188 
 35 187 
 25 197 
 36 187 
 25 198 
 37 187 
 25 199 
 26 188 
 27 188 
 26 189 
 36 188 
 26 198 
 37 188 
 26 199 
 38 188 
 26 200 
 27 189 
 28 189 
 27 190 
 37 189 
 27 199 
 38 189 
 27 200 
 39 189 
 27 201 
 28 190 
 29 190 
 28 191 
 38 190 
 28 200 
 39 190 
 28 201 
 40 190 
 28 202 
 29 191 
 30 191 
 29 192 
 39 191 
 29 201 
 40 191 
 29 202 
 41 191 
 29 203 
 30 192 
 31 192 
 30 193 
 40 192 
 30 202 
 41 192 
 30 203 
 42 192 
 30 204 
 31 193 
 32 193 
 31 194 
 41 193 
 31 203 
 42 193 
 31 204 
 43 193 
 31 205 
 32 194 
 33 194 
 32 195 
 42 194 
 32 204 
 43 194 
 32 205 
 44 194 
 32 206 
 33 195 
 43 195 
 33 205 
 44 195 
 33 206 
 34 196 
 35 196 
 34 197 
 45 196 
 34 207 
 46 196 
 34 208 
 35 197 
 36 197 
 35 198 
 45 197 
 35 207 
 46 197 
 35 208 
 47 197 
 35 209 
 36 198 
 37 198 
 36 199 
 46 198 
 36 208 
 47 198 
 36 209 
 48 198 
 36 210 
 37 199 
 38 199 
 37 200 
 47 199 
 37 209 
 48 199 
 37 210 
 49 199 
 37 211 
 38 200 
 39 200 
 38 201 
 48 200 
 38 210 
 49 200 
 38 211 
 50 200 
 38 212 
 39 201 
 40 201 
 39 202 
 49 201 
 39 211 
 50 201 
 39 212 
 51 201 
 39 213 
 40 202 
 41 202 
 40 203 
 50 202 
 40 212 
 51 202 
 40 213 
 52 202 
 40 214 
 41 203 
 42 203 
 41 204 
 51 203 
 41 213 
 52 203 
 41 214 
 53 203 
 41 215 
 42 204 
 43 204 
 42 205 
 52 204 
 42 214 
 53 204 
 42 215 
 54 204 
 42 216 
 43 205 
 44 205 
 43 206 
 53 205 
 43 215 
 54 205 
 43 216 
 55 205 
 43 217 
 44 206 
 54 206 
 44 216 
 55 206 
 44 217 
 45 207 
 46 207 
 45 208 
 56 207 
 45 218 
 57 207 
 45 219 
 46 208 
 47 208 
 46 209 
 56 208 
 46 218 
 57 208 
 46 219 
 58 208 
 46 220 
 47 209 
 48 209 
 47 210 
 57 209 
 47 219 
 58 209 
 47 220 
138 209 
 47 300 
 48 210 
 49 210 
 48 211 
 58 210 
 48 220 
138 210 
 48 300 
 49 211 
 50 211 
 49 212 
 50 212 
 51 212 
 50 213 
 51 213 
 52 213 
 51 214 
 52 214 
 53 214 
 52 215 
 59 214 
 52 221 
148 214 
 52 310 
 53 215 
 54 215 
 53 216 
 59 215 
 53 221 
 60 215 
 53 222 
148 215 
 53 310 
 54 216 
 55 216 
 54 217 
 59 216 
 54 221 
 60 216 
 54 222 
 61 216 
 54 223 
 55 217 
 60 217 
 55 222 
 61 217 
 55 223 
 56 218 
 57 218 
 56 219 
 62 218 
 56 224 
 63 218 
 56 225 
 57 219 
 58 219 
 57 220 
 62 219 
 57 224 
 63 219 
 57 225 
 64 219 
 57 226 
 58 220 
 63 220 
 58 225 
 64 220 
 58 226 
138 220 
 58 300 
139 220 
 58 301 
 59 221 
 60 221 
 59 222 
 65 221 
 59 227 
 66 221 
 59 228 
148 221 
 59 310 
149 221 
 59 311 
 60 222 
 61 222 
 60 223 
 65 222 
 60 227 
 66 222 
 60 228 
 67 222 
 60 229 
 61 223 
 66 223 
 61 228 
 67 223 
 61 229 
 62 224 
 63 224 
 62 225 
 68 224 
 62 230 
 69 224 
 62 231 
 63 225 
 64 225 
 63 226 
 68 225 
 63 230 
 69 225 
 63 231 
 70 225 
 63 232 
 64 226 
 69 226 
 64 231 
 70 226 
 64 232 
138 226 
 64 300 
139 226 
 64 301 
140 226 
 64 302 
 65 227 
 66 227 
 65 228 
 71 227 
 65 233 
 72 227 
 65 234 
148 227 
 65 310 
149 227 
 65 311 
150 227 
 65 312 
 66 228 
 67 228 
 66 229 
 71 228 
 66 233 
 72 228 
 66 234 
 73 228 
 66 235 
 67 229 
 72 229 
 67 234 
 73 229 
 67 235 
 68 230 
 69 230 
 68 231 
 74 230 
 68 236 
 75 230 
 68 237 
 69 231 
 70 231 
 69 232 
 74 231 
 69 236 
 75 231 
 69 237 
 76 231 
 69 238 
 70 232 
 75 232 
 70 237 
 76 232 
 70 238 
139 232 
 70 301 
140 232 
 70 302 
141 232 
 70 303 
 71 233 
 72 233 
 71 234 
 77 233 
 71 239 
 78 233 
 71 240 
149 233 
 71 311 
150 233 
 71 312 
151 233 
 71 313 
 72 234 
 73 234 
 72 235 
 77 234 
 72 239 
 78 234 
 72 240 
 79 234 
 72 241 
 73 235 
 78 235 
 73 240 
 79 235 
 73 241 
 74 236 
 75 236 
 74 237 
 80 236 
 74 242 
 81 236 
 74 243 
 75 237 
 76 237 
 75 238 
 80 237 
 75 242 
 81 237 
 75 243 
 82 237 
 75 244 
 76 238 
 81 238 
 76 243 
 82 238 
 76 244 
140 238 
 76 302 
141 238 
 76 303 
142 238 
 76 304 
 77 239 
 78 239 
 77 240 
 83 239 
 77 245 
 84 239 
 77 246 
150 239 
 77 312 
151 239 
 77 313 
152 239 
 77 314 
 78 240 
 79 240 
 78 241 
 83 240 
 78 245 
 84 240 
 78 246 
 85 240 
 78 247 
 79 241 
 84 241 
 79 246 
 85 241 
 79 247 
 80 242 
 81 242 
 80 243 
 86 242 
 80 248 
 87 242 
 80 249 
 81 243 
 82 243 
 81 244 
 86 243 
 81 248 
 87 243 
 81 249 
 88 243 
 81 250 
 82 244 
 87 244 
 82 249 
 88 244 
 82 250 
141 244 
 82 303 
142 244 
 82 304 
143 244 
 82 305 
 83 245 
 84 245 
 83 246 
 89 245 
 83 251 
 90 245 
 83 252 
151 245 
 83 313 
152 245 
 83 314 
153 245 
 83 315 
 84 246 
 85 246 
 84 247 
 89 246 
 84 251 
 90 246 
 84 252 
 91 246 
 84 253 
 85 247 
 90 247 
 85 252 
 91 247 
 85 253 
 86 248 
 87 248 
 86 249 
 92 248 
 86 254 
 93 248 
 86 255 
 87 249 
 88 249 
 87 250 
 92 249 
 87 254 
 93 249 
 87 255 
 94 249 
 87 256 
 88 250 
 93 250 
 88 255 
 94 250 
 88 256 
142 250 
 88 304 
143 250 
 88 305 
144 250 
 88 306 
 89 251 
 90 251 
 89 252 
 95 251 
 89 257 
 96 251 
 89 258 
152 251 
 89 314 
153 251 
 89 315 
154 251 
 89 316 
 90 252 
 91 252 
 90 253 
 95 252 
 90 257 
 96 252 
 90 258 
 97 252 
 90 259 
 91 253 
 96 253 
 91 258 
 97 253 
 91 259 
 92 254 
 93 254 
 92 255 
 98 254 
 92 260 
 99 254 
 92 261 
 93 255 
 94 255 
 93 256 
 98 255 
 93 260 
 99 255 
 93 261 
100 255 
 93 262 
 94 256 
 99 256 
 94 261 
100 256 
 94 262 
143 256 
 94 305 
144 256 
 94 306 
145 256 
 94 307 
 95 257 
 96 257 
 95 258 
101 257 
 95 263 
102 257 
 95 264 
153 257 
 95 315 
154 257 
 95 316 
155 257 
 95 317 
 96 258 
 97 258 
 96 259 
101 258 
 96 263 
102 258 
 96 264 
103 258 
 96 265 
 97 259 
102 259 
 97 264 
103 259 
 97 265 
 98 260 
 99 260 
 98 261 
104 260 
 98 266 
105 260 
 98 267 
 99 261 
100 261 
 99 262 
104 261 
 99 266 
105 261 
 99 267 
106 261 
 99 268 
100 262 
105 262 
100 267 
106 262 
100 268 
144 262 
100 306 
145 262 
100 307 
146 262 
100 308 
101 263 
102 263 
101 264 
107 263 
101 269 
108 263 
101 270 
154 263 
101 316 
155 263 
101 317 
156 263 
101 318 
102 264 
103 264 
102 265 
107 264 
102 269 
108 264 
102 270 
109 264 
102 271 
103 265 
108 265 
103 270 
109 265 
103 271 
104 266 
105 266 
104 267 
110 266 
104 272 
111 266 
104 273 
105 267 
106 267 
105 268 
110 267 
105 272 
111 267 
105 273 
112 267 
105 274 
106 268 
111 268 
106 273 
112 268 
106 274 
145 268 
106 307 
146 268 
106 308 
147 268 
106 309 
107 269 
108 269 
107 270 
113 269 
107 275 
114 269 
107 276 
155 269 
107 317 
156 269 
107 318 
157 269 
107 319 
108 270 
109 270 
108 271 
113 270 
108 275 
114 270 
108 276 
115 270 
108 277 
109 271 
114 271 
109 276 
115 271 
109 277 
110 272 
111 272 
110 273 
116 272 
110 278 
117 272 
110 279 
111 273 
112 273 
111 274 
116 273 
111 278 
117 273 
111 279 
118 273 
111 280 
112 274 
117 274 
112 279 
118 274 
112 280 
132 274 
112 294 
146 274 
112 308 
147 274 
112 309 
113 275 
114 275 
113 276 
119 275 
113 281 
120 275 
113 282 
128 275 
113 290 
156 275 
113 318 
157 275 
113 319 
114 276 
115 276 
114 277 
119 276 
114 281 
120 276 
114 282 
121 276 
114 283 
115 277 
120 277 
115 282 
121 277 
115 283 
116 278 
117 278 
116 279 
122 278 
116 284 
123 278 
116 285 
117 279 
118 279 
117 280 
122 279 
117 284 
123 279 
117 285 
124 279 
117 286 
118 280 
123 280 
118 285 
124 280 
118 286 
132 280 
118 294 
133 280 
118 295 
147 280 
118 309 
119 281 
120 281 
119 282 
125 281 
119 287 
126 281 
119 288 
128 281 
119 290 
137 281 
119 299 
157 281 
119 319 
120 282 
121 282 
120 283 
125 282 
120 287 
126 282 
120 288 
127 282 
120 289 
121 283 
126 283 
121 288 
127 283 
121 289 
122 284 
123 284 
122 285 
123 285 
124 285 
123 286 
124 286 
132 286 
124 294 
133 286 
124 295 
125 287 
126 287 
125 288 
128 287 
125 290 
137 287 
125 299 
126 288 
127 288 
126 289 
127 289 
128 290 
129 290 
128 291 
136 290 
128 298 
137 290 
128 299 
157 290 
128 319 
129 291 
130 291 
129 292 
135 291 
129 297 
136 291 
129 298 
137 291 
129 299 
130 292 
131 292 
130 293 
134 292 
130 296 
135 292 
130 297 
136 292 
130 298 
131 293 
132 293 
131 294 
133 293 
131 295 
134 293 
131 296 
135 293 
131 297 
132 294 
133 294 
132 295 
134 294 
132 296 
147 294 
132 309 
133 295 
134 295 
133 296 
134 296 
135 296 
134 297 
135 297 
136 297 
135 298 
136 298 
137 298 
136 299 
137 299 
138 300 
139 300 
138 301 
139 301 
140 301 
139 302 
140 302 
141 302 
140 303 
141 303 
142 303 
141 304 
142 304 
143 304 
142 305 
143 305 
144 305 
143 306 
144 306 
145 306 
144 307 
145 307 
146 307 
145 308 
146 308 
147 308 
146 309 
147 309 
148 310 
149 310 
148 311 
149 311 
150 311 
149 312 
150 312 
151 312 
150 313 
151 313 
152 313 
151 314 
152 314 
153 314 
152 315 
153 315 
154 315 
153 316 
154 316 
155 316 
154 317 
155 317 
156 317 
155 318 
156 318 
157 318 
156 319 
157 319 
158 320 
159 320 
158 321 
159 321 
160 321 
159 322 
160 322 
161 322 
160 323 
161 323 
162 323 
161 324 
162 324 
