221 221   1629 
  1 222 
  2 222 
  1 223 
  6 222 
  1 227 
  7 222 
  1 228 
156 222 
  1 377 
157 222 
  1 378 
160 222 
  1 381 
  2 223 
  3 223 
  2 224 
  6 223 
  2 227 
  7 223 
  2 228 
  8 223 
  2 229 
  9 223 
  2 230 
155 223 
  2 376 
156 223 
  2 377 
157 223 
  2 378 
  3 224 
  4 224 
  3 225 
  9 224 
  3 230 
 13 224 
  3 234 
154 224 
  3 375 
155 224 
  3 376 
156 224 
  3 377 
  4 225 
  5 225 
  4 226 
  9 225 
  4 230 
 13 225 
  4 234 
153 225 
  4 374 
154 225 
  4 375 
155 225 
  4 376 
  5 226 
 10 226 
  5 231 
 13 226 
  5 234 
 14 226 
  5 235 
152 226 
  5 373 
153 226 
  5 374 
154 226 
  5 375 
  6 227 
  7 227 
  6 228 
 11 227 
  6 232 
 12 227 
  6 233 
157 227 
  6 378 
160 227 
  6 381 
161 227 
  6 382 
  7 228 
  8 228 
  7 229 
  9 228 
  7 230 
 11 228 
  7 232 
 12 228 
  7 233 
 18 228 
  7 239 
  8 229 
  9 229 
  8 230 
 12 229 
  8 233 
 18 229 
  8 239 
  9 230 
 13 230 
  9 234 
 10 231 
 13 231 
 10 234 
 14 231 
 10 235 
 15 231 
 10 236 
 17 231 
 10 238 
151 231 
 10 372 
152 231 
 10 373 
153 231 
 10 374 
 11 232 
 12 232 
 11 233 
 16 232 
 11 237 
160 232 
 11 381 
161 232 
 11 382 
162 232 
 11 383 
 12 233 
 16 233 
 12 237 
 18 233 
 12 239 
 19 233 
 12 240 
 24 233 
 12 245 
 26 233 
 12 247 
 13 234 
 14 234 
 13 235 
 14 235 
 15 235 
 14 236 
 17 235 
 14 238 
 15 236 
 17 236 
 15 238 
 20 236 
 15 241 
 25 236 
 15 246 
 35 236 
 15 256 
 36 236 
 15 257 
150 236 
 15 371 
151 236 
 15 372 
152 236 
 15 373 
 16 237 
 19 237 
 16 240 
 23 237 
 16 244 
 26 237 
 16 247 
 44 237 
 16 265 
161 237 
 16 382 
162 237 
 16 383 
163 237 
 16 384 
 17 238 
 18 238 
 17 239 
 24 238 
 17 245 
 25 238 
 17 246 
 18 239 
 19 239 
 18 240 
 24 239 
 18 245 
 25 239 
 18 246 
 19 240 
 24 240 
 19 245 
 26 240 
 19 247 
 29 240 
 19 250 
 34 240 
 19 255 
 20 241 
 21 241 
 20 242 
 22 241 
 20 243 
 36 241 
 20 257 
 37 241 
 20 258 
149 241 
 20 370 
150 241 
 20 371 
151 241 
 20 372 
 21 242 
 22 242 
 21 243 
 27 242 
 21 248 
 28 242 
 21 249 
 36 242 
 21 257 
 37 242 
 21 258 
 54 242 
 21 275 
 22 243 
 27 243 
 22 248 
 28 243 
 22 249 
 30 243 
 22 251 
148 243 
 22 369 
149 243 
 22 370 
150 243 
 22 371 
 23 244 
 26 244 
 23 247 
 33 244 
 23 254 
 44 244 
 23 265 
 45 244 
 23 266 
162 244 
 23 383 
163 244 
 23 384 
164 244 
 23 385 
210 244 
 23 431 
 24 245 
 25 245 
 24 246 
 34 245 
 24 255 
 35 245 
 24 256 
 25 246 
 34 246 
 25 255 
 35 246 
 25 256 
 26 247 
 29 247 
 26 250 
 34 247 
 26 255 
 43 247 
 26 264 
 44 247 
 26 265 
 27 248 
 28 248 
 27 249 
 37 248 
 27 258 
 54 248 
 27 275 
199 248 
 27 420 
200 248 
 27 421 
201 248 
 27 422 
 28 249 
 30 249 
 28 251 
 31 249 
 28 252 
200 249 
 28 421 
201 249 
 28 422 
202 249 
 28 423 
 29 250 
 34 250 
 29 255 
 43 250 
 29 264 
 44 250 
 29 265 
 30 251 
 31 251 
 30 252 
 32 251 
 30 253 
147 251 
 30 368 
148 251 
 30 369 
149 251 
 30 370 
 31 252 
 32 252 
 31 253 
201 252 
 31 422 
202 252 
 31 423 
 32 253 
 39 253 
 32 260 
146 253 
 32 367 
147 253 
 32 368 
148 253 
 32 369 
202 253 
 32 423 
203 253 
 32 424 
 33 254 
 40 254 
 33 261 
 45 254 
 33 266 
163 254 
 33 384 
164 254 
 33 385 
165 254 
 33 386 
210 254 
 33 431 
 34 255 
 35 255 
 34 256 
 35 256 
 36 256 
 35 257 
 36 257 
 37 257 
 36 258 
 37 258 
 38 258 
 37 259 
 54 258 
 37 275 
 38 259 
 43 259 
 38 264 
 45 259 
 38 266 
 53 259 
 38 274 
 54 259 
 38 275 
 39 260 
 46 260 
 39 267 
145 260 
 39 366 
146 260 
 39 367 
147 260 
 39 368 
202 260 
 39 423 
203 260 
 39 424 
204 260 
 39 425 
 40 261 
 41 261 
 40 262 
 47 261 
 40 268 
164 261 
 40 385 
165 261 
 40 386 
166 261 
 40 387 
210 261 
 40 431 
 41 262 
 42 262 
 41 263 
 47 262 
 41 268 
 48 262 
 41 269 
 49 262 
 41 270 
207 262 
 41 428 
208 262 
 41 429 
209 262 
 41 430 
210 262 
 41 431 
 42 263 
 48 263 
 42 269 
 49 263 
 42 270 
206 263 
 42 427 
207 263 
 42 428 
208 263 
 42 429 
211 263 
 42 432 
219 263 
 42 440 
220 263 
 42 441 
 43 264 
 44 264 
 43 265 
 45 264 
 43 266 
 44 265 
 45 265 
 44 266 
 45 266 
 53 266 
 45 274 
 54 266 
 45 275 
209 266 
 45 430 
210 266 
 45 431 
 46 267 
 55 267 
 46 276 
144 267 
 46 365 
145 267 
 46 366 
146 267 
 46 367 
203 267 
 46 424 
204 267 
 46 425 
213 267 
 46 434 
214 267 
 46 435 
215 267 
 46 436 
 47 268 
 48 268 
 47 269 
 50 268 
 47 271 
165 268 
 47 386 
166 268 
 47 387 
167 268 
 47 388 
 48 269 
 49 269 
 48 270 
 50 269 
 48 271 
 51 269 
 48 272 
 49 270 
 50 270 
 49 271 
 51 270 
 49 272 
218 270 
 49 439 
219 270 
 49 440 
220 270 
 49 441 
 50 271 
 51 271 
 50 272 
 52 271 
 50 273 
166 271 
 50 387 
167 271 
 50 388 
168 271 
 50 389 
 51 272 
 52 272 
 51 273 
 56 272 
 51 277 
 60 272 
 51 281 
218 272 
 51 439 
219 272 
 51 440 
 52 273 
 56 273 
 52 277 
 60 273 
 52 281 
 64 273 
 52 285 
167 273 
 52 388 
168 273 
 52 389 
169 273 
 52 390 
 53 274 
 54 274 
 53 275 
199 274 
 53 420 
209 274 
 53 430 
210 274 
 53 431 
 54 275 
199 275 
 54 420 
200 275 
 54 421 
 55 276 
 59 276 
 55 280 
143 276 
 55 364 
144 276 
 55 365 
145 276 
 55 366 
214 276 
 55 435 
215 276 
 55 436 
216 276 
 55 437 
 56 277 
 57 277 
 56 278 
 60 277 
 56 281 
 61 277 
 56 282 
217 277 
 56 438 
218 277 
 56 439 
 57 278 
 58 278 
 57 279 
 60 278 
 57 281 
 61 278 
 57 282 
 62 278 
 57 283 
216 278 
 57 437 
217 278 
 57 438 
218 278 
 57 439 
 58 279 
 59 279 
 58 280 
 61 279 
 58 282 
 62 279 
 58 283 
 63 279 
 58 284 
216 279 
 58 437 
217 279 
 58 438 
 59 280 
 62 280 
 59 283 
 63 280 
 59 284 
142 280 
 59 363 
143 280 
 59 364 
144 280 
 59 365 
215 280 
 59 436 
216 280 
 59 437 
 60 281 
 61 281 
 60 282 
 64 281 
 60 285 
 65 281 
 60 286 
 66 281 
 60 287 
 61 282 
 62 282 
 61 283 
 66 282 
 61 287 
 67 282 
 61 288 
 68 282 
 61 289 
 62 283 
 63 283 
 62 284 
 68 283 
 62 289 
 69 283 
 62 290 
 70 283 
 62 291 
 63 284 
 70 284 
 63 291 
 77 284 
 63 298 
141 284 
 63 362 
142 284 
 63 363 
143 284 
 63 364 
 64 285 
 65 285 
 64 286 
 71 285 
 64 292 
169 285 
 64 390 
171 285 
 64 392 
 65 286 
 66 286 
 65 287 
 71 286 
 65 292 
 72 286 
 65 293 
 66 287 
 67 287 
 66 288 
 71 287 
 66 292 
 72 287 
 66 293 
 73 287 
 66 294 
 67 288 
 68 288 
 67 289 
 72 288 
 67 293 
 73 288 
 67 294 
 74 288 
 67 295 
 68 289 
 69 289 
 68 290 
 73 289 
 68 294 
 74 289 
 68 295 
 75 289 
 68 296 
 69 290 
 70 290 
 69 291 
 74 290 
 69 295 
 75 290 
 69 296 
 76 290 
 69 297 
 70 291 
 75 291 
 70 296 
 76 291 
 70 297 
 77 291 
 70 298 
 71 292 
 72 292 
 71 293 
 78 292 
 71 299 
169 292 
 71 390 
171 292 
 71 392 
173 292 
 71 394 
 72 293 
 73 293 
 72 294 
 78 293 
 72 299 
 79 293 
 72 300 
 73 294 
 74 294 
 73 295 
 78 294 
 73 299 
 79 294 
 73 300 
 80 294 
 73 301 
 74 295 
 75 295 
 74 296 
 79 295 
 74 300 
 80 295 
 74 301 
 81 295 
 74 302 
 75 296 
 76 296 
 75 297 
 80 296 
 75 301 
 81 296 
 75 302 
 82 296 
 75 303 
158 296 
 75 379 
159 296 
 75 380 
 76 297 
 77 297 
 76 298 
 81 297 
 76 302 
 82 297 
 76 303 
141 297 
 76 362 
158 297 
 76 379 
159 297 
 76 380 
 77 298 
 82 298 
 77 303 
 87 298 
 77 308 
101 298 
 77 322 
140 298 
 77 361 
141 298 
 77 362 
142 298 
 77 363 
158 298 
 77 379 
 78 299 
 79 299 
 78 300 
 83 299 
 78 304 
171 299 
 78 392 
173 299 
 78 394 
175 299 
 78 396 
 79 300 
 80 300 
 79 301 
 83 300 
 79 304 
 84 300 
 79 305 
 80 301 
 81 301 
 80 302 
 83 301 
 80 304 
 84 301 
 80 305 
 85 301 
 80 306 
 81 302 
 82 302 
 81 303 
 84 302 
 81 305 
 85 302 
 81 306 
 86 302 
 81 307 
 82 303 
 85 303 
 82 306 
 86 303 
 82 307 
 87 303 
 82 308 
 83 304 
 84 304 
 83 305 
 88 304 
 83 309 
173 304 
 83 394 
175 304 
 83 396 
177 304 
 83 398 
 84 305 
 85 305 
 84 306 
 88 305 
 84 309 
 89 305 
 84 310 
 85 306 
 86 306 
 85 307 
 88 306 
 85 309 
 89 306 
 85 310 
 90 306 
 85 311 
 86 307 
 87 307 
 86 308 
 89 307 
 86 310 
 90 307 
 86 311 
 87 308 
 90 308 
 87 311 
 93 308 
 87 314 
 99 308 
 87 320 
100 308 
 87 321 
101 308 
 87 322 
138 308 
 87 359 
140 308 
 87 361 
141 308 
 87 362 
 88 309 
 89 309 
 88 310 
 91 309 
 88 312 
175 309 
 88 396 
177 309 
 88 398 
179 309 
 88 400 
 89 310 
 90 310 
 89 311 
 91 310 
 89 312 
 92 310 
 89 313 
 90 311 
 91 311 
 90 312 
 92 311 
 90 313 
 93 311 
 90 314 
 91 312 
 92 312 
 91 313 
 94 312 
 91 315 
177 312 
 91 398 
179 312 
 91 400 
181 312 
 91 402 
 92 313 
 93 313 
 92 314 
 94 313 
 92 315 
 95 313 
 92 316 
 93 314 
 94 314 
 93 315 
 95 314 
 93 316 
 99 314 
 93 320 
100 314 
 93 321 
132 314 
 93 353 
138 314 
 93 359 
 94 315 
 95 315 
 94 316 
 96 315 
 94 317 
133 315 
 94 354 
179 315 
 94 400 
181 315 
 94 402 
 95 316 
 96 316 
 95 317 
 98 316 
 95 319 
 99 316 
 95 320 
132 316 
 95 353 
 96 317 
 97 317 
 96 318 
 98 317 
 96 319 
132 317 
 96 353 
133 317 
 96 354 
181 317 
 96 402 
183 317 
 96 404 
 97 318 
 98 318 
 97 319 
102 318 
 97 323 
103 318 
 97 324 
133 318 
 97 354 
183 318 
 97 404 
185 318 
 97 406 
 98 319 
 99 319 
 98 320 
103 319 
 98 324 
 99 320 
100 320 
 99 321 
103 320 
 99 324 
104 320 
 99 325 
100 321 
101 321 
100 322 
104 321 
100 325 
105 321 
100 326 
101 322 
105 322 
101 326 
102 323 
103 323 
102 324 
106 323 
102 327 
109 323 
102 330 
183 323 
102 404 
185 323 
102 406 
103 324 
104 324 
103 325 
109 324 
103 330 
110 324 
103 331 
104 325 
105 325 
104 326 
107 325 
104 328 
109 325 
104 330 
110 325 
104 331 
105 326 
107 326 
105 328 
106 327 
108 327 
106 329 
109 327 
106 330 
185 327 
106 406 
187 327 
106 408 
188 327 
106 409 
107 328 
110 328 
107 331 
108 329 
109 329 
108 330 
112 329 
108 333 
113 329 
108 334 
187 329 
108 408 
188 329 
108 409 
189 329 
108 410 
109 330 
110 330 
109 331 
111 330 
109 332 
113 330 
109 334 
110 331 
111 331 
110 332 
111 332 
113 332 
111 334 
112 333 
113 333 
112 334 
114 333 
112 335 
115 333 
112 336 
188 333 
112 409 
189 333 
112 410 
190 333 
112 411 
113 334 
115 334 
113 336 
114 335 
115 335 
114 336 
116 335 
114 337 
117 335 
114 338 
189 335 
114 410 
190 335 
114 411 
191 335 
114 412 
115 336 
116 336 
115 337 
117 336 
115 338 
116 337 
117 337 
116 338 
118 337 
116 339 
119 337 
116 340 
190 337 
116 411 
191 337 
116 412 
192 337 
116 413 
117 338 
118 338 
117 339 
119 338 
117 340 
118 339 
119 339 
118 340 
120 339 
118 341 
121 339 
118 342 
191 339 
118 412 
192 339 
118 413 
193 339 
118 414 
119 340 
120 340 
119 341 
121 340 
119 342 
120 341 
121 341 
120 342 
122 341 
120 343 
123 341 
120 344 
192 341 
120 413 
193 341 
120 414 
194 341 
120 415 
121 342 
122 342 
121 343 
123 342 
121 344 
122 343 
123 343 
122 344 
124 343 
122 345 
125 343 
122 346 
193 343 
122 414 
194 343 
122 415 
195 343 
122 416 
123 344 
124 344 
123 345 
125 344 
123 346 
124 345 
125 345 
124 346 
126 345 
124 347 
127 345 
124 348 
194 345 
124 415 
195 345 
124 416 
196 345 
124 417 
125 346 
126 346 
125 347 
127 346 
125 348 
126 347 
127 347 
126 348 
128 347 
126 349 
129 347 
126 350 
195 347 
126 416 
196 347 
126 417 
197 347 
126 418 
127 348 
128 348 
127 349 
129 348 
127 350 
128 349 
129 349 
128 350 
130 349 
128 351 
131 349 
128 352 
196 349 
128 417 
197 349 
128 418 
198 349 
128 419 
129 350 
130 350 
129 351 
131 350 
129 352 
130 351 
131 351 
130 352 
197 351 
130 418 
198 351 
130 419 
131 352 
132 353 
133 353 
132 354 
134 353 
132 355 
138 353 
132 359 
133 354 
134 354 
133 355 
135 354 
133 356 
136 354 
133 357 
181 354 
133 402 
182 354 
133 403 
183 354 
133 404 
184 354 
133 405 
134 355 
135 355 
134 356 
138 355 
134 359 
135 356 
136 356 
135 357 
137 356 
135 358 
138 356 
135 359 
139 356 
135 360 
136 357 
137 357 
136 358 
181 357 
136 402 
182 357 
136 403 
183 357 
136 404 
184 357 
136 405 
137 358 
139 358 
137 360 
138 359 
139 359 
138 360 
140 359 
138 361 
139 360 
140 360 
139 361 
140 361 
141 361 
140 362 
141 362 
142 362 
141 363 
158 362 
141 379 
142 363 
143 363 
142 364 
143 364 
144 364 
143 365 
144 365 
145 365 
144 366 
145 366 
146 366 
145 367 
146 367 
147 367 
146 368 
147 368 
148 368 
147 369 
148 369 
149 369 
148 370 
149 370 
150 370 
149 371 
150 371 
151 371 
150 372 
151 372 
152 372 
151 373 
152 373 
153 373 
152 374 
153 374 
154 374 
153 375 
154 375 
155 375 
154 376 
155 376 
156 376 
155 377 
156 377 
157 377 
156 378 
157 378 
160 378 
157 381 
158 379 
159 379 
158 380 
159 380 
160 381 
161 381 
160 382 
161 382 
162 382 
161 383 
162 383 
163 383 
162 384 
163 384 
164 384 
163 385 
164 385 
165 385 
164 386 
165 386 
166 386 
165 387 
166 387 
167 387 
166 388 
167 388 
168 388 
167 389 
168 389 
169 389 
168 390 
170 389 
168 391 
169 390 
170 390 
169 391 
171 390 
169 392 
172 390 
169 393 
170 391 
171 391 
170 392 
172 391 
170 393 
171 392 
172 392 
171 393 
173 392 
171 394 
174 392 
171 395 
172 393 
173 393 
172 394 
174 393 
172 395 
173 394 
174 394 
173 395 
175 394 
173 396 
176 394 
173 397 
174 395 
175 395 
174 396 
176 395 
174 397 
175 396 
176 396 
175 397 
177 396 
175 398 
178 396 
175 399 
176 397 
177 397 
176 398 
178 397 
176 399 
177 398 
178 398 
177 399 
179 398 
177 400 
180 398 
177 401 
178 399 
179 399 
178 400 
180 399 
178 401 
179 400 
180 400 
179 401 
181 400 
179 402 
182 400 
179 403 
180 401 
181 401 
180 402 
182 401 
180 403 
181 402 
182 402 
181 403 
182 403 
183 404 
184 404 
183 405 
185 404 
183 406 
186 404 
183 407 
184 405 
185 405 
184 406 
186 405 
184 407 
185 406 
186 406 
185 407 
187 406 
185 408 
186 407 
187 407 
186 408 
187 408 
188 408 
187 409 
188 409 
189 409 
188 410 
189 410 
190 410 
189 411 
190 411 
191 411 
190 412 
191 412 
192 412 
191 413 
192 413 
193 413 
192 414 
193 414 
194 414 
193 415 
194 415 
195 415 
194 416 
195 416 
196 416 
195 417 
196 417 
197 417 
196 418 
197 418 
198 418 
197 419 
198 419 
199 420 
200 420 
199 421 
200 421 
201 421 
200 422 
201 422 
202 422 
201 423 
202 423 
203 423 
202 424 
203 424 
204 424 
203 425 
204 425 
205 425 
204 426 
212 425 
204 433 
213 425 
204 434 
205 426 
206 426 
205 427 
211 426 
205 432 
212 426 
205 433 
213 426 
205 434 
206 427 
207 427 
206 428 
211 427 
206 432 
212 427 
206 433 
207 428 
208 428 
207 429 
211 428 
207 432 
208 429 
209 429 
208 430 
210 429 
208 431 
209 430 
210 430 
209 431 
210 431 
211 432 
212 432 
211 433 
220 432 
211 441 
221 432 
211 442 
212 433 
213 433 
212 434 
214 433 
212 435 
220 433 
212 441 
221 433 
212 442 
213 434 
214 434 
213 435 
221 434 
213 442 
214 435 
215 435 
214 436 
221 435 
214 442 
215 436 
216 436 
215 437 
216 437 
217 437 
216 438 
217 438 
218 438 
217 439 
218 439 
219 439 
218 440 
219 440 
220 440 
219 441 
220 441 
221 441 
220 442 
221 442 
