183 183   1069 
  1 184 
  2 184 
 20 184 
 21 184 
 22 184 
 23 184 
 24 184 
 26 184 
 27 184 
 42 184 
 43 184 
 44 184 
 49 184 
 50 184 
 51 184 
 56 184 
 57 184 
 59 184 
 60 184 
 61 184 
 62 184 
 64 184 
 65 184 
 67 184 
 68 184 
 70 184 
 71 184 
 72 184 
 73 184 
 74 184 
 75 184 
 76 184 
 78 184 
 79 184 
 80 184 
 81 184 
 82 184 
 83 184 
 84 184 
 86 184 
 87 184 
 89 184 
 90 184 
 91 184 
 92 184 
 93 184 
 94 184 
 95 184 
 96 184 
 98 184 
 99 184 
101 184 
102 184 
103 184 
104 184 
105 184 
106 184 
107 184 
109 184 
110 184 
112 184 
113 184 
114 184 
115 184 
116 184 
118 184 
119 184 
122 184 
123 184 
124 184 
125 184 
126 184 
127 184 
128 184 
129 184 
130 184 
131 184 
132 184 
133 184 
136 184 
137 184 
140 184 
144 184 
158 184 
159 184 
160 184 
161 184 
162 184 
163 184 
164 184 
165 184 
166 184 
167 184 
168 184 
169 184 
170 184 
171 184 
172 184 
173 184 
174 184 
175 184 
176 184 
177 184 
179 184 
182 184 
  1 185 
  2 185 
 42 185 
 43 185 
 45 185 
 46 185 
 51 185 
 52 185 
 53 185 
 57 185 
 58 185 
 62 185 
 63 185 
 65 185 
 66 185 
 76 185 
 77 185 
 84 185 
 85 185 
 96 185 
 97 185 
 99 185 
100 185 
108 185 
109 185 
110 185 
111 185 
118 185 
119 185 
120 185 
121 185 
136 185 
137 185 
140 185 
141 185 
147 185 
  3 186 
 49 186 
137 186 
142 186 
143 186 
144 186 
146 186 
  4 187 
137 187 
138 187 
  5 188 
137 188 
158 188 
  6 189 
 56 189 
137 189 
  7 190 
 64 190 
 70 190 
137 190 
  8 191 
 59 191 
 60 191 
137 191 
  9 192 
 74 192 
 78 192 
137 192 
 10 193 
 80 193 
 81 193 
 82 193 
137 193 
 11 194 
 91 194 
 92 194 
 93 194 
 94 194 
137 194 
 12 195 
 20 195 
 42 195 
 68 195 
 69 195 
137 195 
 13 196 
 20 196 
 21 196 
 42 196 
 43 196 
 69 196 
 73 196 
137 196 
158 196 
 14 197 
125 197 
137 197 
 15 198 
103 198 
137 198 
178 198 
 16 199 
115 199 
137 199 
181 199 
 17 200 
112 200 
137 200 
 18 201 
122 201 
137 201 
 19 202 
123 202 
137 202 
  4 203 
 20 203 
 43 203 
 45 203 
 48 203 
137 203 
138 203 
140 203 
  4 204 
 21 204 
 43 204 
 45 204 
 57 204 
137 204 
140 204 
158 204 
  4 205 
  6 205 
 22 205 
 43 205 
 56 205 
 62 205 
137 205 
  4 206 
  7 206 
 12 206 
 21 206 
 23 206 
 43 206 
 64 206 
 65 206 
137 206 
  4 207 
  7 207 
 24 207 
 43 207 
 70 207 
 76 207 
137 207 
  4 208 
  8 208 
 13 208 
 21 208 
 25 208 
 43 208 
 60 208 
 84 208 
137 208 
  4 209 
 26 209 
 57 209 
 71 209 
137 209 
158 209 
 27 210 
 56 210 
 57 210 
 61 210 
137 210 
 28 211 
 56 211 
 62 211 
 90 211 
137 211 
 29 212 
 57 212 
 64 212 
 65 212 
 87 212 
137 212 
158 212 
 30 213 
 57 213 
 70 213 
 76 213 
158 213 
 20 214 
 31 214 
 43 214 
137 214 
 21 215 
 32 215 
 43 215 
137 215 
 33 216 
127 216 
137 216 
 34 217 
128 217 
137 217 
 35 218 
130 218 
137 218 
 36 219 
129 219 
137 219 
 37 220 
131 220 
137 220 
 38 221 
132 221 
137 221 
 39 222 
133 222 
137 222 
 40 223 
126 223 
137 223 
 41 224 
137 224 
180 224 
  1 225 
  2 225 
 12 225 
 13 225 
 20 225 
 21 225 
 42 225 
 43 225 
 69 225 
136 225 
137 225 
139 225 
140 225 
148 225 
158 225 
  1 226 
  2 226 
 42 226 
 43 226 
 46 226 
 47 226 
 49 226 
 55 226 
136 226 
137 226 
  1 227 
  2 227 
 44 227 
137 227 
  2 228 
 45 228 
 53 228 
137 228 
140 228 
145 228 
  2 229 
 43 229 
 46 229 
 43 230 
 45 230 
 47 230 
 54 230 
137 230 
140 230 
 48 231 
137 231 
138 231 
  1 232 
  2 232 
  3 232 
 20 232 
 31 232 
 43 232 
 49 232 
 55 232 
 56 232 
 57 232 
 59 232 
 60 232 
 61 232 
 62 232 
 64 232 
 65 232 
 67 232 
 68 232 
 70 232 
 71 232 
 73 232 
 74 232 
 76 232 
 78 232 
 80 232 
 81 232 
 82 232 
 87 232 
 90 232 
 91 232 
 92 232 
 93 232 
 94 232 
 96 232 
 99 232 
143 232 
144 232 
158 232 
159 232 
160 232 
161 232 
162 232 
163 232 
164 232 
165 232 
166 232 
167 232 
168 232 
169 232 
170 232 
171 232 
172 232 
173 232 
174 232 
175 232 
176 232 
177 232 
  1 233 
  2 233 
 50 233 
 51 233 
  2 234 
 51 234 
 52 234 
 53 234 
 52 235 
 53 236 
 54 237 
 55 238 
  1 239 
  2 239 
 49 239 
 56 239 
144 239 
159 239 
  1 240 
  2 240 
 49 240 
 57 240 
 58 240 
144 240 
158 240 
  2 241 
 57 241 
 58 241 
149 241 
  1 242 
  2 242 
 49 242 
 59 242 
144 242 
160 242 
  1 243 
  2 243 
 49 243 
 60 243 
144 243 
161 243 
  1 244 
  2 244 
 43 244 
 49 244 
 61 244 
 67 244 
144 244 
  1 245 
  2 245 
 49 245 
 56 245 
 62 245 
 63 245 
144 245 
  2 246 
 62 246 
 63 246 
150 246 
  1 247 
  2 247 
 49 247 
 64 247 
144 247 
162 247 
  1 248 
  2 248 
 49 248 
 64 248 
 65 248 
 66 248 
144 248 
  2 249 
 65 249 
 66 249 
151 249 
 57 250 
 67 250 
  1 251 
  2 251 
 49 251 
 68 251 
144 251 
163 251 
 43 252 
 69 252 
  1 253 
  2 253 
 49 253 
 70 253 
144 253 
164 253 
  1 254 
  2 254 
 49 254 
 71 254 
144 254 
165 254 
  4 255 
 21 255 
 72 255 
  1 256 
  2 256 
 49 256 
 73 256 
144 256 
166 256 
  1 257 
  2 257 
 49 257 
 74 257 
 75 257 
144 257 
167 257 
 53 258 
 75 258 
  1 259 
  2 259 
 49 259 
 70 259 
 76 259 
 77 259 
144 259 
  2 260 
 76 260 
 77 260 
152 260 
  1 261 
  2 261 
 49 261 
 78 261 
 79 261 
144 261 
168 261 
 53 262 
 79 262 
  1 263 
  2 263 
 49 263 
 80 263 
 83 263 
144 263 
169 263 
  1 264 
  2 264 
 49 264 
 81 264 
 86 264 
144 264 
170 264 
  1 265 
  2 265 
 49 265 
 82 265 
 89 265 
144 265 
171 265 
 53 266 
 83 266 
  1 267 
  2 267 
 60 267 
 84 267 
 85 267 
  2 268 
 84 268 
 85 268 
153 268 
 53 269 
 86 269 
  1 270 
  2 270 
 49 270 
 87 270 
144 270 
172 270 
 57 271 
 62 271 
 88 271 
 53 272 
 89 272 
  1 273 
  2 273 
 49 273 
 90 273 
144 273 
173 273 
  1 274 
  2 274 
 49 274 
 91 274 
 95 274 
144 274 
174 274 
  1 275 
  2 275 
 49 275 
 92 275 
 98 275 
144 275 
175 275 
  1 276 
  2 276 
 49 276 
 93 276 
101 276 
144 276 
176 276 
  1 277 
  2 277 
 49 277 
 94 277 
102 277 
144 277 
177 277 
 53 278 
 95 278 
  1 279 
  2 279 
 49 279 
 59 279 
 96 279 
 97 279 
144 279 
  2 280 
 96 280 
 97 280 
154 280 
 53 281 
 98 281 
  1 282 
  2 282 
 49 282 
 74 282 
 99 282 
100 282 
144 282 
  2 283 
 99 283 
100 283 
155 283 
 53 284 
101 284 
 53 285 
102 285 
  1 286 
  2 286 
 43 286 
 72 286 
103 286 
104 286 
104 287 
105 287 
137 287 
  1 288 
  2 288 
 43 288 
105 288 
106 288 
  4 289 
 20 289 
106 289 
  1 290 
  2 290 
107 290 
179 290 
  2 291 
108 291 
109 291 
156 291 
  1 292 
  2 292 
108 292 
109 292 
110 292 
  2 293 
110 293 
111 293 
 53 294 
111 294 
  1 295 
  2 295 
 43 295 
 72 295 
112 295 
113 295 
113 296 
114 296 
137 296 
  1 297 
  2 297 
 43 297 
 72 297 
106 297 
114 297 
  1 298 
  2 298 
 43 298 
 67 298 
104 298 
115 298 
  1 299 
  2 299 
116 299 
182 299 
117 300 
137 300 
183 300 
  1 301 
  2 301 
118 301 
119 301 
121 301 
  2 302 
119 302 
120 302 
 53 303 
120 303 
  2 304 
118 304 
121 304 
157 304 
  1 305 
  2 305 
 43 305 
 72 305 
113 305 
122 305 
  1 306 
  2 306 
 43 306 
104 306 
123 306 
124 306 
  4 307 
 22 307 
124 307 
  1 308 
  2 308 
 43 308 
106 308 
125 308 
  1 309 
  2 309 
 20 309 
 26 309 
 43 309 
126 309 
  1 310 
  2 310 
 20 310 
 22 310 
 43 310 
127 310 
  1 311 
  2 311 
 21 311 
 43 311 
128 311 
  1 312 
  2 312 
 23 312 
 43 312 
129 312 
  1 313 
  2 313 
 21 313 
 22 313 
 43 313 
130 313 
  1 314 
  2 314 
 20 314 
 27 314 
 43 314 
131 314 
  1 315 
  2 315 
 20 315 
 24 315 
 43 315 
132 315 
  1 316 
  2 316 
 21 316 
 26 316 
 43 316 
133 316 
  4 317 
  8 317 
 13 317 
 21 317 
 43 317 
 59 317 
 96 317 
134 317 
137 317 
  4 318 
  9 318 
 13 318 
 21 318 
 43 318 
 74 318 
 99 318 
135 318 
137 318 
  1 319 
  2 319 
 42 319 
 43 319 
136 319 
137 319 
138 319 
  1 320 
  2 320 
  3 320 
  4 320 
  5 320 
  6 320 
  7 320 
  8 320 
  9 320 
 10 320 
 11 320 
 12 320 
 13 320 
 14 320 
 15 320 
 16 320 
 17 320 
 18 320 
 19 320 
 20 320 
 21 320 
 22 320 
 23 320 
 24 320 
 25 320 
 26 320 
 27 320 
 28 320 
 29 320 
 31 320 
 32 320 
 33 320 
 34 320 
 35 320 
 36 320 
 37 320 
 38 320 
 39 320 
 40 320 
 41 320 
 42 320 
 43 320 
 44 320 
 45 320 
 47 320 
 48 320 
 56 320 
 57 320 
 59 320 
 60 320 
 61 320 
 62 320 
 64 320 
 65 320 
 68 320 
 70 320 
 71 320 
 73 320 
 74 320 
 76 320 
 78 320 
 80 320 
 81 320 
 82 320 
 84 320 
 87 320 
 90 320 
 91 320 
 92 320 
 93 320 
 94 320 
 96 320 
 99 320 
103 320 
104 320 
105 320 
112 320 
113 320 
114 320 
115 320 
117 320 
122 320 
123 320 
125 320 
126 320 
127 320 
128 320 
129 320 
130 320 
131 320 
132 320 
133 320 
134 320 
135 320 
136 320 
137 320 
138 320 
140 320 
142 320 
158 320 
178 320 
180 320 
181 320 
183 320 
 43 321 
138 321 
136 322 
137 322 
139 322 
  1 323 
  2 323 
  4 323 
 20 323 
 21 323 
 43 323 
 45 323 
 47 323 
 57 323 
136 323 
140 323 
141 323 
  2 324 
 53 324 
140 324 
141 324 
 50 325 
142 325 
 52 326 
143 326 
 20 327 
 43 327 
144 327 
145 328 
146 329 
147 330 
148 331 
149 332 
150 333 
151 334 
152 335 
153 336 
154 337 
155 338 
156 339 
157 340 
 49 341 
158 341 
 20 342 
 21 342 
 43 342 
158 342 
159 342 
 21 343 
 27 343 
 43 343 
 56 343 
160 343 
 20 344 
 23 344 
 43 344 
 64 344 
161 344 
 22 345 
 43 345 
162 345 
 20 346 
 43 346 
163 346 
 21 347 
 26 347 
 43 347 
158 347 
164 347 
 43 348 
 72 348 
165 348 
 20 349 
 21 349 
 43 349 
166 349 
 24 350 
 43 350 
167 350 
 26 351 
158 351 
168 351 
 25 352 
 43 352 
169 352 
 29 353 
 43 353 
170 353 
 28 354 
 43 354 
171 354 
 43 355 
 88 355 
172 355 
 43 356 
 88 356 
173 356 
 43 357 
134 357 
174 357 
135 358 
175 358 
 30 359 
 43 359 
176 359 
 26 360 
 56 360 
177 360 
107 361 
178 361 
 41 362 
 43 362 
179 362 
109 363 
180 363 
116 364 
181 364 
 43 365 
117 365 
182 365 
118 366 
183 366 
