115 115    421 
  1 116 
  2 116 
  3 116 
  4 116 
  5 116 
  6 116 
  7 116 
  1 117 
  2 117 
  8 117 
  9 117 
 10 117 
 11 117 
  3 118 
 12 118 
 13 118 
 14 118 
 15 118 
 16 118 
  1 119 
  4 119 
 12 119 
 17 119 
 18 119 
 19 119 
  5 120 
  9 120 
 20 120 
 21 120 
 22 120 
 23 120 
  1 121 
  6 121 
 14 121 
 21 121 
 24 121 
 25 121 
  7 122 
 11 122 
 19 122 
 26 122 
 27 122 
 28 122 
  4 123 
  8 123 
 29 123 
 30 123 
  5 124 
  9 124 
 31 124 
 32 124 
 33 124 
  6 125 
 10 125 
 31 125 
 34 125 
  7 126 
 11 126 
 30 126 
 35 126 
 36 126 
  3 127 
 12 127 
 37 127 
 38 127 
 39 127 
 13 128 
 40 128 
 41 128 
 42 128 
  3 129 
 14 129 
 40 129 
 43 129 
 44 129 
 15 130 
 38 130 
 45 130 
 46 130 
 16 131 
 39 131 
 42 131 
 44 131 
 46 131 
 47 131 
  2 132 
 17 132 
 48 132 
 49 132 
  6 133 
 18 133 
 37 133 
 50 133 
  7 134 
 19 134 
 49 134 
 51 134 
 52 134 
 20 135 
 53 135 
 54 135 
 55 135 
  5 136 
 21 136 
 53 136 
 56 136 
 57 136 
 22 137 
 32 137 
 58 137 
 59 137 
 23 138 
 33 138 
 55 138 
 57 138 
 59 138 
 60 138 
  2 139 
 24 139 
 56 139 
 61 139 
  4 140 
 25 140 
 43 140 
 62 140 
 26 141 
 51 141 
 63 141 
 64 141 
 27 142 
 35 142 
 65 142 
 66 142 
 28 143 
 36 143 
 52 143 
 64 143 
 66 143 
 67 143 
 18 144 
 29 144 
 19 145 
 30 145 
 68 145 
 21 146 
 31 146 
 69 146 
 22 147 
 32 147 
 70 147 
 23 148 
 33 148 
 69 148 
 70 148 
 71 148 
 25 149 
 34 149 
 27 150 
 35 150 
 72 150 
 28 151 
 36 151 
 68 151 
 72 151 
 73 151 
 14 152 
 37 152 
 74 152 
 15 153 
 38 153 
 75 153 
 16 154 
 39 154 
 74 154 
 75 154 
 76 154 
 13 155 
 40 155 
 77 155 
 41 156 
 78 156 
 42 157 
 77 157 
 78 157 
 79 157 
 12 158 
 43 158 
 80 158 
 16 159 
 44 159 
 77 159 
 80 159 
 81 159 
 45 160 
 82 160 
 46 161 
 75 161 
 82 161 
 83 161 
  1 162 
 47 162 
 76 162 
 79 162 
 81 162 
 83 162 
 10 163 
 48 163 
 11 164 
 49 164 
 84 164 
 24 165 
 50 165 
 26 166 
 51 166 
 85 166 
 28 167 
 52 167 
 84 167 
 85 167 
 86 167 
 20 168 
 53 168 
 87 168 
 54 169 
 88 169 
 55 170 
 87 170 
 88 170 
 89 170 
  9 171 
 56 171 
 90 171 
 23 172 
 57 172 
 87 172 
 90 172 
 91 172 
 58 173 
 92 173 
 59 174 
 70 174 
 92 174 
 93 174 
  1 175 
 60 175 
 71 175 
 89 175 
 91 175 
 93 175 
  8 176 
 61 176 
 17 177 
 62 177 
 63 178 
 94 178 
 64 179 
 85 179 
 94 179 
 95 179 
 65 180 
 96 180 
 66 181 
 72 181 
 96 181 
 97 181 
  1 182 
 67 182 
 73 182 
 86 182 
 95 182 
 97 182 
 52 183 
 68 183 
 98 183 
 57 184 
 69 184 
 99 184 
 59 185 
 70 185 
100 185 
  2 186 
 60 186 
 71 186 
 99 186 
100 186 
 66 187 
 72 187 
101 187 
  2 188 
 67 188 
 73 188 
 98 188 
101 188 
 44 189 
 74 189 
102 189 
 46 190 
 75 190 
103 190 
  4 191 
 47 191 
 76 191 
102 191 
103 191 
 42 192 
 77 192 
104 192 
 78 193 
105 193 
  5 194 
 79 194 
104 194 
105 194 
 39 195 
 80 195 
106 195 
  6 196 
 47 196 
 81 196 
104 196 
106 196 
 82 197 
107 197 
  7 198 
 83 198 
103 198 
107 198 
 36 199 
 84 199 
108 199 
 64 200 
 85 200 
109 200 
  4 201 
 67 201 
 86 201 
108 201 
109 201 
 55 202 
 87 202 
110 202 
 88 203 
111 203 
  3 204 
 89 204 
110 204 
111 204 
 33 205 
 90 205 
112 205 
  6 206 
 60 206 
 91 206 
110 206 
112 206 
 92 207 
113 207 
  7 208 
 93 208 
100 208 
113 208 
 94 209 
114 209 
  3 210 
 95 210 
109 210 
114 210 
 96 211 
115 211 
  5 212 
 97 212 
101 212 
115 212 
  8 213 
 86 213 
 98 213 
 10 214 
 91 214 
 99 214 
 11 215 
 93 215 
100 215 
  9 216 
 97 216 
101 216 
 18 217 
 81 217 
102 217 
 19 218 
 83 218 
103 218 
 21 219 
 79 219 
104 219 
 22 220 
105 220 
 25 221 
 76 221 
106 221 
 27 222 
107 222 
 17 223 
 73 223 
108 223 
 12 224 
 95 224 
109 224 
 14 225 
 89 225 
110 225 
 15 226 
111 226 
 24 227 
 71 227 
112 227 
 26 228 
113 228 
 13 229 
114 229 
 20 230 
115 230 
