207 207    572 
  5 208 
  6 208 
  8 208 
 11 208 
 12 208 
  1 209 
  2 209 
 11 209 
 12 209 
  3 210 
  4 210 
 10 210 
 11 210 
 12 210 
  5 211 
 65 211 
 66 211 
  1 212 
 62 212 
  3 213 
 64 213 
  6 214 
  7 215 
  9 216 
  8 217 
 14 217 
 17 217 
 18 217 
 12 218 
 17 218 
 18 218 
 10 219 
 16 219 
 17 219 
 18 219 
 11 220 
 12 220 
 13 221 
 17 221 
 18 221 
 23 221 
 24 221 
 17 222 
 18 222 
 19 222 
 20 222 
 15 223 
 17 223 
 18 223 
 21 223 
 22 223 
 13 224 
 31 224 
 33 224 
 17 225 
 33 225 
 15 226 
 32 226 
 14 227 
 34 227 
 36 227 
 16 228 
 17 229 
 18 229 
 23 230 
 26 230 
 29 230 
 30 230 
 19 231 
 29 231 
 30 231 
 21 232 
 28 232 
 29 232 
 30 232 
 24 233 
 25 234 
 27 235 
 26 236 
 31 236 
 33 236 
 28 237 
 29 238 
 30 238 
 31 239 
 33 239 
 33 240 
 32 241 
 34 242 
 36 242 
 38 242 
 35 243 
 40 243 
 34 244 
 36 244 
203 244 
205 245 
 34 246 
 36 246 
197 246 
199 247 
 34 248 
 36 248 
 98 248 
100 249 
 34 250 
 36 250 
 67 250 
 69 251 
 34 252 
 36 252 
 95 252 
 96 252 
 36 253 
 92 253 
 35 254 
 94 254 
 38 255 
 41 255 
 42 255 
 47 255 
 41 256 
 42 256 
 43 256 
 40 257 
 41 257 
 42 257 
 45 257 
 37 258 
 39 259 
 41 260 
 42 260 
 47 261 
 48 261 
 53 261 
 44 262 
 49 262 
 46 263 
 51 263 
 47 264 
 48 264 
203 264 
206 264 
207 264 
 43 265 
 44 265 
206 265 
207 265 
 45 266 
 46 266 
205 266 
206 266 
207 266 
 48 267 
 53 268 
 54 268 
 59 268 
 50 269 
 55 269 
 52 270 
 57 270 
 53 271 
 54 271 
197 271 
200 271 
201 271 
 49 272 
 50 272 
200 272 
201 272 
 51 273 
 52 273 
199 273 
200 273 
201 273 
 54 274 
 59 275 
 60 275 
 65 275 
 56 276 
 61 276 
 58 277 
 63 277 
 59 278 
 60 278 
 98 278 
101 278 
102 278 
 55 279 
 56 279 
101 279 
102 279 
 57 280 
 58 280 
100 280 
101 280 
102 280 
 60 281 
 65 282 
 66 282 
 67 282 
 71 282 
 72 282 
 61 283 
 62 283 
 71 283 
 72 283 
 63 284 
 64 284 
 69 284 
 71 284 
 72 284 
 66 285 
 68 286 
 71 286 
 72 286 
 74 286 
 70 287 
 71 287 
 72 287 
 76 287 
 68 288 
 70 289 
 71 290 
 72 290 
 73 291 
 77 291 
 78 291 
 83 291 
 84 291 
 77 292 
 78 292 
 79 292 
 80 292 
 75 293 
 77 293 
 78 293 
 81 293 
 82 293 
 74 294 
 77 294 
 78 294 
164 294 
 76 295 
 77 295 
 78 295 
166 295 
 73 296 
109 296 
111 296 
 75 297 
 77 298 
 78 298 
 83 299 
 84 299 
 89 299 
 80 300 
 85 300 
 82 301 
 87 301 
 83 302 
131 302 
134 302 
135 302 
 79 303 
134 303 
135 303 
 81 304 
133 304 
134 304 
135 304 
 84 305 
 89 306 
 90 306 
 95 306 
 86 307 
 91 307 
 88 308 
 93 308 
 89 309 
 90 309 
104 309 
107 309 
108 309 
 85 310 
 86 310 
107 310 
108 310 
 87 311 
 88 311 
106 311 
107 311 
108 311 
 90 312 
 95 313 
 96 313 
122 313 
123 313 
 91 314 
 92 314 
119 314 
 93 315 
 94 315 
121 315 
 96 316 
 97 317 
101 317 
102 317 
103 317 
 99 318 
101 318 
102 318 
105 318 
 97 319 
 99 320 
101 321 
102 321 
104 322 
109 322 
111 322 
106 323 
107 324 
108 324 
109 325 
111 325 
131 325 
110 326 
133 326 
109 327 
111 327 
125 327 
127 328 
109 329 
111 329 
113 329 
111 330 
117 330 
115 331 
109 332 
111 332 
161 332 
162 332 
111 333 
158 333 
110 334 
160 334 
113 335 
116 335 
117 335 
122 335 
116 336 
117 336 
118 336 
115 337 
116 337 
117 337 
120 337 
112 338 
202 338 
206 338 
207 338 
114 339 
204 339 
206 339 
207 339 
116 340 
117 340 
122 341 
123 341 
125 341 
128 341 
129 341 
118 342 
119 342 
128 342 
129 342 
120 343 
121 343 
127 343 
128 343 
129 343 
123 344 
124 345 
128 345 
129 345 
190 345 
128 346 
129 346 
194 346 
126 347 
128 347 
129 347 
192 347 
124 348 
196 348 
200 348 
201 348 
126 349 
198 349 
200 349 
201 349 
128 350 
129 350 
130 351 
134 351 
135 351 
140 351 
141 351 
134 352 
135 352 
136 352 
137 352 
132 353 
134 353 
135 353 
138 353 
139 353 
130 354 
154 354 
156 354 
132 355 
155 355 
134 356 
135 356 
140 357 
143 357 
146 357 
147 357 
136 358 
146 358 
147 358 
138 359 
145 359 
146 359 
147 359 
141 360 
142 361 
144 362 
143 363 
149 363 
152 363 
153 363 
147 364 
152 364 
153 364 
145 365 
151 365 
152 365 
153 365 
146 366 
147 366 
148 367 
150 368 
149 369 
154 369 
156 369 
153 370 
156 370 
151 371 
152 372 
153 372 
154 373 
156 373 
155 374 
161 375 
162 375 
163 375 
167 375 
168 375 
157 376 
158 376 
167 376 
168 376 
159 377 
160 377 
165 377 
167 377 
168 377 
161 378 
191 378 
194 378 
195 378 
157 379 
194 379 
195 379 
159 380 
193 380 
194 380 
195 380 
162 381 
164 382 
167 382 
168 382 
170 382 
167 383 
168 383 
174 383 
166 384 
167 384 
168 384 
172 384 
163 385 
185 385 
188 385 
189 385 
165 386 
187 386 
188 386 
189 386 
167 387 
168 387 
169 388 
173 388 
174 388 
191 388 
171 389 
173 389 
174 389 
193 389 
170 390 
173 390 
174 390 
176 390 
173 391 
174 391 
180 391 
172 392 
173 392 
174 392 
178 392 
169 393 
181 393 
183 393 
171 394 
182 394 
173 395 
174 395 
175 396 
179 396 
180 396 
181 396 
183 396 
179 397 
180 397 
183 397 
177 398 
179 398 
180 398 
182 398 
175 399 
177 400 
179 401 
180 401 
181 402 
183 402 
185 402 
187 403 
184 404 
188 405 
186 406 
188 407 
189 407 
194 408 
195 408 
196 409 
198 410 
200 411 
201 411 
202 412 
204 413 
206 414 
207 414 
