131 131    536 
  1 132 
 58 132 
112 132 
  2 133 
  7 133 
 58 133 
 59 133 
112 133 
113 133 
  3 134 
  8 134 
 59 134 
 60 134 
113 134 
114 134 
  4 135 
  9 135 
 60 135 
 61 135 
114 135 
115 135 
  5 136 
 61 136 
115 136 
  6 137 
  7 137 
 58 137 
 64 137 
116 137 
  7 138 
  8 138 
 12 138 
 32 138 
 58 138 
 59 138 
 64 138 
 65 138 
 93 138 
116 138 
117 138 
  7 139 
  8 139 
  9 139 
 13 139 
 33 139 
 59 139 
 60 139 
 65 139 
 66 139 
 94 139 
117 139 
118 139 
  8 140 
  9 140 
 14 140 
 34 140 
 60 140 
 61 140 
 66 140 
 67 140 
 95 140 
118 140 
119 140 
  9 141 
 10 141 
 61 141 
 67 141 
119 141 
 11 142 
 12 142 
 64 142 
 70 142 
120 142 
  7 143 
 12 143 
 13 143 
 17 143 
 37 143 
 64 143 
 65 143 
 70 143 
 71 143 
 98 143 
120 143 
121 143 
  8 144 
 12 144 
 13 144 
 14 144 
 18 144 
 38 144 
 65 144 
 66 144 
 71 144 
 72 144 
 99 144 
121 144 
122 144 
  9 145 
 13 145 
 14 145 
 19 145 
 39 145 
 66 145 
 67 145 
 72 145 
 73 145 
100 145 
122 145 
123 145 
 14 146 
 15 146 
 67 146 
 73 146 
123 146 
 16 147 
 17 147 
 70 147 
 76 147 
124 147 
 12 148 
 17 148 
 18 148 
 42 148 
 70 148 
 71 148 
 76 148 
 77 148 
103 148 
124 148 
125 148 
 13 149 
 17 149 
 18 149 
 19 149 
 43 149 
 71 149 
 72 149 
 77 149 
 78 149 
104 149 
125 149 
126 149 
 14 150 
 18 150 
 19 150 
 44 150 
 72 150 
 73 150 
 78 150 
 79 150 
105 150 
126 150 
127 150 
 19 151 
 20 151 
 73 151 
 79 151 
127 151 
 21 152 
 76 152 
128 152 
 17 153 
 22 153 
 76 153 
 77 153 
128 153 
129 153 
 18 154 
 23 154 
 77 154 
 78 154 
129 154 
130 154 
 19 155 
 24 155 
 78 155 
 79 155 
130 155 
 25 156 
 79 156 
 26 157 
 27 158 
 32 158 
 28 159 
 33 159 
 29 160 
 34 160 
 30 161 
 31 162 
 32 162 
  7 163 
 31 163 
 32 163 
 33 163 
 37 163 
  8 164 
 32 164 
 33 164 
 34 164 
 38 164 
  9 165 
 33 165 
 34 165 
 39 165 
 34 166 
 35 166 
 36 167 
 37 167 
 12 168 
 32 168 
 36 168 
 37 168 
 38 168 
 42 168 
 13 169 
 33 169 
 37 169 
 38 169 
 39 169 
 43 169 
 14 170 
 34 170 
 38 170 
 39 170 
 44 170 
 39 171 
 40 171 
 41 172 
 42 172 
 17 173 
 37 173 
 41 173 
 42 173 
 43 173 
 18 174 
 38 174 
 42 174 
 43 174 
 44 174 
 19 175 
 39 175 
 43 175 
 44 175 
 44 176 
 45 176 
 46 177 
 42 178 
 47 178 
 43 179 
 48 179 
 44 180 
 49 180 
 50 181 
 51 182 
 52 183 
 58 183 
112 183 
 53 184 
 59 184 
113 184 
 54 185 
 60 185 
114 185 
 55 186 
 61 186 
115 186 
 56 187 
 51 188 
 57 188 
 58 188 
 52 189 
 57 189 
 58 189 
 59 189 
 64 189 
112 189 
116 189 
 53 190 
 58 190 
 59 190 
 60 190 
 65 190 
113 190 
117 190 
 54 191 
 59 191 
 60 191 
 61 191 
 66 191 
114 191 
118 191 
 55 192 
 60 192 
 61 192 
 62 192 
 67 192 
115 192 
119 192 
 56 193 
 61 193 
 62 193 
 63 194 
 64 194 
 58 195 
 63 195 
 64 195 
 65 195 
 70 195 
116 195 
120 195 
 59 196 
 64 196 
 65 196 
 66 196 
 71 196 
117 196 
121 196 
 60 197 
 65 197 
 66 197 
 67 197 
 72 197 
118 197 
122 197 
 61 198 
 66 198 
 67 198 
 68 198 
 73 198 
119 198 
123 198 
 67 199 
 68 199 
 69 200 
 70 200 
 64 201 
 69 201 
 70 201 
 71 201 
 76 201 
120 201 
124 201 
 65 202 
 70 202 
 71 202 
 72 202 
 77 202 
121 202 
125 202 
 66 203 
 71 203 
 72 203 
 73 203 
 78 203 
122 203 
126 203 
 67 204 
 72 204 
 73 204 
 74 204 
 79 204 
123 204 
127 204 
 73 205 
 74 205 
 75 206 
 76 206 
 81 206 
 70 207 
 75 207 
 76 207 
 77 207 
 82 207 
124 207 
128 207 
 71 208 
 76 208 
 77 208 
 78 208 
 83 208 
125 208 
129 208 
 72 209 
 77 209 
 78 209 
 79 209 
 84 209 
126 209 
130 209 
 73 210 
 78 210 
 79 210 
 80 210 
 85 210 
127 210 
 79 211 
 80 211 
 86 211 
 81 212 
 76 213 
 82 213 
128 213 
 77 214 
 83 214 
129 214 
 78 215 
 84 215 
130 215 
 79 216 
 85 216 
 86 217 
 87 218 
 88 219 
 93 219 
 89 220 
 94 220 
 90 221 
 95 221 
 91 222 
 92 223 
 93 223 
  7 224 
 92 224 
 93 224 
 94 224 
 98 224 
  8 225 
 93 225 
 94 225 
 95 225 
 99 225 
  9 226 
 94 226 
 95 226 
100 226 
 95 227 
 96 227 
 97 228 
 98 228 
 12 229 
 93 229 
 97 229 
 98 229 
 99 229 
103 229 
 13 230 
 94 230 
 98 230 
 99 230 
100 230 
104 230 
 14 231 
 95 231 
 99 231 
100 231 
105 231 
100 232 
101 232 
102 233 
103 233 
 17 234 
 98 234 
102 234 
103 234 
104 234 
 18 235 
 99 235 
103 235 
104 235 
105 235 
 19 236 
100 236 
104 236 
105 236 
105 237 
106 237 
107 238 
103 239 
108 239 
104 240 
109 240 
105 241 
110 241 
111 242 
 58 243 
 59 244 
 60 245 
 61 246 
  7 247 
 58 247 
 64 247 
  7 248 
  8 248 
 59 248 
 65 248 
  8 249 
  9 249 
 60 249 
 66 249 
  9 250 
 61 250 
 67 250 
 12 251 
 64 251 
 70 251 
 12 252 
 13 252 
 65 252 
 71 252 
 13 253 
 14 253 
 66 253 
 72 253 
 14 254 
 67 254 
 73 254 
 17 255 
 70 255 
 76 255 
 17 256 
 18 256 
 71 256 
 77 256 
 18 257 
 19 257 
 72 257 
 78 257 
 19 258 
 73 258 
 79 258 
 76 259 
 77 260 
 78 261 
 79 262 
131 262 
