406 406   2716 
  1 407 
  2 407 
  1 408 
 15 407 
  1 421 
356 407 
  1 762 
357 407 
  1 763 
367 407 
  1 773 
380 407 
  1 786 
  2 408 
  3 408 
  2 409 
 15 408 
  2 421 
 16 408 
  2 422 
380 408 
  2 786 
391 408 
  2 797 
  3 409 
  4 409 
  3 410 
 16 409 
  3 422 
 17 409 
  3 423 
391 409 
  3 797 
394 409 
  3 800 
  4 410 
  5 410 
  4 411 
 17 410 
  4 423 
 18 410 
  4 424 
394 410 
  4 800 
396 410 
  4 802 
  5 411 
  6 411 
  5 412 
  7 411 
  5 413 
 18 411 
  5 424 
390 411 
  5 796 
396 411 
  5 802 
  6 412 
  7 412 
  6 413 
390 412 
  6 796 
  7 413 
  8 413 
  7 414 
 18 413 
  7 424 
  8 414 
  9 414 
  8 415 
 18 414 
  8 424 
 20 414 
  8 426 
  9 415 
 10 415 
  9 416 
 20 415 
  9 426 
 21 415 
  9 427 
 10 416 
 11 416 
 10 417 
 12 416 
 10 418 
 21 416 
 10 427 
 11 417 
 12 417 
 11 418 
397 417 
 11 803 
 12 418 
 13 418 
 12 419 
 21 418 
 12 427 
397 418 
 12 803 
406 418 
 12 812 
 13 419 
 14 419 
 13 420 
 19 419 
 13 425 
 21 419 
 13 427 
405 419 
 13 811 
406 419 
 13 812 
 14 420 
 15 420 
 14 421 
 16 420 
 14 422 
 19 420 
 14 425 
403 420 
 14 809 
405 420 
 14 811 
 15 421 
 16 421 
 15 422 
367 421 
 15 773 
403 421 
 15 809 
 16 422 
 17 422 
 16 423 
 19 422 
 16 425 
 17 423 
 18 423 
 17 424 
 19 423 
 17 425 
 20 423 
 17 426 
 18 424 
 20 424 
 18 426 
 19 425 
 20 425 
 19 426 
 21 425 
 19 427 
 20 426 
 21 426 
 20 427 
 21 427 
 22 428 
 23 428 
 22 429 
 36 428 
 22 442 
231 428 
 22 637 
 23 429 
 24 429 
 23 430 
 36 429 
 23 442 
 37 429 
 23 443 
 24 430 
 25 430 
 24 431 
 37 430 
 24 443 
 38 430 
 24 444 
 25 431 
 26 431 
 25 432 
 38 431 
 25 444 
 39 431 
 25 445 
 26 432 
 27 432 
 26 433 
 28 432 
 26 434 
 39 432 
 26 445 
 27 433 
 28 433 
 27 434 
 43 433 
 27 449 
 58 433 
 27 464 
 73 433 
 27 479 
 28 434 
 29 434 
 28 435 
 39 434 
 28 445 
 43 434 
 28 449 
 52 434 
 28 458 
 29 435 
 30 435 
 29 436 
 39 435 
 29 445 
 41 435 
 29 447 
 52 435 
 29 458 
 55 435 
 29 461 
 30 436 
 31 436 
 30 437 
 41 436 
 30 447 
 42 436 
 30 448 
 55 436 
 30 461 
 57 436 
 30 463 
 31 437 
 32 437 
 31 438 
 33 437 
 31 439 
 42 437 
 31 448 
 51 437 
 31 457 
 57 437 
 31 463 
 32 438 
 33 438 
 32 439 
 51 438 
 32 457 
201 438 
 32 607 
216 438 
 32 622 
223 438 
 32 629 
 33 439 
 34 439 
 33 440 
 42 439 
 33 448 
223 439 
 33 629 
234 439 
 33 640 
 34 440 
 35 440 
 34 441 
 40 440 
 34 446 
 42 440 
 34 448 
233 440 
 34 639 
234 440 
 34 640 
 35 441 
 36 441 
 35 442 
 37 441 
 35 443 
 40 441 
 35 446 
232 441 
 35 638 
233 441 
 35 639 
 36 442 
 37 442 
 36 443 
231 442 
 36 637 
232 442 
 36 638 
 37 443 
 38 443 
 37 444 
 40 443 
 37 446 
 38 444 
 39 444 
 38 445 
 40 444 
 38 446 
 41 444 
 38 447 
 39 445 
 41 445 
 39 447 
 40 446 
 41 446 
 40 447 
 42 446 
 40 448 
 41 447 
 42 447 
 41 448 
 42 448 
 43 449 
 44 449 
 43 450 
 52 449 
 43 458 
 58 449 
 43 464 
 67 449 
 43 473 
 44 450 
 45 450 
 44 451 
 52 450 
 44 458 
 53 450 
 44 459 
 67 450 
 44 473 
 70 450 
 44 476 
 45 451 
 46 451 
 45 452 
 53 451 
 45 459 
 54 451 
 45 460 
 70 451 
 45 476 
 72 451 
 45 478 
 46 452 
 47 452 
 46 453 
 48 452 
 46 454 
 54 452 
 46 460 
 66 452 
 46 472 
 72 452 
 46 478 
 47 453 
 48 453 
 47 454 
 66 453 
 47 472 
136 453 
 47 542 
176 453 
 47 582 
191 453 
 47 597 
 48 454 
 49 454 
 48 455 
 54 454 
 48 460 
191 454 
 48 597 
204 454 
 48 610 
 49 455 
 50 455 
 49 456 
 54 455 
 49 460 
 56 455 
 49 462 
203 455 
 49 609 
204 455 
 49 610 
 50 456 
 51 456 
 50 457 
 56 456 
 50 462 
 57 456 
 50 463 
202 456 
 50 608 
203 456 
 50 609 
 51 457 
 57 457 
 51 463 
201 457 
 51 607 
202 457 
 51 608 
 52 458 
 53 458 
 52 459 
 55 458 
 52 461 
 53 459 
 54 459 
 53 460 
 55 459 
 53 461 
 56 459 
 53 462 
 54 460 
 56 460 
 54 462 
 55 461 
 56 461 
 55 462 
 57 461 
 55 463 
 56 462 
 57 462 
 56 463 
 57 463 
 58 464 
 59 464 
 58 465 
 67 464 
 58 473 
 73 464 
 58 479 
 82 464 
 58 488 
 59 465 
 60 465 
 59 466 
 67 465 
 59 473 
 68 465 
 59 474 
 82 465 
 59 488 
 85 465 
 59 491 
 60 466 
 61 466 
 60 467 
 68 466 
 60 474 
 69 466 
 60 475 
 85 466 
 60 491 
 87 466 
 60 493 
 61 467 
 62 467 
 61 468 
 63 467 
 61 469 
 69 467 
 61 475 
 81 467 
 61 487 
 87 467 
 61 493 
 62 468 
 63 468 
 62 469 
 81 468 
 62 487 
 96 468 
 62 502 
111 468 
 62 517 
126 468 
 62 532 
 63 469 
 64 469 
 63 470 
 69 469 
 63 475 
126 469 
 63 532 
137 469 
 63 543 
 64 470 
 65 470 
 64 471 
 69 470 
 64 475 
 71 470 
 64 477 
137 470 
 64 543 
140 470 
 64 546 
 65 471 
 66 471 
 65 472 
 71 471 
 65 477 
 72 471 
 65 478 
140 471 
 65 546 
142 471 
 65 548 
 66 472 
 72 472 
 66 478 
136 472 
 66 542 
142 472 
 66 548 
 67 473 
 68 473 
 67 474 
 70 473 
 67 476 
 68 474 
 69 474 
 68 475 
 70 474 
 68 476 
 71 474 
 68 477 
 69 475 
 71 475 
 69 477 
 70 476 
 71 476 
 70 477 
 72 476 
 70 478 
 71 477 
 72 477 
 71 478 
 72 478 
 73 479 
 74 479 
 73 480 
 82 479 
 73 488 
 74 480 
 75 480 
 74 481 
 82 480 
 74 488 
 83 480 
 74 489 
 75 481 
 76 481 
 75 482 
 83 481 
 75 489 
 84 481 
 75 490 
 76 482 
 77 482 
 76 483 
 78 482 
 76 484 
 84 482 
 76 490 
 77 483 
 78 483 
 77 484 
 88 483 
 77 494 
 78 484 
 79 484 
 78 485 
 84 484 
 78 490 
 88 484 
 78 494 
 97 484 
 78 503 
 79 485 
 80 485 
 79 486 
 84 485 
 79 490 
 86 485 
 79 492 
 97 485 
 79 503 
100 485 
 79 506 
 80 486 
 81 486 
 80 487 
 86 486 
 80 492 
 87 486 
 80 493 
100 486 
 80 506 
102 486 
 80 508 
 81 487 
 87 487 
 81 493 
 96 487 
 81 502 
102 487 
 81 508 
 82 488 
 83 488 
 82 489 
 85 488 
 82 491 
 83 489 
 84 489 
 83 490 
 85 489 
 83 491 
 86 489 
 83 492 
 84 490 
 86 490 
 84 492 
 85 491 
 86 491 
 85 492 
 87 491 
 85 493 
 86 492 
 87 492 
 86 493 
 87 493 
 88 494 
 89 494 
 88 495 
 97 494 
 88 503 
 89 495 
 90 495 
 89 496 
 97 495 
 89 503 
 98 495 
 89 504 
 90 496 
 91 496 
 90 497 
 98 496 
 90 504 
 99 496 
 90 505 
 91 497 
 92 497 
 91 498 
 93 497 
 91 499 
 99 497 
 91 505 
 92 498 
 93 498 
 92 499 
103 498 
 92 509 
 93 499 
 94 499 
 93 500 
 99 499 
 93 505 
103 499 
 93 509 
114 499 
 93 520 
 94 500 
 95 500 
 94 501 
 99 500 
 94 505 
101 500 
 94 507 
113 500 
 94 519 
114 500 
 94 520 
 95 501 
 96 501 
 95 502 
101 501 
 95 507 
102 501 
 95 508 
112 501 
 95 518 
113 501 
 95 519 
 96 502 
102 502 
 96 508 
111 502 
 96 517 
112 502 
 96 518 
 97 503 
 98 503 
 97 504 
100 503 
 97 506 
 98 504 
 99 504 
 98 505 
100 504 
 98 506 
101 504 
 98 507 
 99 505 
101 505 
 99 507 
100 506 
101 506 
100 507 
102 506 
100 508 
101 507 
102 507 
101 508 
102 508 
103 509 
104 509 
103 510 
114 509 
103 520 
104 510 
105 510 
104 511 
114 510 
104 520 
116 510 
104 522 
105 511 
106 511 
105 512 
116 511 
105 522 
117 511 
105 523 
106 512 
107 512 
106 513 
108 512 
106 514 
117 512 
106 523 
107 513 
108 513 
107 514 
118 513 
107 524 
143 513 
107 549 
108 514 
109 514 
108 515 
117 514 
108 523 
118 514 
108 524 
129 514 
108 535 
109 515 
110 515 
109 516 
115 515 
109 521 
117 515 
109 523 
128 515 
109 534 
129 515 
109 535 
110 516 
111 516 
110 517 
112 516 
110 518 
115 516 
110 521 
127 516 
110 533 
128 516 
110 534 
111 517 
112 517 
111 518 
126 517 
111 532 
127 517 
111 533 
112 518 
113 518 
112 519 
115 518 
112 521 
113 519 
114 519 
113 520 
115 519 
113 521 
116 519 
113 522 
114 520 
116 520 
114 522 
115 521 
116 521 
115 522 
117 521 
115 523 
116 522 
117 522 
116 523 
117 523 
118 524 
119 524 
118 525 
129 524 
118 535 
143 524 
118 549 
154 524 
118 560 
119 525 
120 525 
119 526 
129 525 
119 535 
131 525 
119 537 
153 525 
119 559 
154 525 
119 560 
120 526 
121 526 
120 527 
131 526 
120 537 
132 526 
120 538 
152 526 
120 558 
153 526 
120 559 
121 527 
122 527 
121 528 
123 527 
121 529 
132 527 
121 538 
151 527 
121 557 
152 527 
121 558 
122 528 
123 528 
122 529 
133 528 
122 539 
151 528 
122 557 
166 528 
122 572 
123 529 
124 529 
123 530 
132 529 
123 538 
133 529 
123 539 
139 529 
123 545 
124 530 
125 530 
124 531 
130 530 
124 536 
132 530 
124 538 
138 530 
124 544 
139 530 
124 545 
125 531 
126 531 
125 532 
127 531 
125 533 
130 531 
125 536 
137 531 
125 543 
138 531 
125 544 
126 532 
127 532 
126 533 
137 532 
126 543 
127 533 
128 533 
127 534 
130 533 
127 536 
128 534 
129 534 
128 535 
130 534 
128 536 
131 534 
128 537 
129 535 
131 535 
129 537 
130 536 
131 536 
130 537 
132 536 
130 538 
131 537 
132 537 
131 538 
132 538 
133 539 
134 539 
133 540 
139 539 
133 545 
166 539 
133 572 
179 539 
133 585 
134 540 
135 540 
134 541 
139 540 
134 545 
141 540 
134 547 
178 540 
134 584 
179 540 
134 585 
135 541 
136 541 
135 542 
141 541 
135 547 
142 541 
135 548 
177 541 
135 583 
178 541 
135 584 
136 542 
142 542 
136 548 
176 542 
136 582 
177 542 
136 583 
137 543 
138 543 
137 544 
140 543 
137 546 
138 544 
139 544 
138 545 
140 544 
138 546 
141 544 
138 547 
139 545 
141 545 
139 547 
140 546 
141 546 
140 547 
142 546 
140 548 
141 547 
142 547 
141 548 
142 548 
143 549 
144 549 
143 550 
154 549 
143 560 
144 550 
145 550 
144 551 
154 550 
144 560 
156 550 
144 562 
145 551 
146 551 
145 552 
156 551 
145 562 
157 551 
145 563 
146 552 
147 552 
146 553 
148 552 
146 554 
157 552 
146 563 
147 553 
148 553 
147 554 
158 553 
147 564 
288 553 
147 694 
148 554 
149 554 
148 555 
157 554 
148 563 
158 554 
148 564 
169 554 
148 575 
149 555 
150 555 
149 556 
155 555 
149 561 
157 555 
149 563 
168 555 
149 574 
169 555 
149 575 
150 556 
151 556 
150 557 
152 556 
150 558 
155 556 
150 561 
167 556 
150 573 
168 556 
150 574 
151 557 
152 557 
151 558 
166 557 
151 572 
167 557 
151 573 
152 558 
153 558 
152 559 
155 558 
152 561 
153 559 
154 559 
153 560 
155 559 
153 561 
156 559 
153 562 
154 560 
156 560 
154 562 
155 561 
156 561 
155 562 
157 561 
155 563 
156 562 
157 562 
156 563 
157 563 
158 564 
159 564 
158 565 
169 564 
158 575 
288 564 
158 694 
294 564 
158 700 
159 565 
160 565 
159 566 
169 565 
159 575 
171 565 
159 577 
293 565 
159 699 
294 565 
159 700 
160 566 
161 566 
160 567 
171 566 
160 577 
172 566 
160 578 
292 566 
160 698 
293 566 
160 699 
161 567 
162 567 
161 568 
163 567 
161 569 
172 567 
161 578 
273 567 
161 679 
292 567 
161 698 
162 568 
163 568 
162 569 
173 568 
162 579 
183 568 
162 589 
263 568 
162 669 
273 568 
162 679 
163 569 
164 569 
163 570 
172 569 
163 578 
173 569 
163 579 
182 569 
163 588 
164 570 
165 570 
164 571 
170 570 
164 576 
172 570 
164 578 
181 570 
164 587 
182 570 
164 588 
165 571 
166 571 
165 572 
167 571 
165 573 
170 571 
165 576 
179 571 
165 585 
181 571 
165 587 
166 572 
167 572 
166 573 
179 572 
166 585 
167 573 
168 573 
167 574 
170 573 
167 576 
168 574 
169 574 
168 575 
170 574 
168 576 
171 574 
168 577 
169 575 
171 575 
169 577 
170 576 
171 576 
170 577 
172 576 
170 578 
171 577 
172 577 
171 578 
172 578 
173 579 
174 579 
173 580 
182 579 
173 588 
183 579 
173 589 
194 579 
173 600 
174 580 
175 580 
174 581 
180 580 
174 586 
182 580 
174 588 
193 580 
174 599 
194 580 
174 600 
175 581 
176 581 
175 582 
177 581 
175 583 
180 581 
175 586 
192 581 
175 598 
193 581 
175 599 
176 582 
177 582 
176 583 
191 582 
176 597 
192 582 
176 598 
177 583 
178 583 
177 584 
180 583 
177 586 
178 584 
179 584 
178 585 
180 584 
178 586 
181 584 
178 587 
179 585 
181 585 
179 587 
180 586 
181 586 
180 587 
182 586 
180 588 
181 587 
182 587 
181 588 
182 588 
183 589 
184 589 
183 590 
194 589 
183 600 
263 589 
183 669 
269 589 
183 675 
184 590 
185 590 
184 591 
194 590 
184 600 
196 590 
184 602 
268 590 
184 674 
269 590 
184 675 
185 591 
186 591 
185 592 
196 591 
185 602 
197 591 
185 603 
267 591 
185 673 
268 591 
185 674 
186 592 
187 592 
186 593 
188 592 
186 594 
197 592 
186 603 
248 592 
186 654 
267 592 
186 673 
187 593 
188 593 
187 594 
198 593 
187 604 
208 593 
187 614 
248 593 
187 654 
188 594 
189 594 
188 595 
197 594 
188 603 
198 594 
188 604 
207 594 
188 613 
189 595 
190 595 
189 596 
195 595 
189 601 
197 595 
189 603 
206 595 
189 612 
207 595 
189 613 
190 596 
191 596 
190 597 
192 596 
190 598 
195 596 
190 601 
204 596 
190 610 
206 596 
190 612 
191 597 
192 597 
191 598 
204 597 
191 610 
192 598 
193 598 
192 599 
195 598 
192 601 
193 599 
194 599 
193 600 
195 599 
193 601 
196 599 
193 602 
194 600 
196 600 
194 602 
195 601 
196 601 
195 602 
197 601 
195 603 
196 602 
197 602 
196 603 
197 603 
198 604 
199 604 
198 605 
207 604 
198 613 
208 604 
198 614 
219 604 
198 625 
199 605 
200 605 
199 606 
205 605 
199 611 
207 605 
199 613 
218 605 
199 624 
219 605 
199 625 
200 606 
201 606 
200 607 
202 606 
200 608 
205 606 
200 611 
217 606 
200 623 
218 606 
200 624 
201 607 
202 607 
201 608 
216 607 
201 622 
217 607 
201 623 
202 608 
203 608 
202 609 
205 608 
202 611 
203 609 
204 609 
203 610 
205 609 
203 611 
206 609 
203 612 
204 610 
206 610 
204 612 
205 611 
206 611 
205 612 
207 611 
205 613 
206 612 
207 612 
206 613 
207 613 
208 614 
209 614 
208 615 
219 614 
208 625 
248 614 
208 654 
257 614 
208 663 
209 615 
210 615 
209 616 
219 615 
209 625 
221 615 
209 627 
257 615 
209 663 
260 615 
209 666 
210 616 
211 616 
210 617 
221 616 
210 627 
222 616 
210 628 
260 616 
210 666 
262 616 
210 668 
211 617 
212 617 
211 618 
213 617 
211 619 
222 617 
211 628 
256 617 
211 662 
262 617 
211 668 
212 618 
213 618 
212 619 
238 618 
212 644 
256 618 
212 662 
331 618 
212 737 
360 618 
212 766 
213 619 
214 619 
213 620 
222 619 
213 628 
238 619 
213 644 
244 619 
213 650 
214 620 
215 620 
214 621 
220 620 
214 626 
222 620 
214 628 
243 620 
214 649 
244 620 
214 650 
215 621 
216 621 
215 622 
217 621 
215 623 
220 621 
215 626 
242 621 
215 648 
243 621 
215 649 
216 622 
217 622 
216 623 
223 622 
216 629 
242 622 
216 648 
217 623 
218 623 
217 624 
220 623 
217 626 
218 624 
219 624 
218 625 
220 624 
218 626 
221 624 
218 627 
219 625 
221 625 
219 627 
220 626 
221 626 
220 627 
222 626 
220 628 
221 627 
222 627 
221 628 
222 628 
223 629 
224 629 
223 630 
234 629 
223 640 
242 629 
223 648 
224 630 
225 630 
224 631 
234 630 
224 640 
236 630 
224 642 
242 630 
224 648 
245 630 
224 651 
225 631 
226 631 
225 632 
236 631 
225 642 
237 631 
225 643 
245 631 
225 651 
247 631 
225 653 
226 632 
227 632 
226 633 
228 632 
226 634 
237 632 
226 643 
241 632 
226 647 
247 632 
226 653 
227 633 
228 633 
227 634 
241 633 
227 647 
370 633 
227 776 
400 633 
227 806 
228 634 
229 634 
228 635 
237 634 
228 643 
229 635 
230 635 
229 636 
235 635 
229 641 
237 635 
229 643 
230 636 
231 636 
230 637 
232 636 
230 638 
235 636 
230 641 
231 637 
232 637 
231 638 
232 638 
233 638 
232 639 
235 638 
232 641 
233 639 
234 639 
233 640 
235 639 
233 641 
236 639 
233 642 
234 640 
236 640 
234 642 
235 641 
236 641 
235 642 
237 641 
235 643 
236 642 
237 642 
236 643 
237 643 
238 644 
239 644 
238 645 
244 644 
238 650 
360 644 
238 766 
373 644 
238 779 
239 645 
240 645 
239 646 
244 645 
239 650 
246 645 
239 652 
372 645 
239 778 
373 645 
239 779 
240 646 
241 646 
240 647 
246 646 
240 652 
247 646 
240 653 
371 646 
240 777 
372 646 
240 778 
241 647 
247 647 
241 653 
370 647 
241 776 
371 647 
241 777 
242 648 
243 648 
242 649 
245 648 
242 651 
243 649 
244 649 
243 650 
245 649 
243 651 
246 649 
243 652 
244 650 
246 650 
244 652 
245 651 
246 651 
245 652 
247 651 
245 653 
246 652 
247 652 
246 653 
247 653 
248 654 
249 654 
248 655 
257 654 
248 663 
267 654 
248 673 
249 655 
250 655 
249 656 
257 655 
249 663 
258 655 
249 664 
267 655 
249 673 
270 655 
249 676 
250 656 
251 656 
250 657 
258 656 
250 664 
259 656 
250 665 
270 656 
250 676 
272 656 
250 678 
251 657 
252 657 
251 658 
253 657 
251 659 
259 657 
251 665 
266 657 
251 672 
272 657 
251 678 
252 658 
253 658 
252 659 
266 658 
252 672 
281 658 
252 687 
306 658 
252 712 
321 658 
252 727 
253 659 
254 659 
253 660 
259 659 
253 665 
321 659 
253 727 
334 659 
253 740 
254 660 
255 660 
254 661 
259 660 
254 665 
261 660 
254 667 
333 660 
254 739 
334 660 
254 740 
255 661 
256 661 
255 662 
261 661 
255 667 
262 661 
255 668 
332 661 
255 738 
333 661 
255 739 
256 662 
262 662 
256 668 
331 662 
256 737 
332 662 
256 738 
257 663 
258 663 
257 664 
260 663 
257 666 
258 664 
259 664 
258 665 
260 664 
258 666 
261 664 
258 667 
259 665 
261 665 
259 667 
260 666 
261 666 
260 667 
262 666 
260 668 
261 667 
262 667 
261 668 
262 668 
263 669 
264 669 
263 670 
269 669 
263 675 
273 669 
263 679 
282 669 
263 688 
264 670 
265 670 
264 671 
269 670 
264 675 
271 670 
264 677 
282 670 
264 688 
285 670 
264 691 
265 671 
266 671 
265 672 
271 671 
265 677 
272 671 
265 678 
285 671 
265 691 
287 671 
265 693 
266 672 
272 672 
266 678 
281 672 
266 687 
287 672 
266 693 
267 673 
268 673 
267 674 
270 673 
267 676 
268 674 
269 674 
268 675 
270 674 
268 676 
271 674 
268 677 
269 675 
271 675 
269 677 
270 676 
271 676 
270 677 
272 676 
270 678 
271 677 
272 677 
271 678 
272 678 
273 679 
274 679 
273 680 
282 679 
273 688 
292 679 
273 698 
274 680 
275 680 
274 681 
282 680 
274 688 
283 680 
274 689 
292 680 
274 698 
295 680 
274 701 
275 681 
276 681 
275 682 
283 681 
275 689 
284 681 
275 690 
295 681 
275 701 
297 681 
275 703 
276 682 
277 682 
276 683 
278 682 
276 684 
284 682 
276 690 
291 682 
276 697 
297 682 
276 703 
277 683 
278 683 
277 684 
291 683 
277 697 
298 683 
277 704 
278 684 
279 684 
278 685 
284 684 
278 690 
298 684 
278 704 
309 684 
278 715 
279 685 
280 685 
279 686 
284 685 
279 690 
286 685 
279 692 
308 685 
279 714 
309 685 
279 715 
280 686 
281 686 
280 687 
286 686 
280 692 
287 686 
280 693 
307 686 
280 713 
308 686 
280 714 
281 687 
287 687 
281 693 
306 687 
281 712 
307 687 
281 713 
282 688 
283 688 
282 689 
285 688 
282 691 
283 689 
284 689 
283 690 
285 689 
283 691 
286 689 
283 692 
284 690 
286 690 
284 692 
285 691 
286 691 
285 692 
287 691 
285 693 
286 692 
287 692 
286 693 
287 693 
288 694 
289 694 
288 695 
294 694 
288 700 
289 695 
290 695 
289 696 
294 695 
289 700 
296 695 
289 702 
290 696 
291 696 
290 697 
296 696 
290 702 
297 696 
290 703 
291 697 
297 697 
291 703 
292 698 
293 698 
292 699 
295 698 
292 701 
293 699 
294 699 
293 700 
295 699 
293 701 
296 699 
293 702 
294 700 
296 700 
294 702 
295 701 
296 701 
295 702 
297 701 
295 703 
296 702 
297 702 
296 703 
297 703 
298 704 
299 704 
298 705 
309 704 
298 715 
299 705 
300 705 
299 706 
309 705 
299 715 
311 705 
299 717 
300 706 
301 706 
300 707 
311 706 
300 717 
312 706 
300 718 
301 707 
302 707 
301 708 
303 707 
301 709 
312 707 
301 718 
302 708 
303 708 
302 709 
313 708 
302 719 
338 708 
302 744 
303 709 
304 709 
303 710 
312 709 
303 718 
313 709 
303 719 
324 709 
303 730 
304 710 
305 710 
304 711 
310 710 
304 716 
312 710 
304 718 
323 710 
304 729 
324 710 
304 730 
305 711 
306 711 
305 712 
307 711 
305 713 
310 711 
305 716 
322 711 
305 728 
323 711 
305 729 
306 712 
307 712 
306 713 
321 712 
306 727 
322 712 
306 728 
307 713 
308 713 
307 714 
310 713 
307 716 
308 714 
309 714 
308 715 
310 714 
308 716 
311 714 
308 717 
309 715 
311 715 
309 717 
310 716 
311 716 
310 717 
312 716 
310 718 
311 717 
312 717 
311 718 
312 718 
313 719 
314 719 
313 720 
324 719 
313 730 
338 719 
313 744 
349 719 
313 755 
314 720 
315 720 
314 721 
324 720 
314 730 
326 720 
314 732 
348 720 
314 754 
349 720 
314 755 
315 721 
316 721 
315 722 
326 721 
315 732 
327 721 
315 733 
347 721 
315 753 
348 721 
315 754 
316 722 
317 722 
316 723 
318 722 
316 724 
327 722 
316 733 
346 722 
316 752 
347 722 
316 753 
317 723 
318 723 
317 724 
328 723 
317 734 
346 723 
317 752 
353 723 
317 759 
318 724 
319 724 
318 725 
327 724 
318 733 
328 724 
318 734 
337 724 
318 743 
319 725 
320 725 
319 726 
325 725 
319 731 
327 725 
319 733 
336 725 
319 742 
337 725 
319 743 
320 726 
321 726 
320 727 
322 726 
320 728 
325 726 
320 731 
334 726 
320 740 
336 726 
320 742 
321 727 
322 727 
321 728 
334 727 
321 740 
322 728 
323 728 
322 729 
325 728 
322 731 
323 729 
324 729 
323 730 
325 729 
323 731 
326 729 
323 732 
324 730 
326 730 
324 732 
325 731 
326 731 
325 732 
327 731 
325 733 
326 732 
327 732 
326 733 
327 733 
328 734 
329 734 
328 735 
337 734 
328 743 
353 734 
328 759 
363 734 
328 769 
329 735 
330 735 
329 736 
335 735 
329 741 
337 735 
329 743 
362 735 
329 768 
363 735 
329 769 
330 736 
331 736 
330 737 
332 736 
330 738 
335 736 
330 741 
361 736 
330 767 
362 736 
330 768 
331 737 
332 737 
331 738 
360 737 
331 766 
361 737 
331 767 
332 738 
333 738 
332 739 
335 738 
332 741 
333 739 
334 739 
333 740 
335 739 
333 741 
336 739 
333 742 
334 740 
336 740 
334 742 
335 741 
336 741 
335 742 
337 741 
335 743 
336 742 
337 742 
336 743 
337 743 
338 744 
339 744 
338 745 
349 744 
338 755 
339 745 
340 745 
339 746 
349 745 
339 755 
351 745 
339 757 
340 746 
341 746 
340 747 
351 746 
340 757 
352 746 
340 758 
341 747 
342 747 
341 748 
343 747 
341 749 
352 747 
341 758 
342 748 
343 748 
342 749 
377 748 
342 783 
387 748 
342 793 
343 749 
344 749 
343 750 
352 749 
343 758 
377 749 
343 783 
383 749 
343 789 
344 750 
345 750 
344 751 
350 750 
344 756 
352 750 
344 758 
382 750 
344 788 
383 750 
344 789 
345 751 
346 751 
345 752 
347 751 
345 753 
350 751 
345 756 
381 751 
345 787 
382 751 
345 788 
346 752 
347 752 
346 753 
353 752 
346 759 
381 752 
346 787 
347 753 
348 753 
347 754 
350 753 
347 756 
348 754 
349 754 
348 755 
350 754 
348 756 
351 754 
348 757 
349 755 
351 755 
349 757 
350 756 
351 756 
350 757 
352 756 
350 758 
351 757 
352 757 
351 758 
352 758 
353 759 
354 759 
353 760 
363 759 
353 769 
381 759 
353 787 
354 760 
355 760 
354 761 
363 760 
354 769 
365 760 
354 771 
381 760 
354 787 
384 760 
354 790 
355 761 
356 761 
355 762 
365 761 
355 771 
366 761 
355 772 
384 761 
355 790 
386 761 
355 792 
356 762 
357 762 
356 763 
366 762 
356 772 
380 762 
356 786 
386 762 
356 792 
357 763 
358 763 
357 764 
366 763 
357 772 
367 763 
357 773 
376 763 
357 782 
358 764 
359 764 
358 765 
364 764 
358 770 
366 764 
358 772 
375 764 
358 781 
376 764 
358 782 
359 765 
360 765 
359 766 
361 765 
359 767 
364 765 
359 770 
373 765 
359 779 
375 765 
359 781 
360 766 
361 766 
360 767 
373 766 
360 779 
361 767 
362 767 
361 768 
364 767 
361 770 
362 768 
363 768 
362 769 
364 768 
362 770 
365 768 
362 771 
363 769 
365 769 
363 771 
364 770 
365 770 
364 771 
366 770 
364 772 
365 771 
366 771 
365 772 
366 772 
367 773 
368 773 
367 774 
376 773 
367 782 
403 773 
367 809 
368 774 
369 774 
368 775 
374 774 
368 780 
376 774 
368 782 
402 774 
368 808 
403 774 
368 809 
369 775 
370 775 
369 776 
371 775 
369 777 
374 775 
369 780 
401 775 
369 807 
402 775 
369 808 
370 776 
371 776 
370 777 
400 776 
370 806 
401 776 
370 807 
371 777 
372 777 
371 778 
374 777 
371 780 
372 778 
373 778 
372 779 
374 778 
372 780 
375 778 
372 781 
373 779 
375 779 
373 781 
374 780 
375 780 
374 781 
376 780 
374 782 
375 781 
376 781 
375 782 
376 782 
377 783 
378 783 
377 784 
383 783 
377 789 
387 783 
377 793 
393 783 
377 799 
378 784 
379 784 
378 785 
383 784 
378 789 
385 784 
378 791 
392 784 
378 798 
393 784 
378 799 
379 785 
380 785 
379 786 
385 785 
379 791 
386 785 
379 792 
391 785 
379 797 
392 785 
379 798 
380 786 
386 786 
380 792 
391 786 
380 797 
381 787 
382 787 
381 788 
384 787 
381 790 
382 788 
383 788 
382 789 
384 788 
382 790 
385 788 
382 791 
383 789 
385 789 
383 791 
384 790 
385 790 
384 791 
386 790 
384 792 
385 791 
386 791 
385 792 
386 792 
387 793 
388 793 
387 794 
393 793 
387 799 
388 794 
389 794 
388 795 
393 794 
388 799 
395 794 
388 801 
389 795 
390 795 
389 796 
395 795 
389 801 
396 795 
389 802 
390 796 
396 796 
390 802 
391 797 
392 797 
391 798 
394 797 
391 800 
392 798 
393 798 
392 799 
394 798 
392 800 
395 798 
392 801 
393 799 
395 799 
393 801 
394 800 
395 800 
394 801 
396 800 
394 802 
395 801 
396 801 
395 802 
396 802 
397 803 
398 803 
397 804 
406 803 
397 812 
398 804 
399 804 
398 805 
404 804 
398 810 
406 804 
398 812 
399 805 
400 805 
399 806 
401 805 
399 807 
404 805 
399 810 
400 806 
401 806 
400 807 
401 807 
402 807 
401 808 
404 807 
401 810 
402 808 
403 808 
402 809 
404 808 
402 810 
405 808 
402 811 
403 809 
405 809 
403 811 
404 810 
405 810 
404 811 
406 810 
404 812 
405 811 
406 811 
405 812 
406 812 
