147 147   2449 
  1 148 
  2 148 
  1 149 
  8 148 
  1 155 
  9 148 
  1 156 
 10 148 
  1 157 
 11 148 
  1 158 
  2 149 
  3 149 
  2 150 
  9 149 
  2 156 
 10 149 
  2 157 
 11 149 
  2 158 
 12 149 
  2 159 
 13 149 
  2 160 
 14 149 
  2 161 
  3 150 
  4 150 
  3 151 
 12 150 
  3 159 
 13 150 
  3 160 
 14 150 
  3 161 
 15 150 
  3 162 
 16 150 
  3 163 
 17 150 
  3 164 
  4 151 
  5 151 
  4 152 
 15 151 
  4 162 
 16 151 
  4 163 
 17 151 
  4 164 
 18 151 
  4 165 
 19 151 
  4 166 
 20 151 
  4 167 
  5 152 
  6 152 
  5 153 
 18 152 
  5 165 
 19 152 
  5 166 
 20 152 
  5 167 
 21 152 
  5 168 
 22 152 
  5 169 
 23 152 
  5 170 
  6 153 
  7 153 
  6 154 
 21 153 
  6 168 
 22 153 
  6 169 
 23 153 
  6 170 
 24 153 
  6 171 
 25 153 
  6 172 
 26 153 
  6 173 
  7 154 
 24 154 
  7 171 
 25 154 
  7 172 
 26 154 
  7 173 
 27 154 
  7 174 
 28 154 
  7 175 
  8 155 
  9 155 
  8 156 
 10 155 
  8 157 
 11 155 
  8 158 
 29 155 
  8 176 
  9 156 
 10 156 
  9 157 
 11 156 
  9 158 
 12 156 
  9 159 
 13 156 
  9 160 
 14 156 
  9 161 
 29 156 
  9 176 
 30 156 
  9 177 
 31 156 
  9 178 
 32 156 
  9 179 
 10 157 
 11 157 
 10 158 
 12 157 
 10 159 
 13 157 
 10 160 
 14 157 
 10 161 
 29 157 
 10 176 
 30 157 
 10 177 
 31 157 
 10 178 
 32 157 
 10 179 
 11 158 
 12 158 
 11 159 
 13 158 
 11 160 
 14 158 
 11 161 
 29 158 
 11 176 
 30 158 
 11 177 
 31 158 
 11 178 
 32 158 
 11 179 
 12 159 
 13 159 
 12 160 
 14 159 
 12 161 
 15 159 
 12 162 
 16 159 
 12 163 
 17 159 
 12 164 
 30 159 
 12 177 
 31 159 
 12 178 
 32 159 
 12 179 
 33 159 
 12 180 
 34 159 
 12 181 
 35 159 
 12 182 
 13 160 
 14 160 
 13 161 
 15 160 
 13 162 
 16 160 
 13 163 
 17 160 
 13 164 
 30 160 
 13 177 
 31 160 
 13 178 
 32 160 
 13 179 
 33 160 
 13 180 
 34 160 
 13 181 
 35 160 
 13 182 
 14 161 
 15 161 
 14 162 
 16 161 
 14 163 
 17 161 
 14 164 
 30 161 
 14 177 
 31 161 
 14 178 
 32 161 
 14 179 
 33 161 
 14 180 
 34 161 
 14 181 
 35 161 
 14 182 
 15 162 
 16 162 
 15 163 
 17 162 
 15 164 
 18 162 
 15 165 
 19 162 
 15 166 
 20 162 
 15 167 
 33 162 
 15 180 
 34 162 
 15 181 
 35 162 
 15 182 
 36 162 
 15 183 
 37 162 
 15 184 
 38 162 
 15 185 
 16 163 
 17 163 
 16 164 
 18 163 
 16 165 
 19 163 
 16 166 
 20 163 
 16 167 
 33 163 
 16 180 
 34 163 
 16 181 
 35 163 
 16 182 
 36 163 
 16 183 
 37 163 
 16 184 
 38 163 
 16 185 
 17 164 
 18 164 
 17 165 
 19 164 
 17 166 
 20 164 
 17 167 
 33 164 
 17 180 
 34 164 
 17 181 
 35 164 
 17 182 
 36 164 
 17 183 
 37 164 
 17 184 
 38 164 
 17 185 
 18 165 
 19 165 
 18 166 
 20 165 
 18 167 
 21 165 
 18 168 
 22 165 
 18 169 
 23 165 
 18 170 
 36 165 
 18 183 
 37 165 
 18 184 
 38 165 
 18 185 
 39 165 
 18 186 
 40 165 
 18 187 
 41 165 
 18 188 
 19 166 
 20 166 
 19 167 
 21 166 
 19 168 
 22 166 
 19 169 
 23 166 
 19 170 
 36 166 
 19 183 
 37 166 
 19 184 
 38 166 
 19 185 
 39 166 
 19 186 
 40 166 
 19 187 
 41 166 
 19 188 
 20 167 
 21 167 
 20 168 
 22 167 
 20 169 
 23 167 
 20 170 
 36 167 
 20 183 
 37 167 
 20 184 
 38 167 
 20 185 
 39 167 
 20 186 
 40 167 
 20 187 
 41 167 
 20 188 
 21 168 
 22 168 
 21 169 
 23 168 
 21 170 
 24 168 
 21 171 
 25 168 
 21 172 
 26 168 
 21 173 
 39 168 
 21 186 
 40 168 
 21 187 
 41 168 
 21 188 
 42 168 
 21 189 
 43 168 
 21 190 
 44 168 
 21 191 
 22 169 
 23 169 
 22 170 
 24 169 
 22 171 
 25 169 
 22 172 
 26 169 
 22 173 
 39 169 
 22 186 
 40 169 
 22 187 
 41 169 
 22 188 
 42 169 
 22 189 
 43 169 
 22 190 
 44 169 
 22 191 
 23 170 
 24 170 
 23 171 
 25 170 
 23 172 
 26 170 
 23 173 
 39 170 
 23 186 
 40 170 
 23 187 
 41 170 
 23 188 
 42 170 
 23 189 
 43 170 
 23 190 
 44 170 
 23 191 
 24 171 
 25 171 
 24 172 
 26 171 
 24 173 
 27 171 
 24 174 
 28 171 
 24 175 
 42 171 
 24 189 
 43 171 
 24 190 
 44 171 
 24 191 
 45 171 
 24 192 
 46 171 
 24 193 
 47 171 
 24 194 
 25 172 
 26 172 
 25 173 
 27 172 
 25 174 
 28 172 
 25 175 
 42 172 
 25 189 
 43 172 
 25 190 
 44 172 
 25 191 
 45 172 
 25 192 
 46 172 
 25 193 
 47 172 
 25 194 
 26 173 
 27 173 
 26 174 
 28 173 
 26 175 
 42 173 
 26 189 
 43 173 
 26 190 
 44 173 
 26 191 
 45 173 
 26 192 
 46 173 
 26 193 
 47 173 
 26 194 
 27 174 
 28 174 
 27 175 
 45 174 
 27 192 
 46 174 
 27 193 
 47 174 
 27 194 
 48 174 
 27 195 
 49 174 
 27 196 
 28 175 
 45 175 
 28 192 
 46 175 
 28 193 
 47 175 
 28 194 
 48 175 
 28 195 
 49 175 
 28 196 
 29 176 
 30 176 
 29 177 
 31 176 
 29 178 
 32 176 
 29 179 
 50 176 
 29 197 
 30 177 
 31 177 
 30 178 
 32 177 
 30 179 
 33 177 
 30 180 
 34 177 
 30 181 
 35 177 
 30 182 
 50 177 
 30 197 
 51 177 
 30 198 
 52 177 
 30 199 
 53 177 
 30 200 
 31 178 
 32 178 
 31 179 
 33 178 
 31 180 
 34 178 
 31 181 
 35 178 
 31 182 
 50 178 
 31 197 
 51 178 
 31 198 
 52 178 
 31 199 
 53 178 
 31 200 
 32 179 
 33 179 
 32 180 
 34 179 
 32 181 
 35 179 
 32 182 
 50 179 
 32 197 
 51 179 
 32 198 
 52 179 
 32 199 
 53 179 
 32 200 
 33 180 
 34 180 
 33 181 
 35 180 
 33 182 
 36 180 
 33 183 
 37 180 
 33 184 
 38 180 
 33 185 
 51 180 
 33 198 
 52 180 
 33 199 
 53 180 
 33 200 
 54 180 
 33 201 
 55 180 
 33 202 
 56 180 
 33 203 
 34 181 
 35 181 
 34 182 
 36 181 
 34 183 
 37 181 
 34 184 
 38 181 
 34 185 
 51 181 
 34 198 
 52 181 
 34 199 
 53 181 
 34 200 
 54 181 
 34 201 
 55 181 
 34 202 
 56 181 
 34 203 
 35 182 
 36 182 
 35 183 
 37 182 
 35 184 
 38 182 
 35 185 
 51 182 
 35 198 
 52 182 
 35 199 
 53 182 
 35 200 
 54 182 
 35 201 
 55 182 
 35 202 
 56 182 
 35 203 
 36 183 
 37 183 
 36 184 
 38 183 
 36 185 
 39 183 
 36 186 
 40 183 
 36 187 
 41 183 
 36 188 
 54 183 
 36 201 
 55 183 
 36 202 
 56 183 
 36 203 
 57 183 
 36 204 
 58 183 
 36 205 
 59 183 
 36 206 
 37 184 
 38 184 
 37 185 
 39 184 
 37 186 
 40 184 
 37 187 
 41 184 
 37 188 
 54 184 
 37 201 
 55 184 
 37 202 
 56 184 
 37 203 
 57 184 
 37 204 
 58 184 
 37 205 
 59 184 
 37 206 
 38 185 
 39 185 
 38 186 
 40 185 
 38 187 
 41 185 
 38 188 
 54 185 
 38 201 
 55 185 
 38 202 
 56 185 
 38 203 
 57 185 
 38 204 
 58 185 
 38 205 
 59 185 
 38 206 
 39 186 
 40 186 
 39 187 
 41 186 
 39 188 
 42 186 
 39 189 
 43 186 
 39 190 
 44 186 
 39 191 
 57 186 
 39 204 
 58 186 
 39 205 
 59 186 
 39 206 
 60 186 
 39 207 
 61 186 
 39 208 
 62 186 
 39 209 
 40 187 
 41 187 
 40 188 
 42 187 
 40 189 
 43 187 
 40 190 
 44 187 
 40 191 
 57 187 
 40 204 
 58 187 
 40 205 
 59 187 
 40 206 
 60 187 
 40 207 
 61 187 
 40 208 
 62 187 
 40 209 
 41 188 
 42 188 
 41 189 
 43 188 
 41 190 
 44 188 
 41 191 
 57 188 
 41 204 
 58 188 
 41 205 
 59 188 
 41 206 
 60 188 
 41 207 
 61 188 
 41 208 
 62 188 
 41 209 
 42 189 
 43 189 
 42 190 
 44 189 
 42 191 
 45 189 
 42 192 
 46 189 
 42 193 
 47 189 
 42 194 
 60 189 
 42 207 
 61 189 
 42 208 
 62 189 
 42 209 
 63 189 
 42 210 
 64 189 
 42 211 
 65 189 
 42 212 
 43 190 
 44 190 
 43 191 
 45 190 
 43 192 
 46 190 
 43 193 
 47 190 
 43 194 
 60 190 
 43 207 
 61 190 
 43 208 
 62 190 
 43 209 
 63 190 
 43 210 
 64 190 
 43 211 
 65 190 
 43 212 
 44 191 
 45 191 
 44 192 
 46 191 
 44 193 
 47 191 
 44 194 
 60 191 
 44 207 
 61 191 
 44 208 
 62 191 
 44 209 
 63 191 
 44 210 
 64 191 
 44 211 
 65 191 
 44 212 
 45 192 
 46 192 
 45 193 
 47 192 
 45 194 
 48 192 
 45 195 
 49 192 
 45 196 
 63 192 
 45 210 
 64 192 
 45 211 
 65 192 
 45 212 
 66 192 
 45 213 
 67 192 
 45 214 
 68 192 
 45 215 
 46 193 
 47 193 
 46 194 
 48 193 
 46 195 
 49 193 
 46 196 
 63 193 
 46 210 
 64 193 
 46 211 
 65 193 
 46 212 
 66 193 
 46 213 
 67 193 
 46 214 
 68 193 
 46 215 
 47 194 
 48 194 
 47 195 
 49 194 
 47 196 
 63 194 
 47 210 
 64 194 
 47 211 
 65 194 
 47 212 
 66 194 
 47 213 
 67 194 
 47 214 
 68 194 
 47 215 
 48 195 
 49 195 
 48 196 
 66 195 
 48 213 
 67 195 
 48 214 
 68 195 
 48 215 
 69 195 
 48 216 
 70 195 
 48 217 
 49 196 
 66 196 
 49 213 
 67 196 
 49 214 
 68 196 
 49 215 
 69 196 
 49 216 
 70 196 
 49 217 
 50 197 
 51 197 
 50 198 
 52 197 
 50 199 
 53 197 
 50 200 
 71 197 
 50 218 
 51 198 
 52 198 
 51 199 
 53 198 
 51 200 
 54 198 
 51 201 
 55 198 
 51 202 
 56 198 
 51 203 
 71 198 
 51 218 
 72 198 
 51 219 
 73 198 
 51 220 
 74 198 
 51 221 
 52 199 
 53 199 
 52 200 
 54 199 
 52 201 
 55 199 
 52 202 
 56 199 
 52 203 
 71 199 
 52 218 
 72 199 
 52 219 
 73 199 
 52 220 
 74 199 
 52 221 
 53 200 
 54 200 
 53 201 
 55 200 
 53 202 
 56 200 
 53 203 
 71 200 
 53 218 
 72 200 
 53 219 
 73 200 
 53 220 
 74 200 
 53 221 
 54 201 
 55 201 
 54 202 
 56 201 
 54 203 
 57 201 
 54 204 
 58 201 
 54 205 
 59 201 
 54 206 
 73 201 
 54 220 
 74 201 
 54 221 
 75 201 
 54 222 
 76 201 
 54 223 
 77 201 
 54 224 
 55 202 
 56 202 
 55 203 
 57 202 
 55 204 
 58 202 
 55 205 
 59 202 
 55 206 
 72 202 
 55 219 
 73 202 
 55 220 
 74 202 
 55 221 
 75 202 
 55 222 
 76 202 
 55 223 
 77 202 
 55 224 
 56 203 
 57 203 
 56 204 
 58 203 
 56 205 
 59 203 
 56 206 
 72 203 
 56 219 
 73 203 
 56 220 
 74 203 
 56 221 
 75 203 
 56 222 
 76 203 
 56 223 
 77 203 
 56 224 
 57 204 
 58 204 
 57 205 
 59 204 
 57 206 
 60 204 
 57 207 
 61 204 
 57 208 
 62 204 
 57 209 
 75 204 
 57 222 
 76 204 
 57 223 
 77 204 
 57 224 
 78 204 
 57 225 
 79 204 
 57 226 
 80 204 
 57 227 
 58 205 
 59 205 
 58 206 
 60 205 
 58 207 
 61 205 
 58 208 
 62 205 
 58 209 
 75 205 
 58 222 
 76 205 
 58 223 
 77 205 
 58 224 
 78 205 
 58 225 
 79 205 
 58 226 
 80 205 
 58 227 
 59 206 
 60 206 
 59 207 
 61 206 
 59 208 
 62 206 
 59 209 
 75 206 
 59 222 
 76 206 
 59 223 
 77 206 
 59 224 
 78 206 
 59 225 
 79 206 
 59 226 
 80 206 
 59 227 
 60 207 
 61 207 
 60 208 
 62 207 
 60 209 
 63 207 
 60 210 
 64 207 
 60 211 
 65 207 
 60 212 
 78 207 
 60 225 
 79 207 
 60 226 
 80 207 
 60 227 
 81 207 
 60 228 
 82 207 
 60 229 
 83 207 
 60 230 
 61 208 
 62 208 
 61 209 
 63 208 
 61 210 
 64 208 
 61 211 
 65 208 
 61 212 
 78 208 
 61 225 
 79 208 
 61 226 
 80 208 
 61 227 
 81 208 
 61 228 
 82 208 
 61 229 
 83 208 
 61 230 
 62 209 
 63 209 
 62 210 
 64 209 
 62 211 
 65 209 
 62 212 
 78 209 
 62 225 
 79 209 
 62 226 
 80 209 
 62 227 
 81 209 
 62 228 
 82 209 
 62 229 
 83 209 
 62 230 
 63 210 
 64 210 
 63 211 
 65 210 
 63 212 
 66 210 
 63 213 
 67 210 
 63 214 
 68 210 
 63 215 
 81 210 
 63 228 
 82 210 
 63 229 
 83 210 
 63 230 
 84 210 
 63 231 
 85 210 
 63 232 
 86 210 
 63 233 
 64 211 
 65 211 
 64 212 
 66 211 
 64 213 
 67 211 
 64 214 
 68 211 
 64 215 
 81 211 
 64 228 
 82 211 
 64 229 
 83 211 
 64 230 
 84 211 
 64 231 
 85 211 
 64 232 
 86 211 
 64 233 
 65 212 
 66 212 
 65 213 
 67 212 
 65 214 
 68 212 
 65 215 
 81 212 
 65 228 
 82 212 
 65 229 
 83 212 
 65 230 
 84 212 
 65 231 
 85 212 
 65 232 
 86 212 
 65 233 
 66 213 
 67 213 
 66 214 
 68 213 
 66 215 
 69 213 
 66 216 
 70 213 
 66 217 
 84 213 
 66 231 
 85 213 
 66 232 
 86 213 
 66 233 
 87 213 
 66 234 
 88 213 
 66 235 
 89 213 
 66 236 
 67 214 
 68 214 
 67 215 
 69 214 
 67 216 
 70 214 
 67 217 
 84 214 
 67 231 
 85 214 
 67 232 
 86 214 
 67 233 
 87 214 
 67 234 
 88 214 
 67 235 
 89 214 
 67 236 
 68 215 
 69 215 
 68 216 
 70 215 
 68 217 
 84 215 
 68 231 
 85 215 
 68 232 
 86 215 
 68 233 
 87 215 
 68 234 
 88 215 
 68 235 
 89 215 
 68 236 
 69 216 
 70 216 
 69 217 
 87 216 
 69 234 
 88 216 
 69 235 
 89 216 
 69 236 
 90 216 
 69 237 
 91 216 
 69 238 
 70 217 
 87 217 
 70 234 
 88 217 
 70 235 
 89 217 
 70 236 
 90 217 
 70 237 
 91 217 
 70 238 
 71 218 
 72 218 
 71 219 
 73 218 
 71 220 
 74 218 
 71 221 
 92 218 
 71 239 
 72 219 
 73 219 
 72 220 
 74 219 
 72 221 
 75 219 
 72 222 
 76 219 
 72 223 
 77 219 
 72 224 
 92 219 
 72 239 
 93 219 
 72 240 
 94 219 
 72 241 
 95 219 
 72 242 
 73 220 
 74 220 
 73 221 
 75 220 
 73 222 
 76 220 
 73 223 
 77 220 
 73 224 
 92 220 
 73 239 
 93 220 
 73 240 
 94 220 
 73 241 
 95 220 
 73 242 
 74 221 
 75 221 
 74 222 
 76 221 
 74 223 
 77 221 
 74 224 
 92 221 
 74 239 
 93 221 
 74 240 
 94 221 
 74 241 
 95 221 
 74 242 
 75 222 
 76 222 
 75 223 
 77 222 
 75 224 
 78 222 
 75 225 
 79 222 
 75 226 
 80 222 
 75 227 
 93 222 
 75 240 
 94 222 
 75 241 
 95 222 
 75 242 
 96 222 
 75 243 
 97 222 
 75 244 
 98 222 
 75 245 
 76 223 
 77 223 
 76 224 
 78 223 
 76 225 
 79 223 
 76 226 
 80 223 
 76 227 
 93 223 
 76 240 
 94 223 
 76 241 
 95 223 
 76 242 
 96 223 
 76 243 
 97 223 
 76 244 
 98 223 
 76 245 
 77 224 
 78 224 
 77 225 
 79 224 
 77 226 
 80 224 
 77 227 
 93 224 
 77 240 
 94 224 
 77 241 
 95 224 
 77 242 
 96 224 
 77 243 
 97 224 
 77 244 
 98 224 
 77 245 
 78 225 
 79 225 
 78 226 
 80 225 
 78 227 
 81 225 
 78 228 
 82 225 
 78 229 
 83 225 
 78 230 
 96 225 
 78 243 
 97 225 
 78 244 
 98 225 
 78 245 
 99 225 
 78 246 
100 225 
 78 247 
101 225 
 78 248 
 79 226 
 80 226 
 79 227 
 81 226 
 79 228 
 82 226 
 79 229 
 83 226 
 79 230 
 96 226 
 79 243 
 97 226 
 79 244 
 98 226 
 79 245 
 99 226 
 79 246 
100 226 
 79 247 
101 226 
 79 248 
 80 227 
 81 227 
 80 228 
 82 227 
 80 229 
 83 227 
 80 230 
 96 227 
 80 243 
 97 227 
 80 244 
 98 227 
 80 245 
 99 227 
 80 246 
100 227 
 80 247 
101 227 
 80 248 
 81 228 
 82 228 
 81 229 
 83 228 
 81 230 
 84 228 
 81 231 
 85 228 
 81 232 
 86 228 
 81 233 
 99 228 
 81 246 
100 228 
 81 247 
101 228 
 81 248 
102 228 
 81 249 
103 228 
 81 250 
104 228 
 81 251 
 82 229 
 83 229 
 82 230 
 84 229 
 82 231 
 85 229 
 82 232 
 86 229 
 82 233 
 99 229 
 82 246 
100 229 
 82 247 
101 229 
 82 248 
102 229 
 82 249 
103 229 
 82 250 
104 229 
 82 251 
 83 230 
 84 230 
 83 231 
 85 230 
 83 232 
 86 230 
 83 233 
 99 230 
 83 246 
100 230 
 83 247 
101 230 
 83 248 
102 230 
 83 249 
103 230 
 83 250 
104 230 
 83 251 
 84 231 
 85 231 
 84 232 
 86 231 
 84 233 
 87 231 
 84 234 
 88 231 
 84 235 
 89 231 
 84 236 
103 231 
 84 250 
104 231 
 84 251 
105 231 
 84 252 
106 231 
 84 253 
107 231 
 84 254 
 85 232 
 86 232 
 85 233 
 87 232 
 85 234 
 88 232 
 85 235 
 89 232 
 85 236 
102 232 
 85 249 
103 232 
 85 250 
104 232 
 85 251 
105 232 
 85 252 
106 232 
 85 253 
107 232 
 85 254 
 86 233 
 87 233 
 86 234 
 88 233 
 86 235 
 89 233 
 86 236 
102 233 
 86 249 
103 233 
 86 250 
104 233 
 86 251 
105 233 
 86 252 
106 233 
 86 253 
107 233 
 86 254 
 87 234 
 88 234 
 87 235 
 89 234 
 87 236 
 90 234 
 87 237 
 91 234 
 87 238 
105 234 
 87 252 
106 234 
 87 253 
107 234 
 87 254 
108 234 
 87 255 
109 234 
 87 256 
110 234 
 87 257 
 88 235 
 89 235 
 88 236 
 90 235 
 88 237 
 91 235 
 88 238 
105 235 
 88 252 
106 235 
 88 253 
107 235 
 88 254 
108 235 
 88 255 
109 235 
 88 256 
110 235 
 88 257 
 89 236 
 90 236 
 89 237 
 91 236 
 89 238 
105 236 
 89 252 
106 236 
 89 253 
107 236 
 89 254 
108 236 
 89 255 
109 236 
 89 256 
110 236 
 89 257 
 90 237 
 91 237 
 90 238 
108 237 
 90 255 
109 237 
 90 256 
110 237 
 90 257 
111 237 
 90 258 
112 237 
 90 259 
 91 238 
108 238 
 91 255 
109 238 
 91 256 
110 238 
 91 257 
111 238 
 91 258 
112 238 
 91 259 
 92 239 
 93 239 
 92 240 
 94 239 
 92 241 
 95 239 
 92 242 
113 239 
 92 260 
 93 240 
 94 240 
 93 241 
 95 240 
 93 242 
 96 240 
 93 243 
 97 240 
 93 244 
 98 240 
 93 245 
113 240 
 93 260 
114 240 
 93 261 
115 240 
 93 262 
116 240 
 93 263 
 94 241 
 95 241 
 94 242 
 96 241 
 94 243 
 97 241 
 94 244 
 98 241 
 94 245 
113 241 
 94 260 
114 241 
 94 261 
115 241 
 94 262 
116 241 
 94 263 
 95 242 
 96 242 
 95 243 
 97 242 
 95 244 
 98 242 
 95 245 
113 242 
 95 260 
114 242 
 95 261 
115 242 
 95 262 
116 242 
 95 263 
 96 243 
 97 243 
 96 244 
 98 243 
 96 245 
 99 243 
 96 246 
100 243 
 96 247 
101 243 
 96 248 
114 243 
 96 261 
115 243 
 96 262 
116 243 
 96 263 
117 243 
 96 264 
118 243 
 96 265 
119 243 
 96 266 
 97 244 
 98 244 
 97 245 
 99 244 
 97 246 
100 244 
 97 247 
101 244 
 97 248 
114 244 
 97 261 
115 244 
 97 262 
116 244 
 97 263 
117 244 
 97 264 
118 244 
 97 265 
119 244 
 97 266 
 98 245 
 99 245 
 98 246 
100 245 
 98 247 
101 245 
 98 248 
114 245 
 98 261 
115 245 
 98 262 
116 245 
 98 263 
117 245 
 98 264 
118 245 
 98 265 
119 245 
 98 266 
 99 246 
100 246 
 99 247 
101 246 
 99 248 
102 246 
 99 249 
103 246 
 99 250 
104 246 
 99 251 
117 246 
 99 264 
118 246 
 99 265 
119 246 
 99 266 
120 246 
 99 267 
121 246 
 99 268 
122 246 
 99 269 
100 247 
101 247 
100 248 
102 247 
100 249 
103 247 
100 250 
104 247 
100 251 
117 247 
100 264 
118 247 
100 265 
119 247 
100 266 
120 247 
100 267 
121 247 
100 268 
122 247 
100 269 
101 248 
102 248 
101 249 
103 248 
101 250 
104 248 
101 251 
117 248 
101 264 
118 248 
101 265 
119 248 
101 266 
120 248 
101 267 
121 248 
101 268 
122 248 
101 269 
102 249 
103 249 
102 250 
104 249 
102 251 
105 249 
102 252 
106 249 
102 253 
107 249 
102 254 
120 249 
102 267 
121 249 
102 268 
122 249 
102 269 
123 249 
102 270 
124 249 
102 271 
125 249 
102 272 
103 250 
104 250 
103 251 
105 250 
103 252 
106 250 
103 253 
107 250 
103 254 
120 250 
103 267 
121 250 
103 268 
122 250 
103 269 
123 250 
103 270 
124 250 
103 271 
125 250 
103 272 
104 251 
105 251 
104 252 
106 251 
104 253 
107 251 
104 254 
120 251 
104 267 
121 251 
104 268 
122 251 
104 269 
123 251 
104 270 
124 251 
104 271 
125 251 
104 272 
105 252 
106 252 
105 253 
107 252 
105 254 
108 252 
105 255 
109 252 
105 256 
110 252 
105 257 
123 252 
105 270 
124 252 
105 271 
125 252 
105 272 
126 252 
105 273 
127 252 
105 274 
128 252 
105 275 
106 253 
107 253 
106 254 
108 253 
106 255 
109 253 
106 256 
110 253 
106 257 
123 253 
106 270 
124 253 
106 271 
125 253 
106 272 
126 253 
106 273 
127 253 
106 274 
128 253 
106 275 
107 254 
108 254 
107 255 
109 254 
107 256 
110 254 
107 257 
123 254 
107 270 
124 254 
107 271 
125 254 
107 272 
126 254 
107 273 
127 254 
107 274 
128 254 
107 275 
108 255 
109 255 
108 256 
110 255 
108 257 
111 255 
108 258 
112 255 
108 259 
127 255 
108 274 
128 255 
108 275 
129 255 
108 276 
130 255 
108 277 
131 255 
108 278 
109 256 
110 256 
109 257 
111 256 
109 258 
112 256 
109 259 
126 256 
109 273 
127 256 
109 274 
128 256 
109 275 
129 256 
109 276 
130 256 
109 277 
131 256 
109 278 
110 257 
111 257 
110 258 
112 257 
110 259 
126 257 
110 273 
127 257 
110 274 
128 257 
110 275 
129 257 
110 276 
130 257 
110 277 
131 257 
110 278 
111 258 
112 258 
111 259 
129 258 
111 276 
130 258 
111 277 
131 258 
111 278 
132 258 
111 279 
133 258 
111 280 
112 259 
129 259 
112 276 
130 259 
112 277 
131 259 
112 278 
132 259 
112 279 
133 259 
112 280 
113 260 
114 260 
113 261 
115 260 
113 262 
116 260 
113 263 
134 260 
113 281 
114 261 
115 261 
114 262 
116 261 
114 263 
117 261 
114 264 
118 261 
114 265 
119 261 
114 266 
134 261 
114 281 
135 261 
114 282 
136 261 
114 283 
115 262 
116 262 
115 263 
117 262 
115 264 
118 262 
115 265 
119 262 
115 266 
134 262 
115 281 
135 262 
115 282 
136 262 
115 283 
116 263 
117 263 
116 264 
118 263 
116 265 
119 263 
116 266 
134 263 
116 281 
135 263 
116 282 
136 263 
116 283 
117 264 
118 264 
117 265 
119 264 
117 266 
120 264 
117 267 
121 264 
117 268 
122 264 
117 269 
135 264 
117 282 
136 264 
117 283 
137 264 
117 284 
138 264 
117 285 
118 265 
119 265 
118 266 
120 265 
118 267 
121 265 
118 268 
122 265 
118 269 
135 265 
118 282 
136 265 
118 283 
137 265 
118 284 
138 265 
118 285 
119 266 
120 266 
119 267 
121 266 
119 268 
122 266 
119 269 
135 266 
119 282 
136 266 
119 283 
137 266 
119 284 
138 266 
119 285 
120 267 
121 267 
120 268 
122 267 
120 269 
123 267 
120 270 
124 267 
120 271 
125 267 
120 272 
137 267 
120 284 
138 267 
120 285 
139 267 
120 286 
140 267 
120 287 
121 268 
122 268 
121 269 
123 268 
121 270 
124 268 
121 271 
125 268 
121 272 
137 268 
121 284 
138 268 
121 285 
139 268 
121 286 
140 268 
121 287 
122 269 
123 269 
122 270 
124 269 
122 271 
125 269 
122 272 
137 269 
122 284 
138 269 
122 285 
139 269 
122 286 
140 269 
122 287 
123 270 
124 270 
123 271 
125 270 
123 272 
126 270 
123 273 
127 270 
123 274 
128 270 
123 275 
139 270 
123 286 
140 270 
123 287 
141 270 
123 288 
142 270 
123 289 
124 271 
125 271 
124 272 
126 271 
124 273 
127 271 
124 274 
128 271 
124 275 
139 271 
124 286 
140 271 
124 287 
141 271 
124 288 
142 271 
124 289 
125 272 
126 272 
125 273 
127 272 
125 274 
128 272 
125 275 
139 272 
125 286 
140 272 
125 287 
141 272 
125 288 
142 272 
125 289 
126 273 
127 273 
126 274 
128 273 
126 275 
129 273 
126 276 
130 273 
126 277 
131 273 
126 278 
141 273 
126 288 
142 273 
126 289 
143 273 
126 290 
144 273 
126 291 
127 274 
128 274 
127 275 
129 274 
127 276 
130 274 
127 277 
131 274 
127 278 
141 274 
127 288 
142 274 
127 289 
143 274 
127 290 
144 274 
127 291 
128 275 
129 275 
128 276 
130 275 
128 277 
131 275 
128 278 
141 275 
128 288 
142 275 
128 289 
143 275 
128 290 
144 275 
128 291 
129 276 
130 276 
129 277 
131 276 
129 278 
132 276 
129 279 
133 276 
129 280 
143 276 
129 290 
144 276 
129 291 
145 276 
129 292 
146 276 
129 293 
130 277 
131 277 
130 278 
132 277 
130 279 
133 277 
130 280 
143 277 
130 290 
144 277 
130 291 
145 277 
130 292 
146 277 
130 293 
131 278 
132 278 
131 279 
133 278 
131 280 
143 278 
131 290 
144 278 
131 291 
145 278 
131 292 
146 278 
131 293 
132 279 
133 279 
132 280 
145 279 
132 292 
146 279 
132 293 
147 279 
132 294 
133 280 
145 280 
133 292 
146 280 
133 293 
147 280 
133 294 
134 281 
135 281 
134 282 
136 281 
134 283 
135 282 
136 282 
135 283 
137 282 
135 284 
138 282 
135 285 
136 283 
137 283 
136 284 
138 283 
136 285 
137 284 
138 284 
137 285 
139 284 
137 286 
140 284 
137 287 
138 285 
139 285 
138 286 
140 285 
138 287 
139 286 
140 286 
139 287 
141 286 
139 288 
142 286 
139 289 
140 287 
141 287 
140 288 
142 287 
140 289 
141 288 
142 288 
141 289 
143 288 
141 290 
144 288 
141 291 
142 289 
143 289 
142 290 
144 289 
142 291 
143 290 
144 290 
143 291 
145 290 
143 292 
146 290 
143 293 
144 291 
145 291 
144 292 
146 291 
144 293 
145 292 
146 292 
145 293 
147 292 
145 294 
146 293 
147 293 
146 294 
147 294 
