261 261   1500 
  1 262 
 10 262 
 11 262 
 21 262 
 22 262 
  2 263 
 11 263 
 22 263 
  3 264 
  9 264 
 11 264 
 48 264 
 50 264 
  4 265 
 11 265 
 50 265 
  5 266 
  9 266 
 10 266 
 11 266 
 30 266 
 31 266 
 32 266 
  6 267 
 11 267 
 32 267 
  7 268 
  9 268 
 10 268 
 11 268 
 25 268 
 26 268 
 27 268 
  8 269 
 11 269 
 27 269 
  3 270 
  4 270 
  5 270 
  6 270 
  7 270 
  8 270 
 12 270 
  1 271 
  2 271 
  5 271 
  6 271 
  7 271 
  8 271 
 13 271 
  1 272 
  2 272 
  3 272 
  4 272 
  5 272 
  6 272 
  7 272 
  8 272 
  9 273 
 12 273 
 10 274 
 14 275 
 20 275 
 22 275 
 63 275 
 65 275 
 15 276 
 22 276 
 65 276 
 16 277 
 20 277 
 21 277 
 22 277 
 33 277 
 34 277 
 35 277 
 17 278 
 22 278 
 35 278 
 18 279 
 20 279 
 21 279 
 22 279 
 30 279 
 31 279 
 32 279 
 19 280 
 22 280 
 32 280 
 14 281 
 15 281 
 16 281 
 17 281 
 18 281 
 19 281 
 23 281 
 24 281 
  1 282 
  2 282 
 16 282 
 17 282 
 18 282 
 19 282 
 23 282 
 24 282 
  1 283 
  2 283 
 14 283 
 15 283 
 16 283 
 17 283 
 18 283 
 19 283 
 20 284 
 21 284 
 23 284 
 20 285 
 21 285 
  7 286 
  8 286 
 29 286 
 44 286 
 45 286 
  7 287 
  8 287 
 44 287 
 45 287 
  7 288 
  8 288 
 28 288 
 44 288 
 45 288 
 27 289 
 25 290 
  5 291 
  6 291 
 18 291 
 19 291 
 46 291 
 47 291 
 59 291 
 60 291 
  5 292 
  6 292 
 18 292 
 19 292 
 46 292 
 47 292 
 59 292 
 60 292 
  5 293 
  6 293 
 18 293 
 19 293 
 46 293 
 47 293 
 59 293 
 60 293 
 16 294 
 17 294 
 61 294 
 62 294 
 70 294 
 71 294 
 16 295 
 17 295 
 61 295 
 62 295 
 70 295 
 71 295 
 16 296 
 17 296 
 61 296 
 62 296 
 70 296 
 71 296 
 36 297 
 49 297 
 50 297 
 64 297 
 65 297 
 37 298 
 50 298 
 65 298 
 38 299 
 48 299 
 50 299 
100 299 
102 299 
 39 300 
 50 300 
102 300 
 40 301 
 48 301 
 49 301 
 50 301 
 82 301 
 83 301 
 84 301 
 41 302 
 50 302 
 84 302 
 42 303 
 48 303 
 49 303 
 50 303 
 77 303 
 78 303 
 79 303 
 43 304 
 50 304 
 79 304 
 25 305 
 26 305 
 27 305 
 44 305 
 48 305 
 49 305 
 50 305 
 27 306 
 45 306 
 50 306 
 30 307 
 31 307 
 32 307 
 46 307 
 48 307 
 49 307 
 50 307 
 32 308 
 47 308 
 50 308 
  3 309 
  4 309 
 38 309 
 39 309 
 40 309 
 41 309 
 42 309 
 43 309 
 44 309 
 45 309 
 46 309 
 47 309 
 36 310 
 37 310 
 40 310 
 41 310 
 42 310 
 43 310 
 44 310 
 45 310 
 46 310 
 47 310 
  3 311 
  4 311 
 36 311 
 37 311 
 38 311 
 39 311 
 40 311 
 41 311 
 42 311 
 43 311 
 44 311 
 45 311 
 46 311 
 47 311 
 51 312 
 64 312 
 65 312 
 73 312 
 74 312 
 52 313 
 65 313 
 74 313 
 53 314 
 63 314 
 65 314 
115 314 
117 314 
 54 315 
 65 315 
117 315 
 55 316 
 63 316 
 64 316 
 65 316 
 85 316 
 86 316 
 87 316 
 56 317 
 65 317 
 87 317 
 57 318 
 63 318 
 64 318 
 65 318 
 82 318 
 83 318 
 84 318 
 58 319 
 65 319 
 84 319 
 30 320 
 31 320 
 32 320 
 59 320 
 63 320 
 64 320 
 65 320 
 32 321 
 60 321 
 65 321 
 33 322 
 34 322 
 35 322 
 61 322 
 63 322 
 64 322 
 65 322 
 35 323 
 62 323 
 65 323 
 14 324 
 15 324 
 53 324 
 54 324 
 55 324 
 56 324 
 57 324 
 58 324 
 59 324 
 60 324 
 61 324 
 62 324 
 36 325 
 37 325 
 51 325 
 52 325 
 55 325 
 56 325 
 57 325 
 58 325 
 59 325 
 60 325 
 61 325 
 62 325 
 14 326 
 15 326 
 36 326 
 37 326 
 51 326 
 52 326 
 53 326 
 54 326 
 55 326 
 56 326 
 57 326 
 58 326 
 59 326 
 60 326 
 61 326 
 62 326 
 66 327 
 72 327 
 74 327 
124 327 
126 327 
 67 328 
 74 328 
126 328 
 68 329 
 72 329 
 73 329 
 74 329 
 85 329 
 86 329 
 87 329 
 69 330 
 74 330 
 87 330 
 33 331 
 34 331 
 35 331 
 70 331 
 72 331 
 73 331 
 74 331 
 35 332 
 71 332 
 74 332 
 66 333 
 67 333 
 68 333 
 69 333 
 70 333 
 71 333 
 75 333 
 76 333 
 51 334 
 52 334 
 68 334 
 69 334 
 70 334 
 71 334 
 75 334 
 76 334 
 51 335 
 52 335 
 66 335 
 67 335 
 68 335 
 69 335 
 70 335 
 71 335 
 72 336 
 73 336 
 75 336 
 72 337 
 73 337 
 42 338 
 43 338 
 81 338 
 96 338 
 97 338 
 42 339 
 43 339 
 96 339 
 97 339 
 42 340 
 43 340 
 80 340 
 96 340 
 97 340 
 79 341 
 77 342 
 40 343 
 41 343 
 57 343 
 58 343 
 98 343 
 99 343 
111 343 
112 343 
 40 344 
 41 344 
 57 344 
 58 344 
 98 344 
 99 344 
111 344 
112 344 
 40 345 
 41 345 
 57 345 
 58 345 
 98 345 
 99 345 
111 345 
112 345 
 55 346 
 56 346 
 68 346 
 69 346 
113 346 
114 346 
122 346 
123 346 
 55 347 
 56 347 
 68 347 
 69 347 
113 347 
114 347 
122 347 
123 347 
 55 348 
 56 348 
 68 348 
 69 348 
113 348 
114 348 
122 348 
123 348 
 88 349 
101 349 
102 349 
116 349 
117 349 
 89 350 
102 350 
117 350 
 90 351 
100 351 
102 351 
152 351 
154 351 
 91 352 
102 352 
154 352 
 92 353 
100 353 
101 353 
102 353 
134 353 
135 353 
136 353 
 93 354 
102 354 
136 354 
 94 355 
100 355 
101 355 
102 355 
129 355 
130 355 
131 355 
 95 356 
102 356 
131 356 
 77 357 
 78 357 
 79 357 
 96 357 
100 357 
101 357 
102 357 
 79 358 
 97 358 
102 358 
 82 359 
 83 359 
 84 359 
 98 359 
100 359 
101 359 
102 359 
 84 360 
 99 360 
102 360 
 38 361 
 39 361 
 90 361 
 91 361 
 92 361 
 93 361 
 94 361 
 95 361 
 96 361 
 97 361 
 98 361 
 99 361 
 88 362 
 89 362 
 92 362 
 93 362 
 94 362 
 95 362 
 96 362 
 97 362 
 98 362 
 99 362 
 38 363 
 39 363 
 88 363 
 89 363 
 90 363 
 91 363 
 92 363 
 93 363 
 94 363 
 95 363 
 96 363 
 97 363 
 98 363 
 99 363 
103 364 
116 364 
117 364 
125 364 
126 364 
104 365 
117 365 
126 365 
105 366 
115 366 
117 366 
167 366 
169 366 
106 367 
117 367 
169 367 
107 368 
115 368 
116 368 
117 368 
137 368 
138 368 
139 368 
108 369 
117 369 
139 369 
109 370 
115 370 
116 370 
117 370 
134 370 
135 370 
136 370 
110 371 
117 371 
136 371 
 82 372 
 83 372 
 84 372 
111 372 
115 372 
116 372 
117 372 
 84 373 
112 373 
117 373 
 85 374 
 86 374 
 87 374 
113 374 
115 374 
116 374 
117 374 
 87 375 
114 375 
117 375 
 53 376 
 54 376 
105 376 
106 376 
107 376 
108 376 
109 376 
110 376 
111 376 
112 376 
113 376 
114 376 
 88 377 
 89 377 
103 377 
104 377 
107 377 
108 377 
109 377 
110 377 
111 377 
112 377 
113 377 
114 377 
 53 378 
 54 378 
 88 378 
 89 378 
103 378 
104 378 
105 378 
106 378 
107 378 
108 378 
109 378 
110 378 
111 378 
112 378 
113 378 
114 378 
118 379 
124 379 
126 379 
176 379 
178 379 
119 380 
126 380 
178 380 
120 381 
124 381 
125 381 
126 381 
137 381 
138 381 
139 381 
121 382 
126 382 
139 382 
 85 383 
 86 383 
 87 383 
122 383 
124 383 
125 383 
126 383 
 87 384 
123 384 
126 384 
 66 385 
 67 385 
118 385 
119 385 
120 385 
121 385 
122 385 
123 385 
128 385 
103 386 
104 386 
120 386 
121 386 
122 386 
123 386 
127 386 
 66 387 
 67 387 
103 387 
104 387 
118 387 
119 387 
120 387 
121 387 
122 387 
123 387 
125 388 
127 388 
124 389 
 94 390 
 95 390 
133 390 
148 390 
149 390 
 94 391 
 95 391 
148 391 
149 391 
 94 392 
 95 392 
132 392 
148 392 
149 392 
131 393 
129 394 
 92 395 
 93 395 
109 395 
110 395 
150 395 
151 395 
163 395 
164 395 
 92 396 
 93 396 
109 396 
110 396 
150 396 
151 396 
163 396 
164 396 
 92 397 
 93 397 
109 397 
110 397 
150 397 
151 397 
163 397 
164 397 
107 398 
108 398 
120 398 
121 398 
165 398 
166 398 
174 398 
175 398 
107 399 
108 399 
120 399 
121 399 
165 399 
166 399 
174 399 
175 399 
107 400 
108 400 
120 400 
121 400 
165 400 
166 400 
174 400 
175 400 
140 401 
153 401 
154 401 
168 401 
169 401 
141 402 
154 402 
169 402 
142 403 
152 403 
154 403 
204 403 
206 403 
143 404 
154 404 
206 404 
144 405 
152 405 
153 405 
154 405 
186 405 
187 405 
188 405 
145 406 
154 406 
188 406 
146 407 
152 407 
153 407 
154 407 
181 407 
182 407 
183 407 
147 408 
154 408 
183 408 
129 409 
130 409 
131 409 
148 409 
152 409 
153 409 
154 409 
131 410 
149 410 
154 410 
134 411 
135 411 
136 411 
150 411 
152 411 
153 411 
154 411 
136 412 
151 412 
154 412 
 90 413 
 91 413 
142 413 
143 413 
144 413 
145 413 
146 413 
147 413 
148 413 
149 413 
150 413 
151 413 
140 414 
141 414 
144 414 
145 414 
146 414 
147 414 
148 414 
149 414 
150 414 
151 414 
 90 415 
 91 415 
140 415 
141 415 
142 415 
143 415 
144 415 
145 415 
146 415 
147 415 
148 415 
149 415 
150 415 
151 415 
155 416 
168 416 
169 416 
177 416 
178 416 
156 417 
169 417 
178 417 
157 418 
167 418 
169 418 
219 418 
221 418 
158 419 
169 419 
221 419 
159 420 
167 420 
168 420 
169 420 
189 420 
190 420 
191 420 
160 421 
169 421 
191 421 
161 422 
167 422 
168 422 
169 422 
186 422 
187 422 
188 422 
162 423 
169 423 
188 423 
134 424 
135 424 
136 424 
163 424 
167 424 
168 424 
169 424 
136 425 
164 425 
169 425 
137 426 
138 426 
139 426 
165 426 
167 426 
168 426 
169 426 
139 427 
166 427 
169 427 
105 428 
106 428 
157 428 
158 428 
159 428 
160 428 
161 428 
162 428 
163 428 
164 428 
165 428 
166 428 
140 429 
141 429 
155 429 
156 429 
159 429 
160 429 
161 429 
162 429 
163 429 
164 429 
165 429 
166 429 
105 430 
106 430 
140 430 
141 430 
155 430 
156 430 
157 430 
158 430 
159 430 
160 430 
161 430 
162 430 
163 430 
164 430 
165 430 
166 430 
170 431 
176 431 
178 431 
226 431 
228 431 
171 432 
178 432 
228 432 
172 433 
176 433 
177 433 
178 433 
189 433 
190 433 
191 433 
173 434 
178 434 
191 434 
137 435 
138 435 
139 435 
174 435 
176 435 
177 435 
178 435 
139 436 
175 436 
178 436 
118 437 
119 437 
170 437 
171 437 
172 437 
173 437 
174 437 
175 437 
180 437 
155 438 
156 438 
172 438 
173 438 
174 438 
175 438 
179 438 
118 439 
119 439 
155 439 
156 439 
170 439 
171 439 
172 439 
173 439 
174 439 
175 439 
177 440 
179 440 
176 441 
146 442 
147 442 
185 442 
200 442 
201 442 
146 443 
147 443 
200 443 
201 443 
146 444 
147 444 
184 444 
200 444 
201 444 
183 445 
181 446 
144 447 
145 447 
161 447 
162 447 
202 447 
203 447 
215 447 
216 447 
144 448 
145 448 
161 448 
162 448 
202 448 
203 448 
215 448 
216 448 
144 449 
145 449 
161 449 
162 449 
202 449 
203 449 
215 449 
216 449 
159 450 
160 450 
172 450 
173 450 
217 450 
218 450 
224 450 
225 450 
159 451 
160 451 
172 451 
173 451 
217 451 
218 451 
224 451 
225 451 
159 452 
160 452 
172 452 
173 452 
217 452 
218 452 
224 452 
225 452 
192 453 
205 453 
206 453 
220 453 
221 453 
193 454 
206 454 
221 454 
194 455 
204 455 
206 455 
248 455 
250 455 
195 456 
206 456 
250 456 
196 457 
204 457 
205 457 
206 457 
236 457 
237 457 
238 457 
197 458 
206 458 
238 458 
198 459 
204 459 
205 459 
206 459 
231 459 
232 459 
233 459 
199 460 
206 460 
233 460 
181 461 
182 461 
183 461 
200 461 
204 461 
205 461 
206 461 
183 462 
201 462 
206 462 
186 463 
187 463 
188 463 
202 463 
204 463 
205 463 
206 463 
188 464 
203 464 
206 464 
142 465 
143 465 
194 465 
195 465 
196 465 
197 465 
198 465 
199 465 
200 465 
201 465 
202 465 
203 465 
192 466 
193 466 
196 466 
197 466 
198 466 
199 466 
200 466 
201 466 
202 466 
203 466 
142 467 
143 467 
192 467 
193 467 
194 467 
195 467 
196 467 
197 467 
198 467 
199 467 
200 467 
201 467 
202 467 
203 467 
207 468 
220 468 
221 468 
227 468 
228 468 
208 469 
221 469 
228 469 
209 470 
219 470 
221 470 
257 470 
259 470 
210 471 
221 471 
259 471 
211 472 
219 472 
220 472 
221 472 
239 472 
240 472 
241 472 
212 473 
221 473 
241 473 
213 474 
219 474 
220 474 
221 474 
236 474 
237 474 
238 474 
214 475 
221 475 
238 475 
186 476 
187 476 
188 476 
215 476 
219 476 
220 476 
221 476 
188 477 
216 477 
221 477 
189 478 
190 478 
191 478 
217 478 
219 478 
220 478 
221 478 
191 479 
218 479 
221 479 
157 480 
158 480 
209 480 
210 480 
211 480 
212 480 
213 480 
214 480 
215 480 
216 480 
217 480 
218 480 
192 481 
193 481 
207 481 
208 481 
211 481 
212 481 
213 481 
214 481 
215 481 
216 481 
217 481 
218 481 
157 482 
158 482 
192 482 
193 482 
207 482 
208 482 
209 482 
210 482 
211 482 
212 482 
213 482 
214 482 
215 482 
216 482 
217 482 
218 482 
222 483 
226 483 
227 483 
228 483 
239 483 
240 483 
241 483 
223 484 
228 484 
241 484 
189 485 
190 485 
191 485 
224 485 
226 485 
227 485 
228 485 
191 486 
225 486 
228 486 
170 487 
171 487 
222 487 
223 487 
224 487 
225 487 
229 487 
230 487 
207 488 
208 488 
222 488 
223 488 
224 488 
225 488 
229 488 
230 488 
170 489 
171 489 
207 489 
208 489 
222 489 
223 489 
224 489 
225 489 
226 490 
227 490 
229 490 
226 491 
227 491 
198 492 
199 492 
235 492 
244 492 
245 492 
198 493 
199 493 
244 493 
245 493 
198 494 
199 494 
234 494 
244 494 
245 494 
233 495 
231 496 
196 497 
197 497 
213 497 
214 497 
246 497 
247 497 
253 497 
254 497 
196 498 
197 498 
213 498 
214 498 
246 498 
247 498 
253 498 
254 498 
196 499 
197 499 
213 499 
214 499 
246 499 
247 499 
253 499 
254 499 
211 500 
212 500 
222 500 
223 500 
255 500 
256 500 
211 501 
212 501 
222 501 
223 501 
255 501 
256 501 
211 502 
212 502 
222 502 
223 502 
255 502 
256 502 
242 503 
249 503 
250 503 
258 503 
259 503 
243 504 
250 504 
259 504 
231 505 
232 505 
233 505 
244 505 
248 505 
249 505 
250 505 
233 506 
245 506 
250 506 
236 507 
237 507 
238 507 
246 507 
248 507 
249 507 
250 507 
238 508 
247 508 
250 508 
194 509 
195 509 
244 509 
245 509 
246 509 
247 509 
251 509 
242 510 
243 510 
244 510 
245 510 
246 510 
247 510 
252 510 
194 511 
195 511 
242 511 
243 511 
244 511 
245 511 
246 511 
247 511 
248 512 
251 512 
249 513 
236 514 
237 514 
238 514 
253 514 
257 514 
258 514 
259 514 
238 515 
254 515 
259 515 
239 516 
240 516 
241 516 
255 516 
257 516 
258 516 
259 516 
241 517 
256 517 
259 517 
209 518 
210 518 
253 518 
254 518 
255 518 
256 518 
260 518 
261 518 
242 519 
243 519 
253 519 
254 519 
255 519 
256 519 
260 519 
261 519 
209 520 
210 520 
242 520 
243 520 
253 520 
254 520 
255 520 
256 520 
257 521 
258 521 
260 521 
257 522 
258 522 
