468 468   5172 
  1 469 
  3 469 
  1 471 
  6 469 
  1 474 
  7 469 
  1 475 
 19 469 
  1 487 
 23 469 
  1 491 
 55 469 
  1 523 
 57 469 
  1 525 
 60 469 
  1 528 
  2 470 
  6 470 
  2 474 
  8 470 
  2 476 
 12 470 
  2 480 
 20 470 
  2 488 
 22 470 
  2 490 
 56 470 
  2 524 
  3 471 
  4 471 
  3 472 
  5 471 
  3 473 
  9 471 
  3 477 
 11 471 
  3 479 
 21 471 
  3 489 
 55 471 
  3 523 
 57 471 
  3 525 
 58 471 
  3 526 
  4 472 
 10 472 
  4 478 
 20 472 
  4 488 
 22 472 
  4 490 
 57 472 
  4 525 
 58 472 
  4 526 
  5 473 
  9 473 
  5 477 
 11 473 
  5 479 
 19 473 
  5 487 
 23 473 
  5 491 
 59 473 
  5 527 
  6 474 
  8 474 
  6 476 
 12 474 
  6 480 
 24 474 
  6 492 
 55 474 
  6 523 
 60 474 
  6 528 
  7 475 
 12 475 
  7 480 
 13 475 
  7 481 
 25 475 
  7 493 
 29 475 
  7 497 
 61 475 
  7 529 
 66 475 
  7 534 
  8 476 
 14 476 
  8 482 
 18 476 
  8 486 
 26 476 
  8 494 
 28 476 
  8 496 
 62 476 
  8 530 
  9 477 
 10 477 
  9 478 
 15 477 
  9 483 
 17 477 
  9 485 
 27 477 
  9 495 
 63 477 
  9 531 
 64 477 
  9 532 
 10 478 
 16 478 
 10 484 
 26 478 
 10 494 
 28 478 
 10 496 
 63 478 
 10 531 
 64 478 
 10 532 
 11 479 
 15 479 
 11 483 
 17 479 
 11 485 
 25 479 
 11 493 
 29 479 
 11 497 
 65 479 
 11 533 
 12 480 
 14 480 
 12 482 
 18 480 
 12 486 
 30 480 
 12 498 
 61 480 
 12 529 
 66 480 
 12 534 
 13 481 
 18 481 
 13 486 
 31 481 
 13 499 
 35 481 
 13 503 
 67 481 
 13 535 
 72 481 
 13 540 
 14 482 
 18 482 
 14 486 
 32 482 
 14 500 
 34 482 
 14 502 
 68 482 
 14 536 
 15 483 
 16 483 
 15 484 
 17 483 
 15 485 
 33 483 
 15 501 
 69 483 
 15 537 
 70 483 
 15 538 
 16 484 
 32 484 
 16 500 
 34 484 
 16 502 
 69 484 
 16 537 
 70 484 
 16 538 
 17 485 
 31 485 
 17 499 
 35 485 
 17 503 
 71 485 
 17 539 
 18 486 
 36 486 
 18 504 
 67 486 
 18 535 
 72 486 
 18 540 
 19 487 
 24 487 
 19 492 
 25 487 
 19 493 
 37 487 
 19 505 
 41 487 
 19 509 
 73 487 
 19 541 
 78 487 
 19 546 
 20 488 
 24 488 
 20 492 
 26 488 
 20 494 
 30 488 
 20 498 
 38 488 
 20 506 
 40 488 
 20 508 
 74 488 
 20 542 
 21 489 
 22 489 
 21 490 
 23 489 
 21 491 
 27 489 
 21 495 
 29 489 
 21 497 
 39 489 
 21 507 
 75 489 
 21 543 
 76 489 
 21 544 
 22 490 
 28 490 
 22 496 
 38 490 
 22 506 
 40 490 
 22 508 
 75 490 
 22 543 
 76 490 
 22 544 
 23 491 
 27 491 
 23 495 
 29 491 
 23 497 
 37 491 
 23 505 
 41 491 
 23 509 
 77 491 
 23 545 
 24 492 
 26 492 
 24 494 
 30 492 
 24 498 
 42 492 
 24 510 
 73 492 
 24 541 
 78 492 
 24 546 
 25 493 
 30 493 
 25 498 
 31 493 
 25 499 
 43 493 
 25 511 
 47 493 
 25 515 
 79 493 
 25 547 
 84 493 
 25 552 
 26 494 
 32 494 
 26 500 
 36 494 
 26 504 
 44 494 
 26 512 
 46 494 
 26 514 
 80 494 
 26 548 
 27 495 
 28 495 
 27 496 
 33 495 
 27 501 
 35 495 
 27 503 
 45 495 
 27 513 
 81 495 
 27 549 
 82 495 
 27 550 
 28 496 
 34 496 
 28 502 
 44 496 
 28 512 
 46 496 
 28 514 
 81 496 
 28 549 
 82 496 
 28 550 
 29 497 
 33 497 
 29 501 
 35 497 
 29 503 
 43 497 
 29 511 
 47 497 
 29 515 
 83 497 
 29 551 
 30 498 
 32 498 
 30 500 
 36 498 
 30 504 
 48 498 
 30 516 
 79 498 
 30 547 
 84 498 
 30 552 
 31 499 
 34 499 
 31 502 
 36 499 
 31 504 
 49 499 
 31 517 
 53 499 
 31 521 
 85 499 
 31 553 
 88 499 
 31 556 
 90 499 
 31 558 
 32 500 
 36 500 
 32 504 
 50 500 
 32 518 
 52 500 
 32 520 
 86 500 
 32 554 
 33 501 
 34 501 
 33 502 
 35 501 
 33 503 
 36 501 
 33 504 
 51 501 
 33 519 
 87 501 
 33 555 
 88 501 
 33 556 
 90 501 
 33 558 
 34 502 
 36 502 
 34 504 
 50 502 
 34 518 
 52 502 
 34 520 
 85 502 
 34 553 
 87 502 
 34 555 
 88 502 
 34 556 
 90 502 
 34 558 
 35 503 
 49 503 
 35 517 
 53 503 
 35 521 
 89 503 
 35 557 
 36 504 
 54 504 
 36 522 
 85 504 
 36 553 
 87 504 
 36 555 
 88 504 
 36 556 
 90 504 
 36 558 
 37 505 
 41 505 
 37 509 
 42 505 
 37 510 
 43 505 
 37 511 
 91 505 
 37 559 
 96 505 
 37 564 
 38 506 
 40 506 
 38 508 
 42 506 
 38 510 
 44 506 
 38 512 
 48 506 
 38 516 
 92 506 
 38 560 
 39 507 
 40 507 
 39 508 
 41 507 
 39 509 
 45 507 
 39 513 
 47 507 
 39 515 
 93 507 
 39 561 
 94 507 
 39 562 
 40 508 
 46 508 
 40 514 
 93 508 
 40 561 
 94 508 
 40 562 
 41 509 
 45 509 
 41 513 
 47 509 
 41 515 
 95 509 
 41 563 
 42 510 
 44 510 
 42 512 
 48 510 
 42 516 
 91 510 
 42 559 
 96 510 
 42 564 
 43 511 
 46 511 
 43 514 
 47 511 
 43 515 
 48 511 
 43 516 
 49 511 
 43 517 
 97 511 
 43 565 
100 511 
 43 568 
102 511 
 43 570 
 44 512 
 46 512 
 44 514 
 50 512 
 44 518 
 54 512 
 44 522 
 98 512 
 44 566 
 45 513 
 46 513 
 45 514 
 48 513 
 45 516 
 51 513 
 45 519 
 53 513 
 45 521 
 99 513 
 45 567 
100 513 
 45 568 
102 513 
 45 570 
 46 514 
 48 514 
 46 516 
 52 514 
 46 520 
 97 514 
 46 565 
 99 514 
 46 567 
100 514 
 46 568 
102 514 
 46 570 
 47 515 
 51 515 
 47 519 
 53 515 
 47 521 
101 515 
 47 569 
 48 516 
 50 516 
 48 518 
 54 516 
 48 522 
 97 516 
 48 565 
 99 516 
 48 567 
100 516 
 48 568 
102 516 
 48 570 
 49 517 
 51 517 
 49 519 
 52 517 
 49 520 
 53 517 
 49 521 
 54 517 
 49 522 
103 517 
 49 571 
105 517 
 49 573 
106 517 
 49 574 
108 517 
 49 576 
 50 518 
 52 518 
 50 520 
 54 518 
 50 522 
104 518 
 50 572 
 51 519 
 52 519 
 51 520 
 53 519 
 51 521 
 54 519 
 51 522 
103 519 
 51 571 
105 519 
 51 573 
106 519 
 51 574 
108 519 
 51 576 
 52 520 
103 520 
 52 571 
105 520 
 52 573 
106 520 
 52 574 
 53 521 
107 521 
 53 575 
 54 522 
103 522 
 54 571 
105 522 
 54 573 
108 522 
 54 576 
 55 523 
 57 523 
 55 525 
 61 523 
 55 529 
 73 523 
 55 541 
 77 523 
 55 545 
109 523 
 55 577 
111 523 
 55 579 
114 523 
 55 582 
 56 524 
 60 524 
 56 528 
 62 524 
 56 530 
 66 524 
 56 534 
 74 524 
 56 542 
 76 524 
 56 544 
110 524 
 56 578 
 57 525 
 59 525 
 57 527 
 63 525 
 57 531 
 65 525 
 57 533 
 75 525 
 57 543 
109 525 
 57 577 
111 525 
 57 579 
112 525 
 57 580 
 58 526 
 64 526 
 58 532 
 74 526 
 58 542 
 76 526 
 58 544 
111 526 
 58 579 
112 526 
 58 580 
 59 527 
 63 527 
 59 531 
 65 527 
 59 533 
 73 527 
 59 541 
 77 527 
 59 545 
113 527 
 59 581 
 60 528 
 62 528 
 60 530 
 66 528 
 60 534 
 78 528 
 60 546 
109 528 
 60 577 
114 528 
 60 582 
 61 529 
 67 529 
 61 535 
 79 529 
 61 547 
 83 529 
 61 551 
115 529 
 61 583 
120 529 
 61 588 
 62 530 
 68 530 
 62 536 
 72 530 
 62 540 
 80 530 
 62 548 
 82 530 
 62 550 
116 530 
 62 584 
 63 531 
 69 531 
 63 537 
 71 531 
 63 539 
 81 531 
 63 549 
117 531 
 63 585 
118 531 
 63 586 
 64 532 
 70 532 
 64 538 
 80 532 
 64 548 
 82 532 
 64 550 
117 532 
 64 585 
118 532 
 64 586 
 65 533 
 69 533 
 65 537 
 71 533 
 65 539 
 79 533 
 65 547 
 83 533 
 65 551 
119 533 
 65 587 
 66 534 
 68 534 
 66 536 
 72 534 
 66 540 
 84 534 
 66 552 
115 534 
 66 583 
120 534 
 66 588 
 67 535 
 85 535 
 67 553 
 88 535 
 67 556 
 89 535 
 67 557 
121 535 
 67 589 
126 535 
 67 594 
 68 536 
 72 536 
 68 540 
 86 536 
 68 554 
 88 536 
 68 556 
 89 536 
 68 557 
122 536 
 68 590 
 69 537 
 71 537 
 69 539 
 87 537 
 69 555 
123 537 
 69 591 
124 537 
 69 592 
 70 538 
 71 538 
 70 539 
 85 538 
 70 553 
 86 538 
 70 554 
 88 538 
 70 556 
 89 538 
 70 557 
123 538 
 70 591 
124 538 
 70 592 
 71 539 
 85 539 
 71 553 
 86 539 
 71 554 
 88 539 
 71 556 
 89 539 
 71 557 
125 539 
 71 593 
 72 540 
 90 540 
 72 558 
121 540 
 72 589 
126 540 
 72 594 
 73 541 
 79 541 
 73 547 
 91 541 
 73 559 
 95 541 
 73 563 
127 541 
 73 595 
132 541 
 73 600 
 74 542 
 78 542 
 74 546 
 80 542 
 74 548 
 84 542 
 74 552 
 92 542 
 74 560 
 94 542 
 74 562 
128 542 
 74 596 
 75 543 
 77 543 
 75 545 
 81 543 
 75 549 
 83 543 
 75 551 
 93 543 
 75 561 
129 543 
 75 597 
130 543 
 75 598 
 76 544 
 82 544 
 76 550 
 92 544 
 76 560 
 94 544 
 76 562 
129 544 
 76 597 
130 544 
 76 598 
 77 545 
 81 545 
 77 549 
 83 545 
 77 551 
 91 545 
 77 559 
 95 545 
 77 563 
131 545 
 77 599 
 78 546 
 80 546 
 78 548 
 84 546 
 78 552 
 96 546 
 78 564 
127 546 
 78 595 
132 546 
 78 600 
 79 547 
 85 547 
 79 553 
 97 547 
 79 565 
101 547 
 79 569 
133 547 
 79 601 
138 547 
 79 606 
 80 548 
 86 548 
 80 554 
 90 548 
 80 558 
 98 548 
 80 566 
100 548 
 80 568 
134 548 
 80 602 
 81 549 
 87 549 
 81 555 
 89 549 
 81 557 
 99 549 
 81 567 
135 549 
 81 603 
136 549 
 81 604 
 82 550 
 88 550 
 82 556 
 98 550 
 82 566 
100 550 
 82 568 
135 550 
 82 603 
136 550 
 82 604 
 83 551 
 87 551 
 83 555 
 89 551 
 83 557 
 97 551 
 83 565 
101 551 
 83 569 
137 551 
 83 605 
 84 552 
 86 552 
 84 554 
 90 552 
 84 558 
102 552 
 84 570 
133 552 
 84 601 
138 552 
 84 606 
 85 553 
103 553 
 85 571 
106 553 
 85 574 
107 553 
 85 575 
139 553 
 85 607 
142 553 
 85 610 
144 553 
 85 612 
 86 554 
 90 554 
 86 558 
104 554 
 86 572 
106 554 
 86 574 
107 554 
 86 575 
140 554 
 86 608 
 87 555 
 89 555 
 87 557 
105 555 
 87 573 
141 555 
 87 609 
142 555 
 87 610 
144 555 
 87 612 
 88 556 
 89 556 
 88 557 
 90 556 
 88 558 
103 556 
 88 571 
104 556 
 88 572 
106 556 
 88 574 
107 556 
 88 575 
139 556 
 88 607 
141 556 
 88 609 
142 556 
 88 610 
144 556 
 88 612 
 89 557 
103 557 
 89 571 
104 557 
 89 572 
106 557 
 89 574 
107 557 
 89 575 
143 557 
 89 611 
 90 558 
108 558 
 90 576 
139 558 
 90 607 
141 558 
 90 609 
142 558 
 90 610 
144 558 
 90 612 
 91 559 
 95 559 
 91 563 
 97 559 
 91 565 
145 559 
 91 613 
150 559 
 91 618 
 92 560 
 93 560 
 92 561 
 94 560 
 92 562 
 96 560 
 92 564 
 98 560 
 92 566 
 99 560 
 92 567 
102 560 
 92 570 
146 560 
 92 614 
 93 561 
 95 561 
 93 563 
 98 561 
 93 566 
 99 561 
 93 567 
101 561 
 93 569 
147 561 
 93 615 
148 561 
 93 616 
 94 562 
100 562 
 94 568 
147 562 
 94 615 
148 562 
 94 616 
 95 563 
 99 563 
 95 567 
101 563 
 95 569 
149 563 
 95 617 
 96 564 
 98 564 
 96 566 
102 564 
 96 570 
145 564 
 96 613 
150 564 
 96 618 
 97 565 
101 565 
 97 569 
103 565 
 97 571 
151 565 
 97 619 
154 565 
 97 622 
156 565 
 97 624 
 98 566 
 99 566 
 98 567 
100 566 
 98 568 
104 566 
 98 572 
105 566 
 98 573 
108 566 
 98 576 
152 566 
 98 620 
 99 567 
104 567 
 99 572 
105 567 
 99 573 
107 567 
 99 575 
153 567 
 99 621 
154 567 
 99 622 
156 567 
 99 624 
100 568 
102 568 
100 570 
106 568 
100 574 
151 568 
100 619 
153 568 
100 621 
154 568 
100 622 
156 568 
100 624 
101 569 
105 569 
101 573 
107 569 
101 575 
155 569 
101 623 
102 570 
104 570 
102 572 
108 570 
102 576 
151 570 
102 619 
153 570 
102 621 
154 570 
102 622 
156 570 
102 624 
103 571 
105 571 
103 573 
106 571 
103 574 
107 571 
103 575 
157 571 
103 625 
159 571 
103 627 
160 571 
103 628 
162 571 
103 630 
104 572 
105 572 
104 573 
106 572 
104 574 
107 572 
104 575 
108 572 
104 576 
158 572 
104 626 
105 573 
107 573 
105 575 
157 573 
105 625 
159 573 
105 627 
160 573 
105 628 
162 573 
105 630 
106 574 
107 574 
106 575 
157 574 
106 625 
159 574 
106 627 
160 574 
106 628 
107 575 
161 575 
107 629 
108 576 
157 576 
108 625 
159 576 
108 627 
162 576 
108 630 
109 577 
111 577 
109 579 
115 577 
109 583 
127 577 
109 595 
130 577 
109 598 
131 577 
109 599 
163 577 
109 631 
165 577 
109 633 
168 577 
109 636 
110 578 
114 578 
110 582 
116 578 
110 584 
120 578 
110 588 
128 578 
110 596 
130 578 
110 598 
131 578 
110 599 
164 578 
110 632 
111 579 
113 579 
111 581 
117 579 
111 585 
119 579 
111 587 
129 579 
111 597 
163 579 
111 631 
165 579 
111 633 
166 579 
111 634 
112 580 
113 580 
112 581 
118 580 
112 586 
127 580 
112 595 
128 580 
112 596 
130 580 
112 598 
131 580 
112 599 
165 580 
112 633 
166 580 
112 634 
113 581 
117 581 
113 585 
119 581 
113 587 
127 581 
113 595 
128 581 
113 596 
130 581 
113 598 
131 581 
113 599 
167 581 
113 635 
114 582 
116 582 
114 584 
120 582 
114 588 
132 582 
114 600 
163 582 
114 631 
168 582 
114 636 
115 583 
121 583 
115 589 
133 583 
115 601 
137 583 
115 605 
169 583 
115 637 
174 583 
115 642 
116 584 
122 584 
116 590 
126 584 
116 594 
134 584 
116 602 
136 584 
116 604 
170 584 
116 638 
117 585 
123 585 
117 591 
125 585 
117 593 
135 585 
117 603 
171 585 
117 639 
172 585 
117 640 
118 586 
124 586 
118 592 
134 586 
118 602 
136 586 
118 604 
171 586 
118 639 
172 586 
118 640 
119 587 
123 587 
119 591 
125 587 
119 593 
133 587 
119 601 
137 587 
119 605 
173 587 
119 641 
120 588 
122 588 
120 590 
126 588 
120 594 
138 588 
120 606 
169 588 
120 637 
174 588 
120 642 
121 589 
139 589 
121 607 
143 589 
121 611 
175 589 
121 643 
180 589 
121 648 
122 590 
126 590 
122 594 
140 590 
122 608 
142 590 
122 610 
176 590 
122 644 
123 591 
125 591 
123 593 
141 591 
123 609 
177 591 
123 645 
178 591 
123 646 
124 592 
140 592 
124 608 
142 592 
124 610 
177 592 
124 645 
178 592 
124 646 
125 593 
139 593 
125 607 
143 593 
125 611 
179 593 
125 647 
126 594 
144 594 
126 612 
175 594 
126 643 
180 594 
126 648 
127 595 
133 595 
127 601 
145 595 
127 613 
148 595 
127 616 
149 595 
127 617 
181 595 
127 649 
186 595 
127 654 
128 596 
132 596 
128 600 
134 596 
128 602 
138 596 
128 606 
146 596 
128 614 
148 596 
128 616 
149 596 
128 617 
182 596 
128 650 
129 597 
131 597 
129 599 
135 597 
129 603 
137 597 
129 605 
147 597 
129 615 
183 597 
129 651 
184 597 
129 652 
130 598 
131 598 
130 599 
136 598 
130 604 
145 598 
130 613 
146 598 
130 614 
148 598 
130 616 
149 598 
130 617 
183 598 
130 651 
184 598 
130 652 
131 599 
135 599 
131 603 
137 599 
131 605 
145 599 
131 613 
146 599 
131 614 
148 599 
131 616 
149 599 
131 617 
185 599 
131 653 
132 600 
134 600 
132 602 
138 600 
132 606 
150 600 
132 618 
181 600 
132 649 
186 600 
132 654 
133 601 
139 601 
133 607 
151 601 
133 619 
155 601 
133 623 
187 601 
133 655 
192 601 
133 660 
134 602 
140 602 
134 608 
144 602 
134 612 
152 602 
134 620 
154 602 
134 622 
188 602 
134 656 
135 603 
141 603 
135 609 
143 603 
135 611 
153 603 
135 621 
189 603 
135 657 
190 603 
135 658 
136 604 
142 604 
136 610 
152 604 
136 620 
154 604 
136 622 
189 604 
136 657 
190 604 
136 658 
137 605 
141 605 
137 609 
143 605 
137 611 
151 605 
137 619 
155 605 
137 623 
191 605 
137 659 
138 606 
140 606 
138 608 
144 606 
138 612 
156 606 
138 624 
187 606 
138 655 
192 606 
138 660 
139 607 
157 607 
139 625 
161 607 
139 629 
193 607 
139 661 
196 607 
139 664 
198 607 
139 666 
140 608 
144 608 
140 612 
158 608 
140 626 
160 608 
140 628 
194 608 
140 662 
141 609 
143 609 
141 611 
159 609 
141 627 
195 609 
141 663 
196 609 
141 664 
198 609 
141 666 
142 610 
144 610 
142 612 
158 610 
142 626 
160 610 
142 628 
193 610 
142 661 
195 610 
142 663 
196 610 
142 664 
198 610 
142 666 
143 611 
157 611 
143 625 
161 611 
143 629 
197 611 
143 665 
144 612 
162 612 
144 630 
193 612 
144 661 
195 612 
144 663 
196 612 
144 664 
198 612 
144 666 
145 613 
148 613 
145 616 
149 613 
145 617 
151 613 
145 619 
199 613 
145 667 
204 613 
145 672 
146 614 
147 614 
146 615 
148 614 
146 616 
149 614 
146 617 
150 614 
146 618 
152 614 
146 620 
153 614 
146 621 
156 614 
146 624 
200 614 
146 668 
147 615 
149 615 
147 617 
152 615 
147 620 
153 615 
147 621 
155 615 
147 623 
201 615 
147 669 
202 615 
147 670 
148 616 
149 616 
148 617 
154 616 
148 622 
201 616 
148 669 
202 616 
148 670 
149 617 
150 617 
149 618 
153 617 
149 621 
155 617 
149 623 
156 617 
149 624 
203 617 
149 671 
150 618 
152 618 
150 620 
155 618 
150 623 
156 618 
150 624 
199 618 
150 667 
204 618 
150 672 
151 619 
155 619 
151 623 
157 619 
151 625 
205 619 
151 673 
208 619 
151 676 
210 619 
151 678 
152 620 
153 620 
152 621 
154 620 
152 622 
158 620 
152 626 
159 620 
152 627 
162 620 
152 630 
206 620 
152 674 
153 621 
158 621 
153 626 
159 621 
153 627 
161 621 
153 629 
207 621 
153 675 
208 621 
153 676 
210 621 
153 678 
154 622 
156 622 
154 624 
160 622 
154 628 
205 622 
154 673 
207 622 
154 675 
208 622 
154 676 
210 622 
154 678 
155 623 
156 623 
155 624 
159 623 
155 627 
161 623 
155 629 
162 623 
155 630 
209 623 
155 677 
156 624 
158 624 
156 626 
161 624 
156 629 
162 624 
156 630 
205 624 
156 673 
207 624 
156 675 
208 624 
156 676 
210 624 
156 678 
157 625 
159 625 
157 627 
161 625 
157 629 
211 625 
157 679 
213 625 
157 681 
214 625 
157 682 
216 625 
157 684 
158 626 
159 626 
158 627 
160 626 
158 628 
162 626 
158 630 
212 626 
158 680 
159 627 
161 627 
159 629 
211 627 
159 679 
213 627 
159 681 
214 627 
159 682 
216 627 
159 684 
160 628 
211 628 
160 679 
213 628 
160 681 
214 628 
160 682 
161 629 
162 629 
161 630 
215 629 
161 683 
162 630 
211 630 
162 679 
213 630 
162 681 
216 630 
162 684 
163 631 
164 631 
163 632 
165 631 
163 633 
169 631 
163 637 
181 631 
163 649 
182 631 
163 650 
184 631 
163 652 
185 631 
163 653 
217 631 
163 685 
219 631 
163 687 
222 631 
163 690 
164 632 
165 632 
164 633 
168 632 
164 636 
170 632 
164 638 
171 632 
164 639 
174 632 
164 642 
181 632 
164 649 
182 632 
164 650 
184 632 
164 652 
185 632 
164 653 
218 632 
164 686 
165 633 
167 633 
165 635 
170 633 
165 638 
171 633 
165 639 
173 633 
165 641 
183 633 
165 651 
217 633 
165 685 
219 633 
165 687 
220 633 
165 688 
166 634 
172 634 
166 640 
181 634 
166 649 
182 634 
166 650 
184 634 
166 652 
219 634 
166 687 
220 634 
166 688 
167 635 
171 635 
167 639 
173 635 
167 641 
181 635 
167 649 
182 635 
167 650 
185 635 
167 653 
221 635 
167 689 
168 636 
170 636 
168 638 
174 636 
168 642 
186 636 
168 654 
217 636 
168 685 
222 636 
168 690 
169 637 
175 637 
169 643 
187 637 
169 655 
191 637 
169 659 
223 637 
169 691 
228 637 
169 696 
170 638 
171 638 
170 639 
176 638 
170 644 
177 638 
170 645 
180 638 
170 648 
188 638 
170 656 
190 638 
170 658 
224 638 
170 692 
171 639 
176 639 
171 644 
177 639 
171 645 
179 639 
171 647 
189 639 
171 657 
225 639 
171 693 
226 639 
171 694 
172 640 
178 640 
172 646 
188 640 
172 656 
190 640 
172 658 
225 640 
172 693 
226 640 
172 694 
173 641 
177 641 
173 645 
179 641 
173 647 
187 641 
173 655 
191 641 
173 659 
227 641 
173 695 
174 642 
176 642 
174 644 
180 642 
174 648 
192 642 
174 660 
223 642 
174 691 
228 642 
174 696 
175 643 
176 643 
175 644 
178 643 
175 646 
179 643 
175 647 
211 643 
175 679 
212 643 
175 680 
214 643 
175 682 
215 643 
175 683 
229 643 
175 697 
234 643 
175 702 
349 643 
175 817 
176 644 
177 644 
176 645 
178 644 
176 646 
179 644 
176 647 
211 644 
176 679 
212 644 
176 680 
214 644 
176 682 
215 644 
176 683 
230 644 
176 698 
350 644 
176 818 
351 644 
176 819 
354 644 
176 822 
177 645 
213 645 
177 681 
231 645 
177 699 
232 645 
177 700 
350 645 
177 818 
351 645 
177 819 
353 645 
177 821 
178 646 
211 646 
178 679 
212 646 
178 680 
214 646 
178 682 
231 646 
178 699 
232 646 
178 700 
352 646 
178 820 
179 647 
211 647 
179 679 
212 647 
179 680 
215 647 
179 683 
233 647 
179 701 
351 647 
179 819 
353 647 
179 821 
180 648 
216 648 
180 684 
229 648 
180 697 
234 648 
180 702 
350 648 
180 818 
354 648 
180 822 
181 649 
182 649 
181 650 
187 649 
181 655 
199 649 
181 667 
200 649 
181 668 
202 649 
181 670 
203 649 
181 671 
235 649 
181 703 
240 649 
181 708 
182 650 
185 650 
182 653 
186 650 
182 654 
188 650 
182 656 
191 650 
182 659 
192 650 
182 660 
199 650 
182 667 
200 650 
182 668 
202 650 
182 670 
203 650 
182 671 
236 650 
182 704 
183 651 
185 651 
183 653 
186 651 
183 654 
189 651 
183 657 
191 651 
183 659 
192 651 
183 660 
201 651 
183 669 
237 651 
183 705 
238 651 
183 706 
184 652 
190 652 
184 658 
199 652 
184 667 
200 652 
184 668 
202 652 
184 670 
237 652 
184 705 
238 652 
184 706 
185 653 
188 653 
185 656 
189 653 
185 657 
191 653 
185 659 
199 653 
185 667 
200 653 
185 668 
203 653 
185 671 
239 653 
185 707 
186 654 
188 654 
186 656 
189 654 
186 657 
192 654 
186 660 
204 654 
186 672 
235 654 
186 703 
240 654 
186 708 
187 655 
193 655 
187 661 
205 655 
187 673 
209 655 
187 677 
241 655 
187 709 
246 655 
187 714 
188 656 
194 656 
188 662 
197 656 
188 665 
198 656 
188 666 
206 656 
188 674 
208 656 
188 676 
242 656 
188 710 
189 657 
195 657 
189 663 
197 657 
189 665 
198 657 
189 666 
207 657 
189 675 
243 657 
189 711 
244 657 
189 712 
190 658 
196 658 
190 664 
206 658 
190 674 
208 658 
190 676 
243 658 
190 711 
244 658 
190 712 
191 659 
194 659 
191 662 
195 659 
191 663 
197 659 
191 665 
205 659 
191 673 
209 659 
191 677 
245 659 
191 713 
192 660 
194 660 
192 662 
195 660 
192 663 
198 660 
192 666 
210 660 
192 678 
241 660 
192 709 
246 660 
192 714 
193 661 
194 661 
193 662 
195 661 
193 663 
196 661 
193 664 
197 661 
193 665 
198 661 
193 666 
247 661 
193 715 
250 661 
193 718 
252 661 
193 720 
355 661 
193 823 
194 662 
195 662 
194 663 
196 662 
194 664 
197 662 
194 665 
248 662 
194 716 
356 662 
194 824 
359 662 
194 827 
360 662 
194 828 
195 663 
196 663 
195 664 
249 663 
195 717 
250 663 
195 718 
252 663 
195 720 
357 663 
195 825 
359 663 
195 827 
360 663 
195 828 
196 664 
197 664 
196 665 
198 664 
196 666 
247 664 
196 715 
249 664 
196 717 
250 664 
196 718 
252 664 
196 720 
358 664 
196 826 
197 665 
198 665 
197 666 
251 665 
197 719 
356 665 
197 824 
357 665 
197 825 
359 665 
197 827 
198 666 
247 666 
198 715 
249 666 
198 717 
250 666 
198 718 
252 666 
198 720 
356 666 
198 824 
357 666 
198 825 
360 666 
198 828 
199 667 
200 667 
199 668 
202 667 
199 670 
203 667 
199 671 
205 667 
199 673 
253 667 
199 721 
258 667 
199 726 
200 668 
202 668 
200 670 
203 668 
200 671 
204 668 
200 672 
206 668 
200 674 
210 668 
200 678 
254 668 
200 722 
201 669 
203 669 
201 671 
207 669 
201 675 
209 669 
201 677 
255 669 
201 723 
256 669 
201 724 
202 670 
208 670 
202 676 
255 670 
202 723 
256 670 
202 724 
203 671 
207 671 
203 675 
209 671 
203 677 
257 671 
203 725 
204 672 
206 672 
204 674 
210 672 
204 678 
253 672 
204 721 
258 672 
204 726 
205 673 
209 673 
205 677 
211 673 
205 679 
259 673 
205 727 
262 673 
205 730 
264 673 
205 732 
206 674 
208 674 
206 676 
212 674 
206 680 
216 674 
206 684 
260 674 
206 728 
207 675 
213 675 
207 681 
215 675 
207 683 
261 675 
207 729 
262 675 
207 730 
264 675 
207 732 
208 676 
210 676 
208 678 
214 676 
208 682 
259 676 
208 727 
261 676 
208 729 
262 676 
208 730 
264 676 
208 732 
209 677 
213 677 
209 681 
215 677 
209 683 
263 677 
209 731 
210 678 
212 678 
210 680 
216 678 
210 684 
259 678 
210 727 
261 678 
210 729 
262 678 
210 730 
264 678 
210 732 
211 679 
212 679 
211 680 
213 679 
211 681 
214 679 
211 682 
215 679 
211 683 
265 679 
211 733 
267 679 
211 735 
268 679 
211 736 
270 679 
211 738 
325 679 
211 793 
326 679 
211 794 
328 679 
211 796 
329 679 
211 797 
361 679 
211 829 
212 680 
214 680 
212 682 
215 680 
212 683 
266 680 
212 734 
325 680 
212 793 
326 680 
212 794 
328 680 
212 796 
329 680 
212 797 
362 680 
212 830 
366 680 
212 834 
213 681 
265 681 
213 733 
267 681 
213 735 
268 681 
213 736 
270 681 
213 738 
327 681 
213 795 
363 681 
213 831 
365 681 
213 833 
214 682 
265 682 
214 733 
267 682 
214 735 
268 682 
214 736 
325 682 
214 793 
326 682 
214 794 
328 682 
214 796 
364 682 
214 832 
215 683 
269 683 
215 737 
325 683 
215 793 
326 683 
215 794 
329 683 
215 797 
363 683 
215 831 
365 683 
215 833 
216 684 
265 684 
216 733 
267 684 
216 735 
270 684 
216 738 
330 684 
216 798 
362 684 
216 830 
366 684 
216 834 
217 685 
219 685 
217 687 
223 685 
217 691 
235 685 
217 703 
239 685 
217 707 
271 685 
217 739 
273 685 
217 741 
276 685 
217 744 
218 686 
222 686 
218 690 
224 686 
218 692 
228 686 
218 696 
236 686 
218 704 
238 686 
218 706 
272 686 
218 740 
219 687 
221 687 
219 689 
225 687 
219 693 
227 687 
219 695 
237 687 
219 705 
271 687 
219 739 
273 687 
219 741 
274 687 
219 742 
220 688 
226 688 
220 694 
236 688 
220 704 
238 688 
220 706 
273 688 
220 741 
274 688 
220 742 
221 689 
225 689 
221 693 
227 689 
221 695 
235 689 
221 703 
239 689 
221 707 
275 689 
221 743 
222 690 
224 690 
222 692 
228 690 
222 696 
240 690 
222 708 
271 690 
222 739 
276 690 
222 744 
223 691 
229 691 
223 697 
241 691 
223 709 
245 691 
223 713 
277 691 
223 745 
282 691 
223 750 
224 692 
230 692 
224 698 
234 692 
224 702 
242 692 
224 710 
244 692 
224 712 
278 692 
224 746 
225 693 
231 693 
225 699 
233 693 
225 701 
243 693 
225 711 
279 693 
225 747 
280 693 
225 748 
226 694 
232 694 
226 700 
242 694 
226 710 
244 694 
226 712 
279 694 
226 747 
280 694 
226 748 
227 695 
231 695 
227 699 
233 695 
227 701 
241 695 
227 709 
245 695 
227 713 
281 695 
227 749 
228 696 
230 696 
228 698 
234 696 
228 702 
246 696 
228 714 
277 696 
228 745 
282 696 
228 750 
229 697 
247 697 
229 715 
251 697 
229 719 
283 697 
229 751 
288 697 
229 756 
379 697 
229 847 
230 698 
248 698 
230 716 
250 698 
230 718 
284 698 
230 752 
380 698 
230 848 
384 698 
230 852 
231 699 
249 699 
231 717 
285 699 
231 753 
286 699 
231 754 
381 699 
231 849 
383 699 
231 851 
232 700 
248 700 
232 716 
250 700 
232 718 
285 700 
232 753 
286 700 
232 754 
382 700 
232 850 
233 701 
247 701 
233 715 
251 701 
233 719 
287 701 
233 755 
381 701 
233 849 
383 701 
233 851 
234 702 
252 702 
234 720 
283 702 
234 751 
288 702 
234 756 
380 702 
234 848 
384 702 
234 852 
235 703 
241 703 
235 709 
253 703 
235 721 
257 703 
235 725 
289 703 
235 757 
294 703 
235 762 
236 704 
240 704 
236 708 
242 704 
236 710 
246 704 
236 714 
254 704 
236 722 
256 704 
236 724 
290 704 
236 758 
237 705 
239 705 
237 707 
243 705 
237 711 
245 705 
237 713 
255 705 
237 723 
291 705 
237 759 
292 705 
237 760 
238 706 
244 706 
238 712 
254 706 
238 722 
256 706 
238 724 
291 706 
238 759 
292 706 
238 760 
239 707 
243 707 
239 711 
245 707 
239 713 
253 707 
239 721 
257 707 
239 725 
293 707 
239 761 
240 708 
242 708 
240 710 
246 708 
240 714 
258 708 
240 726 
289 708 
240 757 
294 708 
240 762 
241 709 
247 709 
241 715 
259 709 
241 727 
263 709 
241 731 
295 709 
241 763 
300 709 
241 768 
242 710 
248 710 
242 716 
252 710 
242 720 
260 710 
242 728 
262 710 
242 730 
296 710 
242 764 
243 711 
249 711 
243 717 
251 711 
243 719 
261 711 
243 729 
297 711 
243 765 
298 711 
243 766 
244 712 
250 712 
244 718 
260 712 
244 728 
262 712 
244 730 
297 712 
244 765 
298 712 
244 766 
245 713 
249 713 
245 717 
251 713 
245 719 
259 713 
245 727 
263 713 
245 731 
299 713 
245 767 
246 714 
248 714 
246 716 
252 714 
246 720 
264 714 
246 732 
295 714 
246 763 
300 714 
246 768 
247 715 
265 715 
247 733 
269 715 
247 737 
301 715 
247 769 
304 715 
247 772 
306 715 
247 774 
385 715 
247 853 
248 716 
266 716 
248 734 
268 716 
248 736 
302 716 
248 770 
386 716 
248 854 
390 716 
248 858 
249 717 
267 717 
249 735 
303 717 
249 771 
304 717 
249 772 
306 717 
249 774 
387 717 
249 855 
389 717 
249 857 
250 718 
252 718 
250 720 
266 718 
250 734 
268 718 
250 736 
301 718 
250 769 
303 718 
250 771 
304 718 
250 772 
306 718 
250 774 
388 718 
250 856 
251 719 
265 719 
251 733 
269 719 
251 737 
305 719 
251 773 
387 719 
251 855 
389 719 
251 857 
252 720 
270 720 
252 738 
301 720 
252 769 
303 720 
252 771 
304 720 
252 772 
306 720 
252 774 
386 720 
252 854 
390 720 
252 858 
253 721 
257 721 
253 725 
259 721 
253 727 
307 721 
253 775 
312 721 
253 780 
254 722 
256 722 
254 724 
257 722 
254 725 
258 722 
254 726 
260 722 
254 728 
263 722 
254 731 
264 722 
254 732 
308 722 
254 776 
255 723 
257 723 
255 725 
258 723 
255 726 
261 723 
255 729 
263 723 
255 731 
264 723 
255 732 
309 723 
255 777 
310 723 
255 778 
256 724 
262 724 
256 730 
309 724 
256 777 
310 724 
256 778 
257 725 
260 725 
257 728 
261 725 
257 729 
263 725 
257 731 
311 725 
257 779 
258 726 
260 726 
258 728 
261 726 
258 729 
264 726 
258 732 
307 726 
258 775 
312 726 
258 780 
259 727 
263 727 
259 731 
265 727 
259 733 
313 727 
259 781 
316 727 
259 784 
318 727 
259 786 
260 728 
262 728 
260 730 
266 728 
260 734 
269 728 
260 737 
270 728 
260 738 
314 728 
260 782 
261 729 
267 729 
261 735 
269 729 
261 737 
270 729 
261 738 
315 729 
261 783 
316 729 
261 784 
318 729 
261 786 
262 730 
264 730 
262 732 
268 730 
262 736 
313 730 
262 781 
315 730 
262 783 
316 730 
262 784 
318 730 
262 786 
263 731 
266 731 
263 734 
267 731 
263 735 
269 731 
263 737 
317 731 
263 785 
264 732 
266 732 
264 734 
267 732 
264 735 
270 732 
264 738 
313 732 
264 781 
315 732 
264 783 
316 732 
264 784 
318 732 
264 786 
265 733 
267 733 
265 735 
319 733 
265 787 
321 733 
265 789 
322 733 
265 790 
324 733 
265 792 
331 733 
265 799 
335 733 
265 803 
391 733 
265 859 
266 734 
320 734 
266 788 
332 734 
266 800 
334 734 
266 802 
392 734 
266 860 
395 734 
266 863 
396 734 
266 864 
267 735 
319 735 
267 787 
321 735 
267 789 
322 735 
267 790 
324 735 
267 792 
333 735 
267 801 
393 735 
267 861 
395 735 
267 863 
396 735 
267 864 
268 736 
319 736 
268 787 
321 736 
268 789 
322 736 
268 790 
332 736 
268 800 
334 736 
268 802 
394 736 
268 862 
269 737 
323 737 
269 791 
331 737 
269 799 
335 737 
269 803 
392 737 
269 860 
393 737 
269 861 
395 737 
269 863 
270 738 
319 738 
270 787 
321 738 
270 789 
324 738 
270 792 
336 738 
270 804 
392 738 
270 860 
393 738 
270 861 
396 738 
270 864 
271 739 
273 739 
271 741 
276 739 
271 744 
277 739 
271 745 
289 739 
271 757 
292 739 
271 760 
293 739 
271 761 
272 740 
275 740 
272 743 
276 740 
272 744 
278 740 
272 746 
281 740 
272 749 
282 740 
272 750 
290 740 
272 758 
292 740 
272 760 
293 740 
272 761 
273 741 
274 741 
273 742 
275 741 
273 743 
276 741 
273 744 
279 741 
273 747 
281 741 
273 749 
282 741 
273 750 
291 741 
273 759 
274 742 
280 742 
274 748 
289 742 
274 757 
290 742 
274 758 
292 742 
274 760 
275 743 
276 743 
275 744 
278 743 
275 746 
279 743 
275 747 
281 743 
275 749 
282 743 
275 750 
289 743 
275 757 
290 743 
275 758 
293 743 
275 761 
276 744 
278 744 
276 746 
279 744 
276 747 
281 744 
276 749 
282 744 
276 750 
294 744 
276 762 
277 745 
282 745 
277 750 
283 745 
277 751 
295 745 
277 763 
299 745 
277 767 
278 746 
284 746 
278 752 
287 746 
278 755 
288 746 
278 756 
296 746 
278 764 
298 746 
278 766 
279 747 
280 747 
279 748 
285 747 
279 753 
287 747 
279 755 
288 747 
279 756 
297 747 
279 765 
280 748 
286 748 
280 754 
296 748 
280 764 
298 748 
280 766 
281 749 
282 749 
281 750 
284 749 
281 752 
285 749 
281 753 
287 749 
281 755 
288 749 
281 756 
295 749 
281 763 
299 749 
281 767 
282 750 
284 750 
282 752 
285 750 
282 753 
287 750 
282 755 
288 750 
282 756 
300 750 
282 768 
283 751 
288 751 
283 756 
301 751 
283 769 
305 751 
283 773 
284 752 
287 752 
284 755 
288 752 
284 756 
302 752 
284 770 
304 752 
284 772 
285 753 
286 753 
285 754 
287 753 
285 755 
288 753 
285 756 
303 753 
285 771 
286 754 
302 754 
286 770 
304 754 
286 772 
287 755 
288 755 
287 756 
301 755 
287 769 
305 755 
287 773 
288 756 
306 756 
288 774 
289 757 
294 757 
289 762 
295 757 
289 763 
307 757 
289 775 
310 757 
289 778 
311 757 
289 779 
290 758 
293 758 
290 761 
294 758 
290 762 
296 758 
290 764 
299 758 
290 767 
300 758 
290 768 
308 758 
290 776 
310 758 
290 778 
311 758 
290 779 
291 759 
292 759 
291 760 
293 759 
291 761 
294 759 
291 762 
297 759 
291 765 
299 759 
291 767 
300 759 
291 768 
309 759 
291 777 
292 760 
298 760 
292 766 
307 760 
292 775 
308 760 
292 776 
310 760 
292 778 
293 761 
294 761 
293 762 
296 761 
293 764 
297 761 
293 765 
299 761 
293 767 
300 761 
293 768 
307 761 
293 775 
308 761 
293 776 
311 761 
293 779 
294 762 
296 762 
294 764 
297 762 
294 765 
299 762 
294 767 
300 762 
294 768 
312 762 
294 780 
295 763 
300 763 
295 768 
301 763 
295 769 
313 763 
295 781 
317 763 
295 785 
296 764 
302 764 
296 770 
305 764 
296 773 
306 764 
296 774 
314 764 
296 782 
316 764 
296 784 
297 765 
298 765 
297 766 
303 765 
297 771 
305 765 
297 773 
306 765 
297 774 
315 765 
297 783 
298 766 
304 766 
298 772 
314 766 
298 782 
316 766 
298 784 
299 767 
300 767 
299 768 
302 767 
299 770 
303 767 
299 771 
305 767 
299 773 
306 767 
299 774 
313 767 
299 781 
317 767 
299 785 
300 768 
302 768 
300 770 
303 768 
300 771 
305 768 
300 773 
306 768 
300 774 
318 768 
300 786 
301 769 
304 769 
301 772 
306 769 
301 774 
319 769 
301 787 
323 769 
301 791 
302 770 
305 770 
302 773 
306 770 
302 774 
320 770 
302 788 
322 770 
302 790 
303 771 
304 771 
303 772 
305 771 
303 773 
306 771 
303 774 
321 771 
303 789 
304 772 
306 772 
304 774 
320 772 
304 788 
322 772 
304 790 
305 773 
306 773 
305 774 
319 773 
305 787 
323 773 
305 791 
306 774 
324 774 
306 792 
307 775 
310 775 
307 778 
311 775 
307 779 
312 775 
307 780 
313 775 
307 781 
308 776 
309 776 
308 777 
310 776 
308 778 
311 776 
308 779 
312 776 
308 780 
314 776 
308 782 
315 776 
308 783 
318 776 
308 786 
309 777 
310 777 
309 778 
311 777 
309 779 
314 777 
309 782 
315 777 
309 783 
317 777 
309 785 
310 778 
316 778 
310 784 
311 779 
315 779 
311 783 
317 779 
311 785 
312 780 
314 780 
312 782 
318 780 
312 786 
313 781 
316 781 
313 784 
317 781 
313 785 
318 781 
313 786 
319 781 
313 787 
314 782 
315 782 
314 783 
316 782 
314 784 
320 782 
314 788 
321 782 
314 789 
324 782 
314 792 
315 783 
316 783 
315 784 
318 783 
315 786 
320 783 
315 788 
321 783 
315 789 
323 783 
315 791 
316 784 
318 784 
316 786 
322 784 
316 790 
317 785 
321 785 
317 789 
323 785 
317 791 
318 786 
320 786 
318 788 
324 786 
318 792 
319 787 
321 787 
319 789 
322 787 
319 790 
323 787 
319 791 
324 787 
319 792 
320 788 
321 788 
320 789 
322 788 
320 790 
324 788 
320 792 
321 789 
322 789 
321 790 
323 789 
321 791 
324 789 
321 792 
322 790 
323 791 
324 792 
325 793 
326 793 
325 794 
330 793 
325 798 
331 793 
325 799 
336 793 
325 804 
337 793 
325 805 
338 793 
325 806 
340 793 
325 808 
341 793 
325 809 
367 793 
325 835 
326 794 
327 794 
326 795 
330 794 
326 798 
332 794 
326 800 
337 794 
326 805 
338 794 
326 806 
340 794 
326 808 
341 794 
326 809 
368 794 
326 836 
369 794 
326 837 
372 794 
326 840 
327 795 
328 795 
327 796 
329 795 
327 797 
333 795 
327 801 
334 795 
327 802 
339 795 
327 807 
368 795 
327 836 
369 795 
327 837 
371 795 
327 839 
328 796 
333 796 
328 801 
334 796 
328 802 
337 796 
328 805 
338 796 
328 806 
340 796 
328 808 
370 796 
328 838 
329 797 
335 797 
329 803 
337 797 
329 805 
338 797 
329 806 
341 797 
329 809 
369 797 
329 837 
371 797 
329 839 
330 798 
331 798 
330 799 
336 798 
330 804 
342 798 
330 810 
368 798 
330 836 
372 798 
330 840 
331 799 
336 799 
331 804 
343 799 
331 811 
347 799 
331 815 
397 799 
331 865 
332 800 
336 800 
332 804 
344 800 
332 812 
346 800 
332 814 
398 800 
332 866 
402 800 
332 870 
333 801 
334 801 
333 802 
335 801 
333 803 
345 801 
333 813 
399 801 
333 867 
401 801 
333 869 
334 802 
344 802 
334 812 
346 802 
334 814 
400 802 
334 868 
335 803 
343 803 
335 811 
347 803 
335 815 
399 803 
335 867 
401 803 
335 869 
336 804 
348 804 
336 816 
398 804 
336 866 
402 804 
336 870 
337 805 
338 805 
337 806 
340 805 
337 808 
341 805 
337 809 
342 805 
337 810 
343 805 
337 811 
346 805 
337 814 
348 805 
337 816 
373 805 
337 841 
338 806 
339 806 
338 807 
340 806 
338 808 
341 806 
338 809 
342 806 
338 810 
344 806 
338 812 
374 806 
338 842 
375 806 
338 843 
378 806 
338 846 
339 807 
340 807 
339 808 
341 807 
339 809 
342 807 
339 810 
345 807 
339 813 
346 807 
339 814 
348 807 
339 816 
374 807 
339 842 
375 807 
339 843 
377 807 
339 845 
340 808 
343 808 
340 811 
345 808 
340 813 
346 808 
340 814 
376 808 
340 844 
341 809 
342 809 
341 810 
347 809 
341 815 
375 809 
341 843 
377 809 
341 845 
378 809 
341 846 
342 810 
343 810 
342 811 
345 810 
342 813 
348 810 
342 816 
374 810 
342 842 
377 810 
342 845 
378 810 
342 846 
343 811 
346 811 
343 814 
347 811 
343 815 
348 811 
343 816 
403 811 
343 871 
344 812 
346 812 
344 814 
347 812 
344 815 
348 812 
344 816 
404 812 
344 872 
407 812 
344 875 
408 812 
344 876 
345 813 
346 813 
345 814 
347 813 
345 815 
348 813 
345 816 
405 813 
345 873 
407 813 
345 875 
408 813 
345 876 
346 814 
406 814 
346 874 
347 815 
404 815 
347 872 
405 815 
347 873 
407 815 
347 875 
348 816 
404 816 
348 872 
405 816 
348 873 
408 816 
348 876 
349 817 
350 817 
349 818 
352 817 
349 820 
354 817 
349 822 
355 817 
349 823 
356 817 
349 824 
359 817 
349 827 
379 817 
349 847 
382 817 
349 850 
384 817 
349 852 
409 817 
349 877 
350 818 
351 818 
350 819 
355 818 
350 823 
356 818 
350 824 
358 818 
350 826 
380 818 
350 848 
410 818 
350 878 
411 818 
350 879 
414 818 
350 882 
351 819 
352 819 
351 820 
354 819 
351 822 
357 819 
351 825 
381 819 
351 849 
382 819 
351 850 
384 819 
351 852 
410 819 
351 878 
411 819 
351 879 
413 819 
351 881 
352 820 
354 820 
352 822 
356 820 
352 824 
358 820 
352 826 
379 820 
352 847 
381 820 
352 849 
382 820 
352 850 
384 820 
352 852 
412 820 
352 880 
353 821 
355 821 
353 823 
359 821 
353 827 
383 821 
353 851 
411 821 
353 879 
413 821 
353 881 
354 822 
360 822 
354 828 
379 822 
354 847 
381 822 
354 849 
382 822 
354 850 
384 822 
354 852 
410 822 
354 878 
414 822 
354 882 
355 823 
356 823 
355 824 
360 823 
355 828 
361 823 
355 829 
362 823 
355 830 
365 823 
355 833 
385 823 
355 853 
390 823 
355 858 
415 823 
355 883 
356 824 
361 824 
356 829 
362 824 
356 830 
364 824 
356 832 
386 824 
356 854 
416 824 
356 884 
419 824 
356 887 
420 824 
356 888 
357 825 
358 825 
357 826 
363 825 
357 831 
387 825 
357 855 
388 825 
357 856 
417 825 
357 885 
419 825 
357 887 
420 825 
357 888 
358 826 
362 826 
358 830 
364 826 
358 832 
387 826 
358 855 
388 826 
358 856 
418 826 
358 886 
359 827 
361 827 
359 829 
365 827 
359 833 
389 827 
359 857 
416 827 
359 884 
417 827 
359 885 
419 827 
359 887 
360 828 
366 828 
360 834 
385 828 
360 853 
390 828 
360 858 
416 828 
360 884 
417 828 
360 885 
420 828 
360 888 
361 829 
362 829 
361 830 
363 829 
361 831 
364 829 
361 832 
366 829 
361 834 
367 829 
361 835 
368 829 
361 836 
371 829 
361 839 
391 829 
361 859 
393 829 
361 861 
394 829 
361 862 
396 829 
361 864 
421 829 
361 889 
362 830 
367 830 
362 835 
368 830 
362 836 
370 830 
362 838 
392 830 
362 860 
422 830 
362 890 
426 830 
362 894 
363 831 
364 831 
363 832 
366 831 
363 834 
369 831 
363 837 
391 831 
363 859 
393 831 
363 861 
394 831 
363 862 
396 831 
363 864 
423 831 
363 891 
425 831 
363 893 
364 832 
366 832 
364 834 
368 832 
364 836 
370 832 
364 838 
391 832 
364 859 
393 832 
364 861 
394 832 
364 862 
396 832 
364 864 
424 832 
364 892 
365 833 
367 833 
365 835 
371 833 
365 839 
395 833 
365 863 
423 833 
365 891 
425 833 
365 893 
366 834 
372 834 
366 840 
391 834 
366 859 
393 834 
366 861 
394 834 
366 862 
396 834 
366 864 
422 834 
366 890 
426 834 
366 894 
367 835 
368 835 
367 836 
372 835 
367 840 
373 835 
367 841 
374 835 
367 842 
377 835 
367 845 
397 835 
367 865 
402 835 
367 870 
427 835 
367 895 
368 836 
369 836 
368 837 
373 836 
368 841 
374 836 
368 842 
376 836 
368 844 
398 836 
368 866 
428 836 
368 896 
429 836 
368 897 
432 836 
368 900 
369 837 
370 837 
369 838 
375 837 
369 843 
399 837 
369 867 
400 837 
369 868 
428 837 
369 896 
429 837 
369 897 
431 837 
369 899 
370 838 
374 838 
370 842 
376 838 
370 844 
399 838 
370 867 
400 838 
370 868 
430 838 
370 898 
371 839 
373 839 
371 841 
377 839 
371 845 
401 839 
371 869 
429 839 
371 897 
431 839 
371 899 
372 840 
378 840 
372 846 
397 840 
372 865 
402 840 
372 870 
428 840 
372 896 
432 840 
372 900 
373 841 
374 841 
373 842 
377 841 
373 845 
378 841 
373 846 
403 841 
373 871 
408 841 
373 876 
433 841 
373 901 
374 842 
375 842 
374 843 
376 842 
374 844 
404 842 
374 872 
434 842 
374 902 
435 842 
374 903 
438 842 
374 906 
375 843 
376 843 
375 844 
405 843 
375 873 
406 843 
375 874 
434 843 
375 902 
435 843 
375 903 
437 843 
375 905 
376 844 
405 844 
376 873 
406 844 
376 874 
436 844 
376 904 
377 845 
378 845 
377 846 
407 845 
377 875 
435 845 
377 903 
437 845 
377 905 
438 845 
377 906 
378 846 
403 846 
378 871 
408 846 
378 876 
434 846 
378 902 
437 846 
378 905 
438 846 
378 906 
379 847 
382 847 
379 850 
384 847 
379 852 
385 847 
379 853 
388 847 
379 856 
389 847 
379 857 
439 847 
379 907 
380 848 
386 848 
380 854 
388 848 
380 856 
389 848 
380 857 
440 848 
380 908 
444 848 
380 912 
381 849 
382 849 
381 850 
384 849 
381 852 
387 849 
381 855 
441 849 
381 909 
443 849 
381 911 
382 850 
384 850 
382 852 
385 850 
382 853 
386 850 
382 854 
388 850 
382 856 
442 850 
382 910 
383 851 
385 851 
383 853 
386 851 
383 854 
389 851 
383 857 
441 851 
383 909 
443 851 
383 911 
384 852 
390 852 
384 858 
440 852 
384 908 
444 852 
384 912 
385 853 
390 853 
385 858 
391 853 
385 859 
394 853 
385 862 
395 853 
385 863 
445 853 
385 913 
386 854 
392 854 
386 860 
394 854 
386 862 
395 854 
386 863 
446 854 
386 914 
450 854 
386 918 
387 855 
388 855 
387 856 
393 855 
387 861 
447 855 
387 915 
449 855 
387 917 
388 856 
391 856 
388 859 
392 856 
388 860 
394 856 
388 862 
448 856 
388 916 
389 857 
391 857 
389 859 
392 857 
389 860 
395 857 
389 863 
447 857 
389 915 
449 857 
389 917 
390 858 
396 858 
390 864 
446 858 
390 914 
450 858 
390 918 
391 859 
393 859 
391 861 
394 859 
391 862 
396 859 
391 864 
397 859 
391 865 
400 859 
391 868 
401 859 
391 869 
451 859 
391 919 
392 860 
398 860 
392 866 
400 860 
392 868 
401 860 
392 869 
452 860 
392 920 
455 860 
392 923 
456 860 
392 924 
393 861 
394 861 
393 862 
396 861 
393 864 
399 861 
393 867 
453 861 
393 921 
455 861 
393 923 
456 861 
393 924 
394 862 
396 862 
394 864 
397 862 
394 865 
398 862 
394 866 
400 862 
394 868 
454 862 
394 922 
395 863 
397 863 
395 865 
398 863 
395 866 
401 863 
395 869 
452 863 
395 920 
453 863 
395 921 
455 863 
395 923 
396 864 
402 864 
396 870 
452 864 
396 920 
453 864 
396 921 
456 864 
396 924 
397 865 
402 865 
397 870 
403 865 
397 871 
406 865 
397 874 
407 865 
397 875 
457 865 
397 925 
398 866 
404 866 
398 872 
406 866 
398 874 
407 866 
398 875 
458 866 
398 926 
462 866 
398 930 
399 867 
400 867 
399 868 
405 867 
399 873 
459 867 
399 927 
461 867 
399 929 
400 868 
403 868 
400 871 
404 868 
400 872 
406 868 
400 874 
460 868 
400 928 
401 869 
403 869 
401 871 
404 869 
401 872 
407 869 
401 875 
459 869 
401 927 
461 869 
401 929 
402 870 
408 870 
402 876 
458 870 
402 926 
462 870 
402 930 
403 871 
406 871 
403 874 
407 871 
403 875 
408 871 
403 876 
463 871 
403 931 
404 872 
406 872 
404 874 
407 872 
404 875 
464 872 
404 932 
467 872 
404 935 
468 872 
404 936 
405 873 
406 873 
405 874 
465 873 
405 933 
467 873 
405 935 
468 873 
405 936 
406 874 
466 874 
406 934 
407 875 
464 875 
407 932 
465 875 
407 933 
467 875 
407 935 
408 876 
464 876 
408 932 
465 876 
408 933 
468 876 
408 936 
409 877 
414 877 
409 882 
415 877 
409 883 
419 877 
409 887 
439 877 
409 907 
444 877 
409 912 
410 878 
411 878 
410 879 
414 878 
410 882 
416 878 
410 884 
418 878 
410 886 
440 878 
410 908 
411 879 
412 879 
411 880 
413 879 
411 881 
417 879 
411 885 
441 879 
411 909 
442 879 
411 910 
412 880 
416 880 
412 884 
418 880 
412 886 
441 880 
412 909 
442 880 
412 910 
413 881 
415 881 
413 883 
419 881 
413 887 
443 881 
413 911 
414 882 
420 882 
414 888 
439 882 
414 907 
444 882 
414 912 
415 883 
420 883 
415 888 
421 883 
415 889 
425 883 
415 893 
445 883 
415 913 
450 883 
415 918 
416 884 
419 884 
416 887 
420 884 
416 888 
422 884 
416 890 
424 884 
416 892 
446 884 
416 914 
417 885 
418 885 
417 886 
419 885 
417 887 
420 885 
417 888 
423 885 
417 891 
447 885 
417 915 
448 885 
417 916 
418 886 
422 886 
418 890 
424 886 
418 892 
447 886 
418 915 
448 886 
418 916 
419 887 
421 887 
419 889 
425 887 
419 893 
449 887 
419 917 
420 888 
426 888 
420 894 
445 888 
420 913 
450 888 
420 918 
421 889 
426 889 
421 894 
427 889 
421 895 
431 889 
421 899 
451 889 
421 919 
456 889 
421 924 
422 890 
426 890 
422 894 
428 890 
422 896 
430 890 
422 898 
452 890 
422 920 
423 891 
424 891 
423 892 
425 891 
423 893 
429 891 
423 897 
453 891 
423 921 
454 891 
423 922 
424 892 
428 892 
424 896 
430 892 
424 898 
453 892 
424 921 
454 892 
424 922 
425 893 
427 893 
425 895 
431 893 
425 899 
455 893 
425 923 
426 894 
432 894 
426 900 
451 894 
426 919 
456 894 
426 924 
427 895 
432 895 
427 900 
433 895 
427 901 
437 895 
427 905 
457 895 
427 925 
462 895 
427 930 
428 896 
429 896 
428 897 
432 896 
428 900 
434 896 
428 902 
436 896 
428 904 
458 896 
428 926 
429 897 
430 897 
429 898 
431 897 
429 899 
435 897 
429 903 
459 897 
429 927 
460 897 
429 928 
430 898 
434 898 
430 902 
436 898 
430 904 
459 898 
430 927 
460 898 
430 928 
431 899 
433 899 
431 901 
437 899 
431 905 
461 899 
431 929 
432 900 
438 900 
432 906 
457 900 
432 925 
462 900 
432 930 
433 901 
437 901 
433 905 
438 901 
433 906 
463 901 
433 931 
468 901 
433 936 
434 902 
435 902 
434 903 
436 902 
434 904 
438 902 
434 906 
464 902 
434 932 
435 903 
436 903 
435 904 
437 903 
435 905 
465 903 
435 933 
466 903 
435 934 
436 904 
465 904 
436 933 
466 904 
436 934 
437 905 
438 905 
437 906 
467 905 
437 935 
438 906 
463 906 
438 931 
468 906 
438 936 
439 907 
444 907 
439 912 
445 907 
439 913 
449 907 
439 917 
440 908 
444 908 
440 912 
446 908 
440 914 
448 908 
440 916 
441 909 
442 909 
441 910 
443 909 
441 911 
447 909 
441 915 
442 910 
446 910 
442 914 
448 910 
442 916 
443 911 
445 911 
443 913 
449 911 
443 917 
444 912 
450 912 
444 918 
445 913 
450 913 
445 918 
451 913 
445 919 
455 913 
445 923 
446 914 
450 914 
446 918 
452 914 
446 920 
454 914 
446 922 
447 915 
448 915 
447 916 
449 915 
447 917 
453 915 
447 921 
448 916 
452 916 
448 920 
454 916 
448 922 
449 917 
451 917 
449 919 
455 917 
449 923 
450 918 
456 918 
450 924 
451 919 
456 919 
451 924 
457 919 
451 925 
461 919 
451 929 
452 920 
455 920 
452 923 
456 920 
452 924 
458 920 
452 926 
460 920 
452 928 
453 921 
454 921 
453 922 
455 921 
453 923 
456 921 
453 924 
459 921 
453 927 
454 922 
458 922 
454 926 
460 922 
454 928 
455 923 
457 923 
455 925 
461 923 
455 929 
456 924 
462 924 
456 930 
457 925 
462 925 
457 930 
463 925 
457 931 
467 925 
457 935 
458 926 
462 926 
458 930 
464 926 
458 932 
466 926 
458 934 
459 927 
460 927 
459 928 
461 927 
459 929 
465 927 
459 933 
460 928 
464 928 
460 932 
466 928 
460 934 
461 929 
463 929 
461 931 
467 929 
461 935 
462 930 
468 930 
462 936 
463 931 
467 931 
463 935 
468 931 
463 936 
464 932 
466 932 
464 934 
467 932 
464 935 
468 932 
464 936 
465 933 
466 933 
465 934 
467 933 
465 935 
468 933 
465 936 
466 934 
467 935 
468 936 
