362 362   5786 
  1 363 
  2 363 
  1 364 
  4 363 
  1 366 
131 363 
  1 493 
133 363 
  1 495 
134 363 
  1 496 
246 363 
  1 608 
247 363 
  1 609 
248 363 
  1 610 
  2 364 
  5 364 
  2 367 
131 364 
  2 493 
132 364 
  2 494 
134 364 
  2 496 
135 364 
  2 497 
246 364 
  2 608 
247 364 
  2 609 
248 364 
  2 610 
249 364 
  2 611 
  3 365 
  4 365 
  3 366 
  9 365 
  3 371 
133 365 
  3 495 
138 365 
  3 500 
139 365 
  3 501 
247 365 
  3 609 
250 365 
  3 612 
251 365 
  3 613 
  4 366 
  5 366 
  4 367 
 10 366 
  4 372 
131 366 
  4 493 
133 366 
  4 495 
134 366 
  4 496 
139 366 
  4 501 
140 366 
  4 502 
247 366 
  4 609 
248 366 
  4 610 
250 366 
  4 612 
251 366 
  4 613 
252 366 
  4 614 
  5 367 
  6 367 
  5 368 
 11 367 
  5 373 
131 367 
  5 493 
132 367 
  5 494 
134 367 
  5 496 
135 367 
  5 497 
140 367 
  5 502 
141 367 
  5 503 
247 367 
  5 609 
248 367 
  5 610 
249 367 
  5 611 
251 367 
  5 613 
252 367 
  5 614 
253 367 
  5 615 
  6 368 
 12 368 
  6 374 
132 368 
  6 494 
135 368 
  6 497 
136 368 
  6 498 
141 368 
  6 503 
142 368 
  6 504 
248 368 
  6 610 
249 368 
  6 611 
252 368 
  6 614 
253 368 
  6 615 
254 368 
  6 616 
  7 369 
  8 369 
  7 370 
 14 369 
  7 376 
137 369 
  7 499 
144 369 
  7 506 
255 369 
  7 617 
256 369 
  7 618 
  8 370 
  9 370 
  8 371 
 15 370 
  8 377 
137 370 
  8 499 
138 370 
  8 500 
144 370 
  8 506 
145 370 
  8 507 
250 370 
  8 612 
255 370 
  8 617 
256 370 
  8 618 
257 370 
  8 619 
  9 371 
 10 371 
  9 372 
 16 371 
  9 378 
133 371 
  9 495 
138 371 
  9 500 
139 371 
  9 501 
145 371 
  9 507 
146 371 
  9 508 
250 371 
  9 612 
251 371 
  9 613 
256 371 
  9 618 
257 371 
  9 619 
258 371 
  9 620 
 10 372 
 11 372 
 10 373 
 17 372 
 10 379 
133 372 
 10 495 
134 372 
 10 496 
139 372 
 10 501 
140 372 
 10 502 
146 372 
 10 508 
147 372 
 10 509 
250 372 
 10 612 
251 372 
 10 613 
252 372 
 10 614 
257 372 
 10 619 
258 372 
 10 620 
259 372 
 10 621 
 11 373 
 12 373 
 11 374 
 18 373 
 11 380 
134 373 
 11 496 
135 373 
 11 497 
140 373 
 11 502 
141 373 
 11 503 
147 373 
 11 509 
148 373 
 11 510 
251 373 
 11 613 
252 373 
 11 614 
253 373 
 11 615 
258 373 
 11 620 
259 373 
 11 621 
260 373 
 11 622 
 12 374 
 13 374 
 12 375 
 19 374 
 12 381 
135 374 
 12 497 
136 374 
 12 498 
141 374 
 12 503 
142 374 
 12 504 
148 374 
 12 510 
149 374 
 12 511 
252 374 
 12 614 
253 374 
 12 615 
254 374 
 12 616 
259 374 
 12 621 
260 374 
 12 622 
261 374 
 12 623 
 13 375 
 20 375 
 13 382 
136 375 
 13 498 
142 375 
 13 504 
143 375 
 13 505 
149 375 
 13 511 
253 375 
 13 615 
254 375 
 13 616 
260 375 
 13 622 
261 375 
 13 623 
 14 376 
 15 376 
 14 377 
 23 376 
 14 385 
137 376 
 14 499 
144 376 
 14 506 
151 376 
 14 513 
152 376 
 14 514 
255 376 
 14 617 
256 376 
 14 618 
262 376 
 14 624 
263 376 
 14 625 
 15 377 
 16 377 
 15 378 
 24 377 
 15 386 
137 377 
 15 499 
138 377 
 15 500 
144 377 
 15 506 
145 377 
 15 507 
152 377 
 15 514 
153 377 
 15 515 
255 377 
 15 617 
256 377 
 15 618 
257 377 
 15 619 
262 377 
 15 624 
263 377 
 15 625 
264 377 
 15 626 
 16 378 
 17 378 
 16 379 
 25 378 
 16 387 
138 378 
 16 500 
139 378 
 16 501 
145 378 
 16 507 
146 378 
 16 508 
153 378 
 16 515 
154 378 
 16 516 
256 378 
 16 618 
257 378 
 16 619 
258 378 
 16 620 
263 378 
 16 625 
264 378 
 16 626 
265 378 
 16 627 
 17 379 
 18 379 
 17 380 
 26 379 
 17 388 
139 379 
 17 501 
140 379 
 17 502 
146 379 
 17 508 
147 379 
 17 509 
154 379 
 17 516 
155 379 
 17 517 
257 379 
 17 619 
258 379 
 17 620 
259 379 
 17 621 
264 379 
 17 626 
265 379 
 17 627 
266 379 
 17 628 
 18 380 
 19 380 
 18 381 
 27 380 
 18 389 
140 380 
 18 502 
141 380 
 18 503 
147 380 
 18 509 
148 380 
 18 510 
155 380 
 18 517 
156 380 
 18 518 
258 380 
 18 620 
259 380 
 18 621 
260 380 
 18 622 
265 380 
 18 627 
266 380 
 18 628 
267 380 
 18 629 
 19 381 
 20 381 
 19 382 
 28 381 
 19 390 
141 381 
 19 503 
142 381 
 19 504 
148 381 
 19 510 
149 381 
 19 511 
156 381 
 19 518 
157 381 
 19 519 
259 381 
 19 621 
260 381 
 19 622 
261 381 
 19 623 
266 381 
 19 628 
267 381 
 19 629 
268 381 
 19 630 
 20 382 
 29 382 
 20 391 
142 382 
 20 504 
143 382 
 20 505 
149 382 
 20 511 
157 382 
 20 519 
260 382 
 20 622 
261 382 
 20 623 
267 382 
 20 629 
268 382 
 20 630 
 21 383 
 22 383 
 21 384 
 31 383 
 21 393 
150 383 
 21 512 
158 383 
 21 520 
159 383 
 21 521 
269 383 
 21 631 
270 383 
 21 632 
 22 384 
 23 384 
 22 385 
 32 384 
 22 394 
150 384 
 22 512 
151 384 
 22 513 
159 384 
 22 521 
160 384 
 22 522 
262 384 
 22 624 
269 384 
 22 631 
270 384 
 22 632 
271 384 
 22 633 
 23 385 
 24 385 
 23 386 
 33 385 
 23 395 
144 385 
 23 506 
151 385 
 23 513 
152 385 
 23 514 
160 385 
 23 522 
161 385 
 23 523 
262 385 
 23 624 
263 385 
 23 625 
270 385 
 23 632 
271 385 
 23 633 
272 385 
 23 634 
 24 386 
 25 386 
 24 387 
 34 386 
 24 396 
144 386 
 24 506 
145 386 
 24 507 
152 386 
 24 514 
153 386 
 24 515 
161 386 
 24 523 
162 386 
 24 524 
262 386 
 24 624 
263 386 
 24 625 
264 386 
 24 626 
271 386 
 24 633 
272 386 
 24 634 
273 386 
 24 635 
 25 387 
 26 387 
 25 388 
 35 387 
 25 397 
145 387 
 25 507 
146 387 
 25 508 
153 387 
 25 515 
154 387 
 25 516 
162 387 
 25 524 
163 387 
 25 525 
263 387 
 25 625 
264 387 
 25 626 
265 387 
 25 627 
272 387 
 25 634 
273 387 
 25 635 
274 387 
 25 636 
 26 388 
 27 388 
 26 389 
 36 388 
 26 398 
146 388 
 26 508 
147 388 
 26 509 
154 388 
 26 516 
155 388 
 26 517 
163 388 
 26 525 
164 388 
 26 526 
264 388 
 26 626 
265 388 
 26 627 
266 388 
 26 628 
273 388 
 26 635 
274 388 
 26 636 
275 388 
 26 637 
 27 389 
 28 389 
 27 390 
 37 389 
 27 399 
147 389 
 27 509 
148 389 
 27 510 
155 389 
 27 517 
156 389 
 27 518 
164 389 
 27 526 
165 389 
 27 527 
265 389 
 27 627 
266 389 
 27 628 
267 389 
 27 629 
274 389 
 27 636 
275 389 
 27 637 
276 389 
 27 638 
 28 390 
 29 390 
 28 391 
 38 390 
 28 400 
148 390 
 28 510 
149 390 
 28 511 
156 390 
 28 518 
157 390 
 28 519 
165 390 
 28 527 
166 390 
 28 528 
266 390 
 28 628 
267 390 
 28 629 
268 390 
 28 630 
275 390 
 28 637 
276 390 
 28 638 
277 390 
 28 639 
 29 391 
 39 391 
 29 401 
149 391 
 29 511 
157 391 
 29 519 
166 391 
 29 528 
167 391 
 29 529 
267 391 
 29 629 
268 391 
 29 630 
276 391 
 29 638 
277 391 
 29 639 
 30 392 
 31 392 
 30 393 
 41 392 
 30 403 
158 392 
 30 520 
168 392 
 30 530 
269 392 
 30 631 
278 392 
 30 640 
279 392 
 30 641 
 31 393 
 32 393 
 31 394 
 42 393 
 31 404 
150 393 
 31 512 
158 393 
 31 520 
159 393 
 31 521 
168 393 
 31 530 
169 393 
 31 531 
269 393 
 31 631 
270 393 
 31 632 
278 393 
 31 640 
279 393 
 31 641 
280 393 
 31 642 
 32 394 
 33 394 
 32 395 
 43 394 
 32 405 
150 394 
 32 512 
151 394 
 32 513 
159 394 
 32 521 
160 394 
 32 522 
169 394 
 32 531 
170 394 
 32 532 
269 394 
 32 631 
270 394 
 32 632 
271 394 
 32 633 
279 394 
 32 641 
280 394 
 32 642 
281 394 
 32 643 
 33 395 
 34 395 
 33 396 
 44 395 
 33 406 
151 395 
 33 513 
152 395 
 33 514 
160 395 
 33 522 
161 395 
 33 523 
170 395 
 33 532 
171 395 
 33 533 
270 395 
 33 632 
271 395 
 33 633 
272 395 
 33 634 
280 395 
 33 642 
281 395 
 33 643 
282 395 
 33 644 
 34 396 
 35 396 
 34 397 
 45 396 
 34 407 
152 396 
 34 514 
153 396 
 34 515 
161 396 
 34 523 
162 396 
 34 524 
171 396 
 34 533 
172 396 
 34 534 
271 396 
 34 633 
272 396 
 34 634 
273 396 
 34 635 
281 396 
 34 643 
282 396 
 34 644 
283 396 
 34 645 
 35 397 
 36 397 
 35 398 
 46 397 
 35 408 
153 397 
 35 515 
154 397 
 35 516 
162 397 
 35 524 
163 397 
 35 525 
172 397 
 35 534 
173 397 
 35 535 
272 397 
 35 634 
273 397 
 35 635 
274 397 
 35 636 
282 397 
 35 644 
283 397 
 35 645 
284 397 
 35 646 
 36 398 
 37 398 
 36 399 
 47 398 
 36 409 
154 398 
 36 516 
155 398 
 36 517 
163 398 
 36 525 
164 398 
 36 526 
173 398 
 36 535 
174 398 
 36 536 
273 398 
 36 635 
274 398 
 36 636 
275 398 
 36 637 
283 398 
 36 645 
284 398 
 36 646 
285 398 
 36 647 
 37 399 
 38 399 
 37 400 
 48 399 
 37 410 
155 399 
 37 517 
156 399 
 37 518 
164 399 
 37 526 
165 399 
 37 527 
174 399 
 37 536 
175 399 
 37 537 
274 399 
 37 636 
275 399 
 37 637 
276 399 
 37 638 
284 399 
 37 646 
285 399 
 37 647 
286 399 
 37 648 
 38 400 
 39 400 
 38 401 
 49 400 
 38 411 
156 400 
 38 518 
157 400 
 38 519 
165 400 
 38 527 
166 400 
 38 528 
175 400 
 38 537 
176 400 
 38 538 
275 400 
 38 637 
276 400 
 38 638 
277 400 
 38 639 
285 400 
 38 647 
286 400 
 38 648 
287 400 
 38 649 
 39 401 
 40 401 
 39 402 
 50 401 
 39 412 
157 401 
 39 519 
166 401 
 39 528 
167 401 
 39 529 
176 401 
 39 538 
177 401 
 39 539 
276 401 
 39 638 
277 401 
 39 639 
286 401 
 39 648 
287 401 
 39 649 
288 401 
 39 650 
 40 402 
 51 402 
 40 413 
167 402 
 40 529 
177 402 
 40 539 
277 402 
 40 639 
287 402 
 40 649 
288 402 
 40 650 
 41 403 
 42 403 
 41 404 
 52 403 
 41 414 
158 403 
 41 520 
168 403 
 41 530 
178 403 
 41 540 
278 403 
 41 640 
279 403 
 41 641 
289 403 
 41 651 
290 403 
 41 652 
 42 404 
 43 404 
 42 405 
 53 404 
 42 415 
158 404 
 42 520 
159 404 
 42 521 
168 404 
 42 530 
169 404 
 42 531 
178 404 
 42 540 
179 404 
 42 541 
278 404 
 42 640 
279 404 
 42 641 
280 404 
 42 642 
289 404 
 42 651 
290 404 
 42 652 
291 404 
 42 653 
 43 405 
 44 405 
 43 406 
 54 405 
 43 416 
159 405 
 43 521 
160 405 
 43 522 
169 405 
 43 531 
170 405 
 43 532 
179 405 
 43 541 
180 405 
 43 542 
279 405 
 43 641 
280 405 
 43 642 
281 405 
 43 643 
290 405 
 43 652 
291 405 
 43 653 
292 405 
 43 654 
 44 406 
 45 406 
 44 407 
 55 406 
 44 417 
160 406 
 44 522 
161 406 
 44 523 
170 406 
 44 532 
171 406 
 44 533 
180 406 
 44 542 
181 406 
 44 543 
280 406 
 44 642 
281 406 
 44 643 
282 406 
 44 644 
291 406 
 44 653 
292 406 
 44 654 
293 406 
 44 655 
 45 407 
 46 407 
 45 408 
 56 407 
 45 418 
161 407 
 45 523 
162 407 
 45 524 
171 407 
 45 533 
172 407 
 45 534 
181 407 
 45 543 
182 407 
 45 544 
281 407 
 45 643 
282 407 
 45 644 
283 407 
 45 645 
292 407 
 45 654 
293 407 
 45 655 
294 407 
 45 656 
 46 408 
 47 408 
 46 409 
 57 408 
 46 419 
162 408 
 46 524 
163 408 
 46 525 
172 408 
 46 534 
173 408 
 46 535 
182 408 
 46 544 
183 408 
 46 545 
282 408 
 46 644 
283 408 
 46 645 
284 408 
 46 646 
293 408 
 46 655 
294 408 
 46 656 
295 408 
 46 657 
 47 409 
 48 409 
 47 410 
 58 409 
 47 420 
163 409 
 47 525 
164 409 
 47 526 
173 409 
 47 535 
174 409 
 47 536 
183 409 
 47 545 
184 409 
 47 546 
283 409 
 47 645 
284 409 
 47 646 
285 409 
 47 647 
294 409 
 47 656 
295 409 
 47 657 
296 409 
 47 658 
 48 410 
 49 410 
 48 411 
 59 410 
 48 421 
164 410 
 48 526 
165 410 
 48 527 
174 410 
 48 536 
175 410 
 48 537 
184 410 
 48 546 
185 410 
 48 547 
284 410 
 48 646 
285 410 
 48 647 
286 410 
 48 648 
295 410 
 48 657 
296 410 
 48 658 
297 410 
 48 659 
 49 411 
 50 411 
 49 412 
 60 411 
 49 422 
165 411 
 49 527 
166 411 
 49 528 
175 411 
 49 537 
176 411 
 49 538 
185 411 
 49 547 
186 411 
 49 548 
285 411 
 49 647 
286 411 
 49 648 
287 411 
 49 649 
296 411 
 49 658 
297 411 
 49 659 
298 411 
 49 660 
 50 412 
 51 412 
 50 413 
 61 412 
 50 423 
166 412 
 50 528 
167 412 
 50 529 
176 412 
 50 538 
177 412 
 50 539 
186 412 
 50 548 
187 412 
 50 549 
286 412 
 50 648 
287 412 
 50 649 
288 412 
 50 650 
297 412 
 50 659 
298 412 
 50 660 
299 412 
 50 661 
 51 413 
 62 413 
 51 424 
167 413 
 51 529 
177 413 
 51 539 
187 413 
 51 549 
188 413 
 51 550 
287 413 
 51 649 
288 413 
 51 650 
298 413 
 51 660 
299 413 
 51 661 
 52 414 
 53 414 
 52 415 
168 414 
 52 530 
178 414 
 52 540 
289 414 
 52 651 
290 414 
 52 652 
300 414 
 52 662 
 53 415 
 54 415 
 53 416 
 64 415 
 53 426 
168 415 
 53 530 
169 415 
 53 531 
178 415 
 53 540 
179 415 
 53 541 
189 415 
 53 551 
289 415 
 53 651 
290 415 
 53 652 
291 415 
 53 653 
300 415 
 53 662 
301 415 
 53 663 
 54 416 
 55 416 
 54 417 
 65 416 
 54 427 
169 416 
 54 531 
170 416 
 54 532 
179 416 
 54 541 
180 416 
 54 542 
189 416 
 54 551 
190 416 
 54 552 
290 416 
 54 652 
291 416 
 54 653 
292 416 
 54 654 
300 416 
 54 662 
301 416 
 54 663 
302 416 
 54 664 
 55 417 
 56 417 
 55 418 
 66 417 
 55 428 
170 417 
 55 532 
171 417 
 55 533 
180 417 
 55 542 
181 417 
 55 543 
190 417 
 55 552 
191 417 
 55 553 
291 417 
 55 653 
292 417 
 55 654 
293 417 
 55 655 
301 417 
 55 663 
302 417 
 55 664 
303 417 
 55 665 
 56 418 
 57 418 
 56 419 
 67 418 
 56 429 
171 418 
 56 533 
172 418 
 56 534 
181 418 
 56 543 
182 418 
 56 544 
191 418 
 56 553 
192 418 
 56 554 
292 418 
 56 654 
293 418 
 56 655 
294 418 
 56 656 
302 418 
 56 664 
303 418 
 56 665 
304 418 
 56 666 
 57 419 
 58 419 
 57 420 
 68 419 
 57 430 
172 419 
 57 534 
173 419 
 57 535 
182 419 
 57 544 
183 419 
 57 545 
192 419 
 57 554 
193 419 
 57 555 
293 419 
 57 655 
294 419 
 57 656 
295 419 
 57 657 
303 419 
 57 665 
304 419 
 57 666 
305 419 
 57 667 
 58 420 
 59 420 
 58 421 
 69 420 
 58 431 
173 420 
 58 535 
174 420 
 58 536 
183 420 
 58 545 
184 420 
 58 546 
193 420 
 58 555 
194 420 
 58 556 
294 420 
 58 656 
295 420 
 58 657 
296 420 
 58 658 
304 420 
 58 666 
305 420 
 58 667 
306 420 
 58 668 
 59 421 
 60 421 
 59 422 
 70 421 
 59 432 
174 421 
 59 536 
175 421 
 59 537 
184 421 
 59 546 
185 421 
 59 547 
194 421 
 59 556 
195 421 
 59 557 
295 421 
 59 657 
296 421 
 59 658 
297 421 
 59 659 
305 421 
 59 667 
306 421 
 59 668 
307 421 
 59 669 
 60 422 
 61 422 
 60 423 
 71 422 
 60 433 
175 422 
 60 537 
176 422 
 60 538 
185 422 
 60 547 
186 422 
 60 548 
195 422 
 60 557 
196 422 
 60 558 
296 422 
 60 658 
297 422 
 60 659 
298 422 
 60 660 
306 422 
 60 668 
307 422 
 60 669 
308 422 
 60 670 
 61 423 
 62 423 
 61 424 
 72 423 
 61 434 
176 423 
 61 538 
177 423 
 61 539 
186 423 
 61 548 
187 423 
 61 549 
196 423 
 61 558 
197 423 
 61 559 
297 423 
 61 659 
298 423 
 61 660 
299 423 
 61 661 
307 423 
 61 669 
308 423 
 61 670 
309 423 
 61 671 
 62 424 
 63 424 
 62 425 
 73 424 
 62 435 
177 424 
 62 539 
187 424 
 62 549 
188 424 
 62 550 
197 424 
 62 559 
198 424 
 62 560 
298 424 
 62 660 
299 424 
 62 661 
308 424 
 62 670 
309 424 
 62 671 
310 424 
 62 672 
 63 425 
 74 425 
 63 436 
188 425 
 63 550 
198 425 
 63 560 
299 425 
 63 661 
309 425 
 63 671 
310 425 
 63 672 
 64 426 
 65 426 
 64 427 
178 426 
 64 540 
179 426 
 64 541 
189 426 
 64 551 
300 426 
 64 662 
301 426 
 64 663 
 65 427 
 66 427 
 65 428 
179 427 
 65 541 
180 427 
 65 542 
189 427 
 65 551 
190 427 
 65 552 
300 427 
 65 662 
301 427 
 65 663 
302 427 
 65 664 
311 427 
 65 673 
 66 428 
 67 428 
 66 429 
 75 428 
 66 437 
180 428 
 66 542 
181 428 
 66 543 
190 428 
 66 552 
191 428 
 66 553 
199 428 
 66 561 
301 428 
 66 663 
302 428 
 66 664 
303 428 
 66 665 
311 428 
 66 673 
312 428 
 66 674 
 67 429 
 68 429 
 67 430 
 76 429 
 67 438 
181 429 
 67 543 
182 429 
 67 544 
191 429 
 67 553 
192 429 
 67 554 
199 429 
 67 561 
200 429 
 67 562 
302 429 
 67 664 
303 429 
 67 665 
304 429 
 67 666 
311 429 
 67 673 
312 429 
 67 674 
313 429 
 67 675 
 68 430 
 69 430 
 68 431 
 77 430 
 68 439 
182 430 
 68 544 
183 430 
 68 545 
192 430 
 68 554 
193 430 
 68 555 
200 430 
 68 562 
201 430 
 68 563 
303 430 
 68 665 
304 430 
 68 666 
305 430 
 68 667 
312 430 
 68 674 
313 430 
 68 675 
314 430 
 68 676 
 69 431 
 70 431 
 69 432 
 78 431 
 69 440 
183 431 
 69 545 
184 431 
 69 546 
193 431 
 69 555 
194 431 
 69 556 
201 431 
 69 563 
202 431 
 69 564 
304 431 
 69 666 
305 431 
 69 667 
306 431 
 69 668 
313 431 
 69 675 
314 431 
 69 676 
315 431 
 69 677 
 70 432 
 71 432 
 70 433 
 79 432 
 70 441 
184 432 
 70 546 
185 432 
 70 547 
194 432 
 70 556 
195 432 
 70 557 
202 432 
 70 564 
203 432 
 70 565 
305 432 
 70 667 
306 432 
 70 668 
307 432 
 70 669 
314 432 
 70 676 
315 432 
 70 677 
316 432 
 70 678 
 71 433 
 72 433 
 71 434 
 80 433 
 71 442 
185 433 
 71 547 
186 433 
 71 548 
195 433 
 71 557 
196 433 
 71 558 
203 433 
 71 565 
204 433 
 71 566 
306 433 
 71 668 
307 433 
 71 669 
308 433 
 71 670 
315 433 
 71 677 
316 433 
 71 678 
317 433 
 71 679 
 72 434 
 73 434 
 72 435 
 81 434 
 72 443 
186 434 
 72 548 
187 434 
 72 549 
196 434 
 72 558 
197 434 
 72 559 
204 434 
 72 566 
205 434 
 72 567 
307 434 
 72 669 
308 434 
 72 670 
309 434 
 72 671 
316 434 
 72 678 
317 434 
 72 679 
318 434 
 72 680 
 73 435 
 74 435 
 73 436 
 82 435 
 73 444 
187 435 
 73 549 
188 435 
 73 550 
197 435 
 73 559 
198 435 
 73 560 
205 435 
 73 567 
206 435 
 73 568 
308 435 
 73 670 
309 435 
 73 671 
310 435 
 73 672 
317 435 
 73 679 
318 435 
 73 680 
319 435 
 73 681 
 74 436 
 83 436 
 74 445 
188 436 
 74 550 
198 436 
 74 560 
206 436 
 74 568 
207 436 
 74 569 
309 436 
 74 671 
310 436 
 74 672 
318 436 
 74 680 
319 436 
 74 681 
 75 437 
 76 437 
 75 438 
190 437 
 75 552 
191 437 
 75 553 
199 437 
 75 561 
311 437 
 75 673 
312 437 
 75 674 
320 437 
 75 682 
 76 438 
 77 438 
 76 439 
 85 438 
 76 447 
191 438 
 76 553 
192 438 
 76 554 
199 438 
 76 561 
200 438 
 76 562 
208 438 
 76 570 
311 438 
 76 673 
312 438 
 76 674 
313 438 
 76 675 
320 438 
 76 682 
321 438 
 76 683 
 77 439 
 78 439 
 77 440 
 86 439 
 77 448 
192 439 
 77 554 
193 439 
 77 555 
200 439 
 77 562 
201 439 
 77 563 
208 439 
 77 570 
209 439 
 77 571 
312 439 
 77 674 
313 439 
 77 675 
314 439 
 77 676 
320 439 
 77 682 
321 439 
 77 683 
322 439 
 77 684 
 78 440 
 79 440 
 78 441 
 87 440 
 78 449 
193 440 
 78 555 
194 440 
 78 556 
201 440 
 78 563 
202 440 
 78 564 
209 440 
 78 571 
210 440 
 78 572 
313 440 
 78 675 
314 440 
 78 676 
315 440 
 78 677 
321 440 
 78 683 
322 440 
 78 684 
323 440 
 78 685 
 79 441 
 80 441 
 79 442 
 88 441 
 79 450 
194 441 
 79 556 
195 441 
 79 557 
202 441 
 79 564 
203 441 
 79 565 
210 441 
 79 572 
211 441 
 79 573 
314 441 
 79 676 
315 441 
 79 677 
316 441 
 79 678 
322 441 
 79 684 
323 441 
 79 685 
324 441 
 79 686 
 80 442 
 81 442 
 80 443 
 89 442 
 80 451 
195 442 
 80 557 
196 442 
 80 558 
203 442 
 80 565 
204 442 
 80 566 
211 442 
 80 573 
212 442 
 80 574 
315 442 
 80 677 
316 442 
 80 678 
317 442 
 80 679 
323 442 
 80 685 
324 442 
 80 686 
325 442 
 80 687 
 81 443 
 82 443 
 81 444 
 90 443 
 81 452 
196 443 
 81 558 
197 443 
 81 559 
204 443 
 81 566 
205 443 
 81 567 
212 443 
 81 574 
213 443 
 81 575 
316 443 
 81 678 
317 443 
 81 679 
318 443 
 81 680 
324 443 
 81 686 
325 443 
 81 687 
326 443 
 81 688 
 82 444 
 83 444 
 82 445 
 91 444 
 82 453 
197 444 
 82 559 
198 444 
 82 560 
205 444 
 82 567 
206 444 
 82 568 
213 444 
 82 575 
214 444 
 82 576 
317 444 
 82 679 
318 444 
 82 680 
319 444 
 82 681 
325 444 
 82 687 
326 444 
 82 688 
327 444 
 82 689 
 83 445 
 84 445 
 83 446 
 92 445 
 83 454 
198 445 
 83 560 
206 445 
 83 568 
207 445 
 83 569 
214 445 
 83 576 
318 445 
 83 680 
319 445 
 83 681 
326 445 
 83 688 
327 445 
 83 689 
 84 446 
319 446 
 84 681 
327 446 
 84 689 
 85 447 
 86 447 
 85 448 
 93 447 
 85 455 
199 447 
 85 561 
200 447 
 85 562 
208 447 
 85 570 
215 447 
 85 577 
320 447 
 85 682 
321 447 
 85 683 
328 447 
 85 690 
329 447 
 85 691 
 86 448 
 87 448 
 86 449 
 94 448 
 86 456 
200 448 
 86 562 
201 448 
 86 563 
208 448 
 86 570 
209 448 
 86 571 
215 448 
 86 577 
216 448 
 86 578 
320 448 
 86 682 
321 448 
 86 683 
322 448 
 86 684 
328 448 
 86 690 
329 448 
 86 691 
330 448 
 86 692 
 87 449 
 88 449 
 87 450 
 95 449 
 87 457 
201 449 
 87 563 
202 449 
 87 564 
209 449 
 87 571 
210 449 
 87 572 
216 449 
 87 578 
217 449 
 87 579 
321 449 
 87 683 
322 449 
 87 684 
323 449 
 87 685 
329 449 
 87 691 
330 449 
 87 692 
331 449 
 87 693 
 88 450 
 89 450 
 88 451 
 96 450 
 88 458 
202 450 
 88 564 
203 450 
 88 565 
210 450 
 88 572 
211 450 
 88 573 
217 450 
 88 579 
218 450 
 88 580 
322 450 
 88 684 
323 450 
 88 685 
324 450 
 88 686 
330 450 
 88 692 
331 450 
 88 693 
332 450 
 88 694 
 89 451 
 90 451 
 89 452 
 97 451 
 89 459 
203 451 
 89 565 
204 451 
 89 566 
211 451 
 89 573 
212 451 
 89 574 
218 451 
 89 580 
219 451 
 89 581 
323 451 
 89 685 
324 451 
 89 686 
325 451 
 89 687 
331 451 
 89 693 
332 451 
 89 694 
333 451 
 89 695 
 90 452 
 91 452 
 90 453 
 98 452 
 90 460 
204 452 
 90 566 
205 452 
 90 567 
212 452 
 90 574 
213 452 
 90 575 
219 452 
 90 581 
220 452 
 90 582 
324 452 
 90 686 
325 452 
 90 687 
326 452 
 90 688 
332 452 
 90 694 
333 452 
 90 695 
334 452 
 90 696 
 91 453 
 92 453 
 91 454 
 99 453 
 91 461 
205 453 
 91 567 
206 453 
 91 568 
213 453 
 91 575 
214 453 
 91 576 
220 453 
 91 582 
325 453 
 91 687 
326 453 
 91 688 
327 453 
 91 689 
333 453 
 91 695 
334 453 
 91 696 
 92 454 
206 454 
 92 568 
207 454 
 92 569 
214 454 
 92 576 
326 454 
 92 688 
327 454 
 92 689 
334 454 
 92 696 
 93 455 
 94 455 
 93 456 
101 455 
 93 463 
208 455 
 93 570 
215 455 
 93 577 
221 455 
 93 583 
222 455 
 93 584 
328 455 
 93 690 
329 455 
 93 691 
335 455 
 93 697 
336 455 
 93 698 
 94 456 
 95 456 
 94 457 
102 456 
 94 464 
208 456 
 94 570 
209 456 
 94 571 
215 456 
 94 577 
216 456 
 94 578 
222 456 
 94 584 
223 456 
 94 585 
328 456 
 94 690 
329 456 
 94 691 
330 456 
 94 692 
335 456 
 94 697 
336 456 
 94 698 
337 456 
 94 699 
 95 457 
 96 457 
 95 458 
103 457 
 95 465 
209 457 
 95 571 
210 457 
 95 572 
216 457 
 95 578 
217 457 
 95 579 
223 457 
 95 585 
224 457 
 95 586 
329 457 
 95 691 
330 457 
 95 692 
331 457 
 95 693 
336 457 
 95 698 
337 457 
 95 699 
338 457 
 95 700 
 96 458 
 97 458 
 96 459 
104 458 
 96 466 
210 458 
 96 572 
211 458 
 96 573 
217 458 
 96 579 
218 458 
 96 580 
224 458 
 96 586 
225 458 
 96 587 
330 458 
 96 692 
331 458 
 96 693 
332 458 
 96 694 
337 458 
 96 699 
338 458 
 96 700 
339 458 
 96 701 
 97 459 
 98 459 
 97 460 
105 459 
 97 467 
211 459 
 97 573 
212 459 
 97 574 
218 459 
 97 580 
219 459 
 97 581 
225 459 
 97 587 
226 459 
 97 588 
331 459 
 97 693 
332 459 
 97 694 
333 459 
 97 695 
338 459 
 97 700 
339 459 
 97 701 
340 459 
 97 702 
 98 460 
 99 460 
 98 461 
106 460 
 98 468 
212 460 
 98 574 
213 460 
 98 575 
219 460 
 98 581 
220 460 
 98 582 
226 460 
 98 588 
227 460 
 98 589 
332 460 
 98 694 
333 460 
 98 695 
334 460 
 98 696 
339 460 
 98 701 
340 460 
 98 702 
341 460 
 98 703 
 99 461 
107 461 
 99 469 
213 461 
 99 575 
214 461 
 99 576 
220 461 
 99 582 
227 461 
 99 589 
228 461 
 99 590 
333 461 
 99 695 
334 461 
 99 696 
340 461 
 99 702 
341 461 
 99 703 
100 462 
101 462 
100 463 
110 462 
100 472 
221 462 
100 583 
229 462 
100 591 
230 462 
100 592 
335 462 
100 697 
342 462 
100 704 
343 462 
100 705 
101 463 
102 463 
101 464 
111 463 
101 473 
215 463 
101 577 
221 463 
101 583 
222 463 
101 584 
230 463 
101 592 
231 463 
101 593 
335 463 
101 697 
336 463 
101 698 
342 463 
101 704 
343 463 
101 705 
344 463 
101 706 
102 464 
103 464 
102 465 
112 464 
102 474 
215 464 
102 577 
216 464 
102 578 
222 464 
102 584 
223 464 
102 585 
231 464 
102 593 
232 464 
102 594 
335 464 
102 697 
336 464 
102 698 
337 464 
102 699 
343 464 
102 705 
344 464 
102 706 
345 464 
102 707 
103 465 
104 465 
103 466 
113 465 
103 475 
216 465 
103 578 
217 465 
103 579 
223 465 
103 585 
224 465 
103 586 
232 465 
103 594 
233 465 
103 595 
336 465 
103 698 
337 465 
103 699 
338 465 
103 700 
344 465 
103 706 
345 465 
103 707 
346 465 
103 708 
104 466 
105 466 
104 467 
114 466 
104 476 
217 466 
104 579 
218 466 
104 580 
224 466 
104 586 
225 466 
104 587 
233 466 
104 595 
234 466 
104 596 
337 466 
104 699 
338 466 
104 700 
339 466 
104 701 
345 466 
104 707 
346 466 
104 708 
347 466 
104 709 
105 467 
106 467 
105 468 
115 467 
105 477 
218 467 
105 580 
219 467 
105 581 
225 467 
105 587 
226 467 
105 588 
234 467 
105 596 
235 467 
105 597 
338 467 
105 700 
339 467 
105 701 
340 467 
105 702 
346 467 
105 708 
347 467 
105 709 
348 467 
105 710 
106 468 
107 468 
106 469 
116 468 
106 478 
219 468 
106 581 
220 468 
106 582 
226 468 
106 588 
227 468 
106 589 
235 468 
106 597 
236 468 
106 598 
339 468 
106 701 
340 468 
106 702 
341 468 
106 703 
347 468 
106 709 
348 468 
106 710 
349 468 
106 711 
107 469 
108 469 
107 470 
117 469 
107 479 
220 469 
107 582 
227 469 
107 589 
228 469 
107 590 
236 469 
107 598 
237 469 
107 599 
340 469 
107 702 
341 469 
107 703 
348 469 
107 710 
349 469 
107 711 
350 469 
107 712 
108 470 
118 470 
108 480 
228 470 
108 590 
237 470 
108 599 
341 470 
108 703 
349 470 
108 711 
350 470 
108 712 
109 471 
110 471 
109 472 
119 471 
109 481 
229 471 
109 591 
238 471 
109 600 
342 471 
109 704 
351 471 
109 713 
352 471 
109 714 
110 472 
111 472 
110 473 
120 472 
110 482 
221 472 
110 583 
229 472 
110 591 
230 472 
110 592 
238 472 
110 600 
239 472 
110 601 
342 472 
110 704 
343 472 
110 705 
351 472 
110 713 
352 472 
110 714 
353 472 
110 715 
111 473 
112 473 
111 474 
121 473 
111 483 
221 473 
111 583 
222 473 
111 584 
230 473 
111 592 
231 473 
111 593 
239 473 
111 601 
342 473 
111 704 
343 473 
111 705 
344 473 
111 706 
352 473 
111 714 
353 473 
111 715 
112 474 
113 474 
112 475 
222 474 
112 584 
223 474 
112 585 
231 474 
112 593 
232 474 
112 594 
343 474 
112 705 
344 474 
112 706 
345 474 
112 707 
353 474 
112 715 
354 474 
112 716 
113 475 
114 475 
113 476 
122 475 
113 484 
223 475 
113 585 
224 475 
113 586 
232 475 
113 594 
233 475 
113 595 
240 475 
113 602 
344 475 
113 706 
345 475 
113 707 
346 475 
113 708 
354 475 
113 716 
355 475 
113 717 
114 476 
115 476 
114 477 
123 476 
114 485 
224 476 
114 586 
225 476 
114 587 
233 476 
114 595 
234 476 
114 596 
240 476 
114 602 
241 476 
114 603 
345 476 
114 707 
346 476 
114 708 
347 476 
114 709 
354 476 
114 716 
355 476 
114 717 
356 476 
114 718 
115 477 
116 477 
115 478 
124 477 
115 486 
225 477 
115 587 
226 477 
115 588 
234 477 
115 596 
235 477 
115 597 
241 477 
115 603 
242 477 
115 604 
346 477 
115 708 
347 477 
115 709 
348 477 
115 710 
355 477 
115 717 
356 477 
115 718 
357 477 
115 719 
116 478 
117 478 
116 479 
125 478 
116 487 
226 478 
116 588 
227 478 
116 589 
235 478 
116 597 
236 478 
116 598 
242 478 
116 604 
243 478 
116 605 
347 478 
116 709 
348 478 
116 710 
349 478 
116 711 
356 478 
116 718 
357 478 
116 719 
358 478 
116 720 
117 479 
118 479 
117 480 
126 479 
117 488 
227 479 
117 589 
228 479 
117 590 
236 479 
117 598 
237 479 
117 599 
243 479 
117 605 
348 479 
117 710 
349 479 
117 711 
350 479 
117 712 
357 479 
117 719 
358 479 
117 720 
118 480 
228 480 
118 590 
237 480 
118 599 
349 480 
118 711 
350 480 
118 712 
358 480 
118 720 
119 481 
120 481 
119 482 
127 481 
119 489 
229 481 
119 591 
238 481 
119 600 
244 481 
119 606 
351 481 
119 713 
352 481 
119 714 
359 481 
119 721 
360 481 
119 722 
120 482 
121 482 
120 483 
128 482 
120 490 
229 482 
120 591 
230 482 
120 592 
238 482 
120 600 
239 482 
120 601 
244 482 
120 606 
351 482 
120 713 
352 482 
120 714 
353 482 
120 715 
359 482 
120 721 
360 482 
120 722 
121 483 
230 483 
121 592 
231 483 
121 593 
239 483 
121 601 
352 483 
121 714 
353 483 
121 715 
360 483 
121 722 
122 484 
123 484 
122 485 
232 484 
122 594 
233 484 
122 595 
240 484 
122 602 
354 484 
122 716 
355 484 
122 717 
361 484 
122 723 
123 485 
124 485 
123 486 
129 485 
123 491 
233 485 
123 595 
234 485 
123 596 
240 485 
123 602 
241 485 
123 603 
245 485 
123 607 
354 485 
123 716 
355 485 
123 717 
356 485 
123 718 
361 485 
123 723 
362 485 
123 724 
124 486 
125 486 
124 487 
130 486 
124 492 
234 486 
124 596 
235 486 
124 597 
241 486 
124 603 
242 486 
124 604 
245 486 
124 607 
355 486 
124 717 
356 486 
124 718 
357 486 
124 719 
361 486 
124 723 
362 486 
124 724 
125 487 
126 487 
125 488 
235 487 
125 597 
236 487 
125 598 
242 487 
125 604 
243 487 
125 605 
356 487 
125 718 
357 487 
125 719 
358 487 
125 720 
362 487 
125 724 
126 488 
236 488 
126 598 
237 488 
126 599 
243 488 
126 605 
357 488 
126 719 
358 488 
126 720 
127 489 
128 489 
127 490 
238 489 
127 600 
244 489 
127 606 
359 489 
127 721 
360 489 
127 722 
128 490 
238 490 
128 600 
239 490 
128 601 
244 490 
128 606 
359 490 
128 721 
360 490 
128 722 
129 491 
130 491 
129 492 
240 491 
129 602 
241 491 
129 603 
245 491 
129 607 
361 491 
129 723 
362 491 
129 724 
130 492 
241 492 
130 603 
242 492 
130 604 
245 492 
130 607 
361 492 
130 723 
362 492 
130 724 
131 493 
132 493 
131 494 
133 493 
131 495 
134 493 
131 496 
135 493 
131 497 
246 493 
131 608 
247 493 
131 609 
248 493 
131 610 
132 494 
134 494 
132 496 
135 494 
132 497 
136 494 
132 498 
246 494 
132 608 
248 494 
132 610 
133 495 
134 495 
133 496 
138 495 
133 500 
139 495 
133 501 
140 495 
133 502 
247 495 
133 609 
250 495 
133 612 
251 495 
133 613 
134 496 
135 496 
134 497 
139 496 
134 501 
140 496 
134 502 
141 496 
134 503 
247 496 
134 609 
248 496 
134 610 
251 496 
134 613 
252 496 
134 614 
135 497 
136 497 
135 498 
140 497 
135 502 
141 497 
135 503 
142 497 
135 504 
248 497 
135 610 
249 497 
135 611 
252 497 
135 614 
253 497 
135 615 
136 498 
141 498 
136 503 
142 498 
136 504 
143 498 
136 505 
249 498 
136 611 
253 498 
136 615 
137 499 
138 499 
137 500 
144 499 
137 506 
145 499 
137 507 
255 499 
137 617 
256 499 
137 618 
138 500 
139 500 
138 501 
144 500 
138 506 
145 500 
138 507 
146 500 
138 508 
250 500 
138 612 
256 500 
138 618 
257 500 
138 619 
139 501 
140 501 
139 502 
145 501 
139 507 
146 501 
139 508 
147 501 
139 509 
250 501 
139 612 
251 501 
139 613 
257 501 
139 619 
258 501 
139 620 
140 502 
141 502 
140 503 
146 502 
140 508 
147 502 
140 509 
148 502 
140 510 
251 502 
140 613 
252 502 
140 614 
258 502 
140 620 
259 502 
140 621 
141 503 
142 503 
141 504 
147 503 
141 509 
148 503 
141 510 
149 503 
141 511 
252 503 
141 614 
253 503 
141 615 
259 503 
141 621 
260 503 
141 622 
142 504 
143 504 
142 505 
148 504 
142 510 
149 504 
142 511 
253 504 
142 615 
254 504 
142 616 
260 504 
142 622 
261 504 
142 623 
143 505 
149 505 
143 511 
254 505 
143 616 
261 505 
143 623 
144 506 
145 506 
144 507 
151 506 
144 513 
152 506 
144 514 
153 506 
144 515 
255 506 
144 617 
256 506 
144 618 
262 506 
144 624 
263 506 
144 625 
145 507 
146 507 
145 508 
152 507 
145 514 
153 507 
145 515 
154 507 
145 516 
256 507 
145 618 
257 507 
145 619 
263 507 
145 625 
264 507 
145 626 
146 508 
147 508 
146 509 
153 508 
146 515 
154 508 
146 516 
155 508 
146 517 
257 508 
146 619 
258 508 
146 620 
264 508 
146 626 
265 508 
146 627 
147 509 
148 509 
147 510 
154 509 
147 516 
155 509 
147 517 
156 509 
147 518 
258 509 
147 620 
259 509 
147 621 
265 509 
147 627 
266 509 
147 628 
148 510 
149 510 
148 511 
155 510 
148 517 
156 510 
148 518 
157 510 
148 519 
259 510 
148 621 
260 510 
148 622 
266 510 
148 628 
267 510 
148 629 
149 511 
156 511 
149 518 
157 511 
149 519 
260 511 
149 622 
261 511 
149 623 
267 511 
149 629 
268 511 
149 630 
150 512 
151 512 
150 513 
158 512 
150 520 
159 512 
150 521 
160 512 
150 522 
269 512 
150 631 
270 512 
150 632 
151 513 
152 513 
151 514 
159 513 
151 521 
160 513 
151 522 
161 513 
151 523 
262 513 
151 624 
270 513 
151 632 
271 513 
151 633 
152 514 
153 514 
152 515 
160 514 
152 522 
161 514 
152 523 
162 514 
152 524 
262 514 
152 624 
263 514 
152 625 
271 514 
152 633 
272 514 
152 634 
153 515 
154 515 
153 516 
161 515 
153 523 
162 515 
153 524 
163 515 
153 525 
263 515 
153 625 
264 515 
153 626 
272 515 
153 634 
273 515 
153 635 
154 516 
155 516 
154 517 
162 516 
154 524 
163 516 
154 525 
164 516 
154 526 
264 516 
154 626 
265 516 
154 627 
273 516 
154 635 
274 516 
154 636 
155 517 
156 517 
155 518 
163 517 
155 525 
164 517 
155 526 
165 517 
155 527 
265 517 
155 627 
266 517 
155 628 
274 517 
155 636 
275 517 
155 637 
156 518 
157 518 
156 519 
164 518 
156 526 
165 518 
156 527 
166 518 
156 528 
266 518 
156 628 
267 518 
156 629 
275 518 
156 637 
276 518 
156 638 
157 519 
165 519 
157 527 
166 519 
157 528 
167 519 
157 529 
267 519 
157 629 
268 519 
157 630 
276 519 
157 638 
277 519 
157 639 
158 520 
159 520 
158 521 
168 520 
158 530 
169 520 
158 531 
269 520 
158 631 
278 520 
158 640 
279 520 
158 641 
159 521 
160 521 
159 522 
168 521 
159 530 
169 521 
159 531 
170 521 
159 532 
269 521 
159 631 
270 521 
159 632 
279 521 
159 641 
280 521 
159 642 
160 522 
161 522 
160 523 
169 522 
160 531 
170 522 
160 532 
171 522 
160 533 
270 522 
160 632 
271 522 
160 633 
280 522 
160 642 
281 522 
160 643 
161 523 
162 523 
161 524 
170 523 
161 532 
171 523 
161 533 
172 523 
161 534 
271 523 
161 633 
272 523 
161 634 
281 523 
161 643 
282 523 
161 644 
162 524 
163 524 
162 525 
171 524 
162 533 
172 524 
162 534 
173 524 
162 535 
272 524 
162 634 
273 524 
162 635 
282 524 
162 644 
283 524 
162 645 
163 525 
164 525 
163 526 
172 525 
163 534 
173 525 
163 535 
174 525 
163 536 
273 525 
163 635 
274 525 
163 636 
283 525 
163 645 
284 525 
163 646 
164 526 
165 526 
164 527 
173 526 
164 535 
174 526 
164 536 
175 526 
164 537 
274 526 
164 636 
275 526 
164 637 
284 526 
164 646 
285 526 
164 647 
165 527 
166 527 
165 528 
174 527 
165 536 
175 527 
165 537 
176 527 
165 538 
275 527 
165 637 
276 527 
165 638 
285 527 
165 647 
286 527 
165 648 
166 528 
167 528 
166 529 
175 528 
166 537 
176 528 
166 538 
177 528 
166 539 
276 528 
166 638 
277 528 
166 639 
286 528 
166 648 
287 528 
166 649 
167 529 
176 529 
167 538 
177 529 
167 539 
277 529 
167 639 
287 529 
167 649 
288 529 
167 650 
168 530 
169 530 
168 531 
178 530 
168 540 
179 530 
168 541 
278 530 
168 640 
279 530 
168 641 
289 530 
168 651 
290 530 
168 652 
169 531 
170 531 
169 532 
178 531 
169 540 
179 531 
169 541 
180 531 
169 542 
279 531 
169 641 
280 531 
169 642 
290 531 
169 652 
291 531 
169 653 
170 532 
171 532 
170 533 
179 532 
170 541 
180 532 
170 542 
181 532 
170 543 
280 532 
170 642 
281 532 
170 643 
291 532 
170 653 
292 532 
170 654 
171 533 
172 533 
171 534 
180 533 
171 542 
181 533 
171 543 
182 533 
171 544 
281 533 
171 643 
282 533 
171 644 
292 533 
171 654 
293 533 
171 655 
172 534 
173 534 
172 535 
181 534 
172 543 
182 534 
172 544 
183 534 
172 545 
282 534 
172 644 
283 534 
172 645 
293 534 
172 655 
294 534 
172 656 
173 535 
174 535 
173 536 
182 535 
173 544 
183 535 
173 545 
184 535 
173 546 
283 535 
173 645 
284 535 
173 646 
294 535 
173 656 
295 535 
173 657 
174 536 
175 536 
174 537 
183 536 
174 545 
184 536 
174 546 
185 536 
174 547 
284 536 
174 646 
285 536 
174 647 
295 536 
174 657 
296 536 
174 658 
175 537 
176 537 
175 538 
184 537 
175 546 
185 537 
175 547 
186 537 
175 548 
285 537 
175 647 
286 537 
175 648 
296 537 
175 658 
297 537 
175 659 
176 538 
177 538 
176 539 
185 538 
176 547 
186 538 
176 548 
187 538 
176 549 
286 538 
176 648 
287 538 
176 649 
297 538 
176 659 
298 538 
176 660 
177 539 
186 539 
177 548 
187 539 
177 549 
188 539 
177 550 
287 539 
177 649 
288 539 
177 650 
298 539 
177 660 
299 539 
177 661 
178 540 
179 540 
178 541 
189 540 
178 551 
289 540 
178 651 
290 540 
178 652 
300 540 
178 662 
179 541 
180 541 
179 542 
189 541 
179 551 
190 541 
179 552 
290 541 
179 652 
291 541 
179 653 
300 541 
179 662 
301 541 
179 663 
180 542 
181 542 
180 543 
189 542 
180 551 
190 542 
180 552 
191 542 
180 553 
291 542 
180 653 
292 542 
180 654 
301 542 
180 663 
302 542 
180 664 
181 543 
182 543 
181 544 
190 543 
181 552 
191 543 
181 553 
192 543 
181 554 
292 543 
181 654 
293 543 
181 655 
302 543 
181 664 
303 543 
181 665 
182 544 
183 544 
182 545 
191 544 
182 553 
192 544 
182 554 
193 544 
182 555 
293 544 
182 655 
294 544 
182 656 
303 544 
182 665 
304 544 
182 666 
183 545 
184 545 
183 546 
192 545 
183 554 
193 545 
183 555 
194 545 
183 556 
294 545 
183 656 
295 545 
183 657 
304 545 
183 666 
305 545 
183 667 
184 546 
185 546 
184 547 
193 546 
184 555 
194 546 
184 556 
195 546 
184 557 
295 546 
184 657 
296 546 
184 658 
305 546 
184 667 
306 546 
184 668 
185 547 
186 547 
185 548 
194 547 
185 556 
195 547 
185 557 
196 547 
185 558 
296 547 
185 658 
297 547 
185 659 
306 547 
185 668 
307 547 
185 669 
186 548 
187 548 
186 549 
195 548 
186 557 
196 548 
186 558 
197 548 
186 559 
297 548 
186 659 
298 548 
186 660 
307 548 
186 669 
308 548 
186 670 
187 549 
188 549 
187 550 
196 549 
187 558 
197 549 
187 559 
198 549 
187 560 
298 549 
187 660 
299 549 
187 661 
308 549 
187 670 
309 549 
187 671 
188 550 
197 550 
188 559 
198 550 
188 560 
299 550 
188 661 
309 550 
188 671 
310 550 
188 672 
189 551 
190 551 
189 552 
300 551 
189 662 
301 551 
189 663 
190 552 
191 552 
190 553 
199 552 
190 561 
301 552 
190 663 
302 552 
190 664 
311 552 
190 673 
191 553 
192 553 
191 554 
199 553 
191 561 
200 553 
191 562 
302 553 
191 664 
303 553 
191 665 
311 553 
191 673 
312 553 
191 674 
192 554 
193 554 
192 555 
199 554 
192 561 
200 554 
192 562 
201 554 
192 563 
303 554 
192 665 
304 554 
192 666 
312 554 
192 674 
313 554 
192 675 
193 555 
194 555 
193 556 
200 555 
193 562 
201 555 
193 563 
202 555 
193 564 
304 555 
193 666 
305 555 
193 667 
313 555 
193 675 
314 555 
193 676 
194 556 
195 556 
194 557 
201 556 
194 563 
202 556 
194 564 
203 556 
194 565 
305 556 
194 667 
306 556 
194 668 
314 556 
194 676 
315 556 
194 677 
195 557 
196 557 
195 558 
202 557 
195 564 
203 557 
195 565 
204 557 
195 566 
306 557 
195 668 
307 557 
195 669 
315 557 
195 677 
316 557 
195 678 
196 558 
197 558 
196 559 
203 558 
196 565 
204 558 
196 566 
205 558 
196 567 
307 558 
196 669 
308 558 
196 670 
316 558 
196 678 
317 558 
196 679 
197 559 
198 559 
197 560 
204 559 
197 566 
205 559 
197 567 
206 559 
197 568 
308 559 
197 670 
309 559 
197 671 
317 559 
197 679 
318 559 
197 680 
198 560 
205 560 
198 567 
206 560 
198 568 
207 560 
198 569 
309 560 
198 671 
310 560 
198 672 
318 560 
198 680 
319 560 
198 681 
199 561 
200 561 
199 562 
208 561 
199 570 
311 561 
199 673 
312 561 
199 674 
320 561 
199 682 
200 562 
201 562 
200 563 
208 562 
200 570 
209 562 
200 571 
312 562 
200 674 
313 562 
200 675 
320 562 
200 682 
321 562 
200 683 
201 563 
202 563 
201 564 
208 563 
201 570 
209 563 
201 571 
210 563 
201 572 
313 563 
201 675 
314 563 
201 676 
321 563 
201 683 
322 563 
201 684 
202 564 
203 564 
202 565 
209 564 
202 571 
210 564 
202 572 
211 564 
202 573 
314 564 
202 676 
315 564 
202 677 
322 564 
202 684 
323 564 
202 685 
203 565 
204 565 
203 566 
210 565 
203 572 
211 565 
203 573 
212 565 
203 574 
315 565 
203 677 
316 565 
203 678 
323 565 
203 685 
324 565 
203 686 
204 566 
205 566 
204 567 
211 566 
204 573 
212 566 
204 574 
213 566 
204 575 
316 566 
204 678 
317 566 
204 679 
324 566 
204 686 
325 566 
204 687 
205 567 
206 567 
205 568 
212 567 
205 574 
213 567 
205 575 
214 567 
205 576 
317 567 
205 679 
318 567 
205 680 
325 567 
205 687 
326 567 
205 688 
206 568 
207 568 
206 569 
213 568 
206 575 
214 568 
206 576 
318 568 
206 680 
319 568 
206 681 
326 568 
206 688 
327 568 
206 689 
207 569 
214 569 
207 576 
319 569 
207 681 
327 569 
207 689 
208 570 
209 570 
208 571 
215 570 
208 577 
216 570 
208 578 
320 570 
208 682 
321 570 
208 683 
328 570 
208 690 
329 570 
208 691 
209 571 
210 571 
209 572 
215 571 
209 577 
216 571 
209 578 
217 571 
209 579 
321 571 
209 683 
322 571 
209 684 
329 571 
209 691 
330 571 
209 692 
210 572 
211 572 
210 573 
216 572 
210 578 
217 572 
210 579 
218 572 
210 580 
322 572 
210 684 
323 572 
210 685 
330 572 
210 692 
331 572 
210 693 
211 573 
212 573 
211 574 
217 573 
211 579 
218 573 
211 580 
219 573 
211 581 
323 573 
211 685 
324 573 
211 686 
331 573 
211 693 
332 573 
211 694 
212 574 
213 574 
212 575 
218 574 
212 580 
219 574 
212 581 
220 574 
212 582 
324 574 
212 686 
325 574 
212 687 
332 574 
212 694 
333 574 
212 695 
213 575 
214 575 
213 576 
219 575 
213 581 
220 575 
213 582 
325 575 
213 687 
326 575 
213 688 
333 575 
213 695 
334 575 
213 696 
214 576 
220 576 
214 582 
326 576 
214 688 
327 576 
214 689 
334 576 
214 696 
215 577 
216 577 
215 578 
221 577 
215 583 
222 577 
215 584 
223 577 
215 585 
328 577 
215 690 
329 577 
215 691 
335 577 
215 697 
336 577 
215 698 
216 578 
217 578 
216 579 
222 578 
216 584 
223 578 
216 585 
224 578 
216 586 
329 578 
216 691 
330 578 
216 692 
336 578 
216 698 
337 578 
216 699 
217 579 
218 579 
217 580 
223 579 
217 585 
224 579 
217 586 
225 579 
217 587 
330 579 
217 692 
331 579 
217 693 
337 579 
217 699 
338 579 
217 700 
218 580 
219 580 
218 581 
224 580 
218 586 
225 580 
218 587 
226 580 
218 588 
331 580 
218 693 
332 580 
218 694 
338 580 
218 700 
339 580 
218 701 
219 581 
220 581 
219 582 
225 581 
219 587 
226 581 
219 588 
227 581 
219 589 
332 581 
219 694 
333 581 
219 695 
339 581 
219 701 
340 581 
219 702 
220 582 
226 582 
220 588 
227 582 
220 589 
228 582 
220 590 
333 582 
220 695 
334 582 
220 696 
340 582 
220 702 
341 582 
220 703 
221 583 
222 583 
221 584 
229 583 
221 591 
230 583 
221 592 
231 583 
221 593 
335 583 
221 697 
342 583 
221 704 
343 583 
221 705 
222 584 
223 584 
222 585 
230 584 
222 592 
231 584 
222 593 
232 584 
222 594 
335 584 
222 697 
336 584 
222 698 
343 584 
222 705 
344 584 
222 706 
223 585 
224 585 
223 586 
231 585 
223 593 
232 585 
223 594 
233 585 
223 595 
336 585 
223 698 
337 585 
223 699 
344 585 
223 706 
345 585 
223 707 
224 586 
225 586 
224 587 
232 586 
224 594 
233 586 
224 595 
234 586 
224 596 
337 586 
224 699 
338 586 
224 700 
345 586 
224 707 
346 586 
224 708 
225 587 
226 587 
225 588 
233 587 
225 595 
234 587 
225 596 
235 587 
225 597 
338 587 
225 700 
339 587 
225 701 
346 587 
225 708 
347 587 
225 709 
226 588 
227 588 
226 589 
234 588 
226 596 
235 588 
226 597 
236 588 
226 598 
339 588 
226 701 
340 588 
226 702 
347 588 
226 709 
348 588 
226 710 
227 589 
228 589 
227 590 
235 589 
227 597 
236 589 
227 598 
237 589 
227 599 
340 589 
227 702 
341 589 
227 703 
348 589 
227 710 
349 589 
227 711 
228 590 
236 590 
228 598 
237 590 
228 599 
341 590 
228 703 
349 590 
228 711 
350 590 
228 712 
229 591 
230 591 
229 592 
238 591 
229 600 
239 591 
229 601 
342 591 
229 704 
351 591 
229 713 
352 591 
229 714 
230 592 
231 592 
230 593 
238 592 
230 600 
239 592 
230 601 
342 592 
230 704 
343 592 
230 705 
352 592 
230 714 
353 592 
230 715 
231 593 
232 593 
231 594 
239 593 
231 601 
343 593 
231 705 
344 593 
231 706 
353 593 
231 715 
232 594 
233 594 
232 595 
240 594 
232 602 
344 594 
232 706 
345 594 
232 707 
354 594 
232 716 
233 595 
234 595 
233 596 
240 595 
233 602 
241 595 
233 603 
345 595 
233 707 
346 595 
233 708 
354 595 
233 716 
355 595 
233 717 
234 596 
235 596 
234 597 
240 596 
234 602 
241 596 
234 603 
242 596 
234 604 
346 596 
234 708 
347 596 
234 709 
355 596 
234 717 
356 596 
234 718 
235 597 
236 597 
235 598 
241 597 
235 603 
242 597 
235 604 
243 597 
235 605 
347 597 
235 709 
348 597 
235 710 
356 597 
235 718 
357 597 
235 719 
236 598 
237 598 
236 599 
242 598 
236 604 
243 598 
236 605 
348 598 
236 710 
349 598 
236 711 
357 598 
236 719 
358 598 
236 720 
237 599 
243 599 
237 605 
349 599 
237 711 
350 599 
237 712 
358 599 
237 720 
238 600 
239 600 
238 601 
244 600 
238 606 
351 600 
238 713 
352 600 
238 714 
359 600 
238 721 
360 600 
238 722 
239 601 
244 601 
239 606 
352 601 
239 714 
353 601 
239 715 
360 601 
239 722 
240 602 
241 602 
240 603 
245 602 
240 607 
354 602 
240 716 
355 602 
240 717 
361 602 
240 723 
241 603 
242 603 
241 604 
245 603 
241 607 
355 603 
241 717 
356 603 
241 718 
361 603 
241 723 
362 603 
241 724 
242 604 
243 604 
242 605 
245 604 
242 607 
356 604 
242 718 
357 604 
242 719 
362 604 
242 724 
243 605 
357 605 
243 719 
358 605 
243 720 
244 606 
359 606 
244 721 
360 606 
244 722 
245 607 
361 607 
245 723 
362 607 
245 724 
246 608 
247 608 
246 609 
248 608 
246 610 
249 608 
246 611 
247 609 
248 609 
247 610 
250 609 
247 612 
251 609 
247 613 
252 609 
247 614 
248 610 
249 610 
248 611 
251 610 
248 613 
252 610 
248 614 
253 610 
248 615 
249 611 
252 611 
249 614 
253 611 
249 615 
254 611 
249 616 
250 612 
251 612 
250 613 
256 612 
250 618 
257 612 
250 619 
258 612 
250 620 
251 613 
252 613 
251 614 
257 613 
251 619 
258 613 
251 620 
259 613 
251 621 
252 614 
253 614 
252 615 
258 614 
252 620 
259 614 
252 621 
260 614 
252 622 
253 615 
254 615 
253 616 
259 615 
253 621 
260 615 
253 622 
261 615 
253 623 
254 616 
260 616 
254 622 
261 616 
254 623 
255 617 
256 617 
255 618 
262 617 
255 624 
263 617 
255 625 
256 618 
257 618 
256 619 
262 618 
256 624 
263 618 
256 625 
264 618 
256 626 
257 619 
258 619 
257 620 
263 619 
257 625 
264 619 
257 626 
265 619 
257 627 
258 620 
259 620 
258 621 
264 620 
258 626 
265 620 
258 627 
266 620 
258 628 
259 621 
260 621 
259 622 
265 621 
259 627 
266 621 
259 628 
267 621 
259 629 
260 622 
261 622 
260 623 
266 622 
260 628 
267 622 
260 629 
268 622 
260 630 
261 623 
267 623 
261 629 
268 623 
261 630 
262 624 
263 624 
262 625 
270 624 
262 632 
271 624 
262 633 
272 624 
262 634 
263 625 
264 625 
263 626 
271 625 
263 633 
272 625 
263 634 
273 625 
263 635 
264 626 
265 626 
264 627 
272 626 
264 634 
273 626 
264 635 
274 626 
264 636 
265 627 
266 627 
265 628 
273 627 
265 635 
274 627 
265 636 
275 627 
265 637 
266 628 
267 628 
266 629 
274 628 
266 636 
275 628 
266 637 
276 628 
266 638 
267 629 
268 629 
267 630 
275 629 
267 637 
276 629 
267 638 
277 629 
267 639 
268 630 
276 630 
268 638 
277 630 
268 639 
269 631 
270 631 
269 632 
278 631 
269 640 
279 631 
269 641 
280 631 
269 642 
270 632 
271 632 
270 633 
279 632 
270 641 
280 632 
270 642 
281 632 
270 643 
271 633 
272 633 
271 634 
280 633 
271 642 
281 633 
271 643 
282 633 
271 644 
272 634 
273 634 
272 635 
281 634 
272 643 
282 634 
272 644 
283 634 
272 645 
273 635 
274 635 
273 636 
282 635 
273 644 
283 635 
273 645 
284 635 
273 646 
274 636 
275 636 
274 637 
283 636 
274 645 
284 636 
274 646 
285 636 
274 647 
275 637 
276 637 
275 638 
284 637 
275 646 
285 637 
275 647 
286 637 
275 648 
276 638 
277 638 
276 639 
285 638 
276 647 
286 638 
276 648 
287 638 
276 649 
277 639 
286 639 
277 648 
287 639 
277 649 
288 639 
277 650 
278 640 
279 640 
278 641 
289 640 
278 651 
290 640 
278 652 
279 641 
280 641 
279 642 
289 641 
279 651 
290 641 
279 652 
291 641 
279 653 
280 642 
281 642 
280 643 
290 642 
280 652 
291 642 
280 653 
292 642 
280 654 
281 643 
282 643 
281 644 
291 643 
281 653 
292 643 
281 654 
293 643 
281 655 
282 644 
283 644 
282 645 
292 644 
282 654 
293 644 
282 655 
294 644 
282 656 
283 645 
284 645 
283 646 
293 645 
283 655 
294 645 
283 656 
295 645 
283 657 
284 646 
285 646 
284 647 
294 646 
284 656 
295 646 
284 657 
296 646 
284 658 
285 647 
286 647 
285 648 
295 647 
285 657 
296 647 
285 658 
297 647 
285 659 
286 648 
287 648 
286 649 
296 648 
286 658 
297 648 
286 659 
298 648 
286 660 
287 649 
288 649 
287 650 
297 649 
287 659 
298 649 
287 660 
299 649 
287 661 
288 650 
298 650 
288 660 
299 650 
288 661 
289 651 
290 651 
289 652 
300 651 
289 662 
290 652 
291 652 
290 653 
300 652 
290 662 
301 652 
290 663 
291 653 
292 653 
291 654 
300 653 
291 662 
301 653 
291 663 
302 653 
291 664 
292 654 
293 654 
292 655 
301 654 
292 663 
302 654 
292 664 
303 654 
292 665 
293 655 
294 655 
293 656 
302 655 
293 664 
303 655 
293 665 
304 655 
293 666 
294 656 
295 656 
294 657 
303 656 
294 665 
304 656 
294 666 
305 656 
294 667 
295 657 
296 657 
295 658 
304 657 
295 666 
305 657 
295 667 
306 657 
295 668 
296 658 
297 658 
296 659 
305 658 
296 667 
306 658 
296 668 
307 658 
296 669 
297 659 
298 659 
297 660 
306 659 
297 668 
307 659 
297 669 
308 659 
297 670 
298 660 
299 660 
298 661 
307 660 
298 669 
308 660 
298 670 
309 660 
298 671 
299 661 
308 661 
299 670 
309 661 
299 671 
310 661 
299 672 
300 662 
301 662 
300 663 
301 663 
302 663 
301 664 
311 663 
301 673 
302 664 
303 664 
302 665 
311 664 
302 673 
312 664 
302 674 
303 665 
304 665 
303 666 
311 665 
303 673 
312 665 
303 674 
313 665 
303 675 
304 666 
305 666 
304 667 
312 666 
304 674 
313 666 
304 675 
314 666 
304 676 
305 667 
306 667 
305 668 
313 667 
305 675 
314 667 
305 676 
315 667 
305 677 
306 668 
307 668 
306 669 
314 668 
306 676 
315 668 
306 677 
316 668 
306 678 
307 669 
308 669 
307 670 
315 669 
307 677 
316 669 
307 678 
317 669 
307 679 
308 670 
309 670 
308 671 
316 670 
308 678 
317 670 
308 679 
318 670 
308 680 
309 671 
310 671 
309 672 
317 671 
309 679 
318 671 
309 680 
319 671 
309 681 
310 672 
318 672 
310 680 
319 672 
310 681 
311 673 
312 673 
311 674 
320 673 
311 682 
312 674 
313 674 
312 675 
320 674 
312 682 
321 674 
312 683 
313 675 
314 675 
313 676 
320 675 
313 682 
321 675 
313 683 
322 675 
313 684 
314 676 
315 676 
314 677 
321 676 
314 683 
322 676 
314 684 
323 676 
314 685 
315 677 
316 677 
315 678 
322 677 
315 684 
323 677 
315 685 
324 677 
315 686 
316 678 
317 678 
316 679 
323 678 
316 685 
324 678 
316 686 
325 678 
316 687 
317 679 
318 679 
317 680 
324 679 
317 686 
325 679 
317 687 
326 679 
317 688 
318 680 
319 680 
318 681 
325 680 
318 687 
326 680 
318 688 
327 680 
318 689 
319 681 
326 681 
319 688 
327 681 
319 689 
320 682 
321 682 
320 683 
328 682 
320 690 
329 682 
320 691 
321 683 
322 683 
321 684 
328 683 
321 690 
329 683 
321 691 
330 683 
321 692 
322 684 
323 684 
322 685 
329 684 
322 691 
330 684 
322 692 
331 684 
322 693 
323 685 
324 685 
323 686 
330 685 
323 692 
331 685 
323 693 
332 685 
323 694 
324 686 
325 686 
324 687 
331 686 
324 693 
332 686 
324 694 
333 686 
324 695 
325 687 
326 687 
325 688 
332 687 
325 694 
333 687 
325 695 
334 687 
325 696 
326 688 
327 688 
326 689 
333 688 
326 695 
334 688 
326 696 
327 689 
334 689 
327 696 
328 690 
329 690 
328 691 
335 690 
328 697 
336 690 
328 698 
329 691 
330 691 
329 692 
335 691 
329 697 
336 691 
329 698 
337 691 
329 699 
330 692 
331 692 
330 693 
336 692 
330 698 
337 692 
330 699 
338 692 
330 700 
331 693 
332 693 
331 694 
337 693 
331 699 
338 693 
331 700 
339 693 
331 701 
332 694 
333 694 
332 695 
338 694 
332 700 
339 694 
332 701 
340 694 
332 702 
333 695 
334 695 
333 696 
339 695 
333 701 
340 695 
333 702 
341 695 
333 703 
334 696 
340 696 
334 702 
341 696 
334 703 
335 697 
336 697 
335 698 
342 697 
335 704 
343 697 
335 705 
344 697 
335 706 
336 698 
337 698 
336 699 
343 698 
336 705 
344 698 
336 706 
345 698 
336 707 
337 699 
338 699 
337 700 
344 699 
337 706 
345 699 
337 707 
346 699 
337 708 
338 700 
339 700 
338 701 
345 700 
338 707 
346 700 
338 708 
347 700 
338 709 
339 701 
340 701 
339 702 
346 701 
339 708 
347 701 
339 709 
348 701 
339 710 
340 702 
341 702 
340 703 
347 702 
340 709 
348 702 
340 710 
349 702 
340 711 
341 703 
348 703 
341 710 
349 703 
341 711 
350 703 
341 712 
342 704 
343 704 
342 705 
351 704 
342 713 
352 704 
342 714 
353 704 
342 715 
343 705 
344 705 
343 706 
352 705 
343 714 
353 705 
343 715 
344 706 
345 706 
344 707 
353 706 
344 715 
354 706 
344 716 
345 707 
346 707 
345 708 
354 707 
345 716 
355 707 
345 717 
346 708 
347 708 
346 709 
354 708 
346 716 
355 708 
346 717 
356 708 
346 718 
347 709 
348 709 
347 710 
355 709 
347 717 
356 709 
347 718 
357 709 
347 719 
348 710 
349 710 
348 711 
356 710 
348 718 
357 710 
348 719 
358 710 
348 720 
349 711 
350 711 
349 712 
357 711 
349 719 
358 711 
349 720 
350 712 
358 712 
350 720 
351 713 
352 713 
351 714 
359 713 
351 721 
360 713 
351 722 
352 714 
353 714 
352 715 
359 714 
352 721 
360 714 
352 722 
353 715 
360 715 
353 722 
354 716 
355 716 
354 717 
361 716 
354 723 
355 717 
356 717 
355 718 
361 717 
355 723 
362 717 
355 724 
356 718 
357 718 
356 719 
361 718 
356 723 
362 718 
356 724 
357 719 
358 719 
357 720 
362 719 
357 724 
358 720 
359 721 
360 721 
359 722 
360 722 
361 723 
362 723 
361 724 
362 724 
