240 240   3762 
  1 241 
  2 241 
  3 241 
127 241 
128 241 
129 241 
130 241 
131 241 
132 241 
  1 242 
  2 242 
  3 242 
127 242 
128 242 
129 242 
130 242 
131 242 
132 242 
  1 243 
  2 243 
  3 243 
127 243 
128 243 
129 243 
130 243 
131 243 
132 243 
  4 244 
  5 244 
  6 244 
130 244 
131 244 
132 244 
133 244 
134 244 
135 244 
136 244 
137 244 
138 244 
  4 245 
  5 245 
  6 245 
130 245 
131 245 
132 245 
133 245 
134 245 
135 245 
136 245 
137 245 
138 245 
  4 246 
  5 246 
  6 246 
130 246 
131 246 
132 246 
133 246 
134 246 
135 246 
136 246 
137 246 
138 246 
  7 247 
  8 247 
  9 247 
127 247 
128 247 
129 247 
139 247 
140 247 
141 247 
142 247 
143 247 
144 247 
  7 248 
  8 248 
  9 248 
127 248 
128 248 
129 248 
139 248 
140 248 
141 248 
142 248 
143 248 
144 248 
  7 249 
  8 249 
  9 249 
127 249 
128 249 
129 249 
139 249 
140 249 
141 249 
142 249 
143 249 
144 249 
 10 250 
 11 250 
 12 250 
127 250 
128 250 
129 250 
130 250 
131 250 
132 250 
133 250 
134 250 
135 250 
142 250 
143 250 
144 250 
145 250 
146 250 
147 250 
 10 251 
 11 251 
 12 251 
127 251 
128 251 
129 251 
130 251 
131 251 
132 251 
133 251 
134 251 
135 251 
142 251 
143 251 
144 251 
145 251 
146 251 
147 251 
 10 252 
 11 252 
 12 252 
127 252 
128 252 
129 252 
130 252 
131 252 
132 252 
133 252 
134 252 
135 252 
142 252 
143 252 
144 252 
145 252 
146 252 
147 252 
 13 253 
 14 253 
 15 253 
130 253 
131 253 
132 253 
136 253 
137 253 
138 253 
145 253 
146 253 
147 253 
148 253 
149 253 
150 253 
 13 254 
 14 254 
 15 254 
130 254 
131 254 
132 254 
136 254 
137 254 
138 254 
145 254 
146 254 
147 254 
148 254 
149 254 
150 254 
 13 255 
 14 255 
 15 255 
130 255 
131 255 
132 255 
136 255 
137 255 
138 255 
145 255 
146 255 
147 255 
148 255 
149 255 
150 255 
 16 256 
 17 256 
 18 256 
136 256 
137 256 
138 256 
151 256 
152 256 
153 256 
154 256 
155 256 
156 256 
 16 257 
 17 257 
 18 257 
136 257 
137 257 
138 257 
151 257 
152 257 
153 257 
154 257 
155 257 
156 257 
 16 258 
 17 258 
 18 258 
136 258 
137 258 
138 258 
151 258 
152 258 
153 258 
154 258 
155 258 
156 258 
 19 259 
 20 259 
 21 259 
133 259 
134 259 
135 259 
142 259 
143 259 
144 259 
157 259 
158 259 
159 259 
160 259 
161 259 
162 259 
 19 260 
 20 260 
 21 260 
133 260 
134 260 
135 260 
142 260 
143 260 
144 260 
157 260 
158 260 
159 260 
160 260 
161 260 
162 260 
 19 261 
 20 261 
 21 261 
133 261 
134 261 
135 261 
142 261 
143 261 
144 261 
157 261 
158 261 
159 261 
160 261 
161 261 
162 261 
 22 262 
 23 262 
 24 262 
133 262 
134 262 
135 262 
136 262 
137 262 
138 262 
145 262 
146 262 
147 262 
151 262 
152 262 
153 262 
160 262 
161 262 
162 262 
163 262 
164 262 
165 262 
 22 263 
 23 263 
 24 263 
133 263 
134 263 
135 263 
136 263 
137 263 
138 263 
145 263 
146 263 
147 263 
151 263 
152 263 
153 263 
160 263 
161 263 
162 263 
163 263 
164 263 
165 263 
 22 264 
 23 264 
 24 264 
133 264 
134 264 
135 264 
136 264 
137 264 
138 264 
145 264 
146 264 
147 264 
151 264 
152 264 
153 264 
160 264 
161 264 
162 264 
163 264 
164 264 
165 264 
 25 265 
 26 265 
 27 265 
136 265 
137 265 
138 265 
148 265 
149 265 
150 265 
154 265 
155 265 
156 265 
163 265 
164 265 
165 265 
166 265 
167 265 
168 265 
 25 266 
 26 266 
 27 266 
136 266 
137 266 
138 266 
148 266 
149 266 
150 266 
154 266 
155 266 
156 266 
163 266 
164 266 
165 266 
166 266 
167 266 
168 266 
 25 267 
 26 267 
 27 267 
136 267 
137 267 
138 267 
148 267 
149 267 
150 267 
154 267 
155 267 
156 267 
163 267 
164 267 
165 267 
166 267 
167 267 
168 267 
 28 268 
 29 268 
 30 268 
139 268 
140 268 
141 268 
169 268 
170 268 
171 268 
 28 269 
 29 269 
 30 269 
139 269 
140 269 
141 269 
169 269 
170 269 
171 269 
 28 270 
 29 270 
 30 270 
139 270 
140 270 
141 270 
169 270 
170 270 
171 270 
 31 271 
 32 271 
 33 271 
139 271 
140 271 
141 271 
142 271 
143 271 
144 271 
157 271 
158 271 
159 271 
169 271 
170 271 
171 271 
172 271 
173 271 
174 271 
 31 272 
 32 272 
 33 272 
139 272 
140 272 
141 272 
142 272 
143 272 
144 272 
157 272 
158 272 
159 272 
169 272 
170 272 
171 272 
172 272 
173 272 
174 272 
 31 273 
 32 273 
 33 273 
139 273 
140 273 
141 273 
142 273 
143 273 
144 273 
157 273 
158 273 
159 273 
169 273 
170 273 
171 273 
172 273 
173 273 
174 273 
 34 274 
 35 274 
 36 274 
142 274 
143 274 
144 274 
145 274 
146 274 
147 274 
160 274 
161 274 
162 274 
172 274 
173 274 
174 274 
175 274 
176 274 
177 274 
 34 275 
 35 275 
 36 275 
142 275 
143 275 
144 275 
145 275 
146 275 
147 275 
160 275 
161 275 
162 275 
172 275 
173 275 
174 275 
175 275 
176 275 
177 275 
 34 276 
 35 276 
 36 276 
142 276 
143 276 
144 276 
145 276 
146 276 
147 276 
160 276 
161 276 
162 276 
172 276 
173 276 
174 276 
175 276 
176 276 
177 276 
 37 277 
 38 277 
 39 277 
145 277 
146 277 
147 277 
148 277 
149 277 
150 277 
163 277 
164 277 
165 277 
175 277 
176 277 
177 277 
178 277 
179 277 
180 277 
 37 278 
 38 278 
 39 278 
145 278 
146 278 
147 278 
148 278 
149 278 
150 278 
163 278 
164 278 
165 278 
175 278 
176 278 
177 278 
178 278 
179 278 
180 278 
 37 279 
 38 279 
 39 279 
145 279 
146 279 
147 279 
148 279 
149 279 
150 279 
163 279 
164 279 
165 279 
175 279 
176 279 
177 279 
178 279 
179 279 
180 279 
 40 280 
 41 280 
 42 280 
148 280 
149 280 
150 280 
166 280 
167 280 
168 280 
178 280 
179 280 
180 280 
181 280 
182 280 
183 280 
 40 281 
 41 281 
 42 281 
148 281 
149 281 
150 281 
166 281 
167 281 
168 281 
178 281 
179 281 
180 281 
181 281 
182 281 
183 281 
 40 282 
 41 282 
 42 282 
148 282 
149 282 
150 282 
166 282 
167 282 
168 282 
178 282 
179 282 
180 282 
181 282 
182 282 
183 282 
 43 283 
 44 283 
 45 283 
154 283 
155 283 
156 283 
184 283 
185 283 
186 283 
 43 284 
 44 284 
 45 284 
154 284 
155 284 
156 284 
184 284 
185 284 
186 284 
 43 285 
 44 285 
 45 285 
154 285 
155 285 
156 285 
184 285 
185 285 
186 285 
 46 286 
 47 286 
 48 286 
151 286 
152 286 
153 286 
160 286 
161 286 
162 286 
187 286 
188 286 
189 286 
190 286 
191 286 
192 286 
 46 287 
 47 287 
 48 287 
151 287 
152 287 
153 287 
160 287 
161 287 
162 287 
187 287 
188 287 
189 287 
190 287 
191 287 
192 287 
 46 288 
 47 288 
 48 288 
151 288 
152 288 
153 288 
160 288 
161 288 
162 288 
187 288 
188 288 
189 288 
190 288 
191 288 
192 288 
 49 289 
 50 289 
 51 289 
151 289 
152 289 
153 289 
154 289 
155 289 
156 289 
163 289 
164 289 
165 289 
184 289 
185 289 
186 289 
190 289 
191 289 
192 289 
193 289 
194 289 
195 289 
 49 290 
 50 290 
 51 290 
151 290 
152 290 
153 290 
154 290 
155 290 
156 290 
163 290 
164 290 
165 290 
184 290 
185 290 
186 290 
190 290 
191 290 
192 290 
193 290 
194 290 
195 290 
 49 291 
 50 291 
 51 291 
151 291 
152 291 
153 291 
154 291 
155 291 
156 291 
163 291 
164 291 
165 291 
184 291 
185 291 
186 291 
190 291 
191 291 
192 291 
193 291 
194 291 
195 291 
 52 292 
 53 292 
 54 292 
154 292 
155 292 
156 292 
166 292 
167 292 
168 292 
193 292 
194 292 
195 292 
 52 293 
 53 293 
 54 293 
154 293 
155 293 
156 293 
166 293 
167 293 
168 293 
193 293 
194 293 
195 293 
 52 294 
 53 294 
 54 294 
154 294 
155 294 
156 294 
166 294 
167 294 
168 294 
193 294 
194 294 
195 294 
 55 295 
 56 295 
 57 295 
157 295 
158 295 
159 295 
169 295 
170 295 
171 295 
196 295 
197 295 
198 295 
 55 296 
 56 296 
 57 296 
157 296 
158 296 
159 296 
169 296 
170 296 
171 296 
196 296 
197 296 
198 296 
 55 297 
 56 297 
 57 297 
157 297 
158 297 
159 297 
169 297 
170 297 
171 297 
196 297 
197 297 
198 297 
 58 298 
 59 298 
 60 298 
157 298 
158 298 
159 298 
160 298 
161 298 
162 298 
172 298 
173 298 
174 298 
187 298 
188 298 
189 298 
196 298 
197 298 
198 298 
199 298 
200 298 
201 298 
 58 299 
 59 299 
 60 299 
157 299 
158 299 
159 299 
160 299 
161 299 
162 299 
172 299 
173 299 
174 299 
187 299 
188 299 
189 299 
196 299 
197 299 
198 299 
199 299 
200 299 
201 299 
 58 300 
 59 300 
 60 300 
157 300 
158 300 
159 300 
160 300 
161 300 
162 300 
172 300 
173 300 
174 300 
187 300 
188 300 
189 300 
196 300 
197 300 
198 300 
199 300 
200 300 
201 300 
 61 301 
 62 301 
 63 301 
160 301 
161 301 
162 301 
163 301 
164 301 
165 301 
175 301 
176 301 
177 301 
190 301 
191 301 
192 301 
199 301 
200 301 
201 301 
202 301 
203 301 
204 301 
 61 302 
 62 302 
 63 302 
160 302 
161 302 
162 302 
163 302 
164 302 
165 302 
175 302 
176 302 
177 302 
190 302 
191 302 
192 302 
199 302 
200 302 
201 302 
202 302 
203 302 
204 302 
 61 303 
 62 303 
 63 303 
160 303 
161 303 
162 303 
163 303 
164 303 
165 303 
175 303 
176 303 
177 303 
190 303 
191 303 
192 303 
199 303 
200 303 
201 303 
202 303 
203 303 
204 303 
 64 304 
 65 304 
 66 304 
163 304 
164 304 
165 304 
166 304 
167 304 
168 304 
178 304 
179 304 
180 304 
193 304 
194 304 
195 304 
202 304 
203 304 
204 304 
205 304 
206 304 
207 304 
 64 305 
 65 305 
 66 305 
163 305 
164 305 
165 305 
166 305 
167 305 
168 305 
178 305 
179 305 
180 305 
193 305 
194 305 
195 305 
202 305 
203 305 
204 305 
205 305 
206 305 
207 305 
 64 306 
 65 306 
 66 306 
163 306 
164 306 
165 306 
166 306 
167 306 
168 306 
178 306 
179 306 
180 306 
193 306 
194 306 
195 306 
202 306 
203 306 
204 306 
205 306 
206 306 
207 306 
 67 307 
 68 307 
 69 307 
166 307 
167 307 
168 307 
181 307 
182 307 
183 307 
205 307 
206 307 
207 307 
 67 308 
 68 308 
 69 308 
166 308 
167 308 
168 308 
181 308 
182 308 
183 308 
205 308 
206 308 
207 308 
 67 309 
 68 309 
 69 309 
166 309 
167 309 
168 309 
181 309 
182 309 
183 309 
205 309 
206 309 
207 309 
 70 310 
 71 310 
 72 310 
169 310 
170 310 
171 310 
172 310 
173 310 
174 310 
196 310 
197 310 
198 310 
208 310 
209 310 
210 310 
 70 311 
 71 311 
 72 311 
169 311 
170 311 
171 311 
172 311 
173 311 
174 311 
196 311 
197 311 
198 311 
208 311 
209 311 
210 311 
 70 312 
 71 312 
 72 312 
169 312 
170 312 
171 312 
172 312 
173 312 
174 312 
196 312 
197 312 
198 312 
208 312 
209 312 
210 312 
 73 313 
 74 313 
 75 313 
172 313 
173 313 
174 313 
175 313 
176 313 
177 313 
199 313 
200 313 
201 313 
208 313 
209 313 
210 313 
211 313 
212 313 
213 313 
 73 314 
 74 314 
 75 314 
172 314 
173 314 
174 314 
175 314 
176 314 
177 314 
199 314 
200 314 
201 314 
208 314 
209 314 
210 314 
211 314 
212 314 
213 314 
 73 315 
 74 315 
 75 315 
172 315 
173 315 
174 315 
175 315 
176 315 
177 315 
199 315 
200 315 
201 315 
208 315 
209 315 
210 315 
211 315 
212 315 
213 315 
 76 316 
 77 316 
 78 316 
175 316 
176 316 
177 316 
178 316 
179 316 
180 316 
202 316 
203 316 
204 316 
211 316 
212 316 
213 316 
214 316 
215 316 
216 316 
 76 317 
 77 317 
 78 317 
175 317 
176 317 
177 317 
178 317 
179 317 
180 317 
202 317 
203 317 
204 317 
211 317 
212 317 
213 317 
214 317 
215 317 
216 317 
 76 318 
 77 318 
 78 318 
175 318 
176 318 
177 318 
178 318 
179 318 
180 318 
202 318 
203 318 
204 318 
211 318 
212 318 
213 318 
214 318 
215 318 
216 318 
 79 319 
 80 319 
 81 319 
178 319 
179 319 
180 319 
181 319 
182 319 
183 319 
205 319 
206 319 
207 319 
214 319 
215 319 
216 319 
217 319 
218 319 
219 319 
 79 320 
 80 320 
 81 320 
178 320 
179 320 
180 320 
181 320 
182 320 
183 320 
205 320 
206 320 
207 320 
214 320 
215 320 
216 320 
217 320 
218 320 
219 320 
 79 321 
 80 321 
 81 321 
178 321 
179 321 
180 321 
181 321 
182 321 
183 321 
205 321 
206 321 
207 321 
214 321 
215 321 
216 321 
217 321 
218 321 
219 321 
 82 322 
 83 322 
 84 322 
181 322 
182 322 
183 322 
217 322 
218 322 
219 322 
 82 323 
 83 323 
 84 323 
181 323 
182 323 
183 323 
217 323 
218 323 
219 323 
 82 324 
 83 324 
 84 324 
181 324 
182 324 
183 324 
217 324 
218 324 
219 324 
 85 325 
 86 325 
 87 325 
184 325 
185 325 
186 325 
190 325 
191 325 
192 325 
220 325 
221 325 
222 325 
 85 326 
 86 326 
 87 326 
184 326 
185 326 
186 326 
190 326 
191 326 
192 326 
220 326 
221 326 
222 326 
 85 327 
 86 327 
 87 327 
184 327 
185 327 
186 327 
190 327 
191 327 
192 327 
220 327 
221 327 
222 327 
 88 328 
 89 328 
 90 328 
187 328 
188 328 
189 328 
196 328 
197 328 
198 328 
223 328 
224 328 
225 328 
 88 329 
 89 329 
 90 329 
187 329 
188 329 
189 329 
196 329 
197 329 
198 329 
223 329 
224 329 
225 329 
 88 330 
 89 330 
 90 330 
187 330 
188 330 
189 330 
196 330 
197 330 
198 330 
223 330 
224 330 
225 330 
 91 331 
 92 331 
 93 331 
187 331 
188 331 
189 331 
190 331 
191 331 
192 331 
199 331 
200 331 
201 331 
220 331 
221 331 
222 331 
223 331 
224 331 
225 331 
226 331 
227 331 
228 331 
 91 332 
 92 332 
 93 332 
187 332 
188 332 
189 332 
190 332 
191 332 
192 332 
199 332 
200 332 
201 332 
220 332 
221 332 
222 332 
223 332 
224 332 
225 332 
226 332 
227 332 
228 332 
 91 333 
 92 333 
 93 333 
187 333 
188 333 
189 333 
190 333 
191 333 
192 333 
199 333 
200 333 
201 333 
220 333 
221 333 
222 333 
223 333 
224 333 
225 333 
226 333 
227 333 
228 333 
 94 334 
 95 334 
 96 334 
190 334 
191 334 
192 334 
193 334 
194 334 
195 334 
202 334 
203 334 
204 334 
226 334 
227 334 
228 334 
 94 335 
 95 335 
 96 335 
190 335 
191 335 
192 335 
193 335 
194 335 
195 335 
202 335 
203 335 
204 335 
226 335 
227 335 
228 335 
 94 336 
 95 336 
 96 336 
190 336 
191 336 
192 336 
193 336 
194 336 
195 336 
202 336 
203 336 
204 336 
226 336 
227 336 
228 336 
 97 337 
 98 337 
 99 337 
196 337 
197 337 
198 337 
199 337 
200 337 
201 337 
208 337 
209 337 
210 337 
223 337 
224 337 
225 337 
229 337 
230 337 
231 337 
 97 338 
 98 338 
 99 338 
196 338 
197 338 
198 338 
199 338 
200 338 
201 338 
208 338 
209 338 
210 338 
223 338 
224 338 
225 338 
229 338 
230 338 
231 338 
 97 339 
 98 339 
 99 339 
196 339 
197 339 
198 339 
199 339 
200 339 
201 339 
208 339 
209 339 
210 339 
223 339 
224 339 
225 339 
229 339 
230 339 
231 339 
100 340 
101 340 
102 340 
199 340 
200 340 
201 340 
202 340 
203 340 
204 340 
211 340 
212 340 
213 340 
226 340 
227 340 
228 340 
229 340 
230 340 
231 340 
232 340 
233 340 
234 340 
100 341 
101 341 
102 341 
199 341 
200 341 
201 341 
202 341 
203 341 
204 341 
211 341 
212 341 
213 341 
226 341 
227 341 
228 341 
229 341 
230 341 
231 341 
232 341 
233 341 
234 341 
100 342 
101 342 
102 342 
199 342 
200 342 
201 342 
202 342 
203 342 
204 342 
211 342 
212 342 
213 342 
226 342 
227 342 
228 342 
229 342 
230 342 
231 342 
232 342 
233 342 
234 342 
103 343 
104 343 
105 343 
202 343 
203 343 
204 343 
205 343 
206 343 
207 343 
214 343 
215 343 
216 343 
232 343 
233 343 
234 343 
103 344 
104 344 
105 344 
202 344 
203 344 
204 344 
205 344 
206 344 
207 344 
214 344 
215 344 
216 344 
232 344 
233 344 
234 344 
103 345 
104 345 
105 345 
202 345 
203 345 
204 345 
205 345 
206 345 
207 345 
214 345 
215 345 
216 345 
232 345 
233 345 
234 345 
106 346 
107 346 
108 346 
208 346 
209 346 
210 346 
211 346 
212 346 
213 346 
229 346 
230 346 
231 346 
235 346 
236 346 
237 346 
106 347 
107 347 
108 347 
208 347 
209 347 
210 347 
211 347 
212 347 
213 347 
229 347 
230 347 
231 347 
235 347 
236 347 
237 347 
106 348 
107 348 
108 348 
208 348 
209 348 
210 348 
211 348 
212 348 
213 348 
229 348 
230 348 
231 348 
235 348 
236 348 
237 348 
109 349 
110 349 
111 349 
211 349 
212 349 
213 349 
214 349 
215 349 
216 349 
232 349 
233 349 
234 349 
235 349 
236 349 
237 349 
238 349 
239 349 
240 349 
109 350 
110 350 
111 350 
211 350 
212 350 
213 350 
214 350 
215 350 
216 350 
232 350 
233 350 
234 350 
235 350 
236 350 
237 350 
238 350 
239 350 
240 350 
109 351 
110 351 
111 351 
211 351 
212 351 
213 351 
214 351 
215 351 
216 351 
232 351 
233 351 
234 351 
235 351 
236 351 
237 351 
238 351 
239 351 
240 351 
112 352 
113 352 
114 352 
214 352 
215 352 
216 352 
217 352 
218 352 
219 352 
238 352 
239 352 
240 352 
112 353 
113 353 
114 353 
214 353 
215 353 
216 353 
217 353 
218 353 
219 353 
238 353 
239 353 
240 353 
112 354 
113 354 
114 354 
214 354 
215 354 
216 354 
217 354 
218 354 
219 354 
238 354 
239 354 
240 354 
115 355 
116 355 
117 355 
220 355 
221 355 
222 355 
223 355 
224 355 
225 355 
115 356 
116 356 
117 356 
220 356 
221 356 
222 356 
223 356 
224 356 
225 356 
115 357 
116 357 
117 357 
220 357 
221 357 
222 357 
223 357 
224 357 
225 357 
118 358 
119 358 
120 358 
223 358 
224 358 
225 358 
226 358 
227 358 
228 358 
229 358 
230 358 
231 358 
118 359 
119 359 
120 359 
223 359 
224 359 
225 359 
226 359 
227 359 
228 359 
229 359 
230 359 
231 359 
118 360 
119 360 
120 360 
223 360 
224 360 
225 360 
226 360 
227 360 
228 360 
229 360 
230 360 
231 360 
121 361 
122 361 
123 361 
229 361 
230 361 
231 361 
232 361 
233 361 
234 361 
235 361 
236 361 
237 361 
121 362 
122 362 
123 362 
229 362 
230 362 
231 362 
232 362 
233 362 
234 362 
235 362 
236 362 
237 362 
121 363 
122 363 
123 363 
229 363 
230 363 
231 363 
232 363 
233 363 
234 363 
235 363 
236 363 
237 363 
124 364 
125 364 
126 364 
235 364 
236 364 
237 364 
238 364 
239 364 
240 364 
124 365 
125 365 
126 365 
235 365 
236 365 
237 365 
238 365 
239 365 
240 365 
124 366 
125 366 
126 366 
235 366 
236 366 
237 366 
238 366 
239 366 
240 366 
  1 367 
  2 367 
  3 367 
  7 367 
  8 367 
  9 367 
 10 367 
 11 367 
 12 367 
127 367 
128 367 
129 367 
  1 368 
  2 368 
  3 368 
  7 368 
  8 368 
  9 368 
 10 368 
 11 368 
 12 368 
127 368 
128 368 
129 368 
  1 369 
  2 369 
  3 369 
  7 369 
  8 369 
  9 369 
 10 369 
 11 369 
 12 369 
127 369 
128 369 
129 369 
  1 370 
  2 370 
  3 370 
  4 370 
  5 370 
  6 370 
 10 370 
 11 370 
 12 370 
 13 370 
 14 370 
 15 370 
130 370 
131 370 
132 370 
  1 371 
  2 371 
  3 371 
  4 371 
  5 371 
  6 371 
 10 371 
 11 371 
 12 371 
 13 371 
 14 371 
 15 371 
130 371 
131 371 
132 371 
  1 372 
  2 372 
  3 372 
  4 372 
  5 372 
  6 372 
 10 372 
 11 372 
 12 372 
 13 372 
 14 372 
 15 372 
130 372 
131 372 
132 372 
  4 373 
  5 373 
  6 373 
 10 373 
 11 373 
 12 373 
 19 373 
 20 373 
 21 373 
 22 373 
 23 373 
 24 373 
133 373 
134 373 
135 373 
  4 374 
  5 374 
  6 374 
 10 374 
 11 374 
 12 374 
 19 374 
 20 374 
 21 374 
 22 374 
 23 374 
 24 374 
133 374 
134 374 
135 374 
  4 375 
  5 375 
  6 375 
 10 375 
 11 375 
 12 375 
 19 375 
 20 375 
 21 375 
 22 375 
 23 375 
 24 375 
133 375 
134 375 
135 375 
  4 376 
  5 376 
  6 376 
 13 376 
 14 376 
 15 376 
 16 376 
 17 376 
 18 376 
 22 376 
 23 376 
 24 376 
 25 376 
 26 376 
 27 376 
136 376 
137 376 
138 376 
  4 377 
  5 377 
  6 377 
 13 377 
 14 377 
 15 377 
 16 377 
 17 377 
 18 377 
 22 377 
 23 377 
 24 377 
 25 377 
 26 377 
 27 377 
136 377 
137 377 
138 377 
  4 378 
  5 378 
  6 378 
 13 378 
 14 378 
 15 378 
 16 378 
 17 378 
 18 378 
 22 378 
 23 378 
 24 378 
 25 378 
 26 378 
 27 378 
136 378 
137 378 
138 378 
  7 379 
  8 379 
  9 379 
 28 379 
 29 379 
 30 379 
 31 379 
 32 379 
 33 379 
139 379 
140 379 
141 379 
  7 380 
  8 380 
  9 380 
 28 380 
 29 380 
 30 380 
 31 380 
 32 380 
 33 380 
139 380 
140 380 
141 380 
  7 381 
  8 381 
  9 381 
 28 381 
 29 381 
 30 381 
 31 381 
 32 381 
 33 381 
139 381 
140 381 
141 381 
  7 382 
  8 382 
  9 382 
 10 382 
 11 382 
 12 382 
 19 382 
 20 382 
 21 382 
 31 382 
 32 382 
 33 382 
 34 382 
 35 382 
 36 382 
142 382 
143 382 
144 382 
  7 383 
  8 383 
  9 383 
 10 383 
 11 383 
 12 383 
 19 383 
 20 383 
 21 383 
 31 383 
 32 383 
 33 383 
 34 383 
 35 383 
 36 383 
142 383 
143 383 
144 383 
  7 384 
  8 384 
  9 384 
 10 384 
 11 384 
 12 384 
 19 384 
 20 384 
 21 384 
 31 384 
 32 384 
 33 384 
 34 384 
 35 384 
 36 384 
142 384 
143 384 
144 384 
 10 385 
 11 385 
 12 385 
 13 385 
 14 385 
 15 385 
 22 385 
 23 385 
 24 385 
 34 385 
 35 385 
 36 385 
 37 385 
 38 385 
 39 385 
145 385 
146 385 
147 385 
 10 386 
 11 386 
 12 386 
 13 386 
 14 386 
 15 386 
 22 386 
 23 386 
 24 386 
 34 386 
 35 386 
 36 386 
 37 386 
 38 386 
 39 386 
145 386 
146 386 
147 386 
 10 387 
 11 387 
 12 387 
 13 387 
 14 387 
 15 387 
 22 387 
 23 387 
 24 387 
 34 387 
 35 387 
 36 387 
 37 387 
 38 387 
 39 387 
145 387 
146 387 
147 387 
 13 388 
 14 388 
 15 388 
 25 388 
 26 388 
 27 388 
 37 388 
 38 388 
 39 388 
 40 388 
 41 388 
 42 388 
148 388 
149 388 
150 388 
 13 389 
 14 389 
 15 389 
 25 389 
 26 389 
 27 389 
 37 389 
 38 389 
 39 389 
 40 389 
 41 389 
 42 389 
148 389 
149 389 
150 389 
 13 390 
 14 390 
 15 390 
 25 390 
 26 390 
 27 390 
 37 390 
 38 390 
 39 390 
 40 390 
 41 390 
 42 390 
148 390 
149 390 
150 390 
 16 391 
 17 391 
 18 391 
 22 391 
 23 391 
 24 391 
 46 391 
 47 391 
 48 391 
 49 391 
 50 391 
 51 391 
151 391 
152 391 
153 391 
 16 392 
 17 392 
 18 392 
 22 392 
 23 392 
 24 392 
 46 392 
 47 392 
 48 392 
 49 392 
 50 392 
 51 392 
151 392 
152 392 
153 392 
 16 393 
 17 393 
 18 393 
 22 393 
 23 393 
 24 393 
 46 393 
 47 393 
 48 393 
 49 393 
 50 393 
 51 393 
151 393 
152 393 
153 393 
 16 394 
 17 394 
 18 394 
 25 394 
 26 394 
 27 394 
 43 394 
 44 394 
 45 394 
 49 394 
 50 394 
 51 394 
 52 394 
 53 394 
 54 394 
154 394 
155 394 
156 394 
 16 395 
 17 395 
 18 395 
 25 395 
 26 395 
 27 395 
 43 395 
 44 395 
 45 395 
 49 395 
 50 395 
 51 395 
 52 395 
 53 395 
 54 395 
154 395 
155 395 
156 395 
 16 396 
 17 396 
 18 396 
 25 396 
 26 396 
 27 396 
 43 396 
 44 396 
 45 396 
 49 396 
 50 396 
 51 396 
 52 396 
 53 396 
 54 396 
154 396 
155 396 
156 396 
 19 397 
 20 397 
 21 397 
 31 397 
 32 397 
 33 397 
 55 397 
 56 397 
 57 397 
 58 397 
 59 397 
 60 397 
157 397 
158 397 
159 397 
 19 398 
 20 398 
 21 398 
 31 398 
 32 398 
 33 398 
 55 398 
 56 398 
 57 398 
 58 398 
 59 398 
 60 398 
157 398 
158 398 
159 398 
 19 399 
 20 399 
 21 399 
 31 399 
 32 399 
 33 399 
 55 399 
 56 399 
 57 399 
 58 399 
 59 399 
 60 399 
157 399 
158 399 
159 399 
 19 400 
 20 400 
 21 400 
 22 400 
 23 400 
 24 400 
 34 400 
 35 400 
 36 400 
 46 400 
 47 400 
 48 400 
 58 400 
 59 400 
 60 400 
 61 400 
 62 400 
 63 400 
160 400 
161 400 
162 400 
 19 401 
 20 401 
 21 401 
 22 401 
 23 401 
 24 401 
 34 401 
 35 401 
 36 401 
 46 401 
 47 401 
 48 401 
 58 401 
 59 401 
 60 401 
 61 401 
 62 401 
 63 401 
160 401 
161 401 
162 401 
 19 402 
 20 402 
 21 402 
 22 402 
 23 402 
 24 402 
 34 402 
 35 402 
 36 402 
 46 402 
 47 402 
 48 402 
 58 402 
 59 402 
 60 402 
 61 402 
 62 402 
 63 402 
160 402 
161 402 
162 402 
 22 403 
 23 403 
 24 403 
 25 403 
 26 403 
 27 403 
 37 403 
 38 403 
 39 403 
 49 403 
 50 403 
 51 403 
 61 403 
 62 403 
 63 403 
 64 403 
 65 403 
 66 403 
163 403 
164 403 
165 403 
 22 404 
 23 404 
 24 404 
 25 404 
 26 404 
 27 404 
 37 404 
 38 404 
 39 404 
 49 404 
 50 404 
 51 404 
 61 404 
 62 404 
 63 404 
 64 404 
 65 404 
 66 404 
163 404 
164 404 
165 404 
 22 405 
 23 405 
 24 405 
 25 405 
 26 405 
 27 405 
 37 405 
 38 405 
 39 405 
 49 405 
 50 405 
 51 405 
 61 405 
 62 405 
 63 405 
 64 405 
 65 405 
 66 405 
163 405 
164 405 
165 405 
 25 406 
 26 406 
 27 406 
 40 406 
 41 406 
 42 406 
 52 406 
 53 406 
 54 406 
 64 406 
 65 406 
 66 406 
 67 406 
 68 406 
 69 406 
166 406 
167 406 
168 406 
 25 407 
 26 407 
 27 407 
 40 407 
 41 407 
 42 407 
 52 407 
 53 407 
 54 407 
 64 407 
 65 407 
 66 407 
 67 407 
 68 407 
 69 407 
166 407 
167 407 
168 407 
 25 408 
 26 408 
 27 408 
 40 408 
 41 408 
 42 408 
 52 408 
 53 408 
 54 408 
 64 408 
 65 408 
 66 408 
 67 408 
 68 408 
 69 408 
166 408 
167 408 
168 408 
 28 409 
 29 409 
 30 409 
 31 409 
 32 409 
 33 409 
 55 409 
 56 409 
 57 409 
 70 409 
 71 409 
 72 409 
169 409 
170 409 
171 409 
 28 410 
 29 410 
 30 410 
 31 410 
 32 410 
 33 410 
 55 410 
 56 410 
 57 410 
 70 410 
 71 410 
 72 410 
169 410 
170 410 
171 410 
 28 411 
 29 411 
 30 411 
 31 411 
 32 411 
 33 411 
 55 411 
 56 411 
 57 411 
 70 411 
 71 411 
 72 411 
169 411 
170 411 
171 411 
 31 412 
 32 412 
 33 412 
 34 412 
 35 412 
 36 412 
 58 412 
 59 412 
 60 412 
 70 412 
 71 412 
 72 412 
 73 412 
 74 412 
 75 412 
172 412 
173 412 
174 412 
 31 413 
 32 413 
 33 413 
 34 413 
 35 413 
 36 413 
 58 413 
 59 413 
 60 413 
 70 413 
 71 413 
 72 413 
 73 413 
 74 413 
 75 413 
172 413 
173 413 
174 413 
 31 414 
 32 414 
 33 414 
 34 414 
 35 414 
 36 414 
 58 414 
 59 414 
 60 414 
 70 414 
 71 414 
 72 414 
 73 414 
 74 414 
 75 414 
172 414 
173 414 
174 414 
 34 415 
 35 415 
 36 415 
 37 415 
 38 415 
 39 415 
 61 415 
 62 415 
 63 415 
 73 415 
 74 415 
 75 415 
 76 415 
 77 415 
 78 415 
175 415 
176 415 
177 415 
 34 416 
 35 416 
 36 416 
 37 416 
 38 416 
 39 416 
 61 416 
 62 416 
 63 416 
 73 416 
 74 416 
 75 416 
 76 416 
 77 416 
 78 416 
175 416 
176 416 
177 416 
 34 417 
 35 417 
 36 417 
 37 417 
 38 417 
 39 417 
 61 417 
 62 417 
 63 417 
 73 417 
 74 417 
 75 417 
 76 417 
 77 417 
 78 417 
175 417 
176 417 
177 417 
 37 418 
 38 418 
 39 418 
 40 418 
 41 418 
 42 418 
 64 418 
 65 418 
 66 418 
 76 418 
 77 418 
 78 418 
 79 418 
 80 418 
 81 418 
178 418 
179 418 
180 418 
 37 419 
 38 419 
 39 419 
 40 419 
 41 419 
 42 419 
 64 419 
 65 419 
 66 419 
 76 419 
 77 419 
 78 419 
 79 419 
 80 419 
 81 419 
178 419 
179 419 
180 419 
 37 420 
 38 420 
 39 420 
 40 420 
 41 420 
 42 420 
 64 420 
 65 420 
 66 420 
 76 420 
 77 420 
 78 420 
 79 420 
 80 420 
 81 420 
178 420 
179 420 
180 420 
 40 421 
 41 421 
 42 421 
 67 421 
 68 421 
 69 421 
 79 421 
 80 421 
 81 421 
 82 421 
 83 421 
 84 421 
181 421 
182 421 
183 421 
 40 422 
 41 422 
 42 422 
 67 422 
 68 422 
 69 422 
 79 422 
 80 422 
 81 422 
 82 422 
 83 422 
 84 422 
181 422 
182 422 
183 422 
 40 423 
 41 423 
 42 423 
 67 423 
 68 423 
 69 423 
 79 423 
 80 423 
 81 423 
 82 423 
 83 423 
 84 423 
181 423 
182 423 
183 423 
 43 424 
 44 424 
 45 424 
 49 424 
 50 424 
 51 424 
 85 424 
 86 424 
 87 424 
184 424 
185 424 
186 424 
 43 425 
 44 425 
 45 425 
 49 425 
 50 425 
 51 425 
 85 425 
 86 425 
 87 425 
184 425 
185 425 
186 425 
 43 426 
 44 426 
 45 426 
 49 426 
 50 426 
 51 426 
 85 426 
 86 426 
 87 426 
184 426 
185 426 
186 426 
 46 427 
 47 427 
 48 427 
 58 427 
 59 427 
 60 427 
 88 427 
 89 427 
 90 427 
 91 427 
 92 427 
 93 427 
187 427 
188 427 
189 427 
 46 428 
 47 428 
 48 428 
 58 428 
 59 428 
 60 428 
 88 428 
 89 428 
 90 428 
 91 428 
 92 428 
 93 428 
187 428 
188 428 
189 428 
 46 429 
 47 429 
 48 429 
 58 429 
 59 429 
 60 429 
 88 429 
 89 429 
 90 429 
 91 429 
 92 429 
 93 429 
187 429 
188 429 
189 429 
 46 430 
 47 430 
 48 430 
 49 430 
 50 430 
 51 430 
 61 430 
 62 430 
 63 430 
 85 430 
 86 430 
 87 430 
 91 430 
 92 430 
 93 430 
 94 430 
 95 430 
 96 430 
190 430 
191 430 
192 430 
 46 431 
 47 431 
 48 431 
 49 431 
 50 431 
 51 431 
 61 431 
 62 431 
 63 431 
 85 431 
 86 431 
 87 431 
 91 431 
 92 431 
 93 431 
 94 431 
 95 431 
 96 431 
190 431 
191 431 
192 431 
 46 432 
 47 432 
 48 432 
 49 432 
 50 432 
 51 432 
 61 432 
 62 432 
 63 432 
 85 432 
 86 432 
 87 432 
 91 432 
 92 432 
 93 432 
 94 432 
 95 432 
 96 432 
190 432 
191 432 
192 432 
 49 433 
 50 433 
 51 433 
 52 433 
 53 433 
 54 433 
 64 433 
 65 433 
 66 433 
 94 433 
 95 433 
 96 433 
193 433 
194 433 
195 433 
 49 434 
 50 434 
 51 434 
 52 434 
 53 434 
 54 434 
 64 434 
 65 434 
 66 434 
 94 434 
 95 434 
 96 434 
193 434 
194 434 
195 434 
 49 435 
 50 435 
 51 435 
 52 435 
 53 435 
 54 435 
 64 435 
 65 435 
 66 435 
 94 435 
 95 435 
 96 435 
193 435 
194 435 
195 435 
 55 436 
 56 436 
 57 436 
 58 436 
 59 436 
 60 436 
 70 436 
 71 436 
 72 436 
 88 436 
 89 436 
 90 436 
 97 436 
 98 436 
 99 436 
196 436 
197 436 
198 436 
 55 437 
 56 437 
 57 437 
 58 437 
 59 437 
 60 437 
 70 437 
 71 437 
 72 437 
 88 437 
 89 437 
 90 437 
 97 437 
 98 437 
 99 437 
196 437 
197 437 
198 437 
 55 438 
 56 438 
 57 438 
 58 438 
 59 438 
 60 438 
 70 438 
 71 438 
 72 438 
 88 438 
 89 438 
 90 438 
 97 438 
 98 438 
 99 438 
196 438 
197 438 
198 438 
 58 439 
 59 439 
 60 439 
 61 439 
 62 439 
 63 439 
 73 439 
 74 439 
 75 439 
 91 439 
 92 439 
 93 439 
 97 439 
 98 439 
 99 439 
100 439 
101 439 
102 439 
199 439 
200 439 
201 439 
 58 440 
 59 440 
 60 440 
 61 440 
 62 440 
 63 440 
 73 440 
 74 440 
 75 440 
 91 440 
 92 440 
 93 440 
 97 440 
 98 440 
 99 440 
100 440 
101 440 
102 440 
199 440 
200 440 
201 440 
 58 441 
 59 441 
 60 441 
 61 441 
 62 441 
 63 441 
 73 441 
 74 441 
 75 441 
 91 441 
 92 441 
 93 441 
 97 441 
 98 441 
 99 441 
100 441 
101 441 
102 441 
199 441 
200 441 
201 441 
 61 442 
 62 442 
 63 442 
 64 442 
 65 442 
 66 442 
 76 442 
 77 442 
 78 442 
 94 442 
 95 442 
 96 442 
100 442 
101 442 
102 442 
103 442 
104 442 
105 442 
202 442 
203 442 
204 442 
 61 443 
 62 443 
 63 443 
 64 443 
 65 443 
 66 443 
 76 443 
 77 443 
 78 443 
 94 443 
 95 443 
 96 443 
100 443 
101 443 
102 443 
103 443 
104 443 
105 443 
202 443 
203 443 
204 443 
 61 444 
 62 444 
 63 444 
 64 444 
 65 444 
 66 444 
 76 444 
 77 444 
 78 444 
 94 444 
 95 444 
 96 444 
100 444 
101 444 
102 444 
103 444 
104 444 
105 444 
202 444 
203 444 
204 444 
 64 445 
 65 445 
 66 445 
 67 445 
 68 445 
 69 445 
 79 445 
 80 445 
 81 445 
103 445 
104 445 
105 445 
205 445 
206 445 
207 445 
 64 446 
 65 446 
 66 446 
 67 446 
 68 446 
 69 446 
 79 446 
 80 446 
 81 446 
103 446 
104 446 
105 446 
205 446 
206 446 
207 446 
 64 447 
 65 447 
 66 447 
 67 447 
 68 447 
 69 447 
 79 447 
 80 447 
 81 447 
103 447 
104 447 
105 447 
205 447 
206 447 
207 447 
 70 448 
 71 448 
 72 448 
 73 448 
 74 448 
 75 448 
 97 448 
 98 448 
 99 448 
106 448 
107 448 
108 448 
208 448 
209 448 
210 448 
 70 449 
 71 449 
 72 449 
 73 449 
 74 449 
 75 449 
 97 449 
 98 449 
 99 449 
106 449 
107 449 
108 449 
208 449 
209 449 
210 449 
 70 450 
 71 450 
 72 450 
 73 450 
 74 450 
 75 450 
 97 450 
 98 450 
 99 450 
106 450 
107 450 
108 450 
208 450 
209 450 
210 450 
 73 451 
 74 451 
 75 451 
 76 451 
 77 451 
 78 451 
100 451 
101 451 
102 451 
106 451 
107 451 
108 451 
109 451 
110 451 
111 451 
211 451 
212 451 
213 451 
 73 452 
 74 452 
 75 452 
 76 452 
 77 452 
 78 452 
100 452 
101 452 
102 452 
106 452 
107 452 
108 452 
109 452 
110 452 
111 452 
211 452 
212 452 
213 452 
 73 453 
 74 453 
 75 453 
 76 453 
 77 453 
 78 453 
100 453 
101 453 
102 453 
106 453 
107 453 
108 453 
109 453 
110 453 
111 453 
211 453 
212 453 
213 453 
 76 454 
 77 454 
 78 454 
 79 454 
 80 454 
 81 454 
103 454 
104 454 
105 454 
109 454 
110 454 
111 454 
112 454 
113 454 
114 454 
214 454 
215 454 
216 454 
 76 455 
 77 455 
 78 455 
 79 455 
 80 455 
 81 455 
103 455 
104 455 
105 455 
109 455 
110 455 
111 455 
112 455 
113 455 
114 455 
214 455 
215 455 
216 455 
 76 456 
 77 456 
 78 456 
 79 456 
 80 456 
 81 456 
103 456 
104 456 
105 456 
109 456 
110 456 
111 456 
112 456 
113 456 
114 456 
214 456 
215 456 
216 456 
 79 457 
 80 457 
 81 457 
 82 457 
 83 457 
 84 457 
112 457 
113 457 
114 457 
217 457 
218 457 
219 457 
 79 458 
 80 458 
 81 458 
 82 458 
 83 458 
 84 458 
112 458 
113 458 
114 458 
217 458 
218 458 
219 458 
 79 459 
 80 459 
 81 459 
 82 459 
 83 459 
 84 459 
112 459 
113 459 
114 459 
217 459 
218 459 
219 459 
 85 460 
 86 460 
 87 460 
 91 460 
 92 460 
 93 460 
115 460 
116 460 
117 460 
220 460 
221 460 
222 460 
 85 461 
 86 461 
 87 461 
 91 461 
 92 461 
 93 461 
115 461 
116 461 
117 461 
220 461 
221 461 
222 461 
 85 462 
 86 462 
 87 462 
 91 462 
 92 462 
 93 462 
115 462 
116 462 
117 462 
220 462 
221 462 
222 462 
 88 463 
 89 463 
 90 463 
 91 463 
 92 463 
 93 463 
 97 463 
 98 463 
 99 463 
115 463 
116 463 
117 463 
118 463 
119 463 
120 463 
223 463 
224 463 
225 463 
 88 464 
 89 464 
 90 464 
 91 464 
 92 464 
 93 464 
 97 464 
 98 464 
 99 464 
115 464 
116 464 
117 464 
118 464 
119 464 
120 464 
223 464 
224 464 
225 464 
 88 465 
 89 465 
 90 465 
 91 465 
 92 465 
 93 465 
 97 465 
 98 465 
 99 465 
115 465 
116 465 
117 465 
118 465 
119 465 
120 465 
223 465 
224 465 
225 465 
 91 466 
 92 466 
 93 466 
 94 466 
 95 466 
 96 466 
100 466 
101 466 
102 466 
118 466 
119 466 
120 466 
226 466 
227 466 
228 466 
 91 467 
 92 467 
 93 467 
 94 467 
 95 467 
 96 467 
100 467 
101 467 
102 467 
118 467 
119 467 
120 467 
226 467 
227 467 
228 467 
 91 468 
 92 468 
 93 468 
 94 468 
 95 468 
 96 468 
100 468 
101 468 
102 468 
118 468 
119 468 
120 468 
226 468 
227 468 
228 468 
 97 469 
 98 469 
 99 469 
100 469 
101 469 
102 469 
106 469 
107 469 
108 469 
118 469 
119 469 
120 469 
121 469 
122 469 
123 469 
229 469 
230 469 
231 469 
 97 470 
 98 470 
 99 470 
100 470 
101 470 
102 470 
106 470 
107 470 
108 470 
118 470 
119 470 
120 470 
121 470 
122 470 
123 470 
229 470 
230 470 
231 470 
 97 471 
 98 471 
 99 471 
100 471 
101 471 
102 471 
106 471 
107 471 
108 471 
118 471 
119 471 
120 471 
121 471 
122 471 
123 471 
229 471 
230 471 
231 471 
100 472 
101 472 
102 472 
103 472 
104 472 
105 472 
109 472 
110 472 
111 472 
121 472 
122 472 
123 472 
232 472 
233 472 
234 472 
100 473 
101 473 
102 473 
103 473 
104 473 
105 473 
109 473 
110 473 
111 473 
121 473 
122 473 
123 473 
232 473 
233 473 
234 473 
100 474 
101 474 
102 474 
103 474 
104 474 
105 474 
109 474 
110 474 
111 474 
121 474 
122 474 
123 474 
232 474 
233 474 
234 474 
106 475 
107 475 
108 475 
109 475 
110 475 
111 475 
121 475 
122 475 
123 475 
124 475 
125 475 
126 475 
235 475 
236 475 
237 475 
106 476 
107 476 
108 476 
109 476 
110 476 
111 476 
121 476 
122 476 
123 476 
124 476 
125 476 
126 476 
235 476 
236 476 
237 476 
106 477 
107 477 
108 477 
109 477 
110 477 
111 477 
121 477 
122 477 
123 477 
124 477 
125 477 
126 477 
235 477 
236 477 
237 477 
109 478 
110 478 
111 478 
112 478 
113 478 
114 478 
124 478 
125 478 
126 478 
238 478 
239 478 
240 478 
109 479 
110 479 
111 479 
112 479 
113 479 
114 479 
124 479 
125 479 
126 479 
238 479 
239 479 
240 479 
109 480 
110 480 
111 480 
112 480 
113 480 
114 480 
124 480 
125 480 
126 480 
238 480 
239 480 
240 480 
