381 381   2157 
 96 382 
266 382 
 24 383 
267 383 
217 384 
268 384 
 48 385 
 49 385 
 50 385 
 51 385 
 52 385 
 53 385 
 54 385 
 55 385 
 56 385 
 57 385 
 58 385 
 59 385 
 60 385 
 61 385 
 62 385 
 63 385 
 64 385 
 65 385 
 66 385 
 67 385 
 68 385 
 69 385 
 70 385 
 71 385 
342 385 
343 385 
344 385 
345 385 
346 385 
347 385 
348 385 
349 385 
350 385 
351 385 
352 385 
353 385 
354 385 
355 385 
356 385 
357 385 
358 385 
359 385 
360 385 
361 385 
362 385 
363 385 
364 385 
365 385 
367 385 
 25 386 
 48 386 
319 386 
342 386 
368 386 
 26 387 
 49 387 
320 387 
343 387 
368 387 
 27 388 
 50 388 
321 388 
344 388 
368 388 
 28 389 
 51 389 
322 389 
345 389 
368 389 
 29 390 
 52 390 
323 390 
346 390 
368 390 
 30 391 
 53 391 
324 391 
347 391 
368 391 
 31 392 
 54 392 
325 392 
348 392 
368 392 
 32 393 
 55 393 
326 393 
349 393 
368 393 
 33 394 
 56 394 
327 394 
350 394 
368 394 
 34 395 
 57 395 
328 395 
351 395 
368 395 
 35 396 
 58 396 
329 396 
352 396 
368 396 
 36 397 
 59 397 
330 397 
353 397 
368 397 
 37 398 
 60 398 
331 398 
354 398 
368 398 
 38 399 
 61 399 
332 399 
355 399 
368 399 
 39 400 
 62 400 
333 400 
356 400 
368 400 
 18 401 
 40 401 
 63 401 
334 401 
357 401 
368 401 
 18 402 
 41 402 
 64 402 
335 402 
358 402 
368 402 
 42 403 
 65 403 
336 403 
359 403 
368 403 
 43 404 
 66 404 
337 404 
360 404 
368 404 
 44 405 
 67 405 
338 405 
361 405 
368 405 
 45 406 
 68 406 
339 406 
362 406 
368 406 
 46 407 
 69 407 
340 407 
363 407 
368 407 
 47 408 
 70 408 
341 408 
364 408 
368 408 
 71 409 
365 409 
368 409 
  1 410 
  2 410 
  3 410 
  4 410 
  5 410 
  6 410 
  7 410 
  8 410 
  9 410 
 10 410 
 11 410 
 12 410 
 13 410 
 14 410 
 15 410 
 16 410 
 17 410 
 18 410 
 19 410 
 20 410 
 21 410 
 22 410 
 23 410 
 24 410 
120 410 
121 410 
122 410 
123 410 
124 410 
125 410 
126 410 
127 410 
128 410 
129 410 
130 410 
131 410 
132 410 
133 410 
134 410 
135 410 
136 410 
137 410 
138 410 
139 410 
140 410 
141 410 
142 410 
143 410 
  1 411 
 97 411 
120 411 
144 411 
371 411 
  2 412 
 98 412 
121 412 
144 412 
371 412 
  3 413 
 99 413 
122 413 
144 413 
371 413 
  4 414 
100 414 
123 414 
144 414 
371 414 
  5 415 
101 415 
124 415 
144 415 
371 415 
  6 416 
102 416 
125 416 
144 416 
371 416 
  7 417 
103 417 
126 417 
144 417 
371 417 
  8 418 
 35 418 
104 418 
127 418 
144 418 
371 418 
  9 419 
105 419 
128 419 
144 419 
371 419 
 10 420 
106 420 
129 420 
144 420 
371 420 
 11 421 
107 421 
130 421 
144 421 
371 421 
 12 422 
108 422 
131 422 
144 422 
371 422 
 13 423 
109 423 
132 423 
144 423 
371 423 
 14 424 
110 424 
133 424 
144 424 
371 424 
 15 425 
111 425 
134 425 
144 425 
371 425 
 16 426 
112 426 
135 426 
144 426 
371 426 
 17 427 
113 427 
136 427 
144 427 
371 427 
 18 428 
114 428 
137 428 
144 428 
371 428 
 19 429 
115 429 
138 429 
144 429 
371 429 
 20 430 
116 430 
139 430 
144 430 
371 430 
 21 431 
117 431 
140 431 
144 431 
371 431 
 22 432 
118 432 
141 432 
144 432 
371 432 
 23 433 
119 433 
142 433 
144 433 
371 433 
 24 434 
143 434 
144 434 
371 434 
120 435 
218 435 
377 435 
121 436 
219 436 
377 436 
122 437 
220 437 
377 437 
123 438 
221 438 
377 438 
124 439 
222 439 
377 439 
125 440 
223 440 
377 440 
126 441 
224 441 
377 441 
127 442 
225 442 
377 442 
128 443 
226 443 
377 443 
129 444 
227 444 
377 444 
130 445 
228 445 
377 445 
131 446 
229 446 
377 446 
132 447 
230 447 
377 447 
133 448 
231 448 
377 448 
134 449 
232 449 
377 449 
135 450 
233 450 
377 450 
136 451 
234 451 
377 451 
137 452 
235 452 
377 452 
138 453 
236 453 
377 453 
139 454 
237 454 
377 454 
140 455 
238 455 
377 455 
141 456 
239 456 
377 456 
142 457 
240 457 
377 457 
143 458 
377 458 
  1 459 
  2 459 
  3 459 
  4 459 
  5 459 
  6 459 
  7 459 
  8 459 
  9 459 
 10 459 
 11 459 
 12 459 
 13 459 
 14 459 
 15 459 
 16 459 
 17 459 
 18 459 
 19 459 
 20 459 
 21 459 
 22 459 
 23 459 
 24 459 
293 459 
294 459 
295 459 
296 459 
297 459 
298 459 
299 459 
300 459 
301 459 
302 459 
303 459 
304 459 
305 459 
306 459 
307 459 
308 459 
309 459 
310 459 
311 459 
312 459 
313 459 
314 459 
315 459 
316 459 
  1 460 
269 460 
293 460 
  2 461 
269 461 
294 461 
  3 462 
269 462 
295 462 
  4 463 
269 463 
296 463 
  5 464 
269 464 
297 464 
  6 465 
269 465 
298 465 
  7 466 
269 466 
299 466 
  8 467 
269 467 
300 467 
  9 468 
269 468 
301 468 
 10 469 
269 469 
302 469 
 11 470 
269 470 
303 470 
 12 471 
269 471 
304 471 
 13 472 
269 472 
305 472 
 14 473 
269 473 
306 473 
 15 474 
269 474 
307 474 
 16 475 
269 475 
308 475 
 17 476 
269 476 
309 476 
 18 477 
269 477 
310 477 
 19 478 
269 478 
311 478 
 20 479 
269 479 
312 479 
 21 480 
269 480 
313 480 
 22 481 
269 481 
314 481 
 23 482 
269 482 
315 482 
 24 483 
269 483 
316 483 
 48 484 
 49 484 
 50 484 
 51 484 
 52 484 
 53 484 
 54 484 
 55 484 
 56 484 
 57 484 
 58 484 
 59 484 
 60 484 
 61 484 
 62 484 
 63 484 
 64 484 
 65 484 
 66 484 
 67 484 
 68 484 
 69 484 
 70 484 
 71 484 
342 484 
343 484 
344 484 
345 484 
346 484 
347 484 
348 484 
349 484 
350 484 
351 484 
352 484 
353 484 
354 484 
355 484 
356 484 
357 484 
358 484 
359 484 
360 484 
361 484 
362 484 
363 484 
364 484 
365 484 
 48 485 
319 485 
342 485 
366 485 
380 485 
 49 486 
320 486 
343 486 
366 486 
380 486 
 50 487 
321 487 
344 487 
366 487 
380 487 
 51 488 
322 488 
345 488 
366 488 
380 488 
 52 489 
323 489 
346 489 
366 489 
380 489 
 53 490 
324 490 
347 490 
366 490 
380 490 
 54 491 
325 491 
348 491 
366 491 
380 491 
 55 492 
326 492 
349 492 
366 492 
380 492 
 56 493 
327 493 
350 493 
366 493 
380 493 
 57 494 
328 494 
351 494 
366 494 
380 494 
 58 495 
329 495 
352 495 
366 495 
380 495 
 59 496 
330 496 
353 496 
366 496 
380 496 
 60 497 
331 497 
354 497 
366 497 
380 497 
 61 498 
332 498 
355 498 
366 498 
380 498 
 62 499 
333 499 
356 499 
366 499 
380 499 
 63 500 
334 500 
357 500 
366 500 
380 500 
 64 501 
335 501 
358 501 
366 501 
380 501 
 65 502 
336 502 
359 502 
366 502 
380 502 
 66 503 
337 503 
360 503 
366 503 
380 503 
 67 504 
338 504 
361 504 
366 504 
380 504 
 68 505 
339 505 
362 505 
366 505 
380 505 
 69 506 
340 506 
363 506 
366 506 
380 506 
 70 507 
341 507 
364 507 
366 507 
380 507 
 71 508 
365 508 
366 508 
380 508 
 73 509 
 74 509 
 75 509 
 76 509 
 77 509 
 78 509 
 79 509 
 80 509 
 81 509 
 82 509 
 83 509 
 84 509 
 85 509 
 86 509 
 87 509 
 88 509 
 89 509 
 90 509 
 91 509 
 92 509 
 93 509 
 94 509 
 95 509 
 96 509 
293 509 
294 509 
295 509 
296 509 
297 509 
298 509 
299 509 
300 509 
301 509 
302 509 
303 509 
304 509 
305 509 
306 509 
307 509 
308 509 
309 509 
310 509 
311 509 
312 509 
313 509 
314 509 
315 509 
316 509 
318 509 
 73 510 
270 510 
293 510 
379 510 
 74 511 
271 511 
294 511 
379 511 
 75 512 
272 512 
295 512 
379 512 
 76 513 
273 513 
296 513 
379 513 
 77 514 
274 514 
297 514 
379 514 
 78 515 
275 515 
298 515 
379 515 
 79 516 
276 516 
299 516 
379 516 
 80 517 
277 517 
300 517 
379 517 
 81 518 
278 518 
301 518 
379 518 
 82 519 
279 519 
302 519 
379 519 
 83 520 
280 520 
303 520 
379 520 
 84 521 
281 521 
304 521 
379 521 
 85 522 
282 522 
305 522 
379 522 
 86 523 
283 523 
306 523 
379 523 
 87 524 
284 524 
307 524 
379 524 
 88 525 
285 525 
308 525 
379 525 
 89 526 
286 526 
309 526 
379 526 
 90 527 
287 527 
310 527 
379 527 
 91 528 
288 528 
311 528 
379 528 
 92 529 
289 529 
312 529 
379 529 
 93 530 
290 530 
313 530 
379 530 
 94 531 
291 531 
314 531 
379 531 
 95 532 
292 532 
315 532 
379 532 
 96 533 
316 533 
379 533 
 48 534 
 49 534 
 50 534 
 51 534 
 52 534 
 53 534 
 54 534 
 55 534 
 56 534 
 57 534 
 58 534 
 59 534 
 60 534 
 61 534 
 62 534 
 63 534 
 64 534 
 65 534 
 66 534 
 67 534 
 68 534 
 69 534 
 70 534 
 71 534 
 25 535 
 48 535 
 72 535 
369 535 
 26 536 
 49 536 
 72 536 
369 536 
 27 537 
 50 537 
 72 537 
369 537 
 28 538 
 51 538 
 72 538 
369 538 
 29 539 
 52 539 
 72 539 
369 539 
 30 540 
 53 540 
 72 540 
369 540 
 31 541 
 54 541 
 72 541 
369 541 
 32 542 
 55 542 
 72 542 
369 542 
 33 543 
 56 543 
 72 543 
369 543 
 34 544 
 57 544 
 72 544 
369 544 
 35 545 
 58 545 
 72 545 
369 545 
 36 546 
 59 546 
 72 546 
369 546 
 37 547 
 60 547 
 72 547 
369 547 
 38 548 
 61 548 
 72 548 
369 548 
 39 549 
 62 549 
 72 549 
369 549 
 40 550 
 63 550 
 72 550 
369 550 
 41 551 
 64 551 
 72 551 
369 551 
 42 552 
 65 552 
 72 552 
369 552 
 43 553 
 66 553 
 72 553 
369 553 
 44 554 
 67 554 
 72 554 
369 554 
 45 555 
 68 555 
 72 555 
369 555 
 46 556 
 69 556 
 72 556 
369 556 
 47 557 
 70 557 
 72 557 
369 557 
 71 558 
 72 558 
369 558 
 25 559 
 26 559 
 27 559 
 28 559 
 29 559 
 30 559 
 31 559 
 32 559 
 33 559 
 34 559 
 35 559 
 36 559 
 37 559 
 38 559 
 39 559 
 40 559 
 41 559 
 42 559 
 43 559 
 44 559 
 45 559 
 46 559 
 47 559 
 72 559 
 73 560 
 74 560 
 75 560 
 76 560 
 77 560 
 78 560 
 79 560 
 80 560 
 81 560 
 82 560 
 83 560 
 84 560 
 85 560 
 86 560 
 87 560 
 88 560 
 89 560 
 90 560 
 91 560 
 92 560 
 93 560 
 94 560 
 95 560 
 96 560 
120 560 
121 560 
122 560 
123 560 
124 560 
125 560 
126 560 
127 560 
128 560 
129 560 
130 560 
131 560 
132 560 
133 560 
134 560 
135 560 
136 560 
137 560 
138 560 
139 560 
140 560 
141 560 
142 560 
143 560 
145 560 
 73 561 
 97 561 
120 561 
370 561 
 74 562 
 98 562 
121 562 
370 562 
 75 563 
 99 563 
122 563 
370 563 
 76 564 
100 564 
123 564 
370 564 
 77 565 
101 565 
124 565 
370 565 
 78 566 
102 566 
125 566 
370 566 
 79 567 
103 567 
126 567 
370 567 
 80 568 
104 568 
127 568 
370 568 
 81 569 
105 569 
128 569 
370 569 
 82 570 
106 570 
129 570 
370 570 
 83 571 
107 571 
130 571 
370 571 
 84 572 
108 572 
131 572 
370 572 
 85 573 
109 573 
132 573 
370 573 
 86 574 
110 574 
133 574 
370 574 
 87 575 
111 575 
134 575 
370 575 
 88 576 
112 576 
135 576 
370 576 
 89 577 
113 577 
136 577 
370 577 
 90 578 
114 578 
137 578 
370 578 
 91 579 
115 579 
138 579 
370 579 
 92 580 
116 580 
139 580 
370 580 
 93 581 
117 581 
140 581 
370 581 
 94 582 
118 582 
141 582 
370 582 
 95 583 
119 583 
142 583 
370 583 
 96 584 
143 584 
370 584 
120 585 
121 585 
122 585 
123 585 
124 585 
125 585 
126 585 
127 585 
128 585 
129 585 
130 585 
131 585 
132 585 
133 585 
134 585 
135 585 
136 585 
137 585 
138 585 
139 585 
140 585 
141 585 
142 585 
143 585 
145 585 
169 585 
170 585 
171 585 
172 585 
173 585 
174 585 
175 585 
176 585 
177 585 
178 585 
179 585 
180 585 
181 585 
183 585 
184 585 
185 585 
186 585 
187 585 
188 585 
189 585 
190 585 
191 585 
192 585 
 97 586 
120 586 
169 586 
372 586 
 98 587 
121 587 
170 587 
372 587 
 99 588 
122 588 
171 588 
372 588 
100 589 
123 589 
172 589 
372 589 
101 590 
124 590 
173 590 
372 590 
102 591 
125 591 
174 591 
372 591 
103 592 
126 592 
175 592 
372 592 
104 593 
127 593 
176 593 
372 593 
105 594 
128 594 
177 594 
372 594 
106 595 
129 595 
178 595 
372 595 
107 596 
130 596 
179 596 
372 596 
108 597 
131 597 
180 597 
372 597 
109 598 
132 598 
181 598 
372 598 
110 599 
133 599 
182 599 
372 599 
111 600 
134 600 
372 600 
112 601 
135 601 
184 601 
372 601 
113 602 
136 602 
185 602 
372 602 
114 603 
137 603 
186 603 
372 603 
115 604 
138 604 
187 604 
372 604 
116 605 
139 605 
188 605 
372 605 
117 606 
140 606 
189 606 
372 606 
118 607 
141 607 
190 607 
372 607 
119 608 
142 608 
191 608 
372 608 
143 609 
192 609 
372 609 
 97 610 
 98 610 
 99 610 
100 610 
101 610 
102 610 
103 610 
104 610 
105 610 
106 610 
107 610 
108 610 
109 610 
110 610 
111 610 
112 610 
113 610 
114 610 
115 610 
116 610 
117 610 
118 610 
119 610 
144 610 
146 611 
169 611 
373 611 
147 612 
170 612 
373 612 
148 613 
171 613 
373 613 
149 614 
172 614 
373 614 
150 615 
173 615 
373 615 
151 616 
174 616 
373 616 
152 617 
175 617 
373 617 
153 618 
176 618 
373 618 
154 619 
177 619 
373 619 
155 620 
178 620 
373 620 
156 621 
179 621 
373 621 
157 622 
180 622 
373 622 
158 623 
181 623 
373 623 
159 624 
182 624 
373 624 
160 625 
183 625 
373 625 
161 626 
184 626 
373 626 
162 627 
185 627 
373 627 
163 628 
186 628 
373 628 
164 629 
187 629 
373 629 
165 630 
188 630 
373 630 
166 631 
189 631 
373 631 
167 632 
190 632 
373 632 
168 633 
191 633 
373 633 
192 634 
373 634 
169 635 
170 635 
171 635 
172 635 
173 635 
174 635 
175 635 
176 635 
177 635 
178 635 
179 635 
180 635 
181 635 
182 635 
183 635 
184 635 
185 635 
186 635 
187 635 
188 635 
189 635 
190 635 
191 635 
192 635 
194 635 
195 635 
196 635 
197 635 
198 635 
199 635 
200 635 
201 635 
202 635 
203 635 
204 635 
205 635 
206 635 
207 635 
208 635 
209 635 
210 635 
211 635 
212 635 
213 635 
214 635 
215 635 
216 635 
217 635 
146 636 
169 636 
193 636 
194 636 
374 636 
147 637 
170 637 
193 637 
195 637 
374 637 
148 638 
171 638 
193 638 
196 638 
374 638 
149 639 
172 639 
193 639 
197 639 
374 639 
150 640 
173 640 
193 640 
198 640 
374 640 
151 641 
174 641 
193 641 
199 641 
374 641 
152 642 
175 642 
193 642 
200 642 
374 642 
153 643 
176 643 
193 643 
201 643 
374 643 
154 644 
177 644 
193 644 
202 644 
374 644 
155 645 
178 645 
193 645 
203 645 
374 645 
156 646 
179 646 
193 646 
204 646 
374 646 
157 647 
180 647 
193 647 
205 647 
374 647 
158 648 
181 648 
193 648 
206 648 
374 648 
159 649 
182 649 
193 649 
207 649 
374 649 
160 650 
183 650 
193 650 
208 650 
374 650 
161 651 
184 651 
193 651 
209 651 
374 651 
162 652 
185 652 
193 652 
210 652 
374 652 
163 653 
186 653 
193 653 
211 653 
374 653 
164 654 
187 654 
193 654 
212 654 
374 654 
165 655 
188 655 
193 655 
213 655 
374 655 
166 656 
189 656 
193 656 
214 656 
374 656 
167 657 
190 657 
193 657 
215 657 
374 657 
168 658 
191 658 
193 658 
216 658 
374 658 
192 659 
193 659 
217 659 
374 659 
146 660 
147 660 
148 660 
149 660 
150 660 
151 660 
152 660 
153 660 
154 660 
155 660 
156 660 
157 660 
158 660 
159 660 
160 660 
161 660 
162 660 
163 660 
164 660 
165 660 
166 660 
167 660 
168 660 
193 660 
194 661 
195 661 
196 661 
197 661 
198 661 
199 661 
200 661 
201 661 
202 661 
203 661 
204 661 
205 661 
206 661 
207 661 
208 661 
209 661 
210 661 
211 661 
212 661 
213 661 
214 661 
215 661 
216 661 
217 661 
218 661 
219 661 
220 661 
221 661 
222 661 
223 661 
224 661 
225 661 
226 661 
227 661 
228 661 
229 661 
230 661 
231 661 
232 661 
233 661 
234 661 
235 661 
236 661 
237 661 
238 661 
239 661 
240 661 
264 661 
265 661 
194 662 
218 662 
241 662 
375 662 
195 663 
219 663 
242 663 
375 663 
196 664 
220 664 
243 664 
375 664 
197 665 
221 665 
244 665 
375 665 
198 666 
222 666 
245 666 
375 666 
199 667 
223 667 
246 667 
375 667 
200 668 
224 668 
247 668 
375 668 
201 669 
225 669 
248 669 
375 669 
202 670 
226 670 
249 670 
375 670 
203 671 
227 671 
250 671 
375 671 
204 672 
228 672 
251 672 
375 672 
205 673 
229 673 
252 673 
375 673 
206 674 
230 674 
253 674 
375 674 
207 675 
231 675 
254 675 
375 675 
208 676 
232 676 
255 676 
375 676 
209 677 
233 677 
256 677 
375 677 
210 678 
234 678 
257 678 
375 678 
211 679 
235 679 
258 679 
375 679 
212 680 
236 680 
259 680 
375 680 
213 681 
237 681 
260 681 
375 681 
214 682 
238 682 
261 682 
375 682 
215 683 
239 683 
262 683 
375 683 
216 684 
240 684 
263 684 
375 684 
217 685 
375 685 
218 686 
241 686 
376 686 
219 687 
242 687 
376 687 
220 688 
243 688 
376 688 
221 689 
244 689 
376 689 
222 690 
245 690 
376 690 
223 691 
246 691 
376 691 
224 692 
247 692 
376 692 
225 693 
248 693 
376 693 
226 694 
249 694 
376 694 
227 695 
250 695 
376 695 
228 696 
251 696 
376 696 
229 697 
252 697 
376 697 
230 698 
253 698 
376 698 
231 699 
254 699 
376 699 
232 700 
255 700 
376 700 
233 701 
256 701 
376 701 
234 702 
257 702 
376 702 
235 703 
258 703 
376 703 
236 704 
259 704 
376 704 
237 705 
260 705 
376 705 
238 706 
261 706 
376 706 
239 707 
262 707 
376 707 
240 708 
263 708 
376 708 
376 709 
264 710 
265 710 
293 711 
294 711 
295 711 
296 711 
297 711 
298 711 
299 711 
300 711 
301 711 
302 711 
303 711 
304 711 
305 711 
306 711 
307 711 
308 711 
309 711 
310 711 
311 711 
312 711 
313 711 
314 711 
315 711 
316 711 
342 711 
343 711 
344 711 
345 711 
346 711 
347 711 
348 711 
349 711 
350 711 
351 711 
352 711 
353 711 
354 711 
355 711 
356 711 
357 711 
358 711 
359 711 
360 711 
361 711 
362 711 
363 711 
364 711 
365 711 
270 712 
293 712 
317 712 
342 712 
378 712 
271 713 
294 713 
317 713 
343 713 
378 713 
272 714 
295 714 
317 714 
344 714 
378 714 
273 715 
296 715 
317 715 
345 715 
378 715 
274 716 
297 716 
317 716 
346 716 
378 716 
275 717 
298 717 
317 717 
347 717 
378 717 
276 718 
299 718 
317 718 
348 718 
378 718 
277 719 
300 719 
317 719 
349 719 
378 719 
278 720 
301 720 
317 720 
350 720 
378 720 
279 721 
302 721 
317 721 
351 721 
378 721 
280 722 
303 722 
317 722 
352 722 
378 722 
281 723 
304 723 
317 723 
353 723 
378 723 
282 724 
305 724 
317 724 
354 724 
378 724 
283 725 
306 725 
317 725 
355 725 
378 725 
284 726 
307 726 
317 726 
356 726 
378 726 
285 727 
308 727 
317 727 
357 727 
378 727 
286 728 
309 728 
317 728 
358 728 
378 728 
287 729 
310 729 
317 729 
359 729 
378 729 
288 730 
311 730 
317 730 
360 730 
378 730 
289 731 
312 731 
317 731 
361 731 
378 731 
290 732 
313 732 
317 732 
362 732 
378 732 
291 733 
314 733 
317 733 
363 733 
378 733 
292 734 
315 734 
317 734 
364 734 
378 734 
316 735 
317 735 
365 735 
378 735 
293 736 
294 736 
295 736 
296 736 
297 736 
298 736 
299 736 
300 736 
301 736 
302 736 
303 736 
304 736 
305 736 
306 736 
307 736 
308 736 
309 736 
310 736 
311 736 
312 736 
313 736 
314 736 
315 736 
316 736 
318 736 
342 736 
343 736 
344 736 
345 736 
346 736 
347 736 
348 736 
349 736 
350 736 
351 736 
352 736 
353 736 
354 736 
355 736 
356 736 
357 736 
358 736 
359 736 
360 736 
361 736 
362 736 
363 736 
364 736 
365 736 
367 736 
270 737 
293 737 
319 737 
342 737 
381 737 
271 738 
294 738 
320 738 
343 738 
381 738 
272 739 
295 739 
321 739 
344 739 
381 739 
273 740 
296 740 
322 740 
345 740 
381 740 
274 741 
297 741 
323 741 
346 741 
381 741 
275 742 
298 742 
324 742 
347 742 
381 742 
276 743 
299 743 
325 743 
348 743 
381 743 
277 744 
300 744 
326 744 
349 744 
381 744 
278 745 
301 745 
327 745 
350 745 
381 745 
279 746 
302 746 
328 746 
351 746 
381 746 
280 747 
303 747 
329 747 
352 747 
381 747 
281 748 
304 748 
330 748 
353 748 
381 748 
282 749 
305 749 
331 749 
354 749 
381 749 
283 750 
306 750 
332 750 
355 750 
381 750 
284 751 
307 751 
333 751 
356 751 
381 751 
285 752 
308 752 
334 752 
381 752 
286 753 
309 753 
335 753 
358 753 
381 753 
287 754 
310 754 
336 754 
359 754 
381 754 
288 755 
311 755 
337 755 
360 755 
381 755 
289 756 
312 756 
338 756 
361 756 
381 756 
290 757 
313 757 
339 757 
362 757 
381 757 
291 758 
314 758 
340 758 
363 758 
381 758 
292 759 
315 759 
341 759 
364 759 
381 759 
316 760 
365 760 
381 760 
270 761 
271 761 
272 761 
273 761 
274 761 
275 761 
276 761 
277 761 
278 761 
279 761 
280 761 
281 761 
282 761 
283 761 
284 761 
285 761 
286 761 
287 761 
288 761 
289 761 
290 761 
291 761 
292 761 
317 761 
319 762 
320 762 
321 762 
322 762 
323 762 
324 762 
325 762 
326 762 
327 762 
328 762 
329 762 
330 762 
331 762 
332 762 
333 762 
334 762 
335 762 
336 762 
337 762 
338 762 
339 762 
340 762 
341 762 
366 762 
