156 156    371 
147 157 
148 157 
148 158 
149 158 
 59 159 
134 159 
149 159 
 52 160 
 53 160 
 53 161 
 54 161 
 54 162 
 59 162 
118 163 
119 163 
119 164 
120 164 
 59 165 
105 165 
120 165 
150 166 
151 166 
150 167 
152 167 
153 167 
156 167 
152 168 
154 168 
153 169 
155 169 
154 170 
156 170 
155 171 
156 171 
134 172 
156 172 
138 173 
141 173 
141 174 
143 174 
143 175 
143 176 
145 176 
146 176 
  2 177 
144 177 
131 178 
133 178 
132 179 
133 179 
133 180 
135 180 
134 181 
135 181 
137 182 
138 182 
144 183 
145 183 
142 184 
146 184 
121 185 
122 185 
121 186 
123 186 
124 186 
127 186 
123 187 
125 187 
124 188 
126 188 
125 189 
127 189 
126 190 
127 190 
105 191 
127 191 
109 192 
112 192 
112 193 
114 193 
114 194 
114 195 
116 195 
117 195 
  2 196 
115 196 
102 197 
104 197 
103 198 
104 198 
104 199 
106 199 
105 200 
106 200 
108 201 
109 201 
115 202 
116 202 
113 203 
117 203 
 55 204 
111 204 
120 204 
118 205 
120 205 
 55 206 
 56 206 
101 206 
120 206 
  4 207 
 17 207 
 19 207 
 20 207 
  5 208 
 23 208 
 24 208 
 15 209 
 17 209 
 18 209 
 61 210 
102 210 
103 210 
110 210 
117 210 
 63 211 
107 211 
 66 212 
 99 212 
102 212 
113 212 
 67 213 
100 213 
103 213 
113 213 
 60 214 
 76 214 
139 214 
 62 215 
136 215 
 64 216 
 76 216 
128 216 
 65 217 
 76 217 
129 217 
 34 218 
 36 219 
 37 219 
 37 220 
 38 220 
 38 221 
 39 221 
 47 221 
 39 222 
 40 222 
 40 223 
 41 223 
 41 224 
 42 224 
 42 225 
 46 225 
 43 226 
 44 226 
 44 227 
 45 227 
 45 228 
 46 228 
  2 229 
 46 229 
  1 230 
 47 230 
 91 231 
 93 231 
 91 232 
 92 232 
 93 233 
 94 233 
  2 234 
 94 234 
 95 235 
 96 235 
  1 236 
 96 236 
 82 237 
 84 237 
 97 237 
 84 238 
 98 238 
  5 239 
 16 239 
  6 240 
  7 240 
  8 240 
  7 241 
  9 241 
  9 242 
 10 242 
 14 242 
 10 243 
 11 243 
 12 244 
 13 244 
 11 245 
 12 245 
  2 246 
 13 246 
  1 247 
 14 247 
  7 248 
  8 248 
 16 248 
 68 249 
 69 250 
 70 251 
 72 251 
 73 251 
 71 252 
 74 252 
 75 252 
 72 253 
 76 253 
 73 254 
 76 254 
 74 255 
 77 255 
 75 256 
 77 256 
 76 257 
 77 257 
 79 257 
 78 258 
 79 258 
 79 259 
 81 259 
  2 260 
 80 260 
 80 261 
 81 261 
  1 262 
  3 262 
  2 263 
  3 263 
  3 264 
110 265 
131 265 
132 265 
139 265 
146 265 
107 266 
136 266 
 99 267 
128 267 
131 267 
142 267 
100 268 
129 268 
132 268 
142 268 
  4 269 
  9 269 
111 269 
127 269 
 15 270 
101 270 
127 270 
 17 271 
 19 271 
 21 272 
 23 273 
 17 274 
 18 274 
 17 275 
 20 275 
 25 275 
 27 275 
 28 275 
 22 276 
 29 276 
 30 276 
 24 277 
 31 277 
 32 277 
 17 278 
 25 278 
 26 278 
 19 279 
 20 279 
 25 280 
 27 280 
140 280 
156 280 
 29 281 
153 281 
156 281 
 31 282 
137 282 
151 282 
 25 283 
 26 283 
130 283 
156 283 
 25 284 
 28 284 
 33 284 
 38 284 
 30 285 
 36 285 
 38 285 
 32 286 
 34 286 
 25 287 
 35 287 
 38 287 
 27 288 
 28 288 
 55 289 
140 289 
149 289 
 57 290 
137 290 
 55 291 
130 291 
149 291 
 33 292 
 48 292 
 35 293 
 51 293 
 48 294 
 54 294 
 55 294 
 49 295 
 52 295 
 54 295 
 50 296 
 58 296 
 51 297 
 54 297 
 55 297 
 50 298 
 60 299 
 85 299 
 86 299 
 91 299 
 95 299 
 69 300 
 70 300 
 76 300 
 78 300 
 87 300 
 88 300 
 62 301 
 89 301 
 90 301 
 64 302 
 82 302 
 84 302 
 95 302 
 97 302 
 65 303 
 85 303 
 92 303 
 86 304 
 87 305 
 89 306 
 82 307 
 83 308 
 85 309 
 86 309 
 88 310 
 90 311 
 84 312 
