207 277   2909 
  1 208 
  8 208 
  9 208 
 10 208 
 11 208 
 18 208 
 19 208 
 21 208 
 23 208 
 24 208 
 26 208 
 27 208 
 28 208 
 29 208 
 30 208 
 31 208 
 32 208 
 33 208 
 34 208 
 36 208 
 37 208 
 38 208 
 40 208 
 41 208 
 42 208 
 43 208 
 44 208 
 45 208 
 47 208 
 48 208 
 49 208 
 50 208 
 55 208 
 99 208 
100 208 
101 208 
  2 209 
  1 210 
  2 210 
  3 210 
  1 211 
  4 211 
  8 211 
  9 211 
 10 211 
 11 211 
 18 211 
 20 211 
 21 211 
 23 211 
 24 211 
 25 211 
 26 211 
 27 211 
 28 211 
 29 211 
 30 211 
 31 211 
 32 211 
 33 211 
 34 211 
 36 211 
 37 211 
 38 211 
 39 211 
 40 211 
 41 211 
 42 211 
 43 211 
 44 211 
 45 211 
 46 211 
 47 211 
 48 211 
 49 211 
 50 211 
 99 211 
  5 212 
  1 213 
  6 213 
 96 213 
  1 214 
  7 214 
 96 214 
  8 215 
  9 215 
 10 215 
 11 215 
 18 215 
 22 215 
 23 215 
 24 215 
 26 215 
 27 215 
 29 215 
 31 215 
 32 215 
 33 215 
 34 215 
 36 215 
 37 215 
 40 215 
 41 215 
 42 215 
 45 215 
 46 215 
 47 215 
 48 215 
 49 215 
 50 215 
 54 215 
 55 215 
 56 215 
 58 215 
 99 215 
  9 216 
 18 216 
 22 216 
 24 216 
 26 216 
 27 216 
 29 216 
 30 216 
 31 216 
 32 216 
 33 216 
 36 216 
 37 216 
 38 216 
 40 216 
 41 216 
 42 216 
 45 216 
 46 216 
 47 216 
 48 216 
 49 216 
 50 216 
 54 216 
 55 216 
 56 216 
 59 216 
 99 216 
102 216 
132 216 
 10 217 
 18 217 
 22 217 
 24 217 
 26 217 
 30 217 
 31 217 
 32 217 
 33 217 
 36 217 
 37 217 
 38 217 
 40 217 
 41 217 
 42 217 
 45 217 
 46 217 
 47 217 
 48 217 
 49 217 
 50 217 
 54 217 
 55 217 
 56 217 
 60 217 
 99 217 
102 217 
132 217 
 11 218 
 18 218 
 22 218 
 24 218 
 26 218 
 27 218 
 29 218 
 30 218 
 31 218 
 32 218 
 33 218 
 36 218 
 37 218 
 38 218 
 40 218 
 41 218 
 42 218 
 44 218 
 45 218 
 46 218 
 47 218 
 48 218 
 49 218 
 50 218 
 54 218 
 55 218 
 56 218 
 61 218 
 99 218 
102 218 
132 218 
 12 219 
 13 220 
 14 221 
 15 222 
 16 223 
 17 224 
 18 225 
 19 226 
 20 227 
 18 228 
 21 228 
 22 228 
 24 228 
 26 228 
 27 228 
 29 228 
 30 228 
 31 228 
 32 228 
 33 228 
 36 228 
 37 228 
 38 228 
 40 228 
 41 228 
 42 228 
 44 228 
 45 228 
 46 228 
 47 228 
 48 228 
 49 228 
 50 228 
 54 228 
 55 228 
 56 228 
 62 228 
 99 228 
102 228 
132 228 
 18 229 
 19 229 
 20 229 
 22 229 
 24 229 
 25 229 
 26 229 
 27 229 
 29 229 
 30 229 
 31 229 
 32 229 
 34 229 
 35 229 
 36 229 
 37 229 
 38 229 
 40 229 
 41 229 
 42 229 
 43 229 
 44 229 
 45 229 
 46 229 
 47 229 
 48 229 
 49 229 
 50 229 
 54 229 
 55 229 
 56 229 
 72 229 
 99 229 
103 229 
 18 230 
 19 230 
 20 230 
 22 230 
 23 230 
 24 230 
 25 230 
 26 230 
 27 230 
 29 230 
 30 230 
 31 230 
 32 230 
 34 230 
 36 230 
 37 230 
 40 230 
 41 230 
 42 230 
 43 230 
 44 230 
 45 230 
 46 230 
 47 230 
 48 230 
 49 230 
 50 230 
 54 230 
 55 230 
 56 230 
 99 230 
103 230 
104 230 
105 230 
106 230 
107 230 
108 230 
 14 231 
 18 231 
 19 231 
 20 231 
 22 231 
 23 231 
 24 231 
 25 231 
 26 231 
 27 231 
 29 231 
 30 231 
 31 231 
 32 231 
 34 231 
 36 231 
 37 231 
 40 231 
 41 231 
 42 231 
 43 231 
 44 231 
 45 231 
 46 231 
 47 231 
 48 231 
 49 231 
 50 231 
 54 231 
 55 231 
 56 231 
 99 231 
103 231 
104 231 
107 231 
108 231 
 16 232 
 18 232 
 19 232 
 20 232 
 22 232 
 23 232 
 24 232 
 25 232 
 26 232 
 27 232 
 28 232 
 29 232 
 30 232 
 31 232 
 32 232 
 34 232 
 36 232 
 37 232 
 38 232 
 39 232 
 40 232 
 41 232 
 42 232 
 43 232 
 44 232 
 45 232 
 46 232 
 47 232 
 48 232 
 49 232 
 50 232 
 54 232 
 55 232 
 56 232 
 99 232 
103 232 
104 232 
105 232 
106 232 
107 232 
108 232 
 18 233 
 19 233 
 20 233 
 21 233 
 22 233 
 23 233 
 24 233 
 25 233 
 26 233 
 27 233 
 28 233 
 29 233 
 30 233 
 31 233 
 32 233 
 34 233 
 36 233 
 37 233 
 38 233 
 39 233 
 40 233 
 41 233 
 42 233 
 43 233 
 44 233 
 45 233 
 46 233 
 47 233 
 48 233 
 49 233 
 50 233 
 54 233 
 55 233 
 56 233 
 76 233 
 99 233 
103 233 
104 233 
107 233 
108 233 
 18 234 
 19 234 
 20 234 
 21 234 
 22 234 
 23 234 
 24 234 
 25 234 
 26 234 
 27 234 
 28 234 
 29 234 
 30 234 
 31 234 
 32 234 
 34 234 
 36 234 
 37 234 
 38 234 
 39 234 
 40 234 
 41 234 
 42 234 
 43 234 
 44 234 
 45 234 
 46 234 
 47 234 
 48 234 
 49 234 
 50 234 
 54 234 
 55 234 
 56 234 
 77 234 
 99 234 
103 234 
104 234 
107 234 
 13 235 
 17 235 
 18 235 
 19 235 
 20 235 
 22 235 
 23 235 
 24 235 
 25 235 
 26 235 
 27 235 
 28 235 
 29 235 
 30 235 
 31 235 
 32 235 
 34 235 
 36 235 
 37 235 
 38 235 
 39 235 
 40 235 
 41 235 
 42 235 
 43 235 
 44 235 
 45 235 
 46 235 
 47 235 
 48 235 
 49 235 
 50 235 
 54 235 
 55 235 
 56 235 
 78 235 
 99 235 
103 235 
104 235 
107 235 
108 235 
 18 236 
 19 236 
 20 236 
 22 236 
 23 236 
 24 236 
 25 236 
 26 236 
 27 236 
 28 236 
 29 236 
 30 236 
 31 236 
 32 236 
 34 236 
 36 236 
 37 236 
 40 236 
 41 236 
 42 236 
 43 236 
 44 236 
 45 236 
 46 236 
 47 236 
 48 236 
 49 236 
 50 236 
 54 236 
 55 236 
 56 236 
 79 236 
 99 236 
103 236 
104 236 
107 236 
108 236 
 15 237 
 16 237 
 18 237 
 19 237 
 20 237 
 22 237 
 24 237 
 25 237 
 26 237 
 27 237 
 28 237 
 29 237 
 30 237 
 31 237 
 32 237 
 34 237 
 37 237 
 39 237 
 40 237 
 41 237 
 42 237 
 43 237 
 44 237 
 45 237 
 46 237 
 47 237 
 48 237 
 49 237 
 50 237 
 54 237 
 55 237 
 80 237 
 99 237 
103 237 
104 237 
107 237 
108 237 
 18 238 
 19 238 
 20 238 
 22 238 
 23 238 
 24 238 
 25 238 
 26 238 
 27 238 
 28 238 
 29 238 
 30 238 
 31 238 
 32 238 
 34 238 
 36 238 
 37 238 
 38 238 
 39 238 
 40 238 
 41 238 
 42 238 
 43 238 
 44 238 
 45 238 
 46 238 
 47 238 
 48 238 
 49 238 
 50 238 
 54 238 
 55 238 
 56 238 
 81 238 
 99 238 
103 238 
104 238 
107 238 
108 238 
 12 239 
 13 239 
 14 239 
 15 239 
 16 239 
 18 239 
 19 239 
 20 239 
 22 239 
 23 239 
 24 239 
 25 239 
 26 239 
 27 239 
 29 239 
 30 239 
 31 239 
 32 239 
 34 239 
 35 239 
 36 239 
 37 239 
 39 239 
 40 239 
 41 239 
 42 239 
 43 239 
 44 239 
 45 239 
 46 239 
 47 239 
 48 239 
 49 239 
 50 239 
 54 239 
 55 239 
 56 239 
 82 239 
 99 239 
103 239 
104 239 
105 239 
106 239 
107 239 
108 239 
 18 240 
 19 240 
 22 240 
 23 240 
 24 240 
 26 240 
 27 240 
 29 240 
 30 240 
 31 240 
 32 240 
 33 240 
 34 240 
 36 240 
 37 240 
 40 240 
 41 240 
 42 240 
 43 240 
 45 240 
 46 240 
 47 240 
 48 240 
 49 240 
 50 240 
 54 240 
 55 240 
 56 240 
 83 240 
 99 240 
103 240 
104 240 
105 240 
106 240 
107 240 
108 240 
 15 241 
 16 241 
 18 241 
 19 241 
 20 241 
 22 241 
 23 241 
 24 241 
 25 241 
 26 241 
 27 241 
 28 241 
 29 241 
 30 241 
 31 241 
 32 241 
 34 241 
 36 241 
 37 241 
 39 241 
 40 241 
 41 241 
 42 241 
 43 241 
 44 241 
 45 241 
 46 241 
 47 241 
 48 241 
 49 241 
 50 241 
 54 241 
 55 241 
 56 241 
 84 241 
 99 241 
103 241 
104 241 
105 241 
106 241 
107 241 
108 241 
 18 242 
 19 242 
 20 242 
 22 242 
 24 242 
 25 242 
 26 242 
 27 242 
 29 242 
 30 242 
 31 242 
 32 242 
 34 242 
 35 242 
 36 242 
 37 242 
 40 242 
 41 242 
 42 242 
 43 242 
 44 242 
 45 242 
 46 242 
 47 242 
 48 242 
 49 242 
 50 242 
 54 242 
 55 242 
 56 242 
 85 242 
 99 242 
103 242 
107 242 
108 242 
 13 243 
 18 243 
 19 243 
 20 243 
 22 243 
 23 243 
 24 243 
 25 243 
 26 243 
 27 243 
 28 243 
 29 243 
 30 243 
 31 243 
 32 243 
 34 243 
 35 243 
 36 243 
 37 243 
 39 243 
 40 243 
 41 243 
 42 243 
 43 243 
 44 243 
 45 243 
 46 243 
 47 243 
 48 243 
 49 243 
 50 243 
 54 243 
 55 243 
 56 243 
 86 243 
 99 243 
103 243 
106 243 
107 243 
108 243 
 12 244 
 13 244 
 14 244 
 15 244 
 17 244 
 18 244 
 19 244 
 20 244 
 22 244 
 24 244 
 25 244 
 26 244 
 27 244 
 28 244 
 29 244 
 30 244 
 31 244 
 32 244 
 34 244 
 36 244 
 37 244 
 38 244 
 39 244 
 40 244 
 41 244 
 42 244 
 43 244 
 44 244 
 45 244 
 46 244 
 47 244 
 48 244 
 49 244 
 50 244 
 54 244 
 55 244 
 56 244 
 87 244 
 99 244 
103 244 
104 244 
107 244 
 12 245 
 13 245 
 14 245 
 15 245 
 17 245 
 18 245 
 19 245 
 20 245 
 22 245 
 24 245 
 25 245 
 26 245 
 27 245 
 28 245 
 29 245 
 30 245 
 31 245 
 32 245 
 34 245 
 35 245 
 36 245 
 37 245 
 38 245 
 39 245 
 40 245 
 41 245 
 42 245 
 43 245 
 44 245 
 45 245 
 46 245 
 47 245 
 48 245 
 49 245 
 50 245 
 54 245 
 55 245 
 56 245 
 88 245 
 99 245 
103 245 
104 245 
107 245 
 12 246 
 13 246 
 14 246 
 15 246 
 18 246 
 20 246 
 24 246 
 25 246 
 26 246 
 27 246 
 28 246 
 29 246 
 30 246 
 31 246 
 32 246 
 33 246 
 34 246 
 36 246 
 37 246 
 38 246 
 39 246 
 40 246 
 41 246 
 42 246 
 43 246 
 44 246 
 45 246 
 46 246 
 47 246 
 48 246 
 49 246 
 50 246 
 54 246 
 55 246 
 56 246 
 89 246 
 99 246 
103 246 
104 246 
107 246 
 12 247 
 13 247 
 14 247 
 15 247 
 16 247 
 17 247 
 18 247 
 19 247 
 20 247 
 22 247 
 23 247 
 24 247 
 25 247 
 26 247 
 27 247 
 28 247 
 29 247 
 30 247 
 31 247 
 32 247 
 34 247 
 36 247 
 37 247 
 38 247 
 39 247 
 40 247 
 41 247 
 42 247 
 43 247 
 44 247 
 45 247 
 46 247 
 47 247 
 48 247 
 49 247 
 50 247 
 54 247 
 55 247 
 56 247 
 90 247 
 99 247 
103 247 
104 247 
107 247 
 12 248 
 13 248 
 14 248 
 15 248 
 17 248 
 18 248 
 19 248 
 20 248 
 22 248 
 23 248 
 24 248 
 25 248 
 26 248 
 27 248 
 28 248 
 29 248 
 30 248 
 31 248 
 32 248 
 34 248 
 36 248 
 37 248 
 38 248 
 39 248 
 40 248 
 41 248 
 42 248 
 43 248 
 44 248 
 45 248 
 46 248 
 47 248 
 48 248 
 49 248 
 50 248 
 54 248 
 55 248 
 56 248 
 91 248 
 99 248 
103 248 
104 248 
107 248 
 12 249 
 13 249 
 14 249 
 15 249 
 16 249 
 17 249 
 18 249 
 19 249 
 20 249 
 22 249 
 24 249 
 25 249 
 26 249 
 27 249 
 28 249 
 29 249 
 30 249 
 31 249 
 32 249 
 34 249 
 36 249 
 37 249 
 38 249 
 39 249 
 40 249 
 41 249 
 42 249 
 43 249 
 44 249 
 45 249 
 46 249 
 47 249 
 48 249 
 49 249 
 50 249 
 54 249 
 55 249 
 56 249 
 92 249 
 99 249 
103 249 
104 249 
107 249 
 18 250 
 19 250 
 20 250 
 22 250 
 23 250 
 24 250 
 25 250 
 26 250 
 27 250 
 28 250 
 29 250 
 30 250 
 31 250 
 32 250 
 34 250 
 36 250 
 37 250 
 38 250 
 39 250 
 40 250 
 41 250 
 42 250 
 43 250 
 44 250 
 45 250 
 46 250 
 47 250 
 48 250 
 49 250 
 50 250 
 54 250 
 55 250 
 56 250 
 93 250 
 99 250 
103 250 
104 250 
107 250 
 12 251 
 13 251 
 18 251 
 19 251 
 20 251 
 22 251 
 23 251 
 24 251 
 25 251 
 26 251 
 27 251 
 28 251 
 29 251 
 30 251 
 31 251 
 32 251 
 34 251 
 36 251 
 37 251 
 38 251 
 39 251 
 40 251 
 41 251 
 42 251 
 43 251 
 44 251 
 45 251 
 46 251 
 47 251 
 48 251 
 49 251 
 50 251 
 54 251 
 55 251 
 56 251 
 94 251 
 99 251 
103 251 
104 251 
107 251 
 18 252 
 19 252 
 20 252 
 22 252 
 23 252 
 24 252 
 25 252 
 26 252 
 27 252 
 28 252 
 29 252 
 30 252 
 31 252 
 32 252 
 34 252 
 35 252 
 36 252 
 37 252 
 40 252 
 41 252 
 42 252 
 43 252 
 44 252 
 45 252 
 46 252 
 47 252 
 48 252 
 49 252 
 50 252 
 54 252 
 55 252 
 99 252 
103 252 
 18 253 
 19 253 
 22 253 
 24 253 
 25 253 
 26 253 
 27 253 
 28 253 
 29 253 
 30 253 
 31 253 
 32 253 
 34 253 
 35 253 
 36 253 
 37 253 
 38 253 
 40 253 
 41 253 
 42 253 
 43 253 
 44 253 
 45 253 
 46 253 
 47 253 
 48 253 
 49 253 
 50 253 
 54 253 
 55 253 
 99 253 
 18 254 
 19 254 
 22 254 
 23 254 
 24 254 
 25 254 
 26 254 
 27 254 
 28 254 
 29 254 
 30 254 
 31 254 
 32 254 
 34 254 
 35 254 
 36 254 
 37 254 
 38 254 
 39 254 
 40 254 
 41 254 
 42 254 
 43 254 
 44 254 
 45 254 
 46 254 
 47 254 
 48 254 
 49 254 
 50 254 
 54 254 
 55 254 
 99 254 
 18 255 
 19 255 
 20 255 
 22 255 
 23 255 
 24 255 
 25 255 
 26 255 
 27 255 
 29 255 
 30 255 
 31 255 
 32 255 
 34 255 
 36 255 
 37 255 
 38 255 
 39 255 
 40 255 
 41 255 
 42 255 
 43 255 
 44 255 
 45 255 
 46 255 
 47 255 
 48 255 
 49 255 
 50 255 
 54 255 
 55 255 
 99 255 
 18 256 
 19 256 
 22 256 
 24 256 
 25 256 
 26 256 
 29 256 
 30 256 
 31 256 
 32 256 
 34 256 
 36 256 
 37 256 
 40 256 
 41 256 
 42 256 
 43 256 
 44 256 
 45 256 
 46 256 
 47 256 
 48 256 
 49 256 
 50 256 
 54 256 
 55 256 
 99 256 
 18 257 
 19 257 
 22 257 
 24 257 
 25 257 
 26 257 
 27 257 
 28 257 
 29 257 
 30 257 
 31 257 
 32 257 
 34 257 
 35 257 
 36 257 
 37 257 
 38 257 
 39 257 
 40 257 
 41 257 
 42 257 
 43 257 
 44 257 
 45 257 
 46 257 
 47 257 
 48 257 
 49 257 
 50 257 
 54 257 
 55 257 
 99 257 
  3 258 
 28 258 
 37 258 
 38 258 
 39 258 
 40 258 
 41 258 
 42 258 
 43 258 
 44 258 
 47 258 
 48 258 
 50 258 
 51 258 
  3 259 
 46 259 
 47 259 
 48 259 
 50 259 
 52 259 
  1 260 
  2 260 
  8 260 
  9 260 
 10 260 
 11 260 
 17 260 
 18 260 
 19 260 
 20 260 
 21 260 
 22 260 
 23 260 
 24 260 
 25 260 
 26 260 
 27 260 
 28 260 
 29 260 
 31 260 
 32 260 
 33 260 
 34 260 
 35 260 
 36 260 
 37 260 
 38 260 
 39 260 
 40 260 
 41 260 
 42 260 
 43 260 
 44 260 
 53 260 
 51 261 
 54 261 
 52 262 
 55 262 
 53 263 
 56 263 
  5 264 
 57 264 
  5 265 
  6 265 
  8 265 
 58 265 
 73 265 
  5 266 
  6 266 
  9 266 
 59 266 
 73 266 
  5 267 
  6 267 
 10 267 
 60 267 
 73 267 
  5 268 
  6 268 
 11 268 
 61 268 
  5 269 
  6 269 
 21 269 
 62 269 
 73 269 
  5 270 
  6 270 
 12 270 
 63 270 
 75 270 
  5 271 
  6 271 
 13 271 
 64 271 
  5 272 
  6 272 
 14 272 
 65 272 
 75 272 
  5 273 
  6 273 
 15 273 
 66 273 
 75 273 
  5 274 
  6 274 
 16 274 
 67 274 
 75 274 
  5 275 
  6 275 
 17 275 
 68 275 
  5 276 
  6 276 
 18 276 
 69 276 
 74 276 
  5 277 
  6 277 
 19 277 
 70 277 
  5 278 
  6 278 
 20 278 
 71 278 
  5 279 
  6 279 
 22 279 
 72 279 
 75 279 
  5 280 
  6 280 
 23 280 
 73 280 
  5 281 
  6 281 
 24 281 
 74 281 
  5 282 
  6 282 
 25 282 
 75 282 
  5 283 
  6 283 
 26 283 
 76 283 
  5 284 
  6 284 
 27 284 
 77 284 
  5 285 
  6 285 
 28 285 
 78 285 
  5 286 
  6 286 
 29 286 
 79 286 
  5 287 
  6 287 
 30 287 
 80 287 
  5 288 
  6 288 
 31 288 
 81 288 
  5 289 
  6 289 
 32 289 
 82 289 
  5 290 
  6 290 
 33 290 
 83 290 
  5 291 
  6 291 
 34 291 
 84 291 
  5 292 
  6 292 
 35 292 
 85 292 
  5 293 
  6 293 
 36 293 
 86 293 
  5 294 
  6 294 
 37 294 
 87 294 
  5 295 
  6 295 
 38 295 
 88 295 
  5 296 
  6 296 
 39 296 
 89 296 
  5 297 
  6 297 
 40 297 
 90 297 
  5 298 
  6 298 
 41 298 
 91 298 
  5 299 
  6 299 
 42 299 
 92 299 
  5 300 
  6 300 
 43 300 
 93 300 
  5 301 
  6 301 
 44 301 
 94 301 
  5 302 
  6 302 
 50 302 
 95 302 
  5 303 
  6 303 
 48 303 
 96 303 
  2 304 
  5 304 
 97 304 
  2 305 
  5 305 
 98 305 
 99 306 
100 307 
101 308 
102 309 
110 309 
103 310 
111 310 
104 311 
112 311 
105 312 
113 312 
106 313 
114 313 
107 314 
115 314 
108 315 
116 315 
109 316 
117 316 
110 317 
111 318 
112 319 
113 320 
114 321 
115 322 
116 323 
117 324 
118 325 
119 326 
120 327 
121 328 
122 329 
132 330 
123 331 
124 332 
125 333 
126 334 
127 335 
128 336 
129 337 
130 338 
131 339 
133 340 
134 341 
  5 342 
  7 342 
  8 342 
135 342 
150 342 
  5 343 
  7 343 
  9 343 
136 343 
150 343 
  5 344 
  7 344 
 10 344 
137 344 
150 344 
  5 345 
  7 345 
 11 345 
138 345 
  5 346 
  7 346 
 21 346 
139 346 
150 346 
  5 347 
  7 347 
 12 347 
140 347 
152 347 
  5 348 
  7 348 
 13 348 
141 348 
  5 349 
  7 349 
 14 349 
142 349 
152 349 
  5 350 
  7 350 
 15 350 
143 350 
152 350 
  5 351 
  7 351 
 16 351 
144 351 
152 351 
  5 352 
  7 352 
 17 352 
145 352 
  5 353 
  7 353 
 18 353 
146 353 
151 353 
  5 354 
  7 354 
 19 354 
147 354 
  5 355 
  7 355 
 20 355 
148 355 
  5 356 
  7 356 
 22 356 
149 356 
152 356 
  5 357 
  7 357 
 23 357 
150 357 
  5 358 
  7 358 
 24 358 
151 358 
  5 359 
  7 359 
 25 359 
152 359 
  5 360 
  7 360 
 26 360 
153 360 
  5 361 
  7 361 
 27 361 
154 361 
  5 362 
  7 362 
 28 362 
155 362 
  5 363 
  7 363 
 29 363 
156 363 
  5 364 
  7 364 
 30 364 
157 364 
  5 365 
  7 365 
 31 365 
158 365 
  5 366 
  7 366 
 32 366 
159 366 
  5 367 
  7 367 
 33 367 
160 367 
  5 368 
  7 368 
 34 368 
161 368 
  5 369 
  7 369 
 35 369 
162 369 
  5 370 
  7 370 
 36 370 
163 370 
  5 371 
  7 371 
 37 371 
164 371 
  5 372 
  7 372 
 38 372 
165 372 
  5 373 
  7 373 
 39 373 
166 373 
  5 374 
  7 374 
 40 374 
167 374 
  5 375 
  7 375 
 41 375 
168 375 
  5 376 
  7 376 
 42 376 
169 376 
  5 377 
  7 377 
 43 377 
170 377 
  5 378 
  7 378 
 44 378 
171 378 
  5 379 
  7 379 
 50 379 
172 379 
  5 380 
  7 380 
 48 380 
173 380 
  2 381 
  5 381 
174 381 
  2 382 
  5 382 
175 382 
  1 383 
  2 383 
  4 383 
 95 383 
 96 383 
 97 383 
 98 383 
186 383 
207 383 
  8 384 
  9 384 
 10 384 
 11 384 
 18 384 
 19 384 
 21 384 
 23 384 
 24 384 
 26 384 
 27 384 
 28 384 
 29 384 
 30 384 
 31 384 
 32 384 
 33 384 
 34 384 
 36 384 
 37 384 
 38 384 
 40 384 
 41 384 
 42 384 
 43 384 
 44 384 
 45 384 
 47 384 
 48 384 
 49 384 
 50 384 
 55 384 
 99 384 
100 384 
101 384 
  1 385 
 54 385 
 55 385 
 99 385 
104 385 
109 385 
  8 386 
 18 386 
 19 386 
 23 386 
 24 386 
 26 386 
 29 386 
 30 386 
 31 386 
 32 386 
 33 386 
 34 386 
 36 386 
 37 386 
 38 386 
 40 386 
 41 386 
 42 386 
 43 386 
 44 386 
 45 386 
 47 386 
 48 386 
 49 386 
 50 386 
 54 386 
 55 386 
 99 386 
  8 387 
  5 388 
  6 388 
  8 388 
 73 388 
  5 389 
  7 389 
  8 389 
150 389 
  8 390 
 10 390 
 12 391 
 18 391 
 19 391 
 20 391 
 22 391 
 24 391 
 25 391 
 26 391 
 27 391 
 29 391 
 30 391 
 31 391 
 32 391 
 34 391 
 35 391 
 36 391 
 37 391 
 38 391 
 40 391 
 41 391 
 42 391 
 43 391 
 44 391 
 45 391 
 46 391 
 49 391 
 50 391 
 54 391 
 55 391 
 99 391 
 13 392 
 18 392 
 19 392 
 20 392 
 22 392 
 24 392 
 25 392 
 27 392 
 29 392 
 30 392 
 31 392 
 32 392 
 34 392 
 35 392 
 36 392 
 37 392 
 38 392 
 40 392 
 41 392 
 42 392 
 43 392 
 44 392 
 45 392 
 46 392 
 49 392 
 50 392 
 54 392 
 55 392 
 99 392 
 14 393 
 18 393 
 19 393 
 20 393 
 22 393 
 24 393 
 25 393 
 26 393 
 27 393 
 29 393 
 30 393 
 31 393 
 32 393 
 34 393 
 35 393 
 36 393 
 37 393 
 38 393 
 40 393 
 41 393 
 42 393 
 43 393 
 44 393 
 45 393 
 46 393 
 49 393 
 50 393 
 54 393 
 55 393 
 99 393 
 15 394 
 18 394 
 19 394 
 20 394 
 22 394 
 24 394 
 25 394 
 27 394 
 29 394 
 30 394 
 31 394 
 32 394 
 34 394 
 35 394 
 36 394 
 37 394 
 38 394 
 40 394 
 41 394 
 42 394 
 43 394 
 44 394 
 45 394 
 46 394 
 49 394 
 50 394 
 54 394 
 55 394 
 99 394 
 16 395 
 18 395 
 19 395 
 20 395 
 22 395 
 24 395 
 25 395 
 27 395 
 29 395 
 30 395 
 31 395 
 32 395 
 34 395 
 35 395 
 36 395 
 37 395 
 38 395 
 40 395 
 41 395 
 42 395 
 43 395 
 44 395 
 45 395 
 46 395 
 49 395 
 50 395 
 54 395 
 55 395 
 99 395 
 17 396 
 18 396 
 19 396 
 20 396 
 22 396 
 24 396 
 25 396 
 26 396 
 27 396 
 29 396 
 30 396 
 31 396 
 32 396 
 34 396 
 35 396 
 36 396 
 37 396 
 38 396 
 40 396 
 41 396 
 42 396 
 43 396 
 44 396 
 45 396 
 46 396 
 49 396 
 50 396 
 54 396 
 55 396 
 56 396 
 99 396 
 18 397 
 19 397 
 24 397 
 25 397 
 26 397 
 29 397 
 30 397 
 31 397 
 32 397 
 34 397 
 35 397 
 36 397 
 37 397 
 40 397 
 41 397 
 42 397 
 43 397 
 44 397 
 45 397 
 46 397 
 49 397 
 50 397 
 54 397 
 55 397 
 56 397 
 99 397 
 18 398 
 19 398 
 24 398 
 25 398 
 26 398 
 29 398 
 30 398 
 31 398 
 32 398 
 34 398 
 35 398 
 36 398 
 37 398 
 40 398 
 41 398 
 42 398 
 43 398 
 44 398 
 45 398 
 46 398 
 49 398 
 50 398 
 54 398 
 55 398 
 56 398 
 99 398 
 18 399 
 19 399 
 20 399 
 22 399 
 24 399 
 25 399 
 26 399 
 27 399 
 29 399 
 30 399 
 31 399 
 32 399 
 34 399 
 36 399 
 37 399 
 38 399 
 40 399 
 41 399 
 42 399 
 44 399 
 45 399 
 46 399 
 47 399 
 49 399 
 50 399 
 54 399 
 55 399 
 56 399 
 99 399 
 63 400 
 64 401 
 65 402 
 66 403 
 67 404 
 68 405 
 69 406 
 70 407 
 71 408 
 25 409 
 31 410 
 33 411 
 35 412 
 37 413 
 39 414 
 41 415 
 42 416 
  1 417 
 18 417 
 24 417 
 26 417 
 28 417 
 30 417 
 31 417 
 32 417 
 34 417 
 37 417 
 40 417 
 45 417 
 50 417 
 54 417 
 55 417 
 99 417 
103 417 
111 417 
118 417 
193 417 
194 417 
195 417 
196 417 
197 417 
  1 418 
 18 418 
 24 418 
 26 418 
 28 418 
 30 418 
 31 418 
 32 418 
 34 418 
 37 418 
 40 418 
 45 418 
 50 418 
 54 418 
 55 418 
 99 418 
107 418 
115 418 
119 418 
193 418 
194 418 
195 418 
196 418 
197 418 
  1 419 
 18 419 
 24 419 
 26 419 
 28 419 
 30 419 
 31 419 
 32 419 
 34 419 
 37 419 
 40 419 
 45 419 
 50 419 
 54 419 
 55 419 
 99 419 
107 419 
115 419 
120 419 
193 419 
194 419 
195 419 
196 419 
197 419 
  1 420 
 18 420 
 24 420 
 26 420 
 28 420 
 30 420 
 31 420 
 32 420 
 34 420 
 37 420 
 40 420 
 45 420 
 50 420 
 54 420 
 55 420 
 99 420 
107 420 
115 420 
121 420 
193 420 
194 420 
195 420 
196 420 
197 420 
  1 421 
 18 421 
 24 421 
 28 421 
 30 421 
 31 421 
 32 421 
 34 421 
 37 421 
 45 421 
 50 421 
 54 421 
 55 421 
 99 421 
109 421 
122 421 
194 421 
  3 422 
 35 422 
 40 422 
 41 422 
 54 422 
 55 422 
 99 422 
  3 423 
 18 423 
 24 423 
 54 423 
 55 423 
 99 423 
123 433 
124 434 
125 435 
126 436 
127 437 
128 438 
129 439 
130 440 
131 441 
 57 445 
  5 447 
 64 450 
 67 450 
 69 450 
 70 450 
 74 450 
 75 450 
142 450 
151 450 
152 450 
  5 453 
  7 453 
176 453 
187 453 
  5 454 
  7 454 
177 454 
188 454 
  5 455 
  7 455 
178 455 
189 455 
  5 456 
  7 456 
179 456 
192 456 
  5 457 
  7 457 
180 457 
193 457 
  5 458 
  7 458 
181 458 
194 458 
  5 459 
  7 459 
182 459 
195 459 
  5 460 
  7 460 
183 460 
196 460 
  5 461 
  7 461 
184 461 
197 461 
  5 462 
185 462 
  1 463 
  8 463 
  9 463 
 10 463 
 11 463 
 18 463 
 20 463 
 21 463 
 23 463 
 24 463 
 25 463 
 26 463 
 27 463 
 28 463 
 29 463 
 30 463 
 31 463 
 32 463 
 33 463 
 34 463 
 36 463 
 37 463 
 39 463 
 40 463 
 41 463 
 42 463 
 43 463 
 44 463 
 45 463 
 46 463 
 47 463 
 48 463 
 49 463 
 50 463 
 99 463 
186 463 
187 463 
188 463 
189 463 
190 463 
191 463 
192 463 
193 463 
194 463 
195 463 
196 463 
197 463 
 12 464 
 13 464 
 14 464 
 15 464 
 18 464 
 20 464 
 24 464 
 25 464 
 26 464 
 27 464 
 28 464 
 29 464 
 30 464 
 31 464 
 32 464 
 33 464 
 34 464 
 36 464 
 37 464 
 38 464 
 40 464 
 41 464 
 42 464 
 43 464 
 44 464 
 45 464 
 46 464 
 47 464 
 48 464 
 49 464 
 50 464 
 54 464 
 55 464 
 99 464 
103 464 
104 464 
107 464 
187 464 
189 464 
192 464 
193 464 
194 464 
195 464 
197 464 
198 464 
 12 465 
 13 465 
 14 465 
 15 465 
 17 465 
 18 465 
 20 465 
 24 465 
 25 465 
 26 465 
 27 465 
 28 465 
 29 465 
 30 465 
 31 465 
 32 465 
 34 465 
 36 465 
 37 465 
 38 465 
 39 465 
 40 465 
 41 465 
 42 465 
 43 465 
 44 465 
 45 465 
 46 465 
 47 465 
 48 465 
 49 465 
 50 465 
 54 465 
 55 465 
 99 465 
103 465 
104 465 
107 465 
188 465 
189 465 
192 465 
199 465 
 12 466 
 13 466 
 14 466 
 15 466 
 16 466 
 17 466 
 18 466 
 20 466 
 24 466 
 25 466 
 26 466 
 27 466 
 28 466 
 29 466 
 30 466 
 31 466 
 32 466 
 34 466 
 36 466 
 37 466 
 39 466 
 40 466 
 41 466 
 42 466 
 43 466 
 44 466 
 45 466 
 46 466 
 47 466 
 48 466 
 49 466 
 50 466 
 54 466 
 55 466 
 99 466 
103 466 
104 466 
107 466 
189 466 
192 466 
193 466 
195 466 
197 466 
200 466 
  8 467 
  9 467 
 10 467 
 11 467 
 18 467 
 21 467 
 22 467 
 23 467 
 24 467 
 25 467 
 26 467 
 27 467 
 28 467 
 29 467 
 30 467 
 31 467 
 32 467 
 33 467 
 34 467 
 35 467 
 36 467 
 37 467 
 40 467 
 41 467 
 42 467 
 43 467 
 44 467 
 45 467 
 46 467 
 47 467 
 48 467 
 49 467 
 50 467 
 54 467 
 55 467 
 99 467 
189 467 
190 467 
196 467 
  8 468 
  9 468 
 10 468 
 11 468 
 18 468 
 21 468 
 22 468 
 23 468 
 24 468 
 25 468 
 26 468 
 27 468 
 28 468 
 29 468 
 30 468 
 31 468 
 32 468 
 34 468 
 35 468 
 36 468 
 37 468 
 40 468 
 41 468 
 42 468 
 43 468 
 44 468 
 45 468 
 46 468 
 47 468 
 48 468 
 49 468 
 50 468 
 54 468 
 55 468 
 99 468 
189 468 
191 468 
  8 469 
  9 469 
 10 469 
 11 469 
 12 469 
 13 469 
 14 469 
 15 469 
 18 469 
 20 469 
 21 469 
 23 469 
 24 469 
 25 469 
 26 469 
 28 469 
 29 469 
 30 469 
 31 469 
 32 469 
 34 469 
 36 469 
 37 469 
 39 469 
 40 469 
 41 469 
 42 469 
 43 469 
 44 469 
 45 469 
 46 469 
 47 469 
 48 469 
 49 469 
 50 469 
 54 469 
 55 469 
 99 469 
103 469 
104 469 
107 469 
189 469 
192 469 
195 469 
197 469 
201 469 
  8 470 
  9 470 
 10 470 
 11 470 
 12 470 
 13 470 
 14 470 
 15 470 
 16 470 
 17 470 
 18 470 
 20 470 
 21 470 
 22 470 
 23 470 
 24 470 
 25 470 
 26 470 
 27 470 
 29 470 
 30 470 
 31 470 
 32 470 
 34 470 
 36 470 
 37 470 
 39 470 
 40 470 
 41 470 
 42 470 
 43 470 
 44 470 
 45 470 
 46 470 
 47 470 
 48 470 
 49 470 
 50 470 
 54 470 
 55 470 
 99 470 
103 470 
104 470 
107 470 
189 470 
193 470 
194 470 
202 470 
  8 471 
  9 471 
 10 471 
 11 471 
 12 471 
 13 471 
 14 471 
 15 471 
 17 471 
 18 471 
 20 471 
 21 471 
 23 471 
 24 471 
 25 471 
 26 471 
 27 471 
 29 471 
 30 471 
 31 471 
 32 471 
 36 471 
 37 471 
 39 471 
 40 471 
 41 471 
 42 471 
 43 471 
 45 471 
 46 471 
 47 471 
 48 471 
 49 471 
 50 471 
 54 471 
 55 471 
 99 471 
103 471 
104 471 
107 471 
189 471 
193 471 
194 471 
203 471 
  8 472 
  9 472 
 10 472 
 11 472 
 12 472 
 13 472 
 14 472 
 15 472 
 16 472 
 17 472 
 18 472 
 20 472 
 21 472 
 23 472 
 24 472 
 25 472 
 27 472 
 29 472 
 30 472 
 31 472 
 32 472 
 34 472 
 36 472 
 37 472 
 40 472 
 41 472 
 42 472 
 44 472 
 45 472 
 46 472 
 47 472 
 48 472 
 49 472 
 50 472 
 54 472 
 55 472 
 99 472 
103 472 
104 472 
107 472 
195 472 
204 472 
  8 473 
  9 473 
 10 473 
 11 473 
 12 473 
 13 473 
 14 473 
 15 473 
 16 473 
 17 473 
 18 473 
 20 473 
 21 473 
 22 473 
 23 473 
 24 473 
 25 473 
 26 473 
 27 473 
 29 473 
 30 473 
 31 473 
 32 473 
 34 473 
 36 473 
 37 473 
 40 473 
 41 473 
 42 473 
 45 473 
 46 473 
 47 473 
 48 473 
 49 473 
 50 473 
 54 473 
 55 473 
 99 473 
103 473 
104 473 
107 473 
195 473 
196 473 
205 473 
  8 474 
  9 474 
 10 474 
 11 474 
 12 474 
 13 474 
 14 474 
 15 474 
 16 474 
 17 474 
 18 474 
 20 474 
 21 474 
 22 474 
 23 474 
 24 474 
 25 474 
 26 474 
 27 474 
 28 474 
 29 474 
 30 474 
 31 474 
 32 474 
 34 474 
 36 474 
 37 474 
 39 474 
 40 474 
 41 474 
 42 474 
 43 474 
 44 474 
 45 474 
 46 474 
 47 474 
 48 474 
 49 474 
 50 474 
 54 474 
 55 474 
 99 474 
103 474 
104 474 
107 474 
189 474 
193 474 
195 474 
197 474 
206 474 
  5 475 
  6 475 
187 475 
198 475 
  5 476 
  6 476 
188 476 
199 476 
  5 477 
  6 477 
189 477 
200 477 
  5 478 
  6 478 
192 478 
201 478 
  5 479 
  6 479 
193 479 
202 479 
  5 480 
  6 480 
194 480 
203 480 
  5 481 
  6 481 
195 481 
204 481 
  5 482 
  6 482 
196 482 
205 482 
  5 483 
  6 483 
197 483 
206 483 
  5 484 
207 484 
