S4 0.500000
/home/congyu/dpls/instances/GB_1_rnd1_01/GB_1_rnd1_01_0001_30.txt:
best possible:31
at:2 generation 30.702000seconds with RANGE 1
lseq:9 0 7 1 2 3 4 5 6 8 
rseq:10 11 15 16 12 13 17 14 19 18 20 
S4 0.500000
/home/congyu/dpls/instances/GB_1_rnd1_01/GB_1_rnd1_01_0001_30.txt:
best possible:31
at:2 generation 29.356001seconds with RANGE 1
lseq:9 0 8 1 2 7 3 4 5 6 
rseq:10 11 15 16 12 13 20 17 18 14 19 
S4 0.500000
/home/congyu/dpls/instances/GB_1_rnd1_01/GB_1_rnd1_01_0001_30.txt:
best possible:31
at:5 generation 61.605000seconds with RANGE 1
lseq:9 0 7 1 2 3 4 5 6 8 
rseq:10 11 15 16 12 13 17 14 19 18 20 
S4 0.500000
/home/congyu/dpls/instances/GB_1_rnd1_01/GB_1_rnd1_01_0001_30.txt:
best possible:31
at:8 generation 92.432999seconds with RANGE 1
lseq:9 0 7 1 2 3 4 5 6 8 
rseq:10 11 15 16 12 13 17 14 19 18 20 
S4 0.500000
/home/congyu/dpls/instances/GB_1_rnd1_01/GB_1_rnd1_01_0001_30.txt:
best possible:31
at:4 generation 48.286999seconds with RANGE 1
lseq:9 0 7 1 2 3 4 5 6 8 
rseq:10 11 15 16 12 13 17 14 19 18 20 
S4 0.500000
/home/congyu/dpls/instances/GB_1_rnd1_01/GB_1_rnd1_01_0001_30.txt:
best possible:31
at:2 generation 27.924000seconds with RANGE 1
lseq:9 0 7 1 2 3 4 5 6 8 
rseq:10 11 15 16 12 13 17 14 19 18 20 
S4 0.500000
/home/congyu/dpls/instances/GB_1_rnd1_01/GB_1_rnd1_01_0001_30.txt:
best possible:31
at:9 generation 147.184998seconds with RANGE 1
lseq:9 0 7 1 2 3 4 5 6 8 
rseq:10 11 15 16 12 13 17 14 19 18 20 
S4 0.500000
/home/congyu/dpls/instances/GB_1_rnd1_01/GB_1_rnd1_01_0001_30.txt:
best possible:31
at:2 generation 21.966000seconds with RANGE 1
lseq:8 9 0 1 2 3 4 7 5 6 
rseq:20 18 10 11 15 17 16 12 13 14 19 
S4 0.500000
/home/congyu/dpls/instances/G_21_06/G_21_06_scr_0001_20.txt:
best possible:193234
at:4 generation 446.230011seconds with RANGE 1
lseq:44 47 0 46 1 2 3 45 41 4 5 6 7 49 8 9 10 11 12 13 14 15 16 51 17 18 19 20 21 22 23 24 25 26 50 43 27 28 29 30 31 32 33 34 35 36 37 38 39 48 40 42 
rseq:154 122 123 124 90 170 91 125 126 190 127 186 166 58 128 129 59 92 191 60 61 217 155 130 131 132 192 62 178 63 133 193 134 223 194 135 195 52 196 93 136 167 226 53 137 94 171 64 138 172 197 179 95 96 162 222 54 139 97 55 98 204 213 198 140 141 65 206 199 200 66 67 187 68 99 142 163 218 143 173 201 202 144 100 219 229 203 69 70 145 164 71 180 174 156 101 181 182 210 175 72 102 73 74 103 146 188 104 183 105 205 168 165 75 147 106 107 148 76 149 150 77 157 78 79 80 108 208 184 151 176 224 225 56 109 81 82 152 110 111 189 112 158 215 216 209 214 212 159 83 160 113 114 161 177 185 153 84 85 86 115 116 87 117 118 220 221 228 227 57 88 89 119 120 121 169 211 207 241 234 237 235 240 231 236 230 232 233 238 239 
S4 0.500000
/home/congyu/dpls/instances/G_21_06/G_21_06_scr_0001_20.txt:
best possible:189676
at:72 generation 5651.328125seconds with RANGE 1
lseq:44 47 0 46 1 2 3 45 49 4 5 6 7 8 9 10 48 41 51 11 12 13 14 15 16 17 18 19 20 21 22 23 24 25 26 50 43 27 28 29 30 31 32 33 34 35 36 37 38 39 40 42 
rseq:154 122 123 124 90 170 91 125 126 190 127 186 166 58 128 129 59 92 191 60 61 155 130 131 132 192 62 178 63 133 193 134 222 194 135 195 52 196 93 136 167 53 137 94 171 64 138 172 197 179 95 96 162 54 139 97 55 98 209 198 140 141 65 218 199 200 66 67 187 68 99 142 163 143 173 225 229 201 202 144 100 204 213 212 203 69 70 145 164 71 180 174 156 101 181 182 175 72 102 73 74 103 205 146 210 188 104 183 105 168 165 75 147 106 107 148 76 149 150 77 157 78 79 80 108 223 184 151 176 56 109 81 82 152 110 111 189 112 158 224 228 226 216 206 159 83 227 160 113 114 208 161 177 185 153 84 85 86 115 116 87 117 118 57 88 89 119 120 121 169 217 219 220 221 214 207 211 215 235 241 234 237 236 240 231 230 238 233 232 239 
S4 0.500000
/home/congyu/dpls/instances/G_21_06/G_21_06_scr_0001_20.txt:
best possible:187722
at:73 generation 5765.089844seconds with RANGE 1
lseq:44 47 46 0 1 2 3 41 4 5 6 7 8 9 10 45 49 51 11 12 13 14 15 16 43 17 18 19 20 21 48 22 23 24 25 26 50 42 27 28 29 30 31 32 33 34 35 36 37 38 39 40 
rseq:154 122 123 124 90 170 91 125 126 190 127 186 166 58 128 129 59 92 191 60 61 155 130 131 132 192 62 178 63 133 210 193 134 207 194 135 195 52 196 93 136 167 222 53 137 94 171 64 138 172 197 179 95 96 162 54 139 97 55 98 198 140 141 65 199 200 66 67 219 187 68 99 142 163 143 205 173 201 202 144 100 203 69 70 145 164 71 180 174 156 101 181 182 175 72 102 73 74 103 146 188 104 183 105 168 165 75 147 106 107 148 76 149 150 77 157 78 79 80 108 184 151 176 56 109 81 82 152 110 111 189 112 158 209 214 225 212 211 229 227 159 83 160 113 114 161 177 185 153 84 85 86 115 116 87 117 118 217 223 218 57 88 89 119 120 121 169 208 216 206 221 224 220 215 213 204 226 228 234 237 235 241 231 230 236 240 238 232 233 239 
S4 0.500000
/home/congyu/dpls/instances/G_21_06/G_21_06_scr_0001_20.txt:
best possible:191003
at:40 generation 3246.534912seconds with RANGE 1
lseq:44 47 45 51 0 46 49 1 41 2 3 4 5 6 7 8 9 10 11 12 13 14 15 16 17 18 19 20 21 22 23 24 25 26 50 43 27 28 29 30 31 32 33 34 35 36 37 38 39 48 40 42 
rseq:154 122 123 124 90 170 91 125 219 126 224 190 127 186 166 58 128 129 59 92 191 60 61 155 130 131 132 192 62 178 63 133 193 134 225 194 135 195 52 205 196 93 136 167 53 137 94 171 64 218 138 172 197 210 179 95 96 162 54 139 97 55 98 221 206 198 140 141 65 228 199 200 66 67 187 68 99 142 163 143 173 201 202 144 100 203 69 70 145 164 71 180 174 156 101 181 182 175 72 102 73 74 103 146 188 104 183 105 168 165 75 147 106 107 148 76 223 149 150 77 157 78 79 80 108 184 151 176 56 109 81 82 152 110 111 208 217 220 189 112 158 229 209 216 207 211 213 204 212 159 83 214 160 113 114 161 177 185 153 84 85 86 115 116 87 117 118 57 88 89 119 120 121 169 222 226 227 215 241 237 234 235 230 240 231 236 238 232 233 239 
S4 0.500000
/home/congyu/dpls/instances/G_21_06/G_21_06_scr_0001_20.txt:
best possible:190844
at:19 generation 1582.791992seconds with RANGE 1
lseq:44 47 45 51 0 1 2 3 49 41 4 5 6 7 8 9 10 46 11 12 13 14 15 16 17 18 19 20 21 22 23 24 25 26 48 43 27 28 42 29 30 31 32 33 34 35 36 37 38 39 40 50 
rseq:154 122 123 124 90 170 91 125 126 190 127 186 166 58 128 129 59 92 191 60 61 217 220 155 130 131 132 192 62 219 178 63 133 193 134 224 194 135 195 52 196 93 136 167 53 137 94 171 64 138 172 197 179 95 96 205 162 54 139 97 55 98 216 198 140 141 65 209 199 200 66 67 223 221 187 68 99 142 163 143 173 201 202 144 100 203 69 70 145 164 71 180 174 156 101 218 181 182 175 72 102 73 74 103 146 188 104 183 105 168 165 75 147 106 107 148 76 149 150 77 157 78 79 80 108 184 151 176 56 109 81 82 152 110 111 208 222 189 112 158 227 226 228 159 83 160 113 114 212 161 177 185 153 84 85 86 115 116 87 117 118 57 88 89 119 120 121 169 210 215 206 214 207 225 229 235 237 234 241 213 204 211 231 230 240 236 239 238 233 232 
S4 0.500000
/home/congyu/dpls/instances/G_21_06/G_21_06_scr_0001_20.txt:
best possible:189359
at:60 generation 4579.148926seconds with RANGE 1
lseq:44 47 45 0 1 2 3 51 46 4 5 6 7 8 9 10 48 11 12 13 14 15 16 17 18 19 20 49 21 22 23 24 25 26 41 43 50 27 28 29 30 31 32 33 34 35 36 37 38 39 40 42 
rseq:154 122 123 205 124 90 170 91 125 126 207 190 127 208 186 166 58 128 129 59 92 191 60 61 155 130 131 132 210 192 62 178 63 133 193 134 194 135 195 52 196 93 136 167 53 137 94 171 64 138 172 197 179 95 96 162 54 139 97 55 98 217 198 140 141 65 199 200 66 67 187 68 99 142 163 218 143 173 221 201 202 144 100 228 203 69 70 145 164 71 220 180 174 156 101 181 182 175 72 102 73 74 103 146 188 104 183 105 168 165 222 75 147 106 107 148 76 149 150 77 157 78 219 79 80 108 184 151 176 56 109 81 82 152 110 111 189 112 158 229 216 209 206 214 212 215 213 211 204 159 83 160 113 114 161 177 185 153 84 85 86 115 116 87 117 118 57 88 89 119 120 121 169 223 224 225 226 227 235 234 241 237 240 230 231 236 239 233 232 238 
S4 0.500000
/home/congyu/dpls/instances/G_21_06/G_21_06_scr_0001_20.txt:
best possible:190171
at:67 generation 5028.672852seconds with RANGE 1
lseq:44 47 0 1 2 3 4 5 6 7 46 8 9 10 51 45 49 41 11 12 13 14 15 16 17 18 19 20 21 22 23 24 25 26 43 50 27 28 29 30 31 32 33 34 35 36 37 38 39 48 40 42 
rseq:154 122 123 124 90 170 91 125 126 190 127 186 166 58 128 129 59 92 191 60 61 219 155 130 131 132 217 192 62 178 63 133 193 134 224 194 135 195 52 196 93 136 167 53 137 94 171 64 138 172 197 179 95 96 162 221 54 139 97 55 98 198 140 141 65 208 199 200 66 67 187 68 99 142 163 143 173 223 225 207 201 202 144 100 205 203 69 70 145 164 71 180 174 156 101 181 182 175 72 102 73 74 103 146 188 104 183 105 168 165 75 147 106 107 148 76 149 218 150 77 157 78 79 80 108 184 151 176 228 226 56 109 81 82 152 110 111 189 112 158 206 209 214 212 215 211 213 204 159 83 160 113 114 220 161 177 185 153 84 85 86 115 116 87 117 118 210 222 229 57 88 89 119 120 121 169 227 216 237 241 234 235 240 236 230 231 232 238 239 233 
S4 0.500000
/home/congyu/dpls/instances/G_21_06/G_21_06_scr_0001_20.txt:
best possible:190379
at:29 generation 2343.041992seconds with RANGE 1
lseq:44 47 46 0 1 2 3 45 49 4 5 6 7 8 9 10 51 43 11 12 13 48 14 15 16 41 17 18 19 20 21 22 23 24 25 26 50 27 28 29 30 31 32 33 34 35 36 37 38 39 40 42 
rseq:154 122 123 124 90 170 91 125 126 224 212 190 127 186 166 58 128 129 59 92 191 60 61 155 130 131 132 192 62 178 63 133 193 134 217 194 135 195 52 196 93 136 167 53 137 94 171 64 138 172 197 179 95 96 162 54 139 97 55 98 206 216 198 140 141 65 199 200 66 67 187 68 99 142 163 143 173 225 207 201 202 144 100 203 69 70 145 164 71 205 222 180 174 156 101 181 182 175 72 102 73 74 103 146 188 104 183 105 168 165 75 147 106 107 148 76 149 150 77 157 78 79 80 108 184 151 176 56 109 81 82 152 110 111 208 189 112 158 218 220 229 209 215 211 213 159 83 160 113 114 161 177 185 153 84 85 86 115 116 87 117 118 57 88 89 119 120 121 169 210 219 223 221 228 227 226 214 204 241 234 237 235 231 230 240 236 233 239 232 238 
S4 0.500000
/home/congyu/dpls/instances/G_21_06/G_21_06_scr_0001_20.txt:
best possible:188685
at:51 generation 4.139356seconds with RANGE 1
lseq:44 47 0 1 2 3 45 49 41 4 5 6 7 8 9 10 46 11 12 13 14 15 16 17 18 19 20 21 22 23 24 25 26 43 27 28 29 30 31 32 33 34 35 36 37 38 39 48 51 40 42 50 
rseq:154 122 123 124 90 170 91 125 126 190 127 186 166 58 128 129 59 92 191 60 61 155 130 131 132 192 62 178 63 133 193 134 216 194 135 195 52 196 93 136 167 53 137 94 171 64 138 172 226 197 179 95 96 162 54 139 97 55 98 230 232 198 140 141 65 222 199 200 66 67 187 68 99 142 163 143 173 201 202 144 100 203 69 70 145 164 71 180 174 156 101 181 182 175 72 102 73 74 103 146 188 104 183 105 227 168 165 75 147 106 107 148 76 149 150 77 157 78 79 80 108 184 151 176 229 56 109 81 82 152 110 111 189 112 158 205 208 217 218 219 224 225 221 212 159 83 210 160 113 114 161 177 185 153 84 85 86 115 116 87 117 118 228 57 88 89 119 120 121 169 223 220 215 237 241 235 234 236 231 240 238 233 239 206 209 214 207 204 213 211 
S4 0.500000
/home/congyu/dpls/instances/G_21_06/G_21_06_scr_0001_20.txt:
best possible:186925
at:28 generation 2.276547seconds with RANGE 1
lseq:44 47 45 0 1 2 3 41 4 5 6 7 51 8 9 10 46 49 48 11 12 13 14 15 16 17 18 19 20 21 22 23 24 25 26 43 27 28 29 30 31 32 33 34 35 36 37 38 39 40 42 50 
rseq:154 122 123 124 90 170 91 125 126 222 190 127 186 166 58 128 129 208 59 92 191 60 205 61 209 155 130 131 132 192 62 178 63 133 193 134 221 194 135 195 52 196 93 136 167 53 137 94 171 64 138 217 172 197 179 95 96 162 54 139 97 55 98 198 140 141 65 199 200 66 67 187 68 99 142 163 143 173 201 202 144 100 203 69 70 145 164 71 180 174 156 101 181 182 175 72 102 73 74 103 146 188 104 183 105 168 165 75 147 106 107 148 76 149 219 150 77 157 78 79 80 108 224 220 184 151 176 56 109 81 82 152 110 111 218 189 112 158 225 226 227 228 216 215 159 83 160 113 114 161 177 185 153 84 85 86 115 116 87 117 118 57 88 89 119 120 121 169 210 223 229 206 214 207 212 234 237 235 241 236 231 230 240 233 232 239 238 204 213 211 
S4 0.500000
/home/congyu/dpls/instances/G_21_06/G_21_06_scr_0001_20.txt:
best possible:190279
at:8 generation 0.739982seconds with RANGE 1
lseq:44 47 0 46 1 2 3 4 5 6 7 8 9 10 49 48 45 51 11 12 13 14 15 16 50 43 41 17 18 19 20 21 22 23 24 25 26 42 27 28 29 30 31 32 33 34 35 36 37 38 39 40 
rseq:154 122 123 124 90 170 91 125 126 190 127 186 166 58 222 128 129 59 92 191 60 61 219 214 155 130 131 132 192 62 178 63 133 193 134 211 194 135 195 52 196 93 136 167 53 137 94 171 64 138 172 197 179 95 96 162 54 139 97 55 98 198 140 141 65 199 200 66 67 213 187 68 99 142 163 143 173 206 201 202 144 100 203 69 70 145 164 71 180 174 156 101 181 182 175 72 102 73 74 103 146 218 216 188 104 183 105 168 165 75 147 106 107 148 76 210 149 150 77 157 78 79 80 108 184 151 176 56 109 81 82 152 110 111 209 212 189 112 158 208 159 83 160 113 114 161 177 185 153 84 85 86 115 116 87 117 118 57 88 89 119 120 121 169 205 217 223 207 220 224 221 225 204 215 228 227 229 226 237 241 235 234 236 231 240 230 232 239 233 238 
S4 0.500000
/home/congyu/dpls/instances/G_21_06/G_21_06_scr_0001_20.txt:
best possible:191478
at:11 generation 1.011336seconds with RANGE 1
lseq:44 47 0 1 2 3 46 4 5 6 7 51 45 8 9 10 49 48 41 11 12 13 14 15 16 17 18 19 20 21 22 23 24 25 26 43 42 27 28 29 30 31 32 33 34 35 36 37 38 39 40 50 
rseq:154 122 123 124 90 170 91 125 208 126 228 190 127 186 166 58 128 129 59 92 191 60 61 155 130 131 132 192 62 178 63 133 193 134 194 135 195 52 196 93 136 167 53 137 94 171 64 138 172 197 179 95 96 162 54 210 139 97 55 98 214 198 140 141 65 207 224 199 200 66 67 187 68 99 142 163 143 173 201 202 144 100 203 69 70 145 164 71 217 180 174 156 101 181 182 175 72 102 73 74 103 146 219 209 188 104 183 105 168 165 75 147 106 107 148 76 149 150 77 157 78 223 79 80 108 218 216 225 184 151 176 56 109 81 82 152 110 111 189 112 158 222 215 226 212 159 83 221 160 113 114 220 161 177 185 153 84 85 86 115 116 87 117 118 57 88 89 119 120 121 169 205 206 227 229 211 213 204 234 237 235 241 240 231 230 236 233 238 232 239 
S4 0.500000
/home/congyu/dpls/instances/G_21_06/G_21_06_scr_0001_20.txt:
best possible:188742
at:33 generation 2.617899seconds with RANGE 1
lseq:44 47 0 1 2 3 46 4 5 6 7 8 9 10 11 12 13 14 15 16 45 51 17 18 19 20 21 22 49 48 41 23 24 25 26 50 43 27 28 29 30 31 32 33 34 35 36 37 38 39 40 42 
rseq:154 122 123 124 90 170 91 125 126 217 190 127 186 166 58 128 129 59 92 191 60 61 155 130 131 132 208 210 192 62 178 63 133 193 134 228 194 135 195 52 196 93 136 167 53 137 94 171 64 138 172 197 223 179 95 96 162 54 139 97 55 98 221 198 140 141 65 199 200 66 67 187 68 99 142 163 143 173 201 202 144 100 203 69 70 145 164 71 180 174 156 101 181 182 175 72 102 73 74 103 146 219 220 188 104 183 105 168 165 75 147 106 107 148 76 149 150 77 157 78 79 80 108 184 151 176 218 56 109 81 82 152 110 111 189 112 158 224 226 213 211 204 207 212 215 159 83 160 113 114 205 227 209 161 177 185 153 84 85 86 115 116 87 117 118 222 57 88 89 119 120 121 169 225 229 206 216 214 241 237 234 235 231 240 230 236 238 233 232 239 
S4 0.500000
/home/congyu/dpls/instances/G_21_06/G_21_06_scr_0001_20.txt:
best possible:186365
at:76 generation 5.886453seconds with RANGE 1
lseq:44 47 46 0 1 2 3 4 5 6 7 45 8 9 10 49 11 12 13 14 15 16 43 41 17 18 19 20 21 22 51 23 24 25 26 48 50 42 27 28 29 30 31 32 33 34 35 36 37 38 39 40 
rseq:154 122 123 124 90 170 91 125 126 190 127 186 166 58 128 129 59 92 191 60 61 155 130 131 132 192 62 178 63 133 193 134 194 135 195 52 196 93 136 167 222 53 137 94 171 64 138 208 172 197 179 95 96 162 54 139 97 55 98 209 198 140 141 65 199 200 66 67 187 68 99 142 163 143 173 205 212 207 201 202 144 100 203 69 70 145 164 71 217 180 174 156 101 181 182 175 72 102 73 74 103 146 188 104 183 105 168 165 75 147 106 107 148 76 149 150 77 157 78 79 80 108 210 184 151 176 56 109 81 82 152 110 111 189 112 158 159 83 160 113 114 223 204 161 177 185 153 84 85 86 115 116 87 117 118 57 88 89 119 120 121 169 219 218 215 220 221 224 225 216 206 227 226 228 214 211 213 229 237 235 234 241 240 236 231 230 239 233 238 232 
S4 0.500000
/home/congyu/dpls/instances/G_21_06/G_21_06_scr_0001_10.txt:
best possible:199931
at:114 generation 4.558697seconds with RANGE 1
lseq:47 0 46 1 2 3 48 4 5 6 7 8 9 10 51 49 11 12 13 14 15 16 17 18 19 20 21 50 22 23 24 25 26 27 28 29 30 31 32 33 34 35 36 37 38 39 40 41 42 43 44 45 
rseq:154 122 123 124 90 170 91 125 126 190 127 186 166 218 58 128 129 59 219 220 92 191 60 61 155 130 131 132 192 62 221 178 63 133 193 134 194 135 195 231 52 196 222 93 136 167 53 137 94 171 64 138 172 197 179 95 96 162 54 139 97 55 98 198 140 141 65 223 199 200 66 67 187 68 99 142 163 143 173 201 202 144 100 203 69 70 145 164 71 180 174 156 101 204 181 182 175 72 102 73 74 103 146 188 104 183 105 168 165 75 147 106 107 148 205 76 149 150 77 157 206 78 79 80 108 184 207 151 176 56 109 81 82 152 110 111 189 112 158 208 209 228 229 159 83 210 160 211 113 114 226 161 235 237 234 240 233 238 212 177 185 153 84 85 86 115 225 213 214 116 87 117 118 224 227 239 215 57 88 89 119 216 120 121 217 169 241 236 230 232 
S4 0.500000
/home/congyu/dpls/instances/G_21_06/G_21_06_scr_0001_10.txt:
best possible:200608
at:823 generation 33.273933seconds with RANGE 1
lseq:47 0 1 2 3 46 51 4 5 6 7 8 9 10 49 48 11 12 13 14 15 16 17 18 19 20 21 50 22 23 24 25 26 27 28 29 30 31 32 33 34 35 36 37 38 39 40 41 42 43 44 45 
rseq:154 122 123 124 90 170 91 125 126 190 127 186 166 218 58 128 129 59 219 220 92 191 60 61 155 130 131 132 192 62 221 178 63 133 193 134 194 135 195 52 196 222 93 136 167 53 137 94 171 64 138 172 197 179 95 96 162 54 139 97 239 55 98 198 140 141 65 199 200 66 67 187 68 99 142 163 143 173 201 202 144 100 203 69 70 145 164 71 225 180 174 156 101 204 181 182 175 72 102 73 74 103 146 224 188 104 183 105 168 165 75 147 106 107 148 205 76 149 150 77 157 206 78 79 80 108 184 207 151 176 56 109 81 82 152 110 111 189 112 158 208 209 228 227 226 229 159 83 210 160 211 113 114 161 234 237 230 231 236 238 212 177 185 153 84 85 86 115 213 214 116 87 117 118 223 240 232 233 215 57 88 89 119 216 120 121 217 169 235 241 
S4 0.500000
/home/congyu/dpls/instances/GB_1_rnd1_01/GB_1_rnd1_01_0001_30.txt:
best possible:31
at:14 generation 0.148781seconds with RANGE 1
lseq:9 0 7 1 2 3 4 5 6 8 
rseq:10 11 15 16 12 13 17 14 19 18 20 
S4 0.500000
/home/congyu/dpls/instances/GB_1_rnd1_01/GB_1_rnd1_01_0001_30.txt:
best possible:31
at:15 generation 0.127676seconds with RANGE 1
lseq:8 9 0 1 2 3 4 7 5 6 
rseq:20 18 10 11 15 16 12 13 17 14 19 
S4 0.500000
/home/congyu/dpls/instances/GB_1_rnd1_01/GB_1_rnd1_01_0001_30.txt:
best possible:31
at:9 generation 0.083001seconds with RANGE 1
lseq:9 0 7 1 2 3 4 5 6 8 
rseq:10 11 15 16 12 13 17 14 19 18 20 
