2
377 94
1 0 377
1 1 378
1 2 379
1 3 380 381
1 4 382
1 5 383
1 6 384
1 7 385
1 8 386 387
1 9 388
1 10 389 390
1 11 391
1 12 392
1 13 393
1 14 394
1 15 395
1 16 396
1 17 397
1 18 387
1 19 391
1 20 398
1 21 399
1 22 381
1 23 388
1 24 389
1 25 387
1 26 384 400
1 27 401
1 28 382
1 29 402
1 30 403
1 31 404 405
1 32 382
1 33 394 406
1 34 406
1 35 391 407
1 36 408
1 37 409
1 38 407
1 39 410
1 40 380
1 41 411
1 42 412 413
1 43 414
1 44 415 416
1 45 404
1 46 392
1 47 417 418
1 48 419
1 49 420 421
1 50 422
1 51 405 423
1 52 417
1 53 380
1 54 424
1 55 425
1 56 426 427
1 57 428
1 58 429 391
1 59 430
1 60 407
1 61 431
1 62 378
1 63 432
1 64 422
1 65 409 380
1 66 420 392
1 67 409
1 68 423
1 69 433
1 70 434
1 71 435 388
1 72 410 396
1 73 391
1 74 414
1 75 381 436
1 76 426
1 77 437 423
1 78 414
1 79 397
1 80 382 438
1 81 430 439
1 82 431 438
1 83 440
1 84 429
1 85 441
1 86 442 439
1 87 415
1 88 443
1 89 444
1 90 428
1 91 443 399
1 92 445
1 93 446 447
1 94 432
1 95 446
1 96 423
1 97 448
1 98 379
1 99 437
1 100 418
1 101 449
1 102 416
1 103 450
1 104 442
1 105 449 450
1 106 441
1 107 451
1 108 452
1 109 398
1 110 398
1 111 399
1 112 427
1 113 400 387
1 114 421
1 115 445 414
1 116 444 453
1 117 438
1 118 427 449
1 119 454
1 120 394
1 121 405
1 122 455
1 123 379 389
1 124 456
1 125 457
1 126 458
1 127 453
1 128 459 386
1 129 427
1 130 421
1 131 389
1 132 460 448
1 133 451
1 134 393 435
1 135 386
1 136 461
1 137 441 399
1 138 439
1 139 432
1 140 377
1 141 404 392
1 142 448
1 143 420
1 144 390
1 145 418 422
1 146 406
1 147 394
1 148 420
1 149 407
1 150 462
1 151 421
1 152 411
1 153 457 455
1 154 448
1 155 438
1 156 431
1 157 433
1 158 463
1 159 442
1 160 464
1 161 415 465
1 162 385 406
1 163 453
1 164 448 466
1 165 436 440
1 166 400
1 167 412
1 168 396
1 169 384
1 170 452 388
1 171 394 395
1 172 467
1 173 454 390
1 174 440
1 175 390
1 176 385
1 177 408
1 178 393 465
1 179 433 452
1 180 465
1 181 381
1 182 417 419
1 183 403
1 184 468
1 185 454
1 186 445 383
1 187 447
1 188 411 424
1 189 467
1 190 457
1 191 379
1 192 445
1 193 461 397
1 194 459 469
1 195 381
1 196 385
1 197 456
1 198 470
1 199 388
1 200 444
1 201 409
1 202 384
1 203 464
1 204 462
1 205 459
1 206 409 408
1 207 393
1 208 450
1 209 413 440
1 210 415
1 211 436
1 212 468
1 213 467
1 214 425 451
1 215 466
1 216 389
1 217 444
1 218 453
1 219 395 467
1 220 378
1 221 412
1 222 446
1 223 452
1 224 460 467
1 225 458
1 226 460
1 227 377 455
1 228 441 447
1 229 466 403
1 230 469
1 231 416 408
1 232 395
1 233 436
1 234 466
1 235 397 433
1 236 406
1 237 412 456
1 238 386
1 239 428 385
1 240 460
1 241 399
1 242 420
1 243 466
1 244 457
1 245 459
1 246 411 432
1 247 442
1 248 455
1 249 437
1 250 436
1 251 456
1 252 450 419
1 253 445
1 254 447
1 255 404
1 256 396
1 257 387
1 258 458 444
1 259 395
1 260 432
1 261 413
1 262 415
1 263 419
1 264 458 430
1 265 416
1 266 396 437
1 267 438
1 268 402
1 269 402
1 270 401 424
1 271 397
1 272 413
1 273 424
1 274 418
1 275 378 402
1 276 429
1 277 413
1 278 425 469
1 279 404
1 280 434
1 281 452
1 282 457 461
1 283 393
1 284 377 401
1 285 428 382
1 286 417
1 287 470
1 288 377
1 289 441
1 290 426 464
1 291 424
1 292 410
1 293 449
1 294 465
1 295 430
1 296 446 422
1 297 405
1 298 398 434
1 299 417
1 300 464
0 301 443
0 302 410 468
0 303 426
0 304 439
0 305 383 451
0 306 460
0 307 449
0 308 405
0 309 442 462
0 310 408
0 311 451
0 312 425
0 313 435
0 314 421 470
0 315 462
0 316 465
0 317 454
0 318 461
0 319 383
0 320 431
0 321 450
0 322 463 468
0 323 437
0 324 419
0 325 414 464
0 326 423
0 327 425
0 328 429 398
0 329 418
0 330 469
0 331 429
0 332 380
0 333 430
0 334 443
0 335 401
0 336 379 407
0 337 435
0 338 422
0 339 416
0 340 463
0 341 384 453
0 342 470 456
0 343 434
0 344 428
0 345 470
0 346 455
0 347 410
0 348 440
0 349 400
0 350 468
0 351 447
0 352 431 454
0 353 443 463
0 354 459
0 355 439
0 356 411
0 357 433
0 358 400
0 359 426
0 360 412
0 361 392
0 362 383
0 363 458
0 364 469
0 365 435
0 366 390
0 367 401
0 368 378 434
0 369 386
0 370 446
0 371 402
0 372 461
0 373 463
0 374 403
0 375 427
0 376 462 403
1 45
1 46
1 6
1 14
1 74
1 24
1 22
1 7
1 65
1 9
1 31
1 64
1 51
1 70
1 69
1 16
1 41
1 63
1 67
1 48
1 59
1 3
1 56
1 21
1 15
1 28
1 52
1 18
1 71
1 12
1 73
1 17
1 58
1 29
1 26
1 2
1 47
1 55
1 39
1 53
1 61
1 72
1 37
1 30
1 35
1 49
1 42
1 32
1 11
1 23
1 25
1 60
1 62
1 34
1 0
1 43
1 4
1 5
1 54
1 36
1 57
1 50
1 66
1 40
1 10
1 1
1 38
1 19
1 8
1 33
1 68
1 20
1 13
1 44
1 27
0 76
0 75
0 81
0 80
0 83
0 78
0 79
0 77
0 82
0 88
0 93
0 90
0 89
0 84
0 92
0 86
0 85
0 87
0 91
