2
377 94
1 0 377 378
1 1 379
1 2 380
1 3 381
1 4 380
1 5 382
1 6 383
1 7 384
1 8 385
1 9 386
1 10 387
1 11 388 389
1 12 390
1 13 391
1 14 377
1 15 393 392
1 16 394
1 17 395 387
1 18 396
1 19 397
1 20 377
1 21 398
1 22 399
1 23 400
1 24 401
1 25 402
1 26 403
1 27 404
1 28 405
1 29 378
1 30 406
1 31 407
1 32 396
1 33 386
1 34 408
1 35 409
1 36 410
1 37 411
1 38 412
1 39 413 414
1 40 415
1 41 416 417
1 42 418 419
1 43 420 421
1 44 422
1 45 405
1 46 423
1 47 379 424
1 48 425 390
1 49 385
1 50 419
1 51 426 423
1 52 427
1 53 428
1 54 414
1 55 391
1 56 418
1 57 429 383
1 58 430
1 59 431
1 60 411 432
1 61 395
1 62 433 434
1 63 435
1 64 436 407
1 65 437
1 66 386 438
1 67 425
1 68 439
1 69 397 440
1 70 441
1 71 378
1 72 442
1 73 443
1 74 444
1 75 445 408
1 76 393
1 77 446
1 78 447 448
1 79 427
1 80 411
1 81 421
1 82 402
1 83 449
1 84 450 403
1 85 380
1 86 451
1 87 415
1 88 447
1 89 411 422
1 90 444
1 91 425 410
1 92 452
1 93 408
1 94 394 396
1 95 392
1 96 434
1 97 453
1 98 399
1 99 436
1 100 395
1 101 446 401
1 102 418 454
1 103 416 386
1 104 441
1 105 429
1 106 388
1 107 411
1 108 378
1 109 446
1 110 430 388
1 111 444
1 112 388
1 113 380 455
1 114 399 456
1 115 382
1 116 415
1 117 454
1 118 413
1 119 430
1 120 388
1 121 414
1 122 423 424
1 123 450
1 124 413
1 125 385
1 126 457
1 127 419
1 128 417
1 129 381 402
1 130 453
1 131 458 399
1 132 459
1 133 428 447
1 134 416
1 135 420
1 136 398
1 137 460
1 138 456
1 139 389
1 140 461 450
1 141 458 451
1 142 414
1 143 462
1 144 414 420
1 145 463 407
1 146 430 435
1 147 410
1 148 420
1 149 412
1 150 428
1 151 382
1 152 443 451
1 153 438
1 154 377
1 155 439
1 156 445
1 157 442
1 158 464
1 159 463
1 160 410
1 161 403 437
1 162 383
1 163 465 439
1 164 417
1 165 459
1 166 452
1 167 409 385
1 168 427
1 169 383 466
1 170 463
1 171 422
1 172 448
1 173 418
1 174 397
1 175 442 444
1 176 455
1 177 434
1 178 458
1 179 432
1 180 428
1 181 405
1 182 383
1 183 394
1 184 443 467
1 185 463
1 186 457 390
1 187 381 448
1 188 437
1 189 442
1 190 460
1 191 429
1 192 451
1 193 417 466
1 194 392
1 195 437
1 196 435
1 197 389
1 198 413 405
1 199 457
1 200 395
1 201 381
1 202 423
1 203 424
1 204 379 468
1 205 426 431
1 206 444 436
1 207 431
1 208 468
1 209 441 469
1 210 443
1 211 440
1 212 410 396
1 213 398 439
1 214 407
1 215 392
1 216 387
1 217 461
1 218 463 384
1 219 381
1 220 404
1 221 470 392
1 222 461
1 223 427 408
1 224 439
1 225 435
1 226 412 419
1 227 400
1 228 454
1 229 426
1 230 425
1 231 408
1 232 406
1 233 378 453
1 234 395 428
1 235 398
1 236 467
1 237 436
1 238 466
1 239 390
1 240 420
1 241 433
1 242 380 465
1 243 469
1 244 434
1 245 384 452
1 246 437 438
1 247 421
1 248 455
1 249 429
1 250 397
1 251 379
1 252 423
1 253 391
1 254 458
1 255 425
1 256 407
1 257 396
1 258 384
1 259 459
1 260 377 464
1 261 464
1 262 403
1 263 445
1 264 399
1 265 409
1 266 387
1 267 432
1 268 446
1 269 457 398
1 270 450
1 271 391
1 272 413
1 273 443
1 274 470 456
1 275 466
1 276 386
1 277 419
1 278 409
1 279 449 467
1 280 465
1 281 459 432
1 282 440
1 283 427
1 284 465
1 285 464
1 286 393 382
1 287 402 435
1 288 389
1 289 421 469
1 290 470
1 291 426
1 292 440
1 293 469
1 294 470
1 295 382 434
1 296 417
1 297 445
1 298 452
1 299 393
1 300 397 455
0 301 394 460
0 302 469
0 303 385 440
0 304 460
0 305 421
0 306 447
0 307 442 391
0 308 401
0 309 402
0 310 400 389
0 311 433 452
0 312 422
0 313 416
0 314 406 454
0 315 415 468
0 316 429 449
0 317 448
0 318 424
0 319 451
0 320 441 387
0 321 390
0 322 450
0 323 467
0 324 379
0 325 448
0 326 462
0 327 462 453
0 328 453
0 329 441
0 330 468
0 331 403
0 332 393
0 333 394
0 334 430
0 335 400
0 336 457
0 337 416
0 338 418
0 339 401 404
0 340 401
0 341 447
0 342 460 446
0 343 465
0 344 449
0 345 454
0 346 455
0 347 462
0 348 406
0 349 404
0 350 466
0 351 432
0 352 412 461
0 353 433
0 354 409 431
0 355 456
0 356 459 405
0 357 404 406
0 358 424
0 359 445 400
0 360 456
0 361 462 422
0 362 438
0 363 436
0 364 384
0 365 461
0 366 458
0 367 470
0 368 426
0 369 415 464
0 370 431
0 371 433
0 372 467
0 373 449
0 374 438
0 375 412
0 376 468
1 15
1 31
1 50
1 73
1 36
1 13
1 55
1 61
1 71
1 69
1 38
1 46
1 67
1 19
1 60
1 32
1 57
1 0
1 11
1 29
1 28
1 45
1 54
1 43
1 72
1 3
1 40
1 5
1 62
1 7
1 34
1 4
1 12
1 2
1 30
1 22
1 33
1 42
1 14
1 51
1 65
1 20
1 26
1 47
1 52
1 48
1 10
1 17
1 70
1 39
1 41
1 53
1 27
1 58
1 37
1 63
1 24
1 56
1 74
1 18
1 1
1 6
1 49
1 35
1 16
1 64
1 68
1 8
1 59
1 23
1 21
1 44
1 66
1 25
1 9
0 79
0 75
0 81
0 83
0 78
0 82
0 76
0 77
0 80
0 88
0 87
0 85
0 84
0 93
0 86
0 89
0 92
0 90
0 91
