2
377 94
1 0 377
1 1 378
1 2 379
1 3 380
1 4 381
1 5 382
1 6 383
1 7 384
1 8 385 386
1 9 387
1 10 388 389
1 11 390
1 12 391
1 13 392
1 14 393
1 15 394
1 16 395
1 17 396
1 18 397 398
1 19 399
1 20 388
1 21 400
1 22 401
1 23 402
1 24 403 404
1 25 405
1 26 406 392
1 27 407
1 28 390
1 29 408
1 30 409
1 31 410 400
1 32 411 391
1 33 411
1 34 381
1 35 412 403
1 36 413 391
1 37 414 405
1 38 415 416
1 39 394 384
1 40 408
1 41 417
1 42 418 419
1 43 411
1 44 395
1 45 377
1 46 420
1 47 396
1 48 386
1 49 421
1 50 389
1 51 410
1 52 384 422
1 53 402
1 54 423
1 55 420 424
1 56 425
1 57 426 396
1 58 411 423
1 59 427 428
1 60 380 429
1 61 393 417
1 62 430 431
1 63 403
1 64 396
1 65 414
1 66 415
1 67 432
1 68 433
1 69 434
1 70 435
1 71 406
1 72 419
1 73 393 421
1 74 394
1 75 401
1 76 432 436
1 77 377 425
1 78 437
1 79 391
1 80 382 405
1 81 407
1 82 426
1 83 438 392
1 84 397
1 85 419 439
1 86 440
1 87 441
1 88 387
1 89 442 443
1 90 427
1 91 444
1 92 445
1 93 398
1 94 446
1 95 411
1 96 377 408
1 97 447
1 98 419
1 99 416
1 100 448
1 101 445 449
1 102 450
1 103 451
1 104 394
1 105 452
1 106 453 454
1 107 426
1 108 442
1 109 440
1 110 427
1 111 449
1 112 430
1 113 455
1 114 456 408
1 115 457
1 116 412
1 117 412 450
1 118 455
1 119 458
1 120 382 388
1 121 439
1 122 443
1 123 432
1 124 430
1 125 454
1 126 390
1 127 459
1 128 398
1 129 434
1 130 418
1 131 423
1 132 438
1 133 409 440
1 134 435
1 135 460
1 136 461 446
1 137 430
1 138 462
1 139 398
1 140 463
1 141 409 464
1 142 448 437
1 143 397
1 144 465
1 145 437
1 146 452
1 147 437
1 148 422
1 149 382
1 150 417 456
1 151 386
1 152 412
1 153 403
1 154 429
1 155 452
1 156 435 422
1 157 452 437
1 158 457 451
1 159 425
1 160 441 402
1 161 456
1 162 458
1 163 404
1 164 406
1 165 405
1 166 451
1 167 404
1 168 421
1 169 464
1 170 450
1 171 466
1 172 450 407
1 173 438
1 174 428
1 175 453 439
1 176 392
1 177 459
1 178 378 432
1 179 409
1 180 457 402
1 181 467 389
1 182 429
1 183 409
1 184 468
1 185 383 468
1 186 461
1 187 381 416
1 188 414
1 189 469 421
1 190 461
1 191 379 433
1 192 405
1 193 389
1 194 378 469
1 195 465
1 196 443
1 197 447
1 198 444
1 199 379
1 200 434
1 201 385
1 202 413
1 203 448
1 204 439
1 205 469
1 206 467
1 207 433
1 208 384
1 209 432
1 210 455
1 211 426 430
1 212 467
1 213 393
1 214 470
1 215 389
1 216 436
1 217 464
1 218 379
1 219 410
1 220 454
1 221 408
1 222 456
1 223 407
1 224 415
1 225 418
1 226 378
1 227 415
1 228 398 465
1 229 431
1 230 447
1 231 459
1 232 458
1 233 383
1 234 463
1 235 380 397
1 236 417
1 237 388
1 238 470
1 239 431
1 240 425
1 241 410 442
1 242 420
1 243 455
1 244 415 466
1 245 410
1 246 443 431
1 247 443
1 248 419
1 249 388
1 250 383 466
1 251 413 407
1 252 385
1 253 424
1 254 463
1 255 448 401
1 256 391
1 257 395 428
1 258 456
1 259 382
1 260 400 390
1 261 447 386
1 262 441
0 263 464
0 264 436
0 265 441 423
0 266 442
0 267 454 455
0 268 465
0 269 421
0 270 467
0 271 414 399
0 272 451 435
0 273 401
0 274 416
0 275 449
0 276 404
0 277 461 436
0 278 470
0 279 412
0 280 416
0 281 418 434
0 282 397
0 283 386
0 284 400
0 285 466
0 286 439
0 287 423
0 288 387 470
0 289 468
0 290 469
0 291 425 460
0 292 377
0 293 385
0 294 444 445
0 295 413
0 296 403
0 297 424
0 298 433
0 299 417
0 300 424
0 301 444 452
0 302 428
0 303 446
0 304 445
0 305 462 468
0 306 446 404
0 307 470
0 308 418
0 309 466
0 310 453
0 311 459 434
0 312 384
0 313 392
0 314 442
0 315 468
0 316 463 424
0 317 449
0 318 381
0 319 448
0 320 458 447
0 321 457
0 322 462 464
0 323 402
0 324 431
0 325 380
0 326 426
0 327 458 449
0 328 445
0 329 457
0 330 393
0 331 395 385
0 332 422
0 333 387 420
0 334 440
0 335 453
0 336 454
0 337 453
0 338 444
0 339 427
0 340 378
0 341 414
0 342 433 390
0 343 379 381
0 344 383
0 345 441
0 346 420
0 347 400
0 348 399
0 349 436
0 350 451
0 351 413
0 352 399
0 353 450
0 354 460 440
0 355 406
0 356 462
0 357 446
0 358 469
0 359 396 463
0 360 461
0 361 429
0 362 387
0 363 460
0 364 435
0 365 429 399
0 366 395
0 367 422
0 368 459 467
0 369 394 427
0 370 438
0 371 465 438
0 372 428
0 373 401 406
0 374 462
0 375 460
0 376 380
1 0
1 49
1 33
1 61
1 5
1 38
1 12
1 56
1 32
1 45
1 13
1 34
1 47
1 19
1 1
1 42
1 46
1 28
1 31
1 51
1 30
1 52
1 16
1 44
1 62
1 3
1 22
1 48
1 9
1 35
1 40
1 41
1 15
1 25
1 54
1 55
1 20
1 14
1 2
1 10
1 17
1 21
1 26
1 11
1 37
1 6
1 39
1 53
1 7
1 63
1 24
1 59
1 43
1 18
1 57
1 64
1 60
1 27
1 8
1 58
1 4
1 23
1 29
1 50
1 36
0 68
0 74
0 73
0 71
0 65
0 72
0 67
0 70
0 69
0 66
0 78
0 75
0 82
0 80
0 76
0 79
0 77
0 83
0 81
0 93
0 87
0 92
0 91
0 84
0 86
0 88
0 90
0 85
0 89
