2
377 94
1 0 377
1 1 378
1 2 378 379
1 3 379
1 4 380 381
1 5 382
1 6 383
1 7 384
1 8 385 386
1 9 387
1 10 388 389
1 11 390
1 12 385 391
1 13 393 392
1 14 394
1 15 395
1 16 396 397
1 17 398 399
1 18 400
1 19 380 401
1 20 402
1 21 403
1 22 404 405
1 23 400 406
1 24 389
1 25 407
1 26 408
1 27 409 410
1 28 411
1 29 412
1 30 394 413
1 31 414 415
1 32 416
1 33 396
1 34 417
1 35 393
1 36 378
1 37 418 387
1 38 419
1 39 420
1 40 421
1 41 422 423
1 42 425 424
1 43 411
1 44 426 378
1 45 427 428
1 46 383
1 47 416
1 48 386
1 49 429
1 50 430
1 51 431
1 52 431
1 53 388
1 54 399
1 55 392
1 56 432 433
1 57 398
1 58 406
1 59 395
1 60 434 435
1 61 379 436
1 62 394
1 63 437
1 64 386
1 65 408
1 66 412
1 67 438
1 68 439
1 69 417 405
1 70 440
1 71 405
1 72 433
1 73 407
1 74 441
1 75 442 413
1 76 435
1 77 443
1 78 377
1 79 444
1 80 445 383
1 81 434
1 82 446
1 83 405
1 84 389 423
1 85 430
1 86 411 447
1 87 443 437
1 88 391
1 89 378
1 90 412 448
1 91 448
1 92 448
1 93 449
1 94 450
1 95 421 390
1 96 425
1 97 390
1 98 423
1 99 451
1 100 408
1 101 389
1 102 440
1 103 452
1 104 386 453
1 105 421 424
1 106 444
1 107 400
1 108 405
1 109 433
1 110 410
1 111 416 438
1 112 392
1 113 389
1 114 415
1 115 454
1 116 426
1 117 445
1 118 380
1 119 444
1 120 433 455
1 121 456
1 122 455
1 123 457
1 124 458
1 125 388
1 126 393
1 127 459 430
1 128 421
1 129 453
1 130 433
1 131 412 446
1 132 449
1 133 459
1 134 419
1 135 425
1 136 443 384
1 137 395
1 138 427
1 139 445
1 140 403
1 141 404
1 142 442
1 143 460
1 144 454
1 145 455
1 146 422
1 147 453
1 148 403 407
1 149 427
1 150 385
1 151 461
1 152 462
1 153 382 463
1 154 464
1 155 425
1 156 432
1 157 462 408
1 158 424
1 159 381
1 160 445
1 161 402
1 162 465 456
1 163 406
1 164 396 451
1 165 466
1 166 409
1 167 377 398
1 168 457 458
1 169 458
1 170 392
1 171 419 467
1 172 431 468
1 173 415
1 174 423
1 175 409 414
1 176 411
1 177 400
1 178 446 469
1 179 437
1 180 463
1 181 404
1 182 377
1 183 426 451
1 184 443
1 185 439
1 186 437
1 187 428
1 188 416
1 189 404
1 190 391
1 191 460 429
1 192 453
1 193 409
1 194 441
1 195 377 468
1 196 456
1 197 418
1 198 441 420
1 199 391
1 200 469
1 201 436
1 202 438
1 203 381
1 204 456
1 205 411 470
1 206 457
1 207 436
1 208 467
1 209 460
1 210 465
1 211 442
1 212 454
1 213 450
1 214 398
1 215 459 444
1 216 385
1 217 452
1 218 395 403
1 219 470
1 220 399
1 221 467
1 222 416 456
1 223 427 450
1 224 451
1 225 446
1 226 447
1 227 390
1 228 413
1 229 434
1 230 429
1 231 384
1 232 467 436
1 233 434
1 234 458
1 235 454 440
1 236 425
1 237 394 444
1 238 388
1 239 469
1 240 464
1 241 412
1 242 410 448
1 243 426
1 244 461
1 245 462
1 246 449 402
1 247 439
1 248 419
1 249 394
1 250 428 454
1 251 436
1 252 445 447
1 253 420
1 254 465 450
1 255 379
1 256 458 466
1 257 401
1 258 417
1 259 383
1 260 424
1 261 466
1 262 417
1 263 379
1 264 380
1 265 450
1 266 463
1 267 410
1 268 418
1 269 428
1 270 401
1 271 461
1 272 462
1 273 431
1 274 427
1 275 409
1 276 387
1 277 459
1 278 466
1 279 435
1 280 413
1 281 465
1 282 381
1 283 414
1 284 468
1 285 464
1 286 430 406
1 287 468
1 288 386
1 289 461 400
1 290 438
1 291 396
1 292 413
1 293 463
1 294 432 404
1 295 461 387
1 296 393 419
1 297 426
1 298 457 463
1 299 382
1 300 382
0 301 464 449
0 302 455
0 303 435 388
0 304 418
0 305 432
0 306 438 391
0 307 382 440
0 308 435
0 309 446
0 310 402
0 311 399 455
0 312 393
0 313 434 452
0 314 431 452
0 315 442 407
0 316 407
0 317 397
0 318 449
0 319 381 470
0 320 414
0 321 397
0 322 384 408
0 323 387
0 324 459
0 325 384
0 326 469
0 327 385
0 328 383 402
0 329 401
0 330 403
0 331 424
0 332 396
0 333 460 417
0 334 451
0 335 441 390
0 336 398
0 337 422
0 338 452
0 339 421
0 340 467
0 341 401 469
0 342 432
0 343 464 437
0 344 429
0 345 399
0 346 422
0 347 441
0 348 460
0 349 420 422
0 350 415 392
0 351 429 418
0 352 430
0 353 453
0 354 428
0 355 395 439
0 356 447
0 357 457
0 358 420
0 359 440
0 360 406
0 361 462 439
0 362 423
0 363 470
0 364 470
0 365 414
0 366 465
0 367 447
0 368 443
0 369 410
0 370 415
0 371 397 466
0 372 397
0 373 448
0 374 442
0 375 380
0 376 468
1 67
1 58
1 10
1 12
1 55
1 33
1 29
1 5
1 9
1 35
1 31
1 18
1 66
1 52
1 39
1 8
1 40
1 24
1 23
1 51
1 68
1 34
1 61
1 28
1 49
1 2
1 14
1 7
1 63
1 48
1 21
1 11
1 56
1 73
1 36
1 0
1 45
1 16
1 41
1 26
1 22
1 3
1 15
1 6
1 42
1 4
1 69
1 38
1 64
1 1
1 32
1 53
1 30
1 71
1 25
1 17
1 43
1 54
1 72
1 50
1 46
1 60
1 20
1 37
1 59
1 70
1 74
1 62
1 27
1 65
1 57
1 19
1 13
1 44
1 47
0 83
0 78
0 81
0 80
0 79
0 76
0 77
0 75
0 82
0 85
0 87
0 92
0 84
0 88
0 89
0 91
0 90
0 86
0 93
