2
377 94
1 0 377
1 1 378 379
1 2 380
1 3 381
1 4 382 383
1 5 384
1 6 385
1 7 386 387
1 8 388
1 9 389
1 10 390
1 11 391 392
1 12 393
1 13 378
1 14 394
1 15 395
1 16 396
1 17 397
1 18 398
1 19 399 400
1 20 389 391
1 21 401
1 22 402
1 23 403
1 24 404 405
1 25 406
1 26 381
1 27 407 408
1 28 409
1 29 377 410
1 30 380
1 31 411 412
1 32 413
1 33 414
1 34 415 416
1 35 382 417
1 36 418
1 37 411
1 38 419
1 39 386
1 40 420
1 41 421
1 42 422
1 43 423
1 44 381 390
1 45 424
1 46 387
1 47 388
1 48 425 426
1 49 427
1 50 428
1 51 391
1 52 429
1 53 430
1 54 429 431
1 55 432
1 56 433 434
1 57 415 435
1 58 436
1 59 437
1 60 404
1 61 437
1 62 438
1 63 439 440
1 64 441
1 65 415
1 66 442 421
1 67 384
1 68 386
1 69 443
1 70 427
1 71 444
1 72 435
1 73 445
1 74 439
1 75 409 446
1 76 408
1 77 378
1 78 447
1 79 447 448
1 80 449
1 81 450
1 82 391
1 83 385 421
1 84 422
1 85 451
1 86 452
1 87 425
1 88 453
1 89 435 451
1 90 436
1 91 437
1 92 409 392
1 93 420 454
1 94 416
1 95 405 455
1 96 387
1 97 396
1 98 427 414
1 99 385 406
1 100 394
1 101 416
1 102 452
1 103 387
1 104 456
1 105 405
1 106 457
1 107 431
1 108 398 439
1 109 412
1 110 438 406
1 111 458
1 112 435
1 113 421
1 114 380
1 115 396 402
1 116 395
1 117 459
1 118 447
1 119 393
1 120 390
1 121 460
1 122 379 396
1 123 423
1 124 448
1 125 455
1 126 457 444
1 127 396
1 128 398
1 129 426
1 130 450
1 131 427
1 132 459 418
1 133 438 456
1 134 430
1 135 394 386
1 136 460
1 137 461
1 138 425
1 139 426
1 140 447
1 141 412
1 142 425
1 143 460
1 144 392
1 145 384 433
1 146 401
1 147 435
1 148 462
1 149 428 420
1 150 409
1 151 463 453
1 152 382
1 153 407
1 154 457
1 155 464
1 156 453
1 157 395 398
1 158 461
1 159 445
1 160 464
1 161 386
1 162 413
1 163 381
1 164 442
1 165 400 422
1 166 397
1 167 465
1 168 401
1 169 379
1 170 466
1 171 378 454
1 172 444 404
1 173 453
1 174 424
1 175 457
1 176 454
1 177 463
1 178 448
1 179 459
1 180 467
1 181 428 383
1 182 455
1 183 463 402
1 184 468
1 185 468
1 186 383
1 187 469 470
1 188 443 449
1 189 383
1 190 400
1 191 431
1 192 406
1 193 390
1 194 433
1 195 436
1 196 384
1 197 378
1 198 464 450
1 199 399
1 200 413
1 201 448
1 202 438
1 203 463
1 204 432
1 205 465
1 206 460 462
1 207 445 419
1 208 417
1 209 462
1 210 411
1 211 420
1 212 395
1 213 381 423
1 214 441
1 215 380 466
1 216 403
1 217 470 424
1 218 379
1 219 399 407
1 220 458 448
1 221 402
1 222 439
1 223 421
1 224 444
1 225 464 388
1 226 439
1 227 397
1 228 409
1 229 469
1 230 441
1 231 411
1 232 392
1 233 377
1 234 441 447
1 235 470
1 236 377
1 237 412
1 238 470
1 239 469
1 240 379
1 241 408
1 242 403 453
1 243 393 455
1 244 466
1 245 419
1 246 456
1 247 389
1 248 392
1 249 394 436
1 250 417
1 251 440
1 252 466
1 253 459 422
1 254 464
1 255 403
1 256 461 432
1 257 414
1 258 434
1 259 434
1 260 423
1 261 400
1 262 429 424
1 263 465
1 264 454
1 265 442 468
1 266 432
1 267 429
1 268 416 465
1 269 430
1 270 458
1 271 450
1 272 408
1 273 460 430
1 274 431
1 275 418
1 276 420
1 277 442
1 278 422
1 279 468
1 280 413 436
1 281 415
1 282 443
1 283 449
1 284 433
1 285 443 440
1 286 462 437
1 287 446
1 288 404
1 289 451
1 290 428
1 291 433
1 292 462
1 293 461 434
1 294 428
1 295 458
1 296 391
1 297 467
1 298 410 387
1 299 390
1 300 426
1 301 406
1 302 434
1 303 451 469
1 304 399
1 305 445
1 306 389
1 307 407
1 308 418
1 309 412 403
1 310 470
1 311 400
1 312 377
1 313 399
1 314 395 468
1 315 456
1 316 451
1 317 410
1 318 405
1 319 410
1 320 416
1 321 457 413
1 322 417
1 323 438
1 324 427 465
1 325 397 417
1 326 382
1 327 414
1 328 398
1 329 445 452
1 330 446 408
1 331 425 414
1 332 397 437
1 333 380 431
1 334 411 418
1 335 388
1 336 455
1 337 415
1 338 385
0 339 461
0 340 443
0 341 384 449
0 342 440
0 343 458 456
0 344 410
0 345 394
0 346 432 467
0 347 452
0 348 446
0 349 469
0 350 446
0 351 463
0 352 393 388
0 353 385
0 354 429
0 355 405
0 356 467
0 357 383
0 358 401 419
0 359 382
0 360 407
0 361 444
0 362 440
0 363 404
0 364 467 423
0 365 424
0 366 393
0 367 430 450
0 368 426 452
0 369 454
0 370 419
0 371 401 389
0 372 441 466
0 373 402
0 374 442
0 375 449
0 376 459
1 83
1 23
1 37
1 67
1 6
1 38
1 79
1 35
1 18
1 16
1 73
1 78
1 13
1 40
1 41
1 48
1 7
1 60
1 63
1 20
1 54
1 56
1 5
1 64
1 45
1 11
1 8
1 28
1 49
1 52
1 24
1 33
1 3
1 61
1 29
1 53
1 58
1 72
1 55
1 74
1 22
1 65
1 70
1 31
1 1
1 81
1 46
1 44
1 32
1 43
1 71
1 17
1 80
1 2
1 34
1 0
1 21
1 82
1 15
1 4
1 47
1 26
1 19
1 68
1 36
1 77
1 69
1 30
1 12
1 66
1 14
1 62
1 59
1 51
1 50
1 57
1 9
1 39
1 10
1 27
1 76
1 42
1 75
1 25
0 90
0 93
0 92
0 84
0 88
0 91
0 86
0 89
0 85
0 87
