2
377 94
1 0 377
1 1 378
1 2 379
1 3 380
1 4 381
1 5 382
1 6 383
1 7 384
1 8 385
1 9 386
1 10 387
1 11 388
1 12 384 389
1 13 390 391
1 14 392
1 15 393
1 16 394
1 17 395
1 18 396
1 19 397
1 20 398 399
1 21 387
1 22 400
1 23 401
1 24 389
1 25 402
1 26 390
1 27 403
1 28 404
1 29 379 405
1 30 406
1 31 407
1 32 408
1 33 405
1 34 409
1 35 410
1 36 411
1 37 412
1 38 394
1 39 413
1 40 399
1 41 414
1 42 415
1 43 409
1 44 416
1 45 417
1 46 418 419
1 47 384
1 48 395
1 49 420
1 50 418
1 51 421 422
1 52 423 424
1 53 425
1 54 426
1 55 418
1 56 398
1 57 427
1 58 428
1 59 399
1 60 429 419
1 61 381 430
1 62 380 431
1 63 432 385
1 64 396
1 65 388
1 66 433
1 67 434
1 68 417
1 69 435
1 70 400
1 71 436
1 72 377
1 73 437
1 74 419
1 75 438
1 76 439
1 77 440
1 78 441 442
1 79 393
1 80 396
1 81 398
1 82 410
1 83 443
1 84 404
1 85 444
1 86 445 402
1 87 446
1 88 396 447
1 89 389
1 90 384 448
1 91 449 435
1 92 450 392
1 93 451
1 94 379 452
1 95 453
1 96 377
1 97 454
1 98 405
1 99 455 439
1 100 382 435
1 101 394 382
1 102 377 450
1 103 456
1 104 457 409
1 105 445
1 106 431
1 107 393
1 108 427 444
1 109 400 420
1 110 424
1 111 458
1 112 433
1 113 455
1 114 379
1 115 455
1 116 385
1 117 422
1 118 441 426
1 119 386
1 120 411
1 121 393 454
1 122 395 414
1 123 459
1 124 408
1 125 392
1 126 407
1 127 383 401
1 128 441
1 129 427
1 130 451 437
1 131 458
1 132 428 404
1 133 460 413
1 134 460
1 135 461
1 136 460 406
1 137 430
1 138 422
1 139 450
1 140 385
1 141 415 438
1 142 462
1 143 390
1 144 406
1 145 456
1 146 452
1 147 426
1 148 458 402
1 149 463
1 150 403
1 151 410
1 152 380
1 153 464
1 154 425
1 155 465
1 156 426
1 157 436
1 158 448
1 159 440
1 160 464 439
1 161 383
1 162 394
1 163 398 463
1 164 430
1 165 416
1 166 453
1 167 454
1 168 424
1 169 411
1 170 395 387
1 171 398
1 172 402
1 173 461 453
1 174 414
1 175 466
1 176 413
1 177 423
1 178 427 459
1 179 467
1 180 382
1 181 426 436
1 182 406
1 183 429
1 184 463 433
1 185 403
1 186 468
1 187 389
1 188 394 466
1 189 460
1 190 399
1 191 434
1 192 378
1 193 449
1 194 447
1 195 458
1 196 463
1 197 448
1 198 443
1 199 397
1 200 456
1 201 436
1 202 467
1 203 455 456
1 204 465 452
1 205 469
1 206 412
1 207 388
1 208 430 408
1 209 447
1 210 380
1 211 395
1 212 379
1 213 429
1 214 416 434
1 215 411 470
1 216 397 468
1 217 378
1 218 466
1 219 465 423
1 220 387
1 221 381
1 222 467
1 223 413 451
1 224 466
1 225 397
1 226 425 467
1 227 468
1 228 459
1 229 412 404
1 230 447 469
1 231 443
1 232 445
1 233 446 389
1 234 452
1 235 457
1 236 445
1 237 442
1 238 400
1 239 469
1 240 423
1 241 378 421
1 242 381
1 243 431
1 244 427
1 245 447
1 246 421
1 247 408
1 248 397 453
1 249 437
1 250 420
1 251 470
1 252 418
1 253 404
1 254 446
1 255 470
1 256 469
1 257 388
1 258 449
1 259 439
1 260 461
1 261 421
1 262 428
0 263 429 405
0 264 457
0 265 438
0 266 457
0 267 451
0 268 377 466
0 269 412
0 270 443 415
0 271 399 388
0 272 461 440
0 273 411 387
0 274 385 403
0 275 443 422
0 276 413
0 277 444
0 278 450
0 279 410 420
0 280 461
0 281 380 445
0 282 440
0 283 432
0 284 462
0 285 425
0 286 406 456
0 287 392
0 288 465
0 289 457 410
0 290 464
0 291 459
0 292 434 470
0 293 414
0 294 450
0 295 420
0 296 444
0 297 416 469
0 298 390 407
0 299 462 468
0 300 435
0 301 452
0 302 401
0 303 439
0 304 448 386
0 305 438
0 306 460
0 307 462 417
0 308 421
0 309 442
0 310 434
0 311 384
0 312 378 424
0 313 449
0 314 409 408
0 315 402
0 316 454
0 317 382
0 318 432
0 319 407
0 320 462
0 321 433
0 322 424
0 323 391
0 324 459 449
0 325 414 407
0 326 442
0 327 393
0 328 470
0 329 391
0 330 441
0 331 431
0 332 428 417
0 333 446
0 334 448
0 335 446 401
0 336 464
0 337 454 391
0 338 467 438
0 339 412 386
0 340 468
0 341 444 440
0 342 381 437
0 343 465
0 344 428
0 345 383 436
0 346 430
0 347 386
0 348 415
0 349 435
0 350 425 392
0 351 429
0 352 423
0 353 416
0 354 422
0 355 419
0 356 432 433
0 357 463
0 358 391
0 359 409
0 360 442 458
0 361 432
0 362 417
0 363 401
0 364 405
0 365 415
0 366 453
0 367 431 400
0 368 437
0 369 396 418
0 370 441
0 371 390
0 372 451
0 373 455
0 374 464 403
0 375 383
0 376 419
1 41
1 44
1 32
1 52
1 39
1 18
1 36
1 5
1 53
1 12
1 63
1 34
1 31
1 7
1 61
1 49
1 10
1 15
1 64
1 2
1 33
1 6
1 35
1 58
1 51
1 30
1 29
1 19
1 23
1 46
1 50
1 43
1 62
1 9
1 21
1 28
1 55
1 47
1 13
1 40
1 22
1 4
1 16
1 24
1 20
1 59
1 0
1 26
1 56
1 17
1 8
1 48
1 14
1 1
1 38
1 57
1 11
1 54
1 27
1 25
1 60
1 42
1 45
1 37
1 3
0 66
0 73
0 68
0 65
0 74
0 70
0 69
0 67
0 72
0 71
0 76
0 77
0 79
0 78
0 81
0 75
0 83
0 82
0 80
0 87
0 86
0 91
0 93
0 84
0 92
0 90
0 88
0 89
0 85
