2
377 94
1 0 377
1 1 378
1 2 379
1 3 380 381
1 4 382
1 5 383
1 6 384
1 7 385
1 8 386
1 9 387
1 10 388
1 11 389
1 12 377
1 13 390
1 14 391 392
1 15 393 394
1 16 395 396
1 17 397
1 18 398
1 19 399
1 20 400
1 21 401
1 22 384 402
1 23 403
1 24 404
1 25 389
1 26 404
1 27 382
1 28 405
1 29 406
1 30 407
1 31 397 408
1 32 400 402
1 33 409 410
1 34 411
1 35 412
1 36 412
1 37 413
1 38 392
1 39 395
1 40 414
1 41 415
1 42 409
1 43 416
1 44 417
1 45 381
1 46 391
1 47 418
1 48 419
1 49 420
1 50 421
1 51 415
1 52 422
1 53 394
1 54 423
1 55 386
1 56 425 424
1 57 383
1 58 386 422
1 59 391
1 60 426
1 61 404
1 62 402
1 63 418
1 64 390
1 65 427
1 66 428
1 67 429
1 68 430
1 69 431 417
1 70 410
1 71 432
1 72 433
1 73 434
1 74 378
1 75 414 435
1 76 429 436
1 77 405
1 78 437
1 79 413 438
1 80 439
1 81 412 440
1 82 441
1 83 402
1 84 428 435
1 85 422
1 86 442 443
1 87 399 419
1 88 444
1 89 443 400
1 90 432
1 91 445
1 92 446
1 93 395
1 94 409
1 95 414
1 96 447 424
1 97 448
1 98 393
1 99 445
1 100 416
1 101 448
1 102 433
1 103 378 398
1 104 449 450
1 105 379
1 106 396
1 107 451
1 108 452
1 109 383 406
1 110 453
1 111 385
1 112 454 392
1 113 428
1 114 400
1 115 380 455
1 116 410
1 117 431
1 118 444
1 119 456
1 120 442
1 121 457 396
1 122 440
1 123 382
1 124 458
1 125 393
1 126 459
1 127 420
1 128 460 448
1 129 412
1 130 444 461
1 131 442 458
1 132 425
1 133 411
1 134 446 391
1 135 419
1 136 462
1 137 378 463
1 138 377
1 139 449
1 140 427
1 141 435
1 142 438
1 143 461
1 144 431
1 145 408
1 146 395 399
1 147 426
1 148 457
1 149 464 437
1 150 464
1 151 394
1 152 377 404
1 153 406
1 154 450
1 155 465
1 156 409 453
1 157 441
1 158 455
1 159 423
1 160 466
1 161 443
1 162 467
1 163 417
1 164 414
1 165 389 390
1 166 388
1 167 464
1 168 424
1 169 451
1 170 438
1 171 442
1 172 411 461
1 173 449
1 174 468
1 175 413
1 176 442
1 177 426 383
1 178 461
1 179 447
1 180 457
1 181 399
1 182 457 425
1 183 390
1 184 429 384
1 185 463
1 186 436
1 187 434 469
1 188 443
1 189 443
1 190 435
1 191 394 462
1 192 450
1 193 460
1 194 394
1 195 398
1 196 391
1 197 384
1 198 468
1 199 425
1 200 430 415
1 201 433 467
1 202 465
1 203 431 470
1 204 409
1 205 414 453
1 206 379 421
1 207 466
1 208 397
1 209 454
1 210 455
1 211 439 408
1 212 378
1 213 451 454
1 214 410
1 215 445 450
1 216 463 401
1 217 396
1 218 444
1 219 468 452
1 220 389
1 221 417 404
1 222 411
1 223 415 456
1 224 451 422
1 225 381
1 226 435
1 227 392
1 228 438
1 229 449 385
1 230 437
1 231 470
1 232 408
1 233 465
1 234 429
1 235 460 420
1 236 397 433
1 237 426 389
1 238 420
1 239 459
1 240 429
1 241 417
1 242 380
1 243 467 387
1 244 456
1 245 427 388
1 246 403
1 247 447
1 248 439
1 249 400
1 250 470 440
1 251 441
1 252 393 455
1 253 384
1 254 405
1 255 434
1 256 377 385
1 257 452
1 258 452
1 259 459 387
1 260 423
1 261 380
1 262 458
1 263 396
1 264 455
1 265 451
1 266 427
1 267 422
1 268 461
1 269 410 412
1 270 407
1 271 401
1 272 399
1 273 415
1 274 470
1 275 447
1 276 446
1 277 382 452
1 278 469
1 279 380
1 280 421
1 281 393
1 282 469
1 283 450
1 284 401 423
1 285 440
1 286 387
1 287 458
1 288 421
1 289 406
1 290 462
1 291 421 437
1 292 388
1 293 418
1 294 456
1 295 424
1 296 457
1 297 411 446
1 298 425
1 299 401
1 300 436 405
0 301 416 448
0 302 445
0 303 416
0 304 446
0 305 436
0 306 407
0 307 466
0 308 468
0 309 426
0 310 469 438
0 311 403
0 312 458 423
0 313 454
0 314 436
0 315 392
0 316 440
0 317 453
0 318 463
0 319 428
0 320 430 390
0 321 395
0 322 448
0 323 466 468
0 324 431
0 325 430
0 326 462
0 327 385
0 328 441
0 329 434
0 330 462 386
0 331 467
0 332 419
0 333 379 381
0 334 381
0 335 416 419
0 336 444 439
0 337 386
0 338 445 432
0 339 465 407
0 340 430
0 341 467
0 342 403 420
0 343 387
0 344 408
0 345 470
0 346 454
0 347 405
0 348 424
0 349 437
0 350 439
0 351 464 418
0 352 383
0 353 433
0 354 418 456
0 355 398
0 356 453
0 357 397
0 358 413 407
0 359 459
0 360 427 465
0 361 459 398
0 362 382 447
0 363 460
0 364 428 406
0 365 460
0 366 449
0 367 469
0 368 432
0 369 464
0 370 441 466
0 371 402
0 372 432 388
0 373 413
0 374 463
0 375 379
0 376 434 403
1 13
1 4
1 57
1 24
1 37
1 56
1 51
1 19
1 62
1 31
1 68
1 34
1 29
1 32
1 10
1 28
1 2
1 45
1 21
1 65
1 16
1 63
1 73
1 3
1 6
1 59
1 18
1 47
1 27
1 70
1 25
1 55
1 58
1 66
1 41
1 11
1 48
1 39
1 30
1 8
1 40
1 17
1 12
1 72
1 20
1 0
1 71
1 1
1 64
1 38
1 14
1 61
1 54
1 52
1 44
1 60
1 42
1 22
1 46
1 49
1 69
1 53
1 7
1 50
1 9
1 15
1 36
1 67
1 23
1 5
1 74
1 33
1 35
1 43
1 26
0 82
0 79
0 83
0 78
0 76
0 75
0 77
0 80
0 81
0 89
0 92
0 91
0 90
0 86
0 85
0 88
0 93
0 84
0 87
