2
377 94
1 0 377 378
1 1 379
1 2 380
1 3 381 382
1 4 383
1 5 384 385
1 6 386 387
1 7 388
1 8 389
1 9 390
1 10 391
1 11 393 392
1 12 394
1 13 395 389
1 14 396 397
1 15 398
1 16 399
1 17 400
1 18 401
1 19 402
1 20 403
1 21 404
1 22 405
1 23 406
1 24 407 408
1 25 409 396
1 26 410
1 27 411
1 28 412
1 29 413 406
1 30 414 404
1 31 415
1 32 416
1 33 415
1 34 417
1 35 418
1 36 419
1 37 401
1 38 419 420
1 39 421 405
1 40 402 422
1 41 423
1 42 419 424
1 43 381
1 44 425
1 45 414
1 46 412
1 47 393
1 48 408
1 49 410 403
1 50 426
1 51 427
1 52 416
1 53 417
1 54 419
1 55 386
1 56 378
1 57 428
1 58 420
1 59 429
1 60 430 387
1 61 431
1 62 422
1 63 432 391
1 64 433
1 65 434
1 66 393 390
1 67 425 435
1 68 436
1 69 429
1 70 437
1 71 427 438
1 72 392
1 73 434 388
1 74 389
1 75 425
1 76 383
1 77 439
1 78 434 440
1 79 423
1 80 441
1 81 426
1 82 442
1 83 443 403
1 84 394
1 85 444
1 86 407
1 87 445
1 88 446
1 89 447
1 90 385
1 91 429 382
1 92 448 391
1 93 416 449
1 94 407
1 95 450
1 96 410
1 97 451
1 98 449 452
1 99 394 453
1 100 450
1 101 393
1 102 418
1 103 405
1 104 454
1 105 392
1 106 454
1 107 442 447
1 108 444
1 109 411 385
1 110 455
1 111 421 456
1 112 457 383
1 113 458 388
1 114 420
1 115 441
1 116 409
1 117 409 459
1 118 390
1 119 440
1 120 424
1 121 442 460
1 122 386
1 123 458
1 124 461 414
1 125 414
1 126 439
1 127 447
1 128 398
1 129 450
1 130 434
1 131 394 462
1 132 447
1 133 440
1 134 419
1 135 459 398
1 136 436
1 137 421
1 138 429
1 139 397
1 140 387
1 141 405
1 142 399
1 143 457
1 144 448
1 145 458 437
1 146 463 402
1 147 449
1 148 407
1 149 379
1 150 431 464
1 151 423
1 152 421
1 153 442
1 154 408
1 155 464
1 156 435
1 157 452
1 158 378 415
1 159 446 436
1 160 441
1 161 412 465
1 162 434
1 163 455
1 164 413
1 165 429 404
1 166 412
1 167 459
1 168 453 390
1 169 446
1 170 418
1 171 466
1 172 443
1 173 431
1 174 457
1 175 414
1 176 462
1 177 467
1 178 450 422
1 179 444 468
1 180 469
1 181 446
1 182 464
1 183 428
1 184 382
1 185 470
1 186 456
1 187 426 397
1 188 438
1 189 452
1 190 425 417
1 191 445
1 192 394
1 193 465
1 194 378
1 195 424
1 196 418 408
1 197 427
1 198 445 420
1 199 402
1 200 458
1 201 413
1 202 456
1 203 410
1 204 403
1 205 437
1 206 469
1 207 417
1 208 432
1 209 422
1 210 461
1 211 397
1 212 442
1 213 465
1 214 447
1 215 426
1 216 382
1 217 411 462
1 218 384
1 219 400
1 220 387
1 221 453
1 222 460 423
1 223 462
1 224 433
1 225 428 435
1 226 409
1 227 408
1 228 382
1 229 380
1 230 387
1 231 470
1 232 460
1 233 469
1 234 400
1 235 415
1 236 401
1 237 377 395
1 238 410
1 239 439
1 240 428
1 241 426 399
1 242 379
1 243 466
1 244 433 456
1 245 430
1 246 404
1 247 468
1 248 453
1 249 401 465
1 250 430
1 251 467 452
1 252 468
1 253 466
1 254 383
1 255 435
1 256 431
1 257 390
1 258 465
1 259 402
1 260 384 454
1 261 433 389
1 262 443
0 263 423 424
0 264 396
0 265 421
0 266 400 436
0 267 406
0 268 395
0 269 463
0 270 398
0 271 420
0 272 445
0 273 460
0 274 438
0 275 468
0 276 462
0 277 399
0 278 461
0 279 389
0 280 404
0 281 416
0 282 431 401
0 283 391
0 284 470
0 285 399 451
0 286 446 418
0 287 377
0 288 448
0 289 451
0 290 381
0 291 449
0 292 392
0 293 380
0 294 398 415
0 295 469 406
0 296 395
0 297 430
0 298 464 407
0 299 422
0 300 379 455
0 301 413 451
0 302 470 439
0 303 457
0 304 440
0 305 463
0 306 393
0 307 395
0 308 443 427
0 309 380 466
0 310 455
0 311 456
0 312 425
0 313 463
0 314 438
0 315 464
0 316 433
0 317 400 454
0 318 453
0 319 409
0 320 388
0 321 379 463
0 322 411
0 323 467 439
0 324 381 455
0 325 383 417
0 326 380 392
0 327 441 470
0 328 444
0 329 411
0 330 461
0 331 445 416
0 332 385
0 333 452
0 334 435
0 335 449
0 336 388
0 337 460
0 338 384
0 339 441 466
0 340 412 450
0 341 451
0 342 413
0 343 448
0 344 461 469
0 345 458
0 346 424
0 347 386
0 348 378
0 349 377
0 350 403
0 351 396
0 352 381
0 353 377
0 354 405 440
0 355 454
0 356 432
0 357 397
0 358 459
0 359 443
0 360 428 438
0 361 432
0 362 436
0 363 386 468
0 364 384
0 365 391
0 366 457 448
0 367 385
0 368 406
0 369 427
0 370 430 437
0 371 467
0 372 396
0 373 444 432
0 374 437
0 375 467
0 376 459
1 20
1 47
1 38
1 57
1 1
1 49
1 43
1 32
1 60
1 42
1 55
1 22
1 7
1 53
1 45
1 4
1 19
1 44
1 26
1 36
1 50
1 39
1 2
1 63
1 46
1 41
1 18
1 61
1 58
1 54
1 23
1 48
1 6
1 33
1 56
1 24
1 64
1 40
1 5
1 3
1 30
1 51
1 21
1 15
1 14
1 28
1 10
1 34
1 13
1 16
1 52
1 0
1 62
1 25
1 12
1 35
1 37
1 27
1 59
1 9
1 8
1 29
1 17
1 31
1 11
0 70
0 66
0 65
0 69
0 68
0 73
0 74
0 72
0 71
0 67
0 77
0 79
0 82
0 78
0 81
0 83
0 76
0 75
0 80
0 89
0 91
0 86
0 93
0 92
0 87
0 88
0 84
0 90
0 85
