2
377 94
1 0 377
1 1 378
1 2 379
1 3 380
1 4 381 382
1 5 383
1 6 384 385
1 7 386 387
1 8 388
1 9 389 390
1 10 391
1 11 392
1 12 393
1 13 387
1 14 394 395
1 15 396 397
1 16 398
1 17 393 399
1 18 400 401
1 19 381
1 20 402
1 21 384
1 22 403
1 23 386
1 24 381
1 25 404
1 26 405
1 27 406 407
1 28 408
1 29 409
1 30 410
1 31 411
1 32 412 413
1 33 377 414
1 34 386
1 35 415 391
1 36 416
1 37 411
1 38 417 386
1 39 418 419
1 40 420
1 41 421 422
1 42 420
1 43 377 404
1 44 377
1 45 382
1 46 423
1 47 388
1 48 424
1 49 425
1 50 426
1 51 427 405
1 52 428
1 53 416
1 54 415
1 55 382
1 56 418
1 57 399
1 58 410 429
1 59 400
1 60 394
1 61 430
1 62 397
1 63 420
1 64 431
1 65 394 402
1 66 381
1 67 432
1 68 380
1 69 381 423
1 70 433 388
1 71 434
1 72 435
1 73 436 408
1 74 405
1 75 437
1 76 438
1 77 432
1 78 439
1 79 440
1 80 441 440
1 81 401 406
1 82 405
1 83 382
1 84 406
1 85 442 407
1 86 383 403
1 87 426 443
1 88 410
1 89 444
1 90 409 398
1 91 445 420
1 92 414
1 93 436
1 94 408
1 95 441
1 96 446
1 97 437
1 98 447
1 99 448
1 100 396
1 101 388
1 102 399
1 103 385
1 104 412
1 105 386
1 106 410 449
1 107 427 438
1 108 450 451
1 109 417
1 110 452
1 111 453
1 112 454 440
1 113 417
1 114 399 455
1 115 383 402
1 116 393
1 117 456
1 118 383
1 119 434
1 120 457 385
1 121 430
1 122 451
1 123 458
1 124 459
1 125 392
1 126 460
1 127 448 454
1 128 461 430
1 129 453 422
1 130 428 453
1 131 456
1 132 398
1 133 462
1 134 440
1 135 463
1 136 444
1 137 450
1 138 418
1 139 438
1 140 447
1 141 412
1 142 464
1 143 402
1 144 411 465
1 145 435 456
1 146 388 391
1 147 404
1 148 457
1 149 465
1 150 421
1 151 466
1 152 448
1 153 394
1 154 459 403
1 155 412
1 156 449
1 157 442
1 158 378
1 159 377
1 160 451
1 161 463 433
1 162 387 455
1 163 429
1 164 449
1 165 427
1 166 439
1 167 443
1 168 459
1 169 445
1 170 458 436
1 171 400
1 172 444 467
1 173 396
1 174 441
1 175 468
1 176 461
1 177 416 408
1 178 392
1 179 464
1 180 387
1 181 385
1 182 397 446
1 183 409 382
1 184 453
1 185 452
1 186 390
1 187 411 466
1 188 450
1 189 447
1 190 406
1 191 425 449
1 192 422
1 193 389
1 194 469
1 195 458
1 196 460 461
1 197 432 450
1 198 457
1 199 460 451
1 200 389
1 201 441
1 202 380
1 203 455
1 204 401
1 205 469
1 206 393 389
1 207 393
1 208 467
1 209 428
1 210 468
1 211 452
1 212 454
1 213 403
1 214 452 468
1 215 406
1 216 463
1 217 418
1 218 378
1 219 389
1 220 446
1 221 395
1 222 426
1 223 459 456
1 224 464 418
1 225 439
1 226 468 469
1 227 445
1 228 438
1 229 414
1 230 433
1 231 396 434
1 232 437
1 233 447 431
1 234 413
1 235 462
1 236 465
1 237 403
1 238 416 466
1 239 442
1 240 426
1 241 430 421
1 242 446
1 243 436
1 244 423
1 245 429 439
1 246 416
1 247 445 415
1 248 413 398
1 249 429
1 250 408
1 251 457
1 252 402
1 253 384
1 254 396
1 255 425
1 256 379
1 257 462 400
1 258 411
1 259 448
1 260 460
1 261 470
1 262 391
1 263 419
1 264 441 443
1 265 431
1 266 387
1 267 417
1 268 430
1 269 467
1 270 447 434
1 271 449
1 272 443
1 273 436
1 274 442
1 275 398
1 276 429
1 277 432
1 278 400
1 279 454
1 280 383
1 281 461
1 282 444
1 283 422
1 284 450
1 285 414 392
1 286 425
1 287 466
1 288 397
1 289 433
1 290 456
1 291 385
1 292 469
1 293 380 404
1 294 440
1 295 455
1 296 433
1 297 460
1 298 391
1 299 384
1 300 427
1 301 431
1 302 404
1 303 409
1 304 451
1 305 422
1 306 415
1 307 407
1 308 426 437
1 309 443
1 310 458 448
1 311 432
1 312 424
1 313 414
1 314 378 395
1 315 427
1 316 470
1 317 464
1 318 425 424
1 319 407
1 320 434
1 321 401
1 322 464 435
1 323 395
1 324 413
1 325 407
1 326 413
1 327 401
1 328 399
1 329 467 424
1 330 455
1 331 380 469
1 332 435
1 333 458
1 334 465 405
1 335 415
1 336 445
1 337 435
1 338 453
0 339 462
0 340 394
0 341 390
0 342 466
0 343 412 437
0 344 395
0 345 419
0 346 461
0 347 444 417
0 348 454
0 349 423
0 350 421
0 351 379 470
0 352 424
0 353 465
0 354 379
0 355 392
0 356 390
0 357 428
0 358 409
0 359 446 470
0 360 419
0 361 431 439
0 362 467
0 363 468
0 364 457 442
0 365 459
0 366 462 463
0 367 378 379
0 368 419 438
0 369 397
0 370 421
0 371 410
0 372 463
0 373 428 423
0 374 384 452
0 375 470
0 376 420 390
1 26
1 54
1 66
1 3
1 23
1 56
1 36
1 8
1 81
1 17
1 45
1 35
1 13
1 16
1 46
1 34
1 5
1 49
1 63
1 33
1 58
1 27
1 1
1 9
1 74
1 61
1 44
1 31
1 12
1 20
1 48
1 14
1 69
1 79
1 50
1 19
1 40
1 37
1 28
1 68
1 10
1 60
1 64
1 39
1 42
1 77
1 22
1 18
1 29
1 80
1 6
1 67
1 55
1 72
1 75
1 59
1 32
1 52
1 83
1 24
1 30
1 38
1 43
1 71
1 25
1 21
1 2
1 7
1 76
1 82
1 4
1 78
1 65
1 15
1 57
1 0
1 47
1 11
1 62
1 70
1 51
1 73
1 41
1 53
0 85
0 84
0 87
0 89
0 91
0 90
0 93
0 92
0 88
0 86
