2
377 94
1 0 377
1 1 378 379
1 2 380
1 3 381
1 4 382
1 5 383
1 6 377
1 7 384
1 8 385
1 9 386 387
1 10 388
1 11 389
1 12 390 391
1 13 392
1 14 393 394
1 15 395
1 16 396
1 17 397
1 18 398
1 19 399
1 20 400
1 21 401
1 22 398
1 23 380
1 24 381
1 25 383
1 26 387
1 27 402 390
1 28 402
1 29 403
1 30 404
1 31 405
1 32 406 407
1 33 408
1 34 409
1 35 410
1 36 411
1 37 412
1 38 413
1 39 397 405
1 40 412
1 41 414
1 42 415
1 43 416 417
1 44 418
1 45 419
1 46 420
1 47 406
1 48 386
1 49 399
1 50 421 422
1 51 392
1 52 422
1 53 423
1 54 424
1 55 425
1 56 426 427
1 57 428
1 58 429
1 59 430
1 60 407
1 61 418
1 62 431
1 63 415
1 64 432
1 65 433
1 66 411
1 67 377 394
1 68 434 435
1 69 402 436
1 70 437
1 71 438
1 72 411 401
1 73 424
1 74 439
1 75 414
1 76 399 439
1 77 438
1 78 399
1 79 422
1 80 409 440
1 81 410
1 82 424
1 83 441 395
1 84 442 417
1 85 416
1 86 435
1 87 443
1 88 432
1 89 382
1 90 434
1 91 400
1 92 408
1 93 417
1 94 412
1 95 444
1 96 390
1 97 426
1 98 445
1 99 419
1 100 446 447
1 101 429
1 102 437
1 103 431 448
1 104 410 449
1 105 406
1 106 380
1 107 450
1 108 437 439
1 109 451 436
1 110 452
1 111 453
1 112 454
1 113 394
1 114 399 408
1 115 432
1 116 436
1 117 396 418
1 118 409
1 119 449
1 120 409
1 121 382 438
1 122 441
1 123 385 420
1 124 410
1 125 455
1 126 388
1 127 446
1 128 456
1 129 438
1 130 403
1 131 407
1 132 422
1 133 457
1 134 395
1 135 419
1 136 379 449
1 137 455
1 138 433
1 139 458 403
1 140 453
1 141 454
1 142 439
1 143 428
1 144 459 400
1 145 404 437
1 146 460 454
1 147 382
1 148 461
1 149 462 384
1 150 395 463
1 151 464
1 152 415 419
1 153 412 461
1 154 444
1 155 430
1 156 441
1 157 416
1 158 390
1 159 406
1 160 393 433
1 161 381 420
1 162 454
1 163 463 465
1 164 436
1 165 437
1 166 405
1 167 421
1 168 431
1 169 431
1 170 405
1 171 377 457
1 172 428 464
1 173 407
1 174 439
1 175 445
1 176 442 440
1 177 466
1 178 440
1 179 416 467
1 180 409 434
1 181 403 456
1 182 468
1 183 457
1 184 443
1 185 441
1 186 459
1 187 385 388
1 188 442
1 189 390
1 190 428 421
1 191 387
1 192 447
1 193 385
1 194 393
1 195 463
1 196 391
1 197 441 460
1 198 458 388
1 199 425 414
1 200 451
1 201 389
1 202 419 422
1 203 396
1 204 425
1 205 445
1 206 469 438
1 207 414
1 208 383 465
1 209 417
1 210 397
1 211 379
1 212 442
1 213 449
1 214 387
1 215 380 468
1 216 384
1 217 386
1 218 433
1 219 397
1 220 451
1 221 379
1 222 435
1 223 443
1 224 389 405
1 225 470
1 226 460
1 227 446 389
1 228 465
1 229 383
1 230 457
1 231 459
1 232 445 406
1 233 395
1 234 445 386
1 235 394
1 236 401
1 237 402
1 238 468
1 239 430
1 240 378 448
1 241 421
1 242 467
1 243 458
1 244 455
1 245 427
1 246 457 392
1 247 452
1 248 467
1 249 455 407
1 250 380 398
1 251 433 452
1 252 411 423
1 253 392
1 254 456
1 255 426 444
1 256 469
1 257 384
1 258 470
1 259 454
1 260 425
1 261 418
1 262 393
0 263 434
0 264 461
0 265 434
0 266 379
0 267 413 384
0 268 404
0 269 463
0 270 448
0 271 465
0 272 410 404
0 273 466
0 274 469
0 275 449
0 276 396
0 277 417
0 278 450
0 279 388
0 280 401
0 281 413 424
0 282 465
0 283 456
0 284 398
0 285 413
0 286 443 431
0 287 378
0 288 440
0 289 446
0 290 466
0 291 462 418
0 292 444
0 293 429 453
0 294 447
0 295 470 423
0 296 447
0 297 459
0 298 461
0 299 389
0 300 453
0 301 404
0 302 448
0 303 429
0 304 393
0 305 456 408
0 306 387 467
0 307 382 430
0 308 400 424
0 309 408
0 310 420
0 311 423
0 312 440
0 313 412 432
0 314 467
0 315 397 429
0 316 427
0 317 427 450
0 318 423
0 319 464
0 320 462
0 321 461 468
0 322 426
0 323 420
0 324 428
0 325 469 470
0 326 381 466
0 327 469
0 328 452
0 329 460
0 330 427
0 331 451
0 332 391 455
0 333 396 452
0 334 458
0 335 421
0 336 415
0 337 459 398
0 338 464 451
0 339 426
0 340 430 435
0 341 403
0 342 463
0 343 386
0 344 443 415
0 345 391
0 346 381
0 347 414 466
0 348 416
0 349 391
0 350 413
0 351 450
0 352 450
0 353 378
0 354 462
0 355 470
0 356 462
0 357 436
0 358 453 392
0 359 446
0 360 442
0 361 460
0 362 425 432
0 363 383 401
0 364 400
0 365 394
0 366 444 447
0 367 464
0 368 448
0 369 458
0 370 377
0 371 468
0 372 385
0 373 435
0 374 402
0 375 411
0 376 378
1 7
1 11
1 22
1 3
1 49
1 37
1 61
1 27
1 24
1 14
1 43
1 41
1 10
1 2
1 13
1 26
1 44
1 64
1 48
1 20
1 45
1 60
1 36
1 47
1 8
1 63
1 58
1 34
1 55
1 18
1 31
1 32
1 16
1 42
1 51
1 53
1 23
1 35
1 6
1 21
1 50
1 29
1 28
1 5
1 30
1 56
1 19
1 38
1 57
1 1
1 15
1 54
1 62
1 59
1 9
1 33
1 17
1 0
1 40
1 12
1 4
1 46
1 25
1 52
1 39
0 66
0 73
0 72
0 69
0 70
0 71
0 65
0 67
0 68
0 74
0 82
0 81
0 78
0 75
0 77
0 83
0 76
0 79
0 80
0 85
0 87
0 89
0 86
0 90
0 91
0 93
0 88
0 84
0 92
