2
377 94
1 0 377
1 1 378 379
1 2 380
1 3 381
1 4 382
1 5 383 384
1 6 385 386
1 7 387 388
1 8 389
1 9 390
1 10 391
1 11 392
1 12 393
1 13 378 394
1 14 395
1 15 396
1 16 397 398
1 17 399
1 18 400
1 19 401
1 20 380 402
1 21 403 404
1 22 405 406
1 23 407
1 24 383
1 25 408
1 26 400
1 27 400
1 28 409
1 29 410
1 30 411 412
1 31 385
1 32 413
1 33 414 415
1 34 416
1 35 417 418
1 36 419
1 37 393
1 38 420
1 39 421 422
1 40 382
1 41 397 423
1 42 400 424
1 43 425
1 44 426
1 45 427
1 46 427 421
1 47 428 429
1 48 384
1 49 430
1 50 391 392
1 51 431
1 52 393
1 53 432
1 54 433
1 55 434
1 56 413 399
1 57 392
1 58 404
1 59 435 436
1 60 437
1 61 438
1 62 384
1 63 387
1 64 417
1 65 413
1 66 416
1 67 395
1 68 439
1 69 420
1 70 412
1 71 440
1 72 381
1 73 426
1 74 441
1 75 442
1 76 443
1 77 377
1 78 421
1 79 429
1 80 407
1 81 422
1 82 387
1 83 444
1 84 418
1 85 424
1 86 405 438
1 87 428
1 88 445 446
1 89 409
1 90 446
1 91 447
1 92 379
1 93 411
1 94 423
1 95 448
1 96 449 407
1 97 450
1 98 443
1 99 451
1 100 429
1 101 451
1 102 444
1 103 436
1 104 404
1 105 388
1 106 397
1 107 410
1 108 428
1 109 446
1 110 419
1 111 386
1 112 413 452
1 113 453
1 114 447 454
1 115 455
1 116 435 455
1 117 399
1 118 449
1 119 426 456
1 120 380
1 121 457
1 122 385
1 123 433
1 124 386
1 125 390
1 126 407
1 127 430
1 128 383
1 129 416 439
1 130 458
1 131 406
1 132 401
1 133 427
1 134 405
1 135 459
1 136 409 389
1 137 424
1 138 460
1 139 411
1 140 441 418
1 141 403
1 142 413
1 143 457 386
1 144 458 381
1 145 431 384
1 146 461 462
1 147 463
1 148 459
1 149 406
1 150 454
1 151 442
1 152 410
1 153 434
1 154 435
1 155 424
1 156 409 396
1 157 425 440
1 158 464
1 159 449
1 160 462
1 161 429 465
1 162 465
1 163 439
1 164 466 419
1 165 395
1 166 453
1 167 452
1 168 445
1 169 433
1 170 418
1 171 398
1 172 467
1 173 432
1 174 394 453
1 175 396 432
1 176 421
1 177 389
1 178 452
1 179 461 468
1 180 423
1 181 399
1 182 440
1 183 445
1 184 419 438
1 185 438
1 186 383
1 187 403
1 188 429
1 189 405
1 190 377 406
1 191 395 448
1 192 436
1 193 445
1 194 450
1 195 443 450
1 196 422
1 197 403 408
1 198 457
1 199 426
1 200 387
1 201 469
1 202 449
1 203 468
1 204 402
1 205 465
1 206 395 463
1 207 381
1 208 432 453
1 209 461
1 210 387 451
1 211 455
1 212 448
1 213 436
1 214 437
1 215 415
1 216 398
1 217 465 456
1 218 405
1 219 410 460
1 220 377 392
1 221 411 398
1 222 437
1 223 394
1 224 457
1 225 459 408
1 226 430
1 227 462
1 228 444
1 229 391
1 230 450
1 231 432
1 232 396
1 233 459
1 234 380 407
1 235 385
1 236 378
1 237 419
1 238 442 433
1 239 412 455
1 240 466
1 241 439
1 242 417
1 243 410
1 244 428
1 245 438
1 246 443 467
1 247 470
1 248 378
1 249 450 420
1 250 408
1 251 435
1 252 393 433
1 253 463
1 254 416 389
1 255 415
1 256 449 404
1 257 434 423
1 258 465
1 259 388
1 260 378
1 261 411
1 262 440
1 263 427
1 264 427 391
1 265 458
1 266 409
1 267 391
1 268 397
1 269 456
1 270 388
1 271 428 401
1 272 426 466
1 273 412
1 274 458 431
1 275 386
1 276 447
1 277 383 422
1 278 425
1 279 412
1 280 381 467
1 281 443
1 282 401
1 283 399 434
1 284 392
1 285 425
1 286 460 415
1 287 394
1 288 442
1 289 468
1 290 398
1 291 418
1 292 468
1 293 430 400
1 294 463 469
1 295 448
1 296 454
1 297 461
1 298 423
1 299 382
1 300 446
0 301 442 470
0 302 414
0 303 394
0 304 431
0 305 435
0 306 415
0 307 422
0 308 408
0 309 403
0 310 393 420
0 311 379
0 312 447 439
0 313 446 388
0 314 466
0 315 455
0 316 470
0 317 452
0 318 445 382
0 319 404
0 320 430 401
0 321 420
0 322 464 424
0 323 414
0 324 463
0 325 444 402
0 326 380
0 327 462
0 328 441
0 329 453
0 330 414 385
0 331 384
0 332 417 470
0 333 379 437
0 334 461
0 335 460
0 336 402
0 337 444
0 338 390
0 339 434
0 340 431
0 341 467
0 342 464
0 343 470
0 344 469
0 345 414
0 346 456
0 347 456
0 348 402
0 349 390 440
0 350 468 390
0 351 382 464
0 352 447
0 353 417
0 354 466
0 355 389
0 356 441 437
0 357 377
0 358 464
0 359 454
0 360 421
0 361 397
0 362 467
0 363 396
0 364 462 436
0 365 458
0 366 441
0 367 460
0 368 406
0 369 379
0 370 425 459
0 371 469
0 372 457 448
0 373 469 454
0 374 451 452
0 375 416
0 376 451
1 65
1 12
1 53
1 22
1 11
1 1
1 21
1 24
1 48
1 70
1 4
1 57
1 62
1 2
1 5
1 16
1 46
1 49
1 56
1 64
1 19
1 29
1 30
1 66
1 41
1 52
1 10
1 54
1 27
1 67
1 28
1 73
1 17
1 15
1 8
1 43
1 72
1 6
1 20
1 58
1 3
1 60
1 36
1 34
1 59
1 71
1 33
1 55
1 44
1 47
1 50
1 31
1 40
1 37
1 63
1 38
1 18
1 45
1 14
1 23
1 39
1 42
1 32
1 0
1 13
1 51
1 26
1 25
1 68
1 74
1 7
1 9
1 35
1 61
1 69
0 76
0 83
0 81
0 82
0 79
0 77
0 80
0 75
0 78
0 86
0 90
0 89
0 91
0 88
0 93
0 87
0 84
0 92
0 85
