2
377 94
1 0 377
1 1 378
1 2 379
1 3 380
1 4 381
1 5 382
1 6 383 384
1 7 385
1 8 386
1 9 387
1 10 379 388
1 11 389 390
1 12 391
1 13 392
1 14 393
1 15 394 395
1 16 396
1 17 397 398
1 18 399
1 19 390
1 20 400
1 21 401 402
1 22 403
1 23 404
1 24 383
1 25 405
1 26 406
1 27 407
1 28 402
1 29 408
1 30 409
1 31 410 411
1 32 412 400
1 33 413
1 34 414
1 35 415 416
1 36 391
1 37 393
1 38 392
1 39 417
1 40 418
1 41 419
1 42 420 421
1 43 422
1 44 405 423
1 45 424
1 46 390
1 47 425
1 48 426 383
1 49 397
1 50 427
1 51 379 418
1 52 427 428
1 53 401
1 54 429 422
1 55 430
1 56 431
1 57 432
1 58 433
1 59 434
1 60 408
1 61 435
1 62 387
1 63 436
1 64 405
1 65 378
1 66 420
1 67 437
1 68 436
1 69 438
1 70 399
1 71 408
1 72 439
1 73 382 440
1 74 395
1 75 441
1 76 442
1 77 420
1 78 436
1 79 443
1 80 395
1 81 444
1 82 420 437
1 83 384
1 84 445
1 85 381 440
1 86 446 432
1 87 447
1 88 443
1 89 448
1 90 405 392
1 91 417 419
1 92 402 439
1 93 412 406
1 94 399
1 95 449 403
1 96 450
1 97 383
1 98 406
1 99 451 452
1 100 413
1 101 448
1 102 426
1 103 410
1 104 409 453
1 105 399 386
1 106 389
1 107 452
1 108 450 389
1 109 454 455
1 110 455
1 111 377 418
1 112 389
1 113 449
1 114 438
1 115 456
1 116 421
1 117 396
1 118 444
1 119 457 424
1 120 421
1 121 411
1 122 424
1 123 458
1 124 459
1 125 447
1 126 460
1 127 440
1 128 426 452
1 129 410
1 130 398
1 131 377
1 132 461
1 133 410 429
1 134 403
1 135 427
1 136 409 462
1 137 421
1 138 420
1 139 397 431
1 140 458 459
1 141 444
1 142 460 463
1 143 460
1 144 386
1 145 461
1 146 464
1 147 407
1 148 449 408
1 149 407 392
1 150 418
1 151 393 465
1 152 435 423
1 153 462 385
1 154 433 436
1 155 451 387
1 156 378 433
1 157 423
1 158 442
1 159 409
1 160 423
1 161 377
1 162 466
1 163 463 467
1 164 401
1 165 444 434
1 166 388
1 167 445
1 168 414
1 169 452
1 170 466 438
1 171 468
1 172 412
1 173 468
1 174 462
1 175 427 414
1 176 465
1 177 460 465
1 178 455
1 179 454
1 180 454
1 181 387 469
1 182 450
1 183 388 407
1 184 444 417
1 185 430 468
1 186 451
1 187 404
1 188 441 454
1 189 381
1 190 416
1 191 396 404
1 192 427
1 193 464 422
1 194 458
1 195 437
1 196 447
1 197 433
1 198 454
1 199 398
1 200 380
1 201 450 424
1 202 425
1 203 397
1 204 416
1 205 425 470
1 206 442 431
1 207 467
1 208 385
1 209 414
1 210 386
1 211 394
1 212 431
1 213 419
1 214 462
1 215 432
1 216 380
1 217 424
1 218 457
1 219 419
1 220 448
1 221 428 384
1 222 393 400
1 223 434
1 224 438
1 225 453
1 226 381 436
1 227 434
1 228 451
1 229 425
1 230 415
1 231 379
1 232 449
1 233 406
1 234 441
1 235 422
1 236 402
1 237 430
1 238 384
1 239 395
1 240 438 408
1 241 456
1 242 450
1 243 399 448
1 244 394
1 245 467
1 246 412
1 247 378 385
1 248 394
1 249 394 386
1 250 452
1 251 458 396
1 252 412
1 253 447 391
1 254 430
1 255 446 403
1 256 443 453
1 257 461
1 258 445
1 259 441 470
1 260 451
1 261 462
1 262 449
0 263 453
0 264 446
0 265 428
0 266 405
0 267 468
0 268 389
0 269 402
0 270 416
0 271 398 469
0 272 415
0 273 409
0 274 460
0 275 425
0 276 469
0 277 440
0 278 395 461
0 279 442 443
0 280 447 404
0 281 435
0 282 388
0 283 426
0 284 381
0 285 440
0 286 403
0 287 418
0 288 393
0 289 423
0 290 398
0 291 464 466
0 292 429
0 293 432
0 294 397
0 295 400
0 296 388
0 297 401
0 298 458
0 299 413 419
0 300 464
0 301 437
0 302 466
0 303 382
0 304 470
0 305 396
0 306 465
0 307 439
0 308 443
0 309 433
0 310 417
0 311 463
0 312 382 448
0 313 413 445
0 314 411
0 315 464
0 316 384
0 317 459 406
0 318 441
0 319 411 380
0 320 410
0 321 401 435
0 322 426
0 323 387
0 324 391
0 325 469
0 326 414 437
0 327 446
0 328 377 391
0 329 416 467
0 330 439
0 331 407
0 332 459
0 333 428
0 334 415
0 335 382
0 336 442
0 337 446
0 338 413
0 339 459
0 340 430 415
0 341 390
0 342 432
0 343 466
0 344 457 461
0 345 404
0 346 380 390
0 347 428
0 348 435
0 349 379
0 350 457
0 351 455
0 352 470
0 353 439 456
0 354 383
0 355 421 456
0 356 400
0 357 453
0 358 385
0 359 429
0 360 417
0 361 463
0 362 411
0 363 467
0 364 456
0 365 445 468
0 366 429
0 367 470
0 368 463
0 369 422
0 370 434 455
0 371 431
0 372 469
0 373 378
0 374 465
0 375 457
0 376 392
1 16
1 57
1 31
1 34
1 0
1 13
1 48
1 64
1 56
1 44
1 53
1 59
1 33
1 47
1 42
1 36
1 8
1 7
1 55
1 20
1 17
1 43
1 19
1 40
1 3
1 49
1 10
1 37
1 2
1 12
1 60
1 61
1 52
1 6
1 23
1 26
1 9
1 24
1 21
1 28
1 25
1 29
1 41
1 39
1 62
1 4
1 1
1 30
1 45
1 38
1 50
1 14
1 51
1 18
1 32
1 54
1 22
1 46
1 35
1 58
1 11
1 63
1 15
1 27
1 5
0 67
0 74
0 70
0 65
0 72
0 68
0 73
0 69
0 71
0 66
0 83
0 81
0 77
0 80
0 76
0 78
0 75
0 82
0 79
0 93
0 88
0 86
0 92
0 90
0 85
0 89
0 87
0 84
0 91
