2
377 94
1 0 377 378
1 1 379
1 2 380 381
1 3 382
1 4 383
1 5 379 384
1 6 385
1 7 386
1 8 387
1 9 388
1 10 389
1 11 390
1 12 391
1 13 388
1 14 392
1 15 393
1 16 378
1 17 394
1 18 395 396
1 19 397
1 20 398
1 21 399
1 22 400
1 23 401
1 24 402
1 25 403
1 26 377
1 27 404
1 28 405
1 29 406 407
1 30 402
1 31 408
1 32 409
1 33 410 387
1 34 411
1 35 412
1 36 413
1 37 414
1 38 415
1 39 416
1 40 417
1 41 414 400
1 42 418
1 43 419 390
1 44 407
1 45 401 420
1 46 421
1 47 401 422
1 48 423
1 49 385
1 50 424
1 51 425
1 52 406
1 53 426
1 54 400 404
1 55 427
1 56 428
1 57 426 387
1 58 425
1 59 429
1 60 430
1 61 431
1 62 432 392
1 63 433
1 64 388
1 65 434
1 66 432
1 67 399 416
1 68 435
1 69 391
1 70 436
1 71 379 437
1 72 438
1 73 410 436
1 74 392
1 75 439
1 76 429 397
1 77 417
1 78 387
1 79 429
1 80 440
1 81 441 423
1 82 414
1 83 442
1 84 443 444
1 85 424
1 86 432
1 87 381
1 88 445
1 89 411 439
1 90 445 446
1 91 447
1 92 414 406
1 93 448
1 94 449
1 95 446 450
1 96 403
1 97 393
1 98 450 451
1 99 433 404
1 100 452
1 101 453
1 102 405
1 103 452 389
1 104 411
1 105 379
1 106 402 454
1 107 389
1 108 455
1 109 395 424
1 110 401
1 111 445
1 112 454
1 113 420
1 114 437
1 115 382
1 116 444
1 117 413 456
1 118 453 391
1 119 408
1 120 424
1 121 379
1 122 436
1 123 378
1 124 456
1 125 457
1 126 442 394
1 127 453
1 128 437
1 129 409
1 130 409 418
1 131 451
1 132 442
1 133 426
1 134 458
1 135 459
1 136 460
1 137 435 452
1 138 442
1 139 412
1 140 444
1 141 390
1 142 396
1 143 461
1 144 408
1 145 462
1 146 463
1 147 435
1 148 377
1 149 417 408
1 150 386
1 151 431
1 152 390
1 153 464
1 154 456
1 155 438
1 156 446
1 157 385
1 158 415
1 159 398 465
1 160 430
1 161 466
1 162 457 454
1 163 458 405
1 164 396
1 165 452
1 166 426 388
1 167 444 382
1 168 417
1 169 393
1 170 458
1 171 382 403
1 172 405
1 173 386
1 174 415
1 175 444
1 176 422 392
1 177 438
1 178 383
1 179 423
1 180 409 389
1 181 450
1 182 380
1 183 441
1 184 466
1 185 455
1 186 463 436
1 187 421
1 188 395
1 189 454
1 190 432
1 191 398 399
1 192 440
1 193 418
1 194 415 449
1 195 443
1 196 407
1 197 381
1 198 378 385
1 199 429 421
1 200 385 390
1 201 459 381
1 202 447 421
1 203 401
1 204 406
1 205 441 386
1 206 422
1 207 423
1 208 384
1 209 467
1 210 394 466
1 211 454
1 212 432
1 213 394
1 214 460
1 215 419
1 216 403
1 217 439
1 218 453
1 219 459 437
1 220 468
1 221 383
1 222 427
1 223 442 403
1 224 458 388
1 225 457
1 226 412 461
1 227 398
1 228 469
1 229 420
1 230 464
1 231 467
1 232 470
1 233 446
1 234 384
1 235 421
1 236 410
1 237 404
1 238 437
1 239 446
1 240 428
1 241 461
1 242 461
1 243 430 431
1 244 431
1 245 411 462
1 246 433
1 247 443
1 248 427 433
1 249 427 453
1 250 407
1 251 465
1 252 469
1 253 399
1 254 415 423
1 255 419
1 256 462 464
1 257 377
1 258 377 434
1 259 393 470
1 260 396
1 261 387
1 262 420
0 263 380
0 264 393 407
0 265 441
0 266 406
0 267 434
0 268 426
0 269 459
0 270 399
0 271 462
0 272 455
0 273 451
0 274 463
0 275 402 455
0 276 429
0 277 459
0 278 440
0 279 445 440
0 280 409
0 281 380 449
0 282 391
0 283 433
0 284 447
0 285 445
0 286 410
0 287 430
0 288 434
0 289 448 424
0 290 417 420
0 291 435
0 292 449
0 293 378
0 294 416
0 295 386 418
0 296 394
0 297 428 466
0 298 450
0 299 400
0 300 452
0 301 470
0 302 468
0 303 395
0 304 383 470
0 305 389
0 306 436
0 307 464 438
0 308 464
0 309 416
0 310 397
0 311 413
0 312 422
0 313 418
0 314 431 440
0 315 443 434
0 316 451 419
0 317 411
0 318 396 439
0 319 438
0 320 419
0 321 414
0 322 449
0 323 402
0 324 447
0 325 461 416
0 326 468
0 327 457 447
0 328 466
0 329 467 455
0 330 460 465
0 331 404
0 332 412 448
0 333 380
0 334 400
0 335 465
0 336 425 460
0 337 469
0 338 467
0 339 425
0 340 448
0 341 448
0 342 427
0 343 413
0 344 395
0 345 439
0 346 460
0 347 451
0 348 457
0 349 382
0 350 428 456
0 351 384
0 352 443
0 353 392
0 354 384 391
0 355 410
0 356 463
0 357 381
0 358 441
0 359 456
0 360 465
0 361 413 435
0 362 463 469
0 363 397 383
0 364 467 469
0 365 397
0 366 458
0 367 428
0 368 422
0 369 470
0 370 468 405
0 371 425 430
0 372 450
0 373 468 408
0 374 462
0 375 398
0 376 412
1 10
1 32
1 8
1 13
1 28
1 31
1 26
1 18
1 4
1 16
1 11
1 25
1 14
1 53
1 43
1 61
1 42
1 45
1 33
1 52
1 64
1 46
1 21
1 17
1 47
1 3
1 59
1 19
1 39
1 20
1 34
1 22
1 9
1 41
1 6
1 15
1 51
1 56
1 35
1 60
1 50
1 55
1 58
1 23
1 27
1 37
1 44
1 63
1 40
1 1
1 38
1 48
1 2
1 30
1 54
1 0
1 62
1 29
1 5
1 49
1 12
1 24
1 36
1 7
1 57
0 66
0 69
0 72
0 65
0 67
0 74
0 73
0 70
0 71
0 68
0 77
0 76
0 83
0 79
0 81
0 82
0 80
0 75
0 78
0 85
0 84
0 88
0 90
0 86
0 89
0 91
0 92
0 93
0 87
