2
377 94
1 0 377
1 1 378
1 2 379
1 3 380
1 4 381
1 5 382
1 6 383
1 7 384
1 8 385 386
1 9 387
1 10 388
1 11 389 390
1 12 391
1 13 392
1 14 393
1 15 394
1 16 395
1 17 396
1 18 397 398
1 19 399
1 20 400
1 21 401
1 22 402
1 23 403
1 24 404
1 25 401 405
1 26 406 407
1 27 408
1 28 409 410
1 29 407
1 30 399
1 31 384
1 32 411
1 33 412 413
1 34 414
1 35 415
1 36 416
1 37 417
1 38 405
1 39 393 384
1 40 418
1 41 419
1 42 403 420
1 43 421
1 44 421
1 45 422 423
1 46 424
1 47 425
1 48 426 391
1 49 427
1 50 428
1 51 429
1 52 430
1 53 431
1 54 411
1 55 432
1 56 428
1 57 418
1 58 382 433
1 59 423
1 60 415 389
1 61 434
1 62 420
1 63 435
1 64 436
1 65 420
1 66 414
1 67 392
1 68 406
1 69 437
1 70 438 424
1 71 421
1 72 421 439
1 73 409 439
1 74 389
1 75 429 440
1 76 441
1 77 442
1 78 443 418
1 79 378 444
1 80 383
1 81 380 445
1 82 394
1 83 440
1 84 407
1 85 390
1 86 395
1 87 446
1 88 447 440
1 89 386
1 90 448 402
1 91 449
1 92 385 406
1 93 428 384
1 94 450
1 95 401
1 96 425
1 97 451
1 98 377 452
1 99 452
1 100 398
1 101 397
1 102 409
1 103 439
1 104 390
1 105 453
1 106 454
1 107 442
1 108 443
1 109 404
1 110 424
1 111 455
1 112 456
1 113 457
1 114 394
1 115 458 397
1 116 411
1 117 414
1 118 459
1 119 460 413
1 120 438
1 121 461
1 122 398 392
1 123 412
1 124 393
1 125 462
1 126 463
1 127 435 437
1 128 464
1 129 435
1 130 410 446
1 131 444
1 132 433
1 133 465
1 134 425 466
1 135 459
1 136 380
1 137 448 436
1 138 433
1 139 437
1 140 395
1 141 467
1 142 432
1 143 451
1 144 468
1 145 428
1 146 405
1 147 445
1 148 430
1 149 465 422
1 150 453
1 151 415
1 152 396 390
1 153 432 469
1 154 380 431
1 155 419
1 156 381 387
1 157 434
1 158 440
1 159 469
1 160 441 388
1 161 405
1 162 431 418
1 163 397
1 164 394 453
1 165 447
1 166 440
1 167 426
1 168 382
1 169 457 447
1 170 446
1 171 443
1 172 468 407
1 173 422
1 174 385
1 175 411 383
1 176 463
1 177 445 434
1 178 390
1 179 423 408
1 180 416 402
1 181 395 466
1 182 379 463
1 183 428 434
1 184 461 454
1 185 396
1 186 401
1 187 413
1 188 399
1 189 403
1 190 381 449
1 191 470
1 192 392
1 193 441
1 194 422
1 195 452
1 196 465 469
1 197 433 470
1 198 458
1 199 431
1 200 443
1 201 432
1 202 468
1 203 414 417
1 204 410
1 205 462
1 206 416
1 207 451
1 208 402
1 209 412
1 210 385
1 211 400 419
1 212 426
1 213 447
1 214 465
1 215 427
1 216 423
1 217 407
1 218 435
1 219 469
1 220 413
1 221 394 464
1 222 422
1 223 384
1 224 406
1 225 458
1 226 402
1 227 404
1 228 379
1 229 459 408
1 230 454
1 231 395 450
1 232 464
1 233 436 392
1 234 427 382
1 235 393 458
1 236 414 451
1 237 400 468
1 238 436
1 239 459
1 240 449 438
1 241 415
1 242 461
1 243 417 404
1 244 453
1 245 386
1 246 397
1 247 427 452
1 248 437 405
1 249 461
1 250 460
1 251 457 463
1 252 412
1 253 417
1 254 446
1 255 396
1 256 466
1 257 377
1 258 386
1 259 419
1 260 410
1 261 445
1 262 396 467
1 263 467 451
1 264 433
1 265 446 399
1 266 469
1 267 460
1 268 460
1 269 463
1 270 387
1 271 412 456
1 272 382
1 273 377 401
1 274 441
1 275 430 419
1 276 409
1 277 416
1 278 453 391
1 279 389
1 280 437
1 281 379
1 282 427
1 283 462
1 284 461 416
1 285 468
1 286 403 455
1 287 430
1 288 445
1 289 385
1 290 450
1 291 442
1 292 458
1 293 425
1 294 462 455
1 295 408
1 296 409
1 297 452
1 298 435 424
1 299 391
1 300 448
1 301 438
1 302 378
1 303 406
1 304 449
1 305 381
1 306 436
1 307 413
1 308 456
1 309 464
1 310 457
1 311 400
1 312 455
1 313 403
1 314 448
1 315 448
1 316 380
1 317 456
1 318 438
1 319 455
1 320 459 421
1 321 431
1 322 388
1 323 399 415
1 324 423
1 325 457
1 326 449
1 327 441 444
1 328 383
1 329 442
1 330 381
1 331 430 387
1 332 434
1 333 470
1 334 378 450
1 335 389
1 336 400
1 337 398
1 338 393
0 339 465
0 340 411 420
0 341 391
0 342 444
0 343 424
0 344 379 456
0 345 426 432
0 346 410
0 347 454
0 348 420
0 349 387
0 350 466
0 351 470
0 352 425 383
0 353 386 404
0 354 443 470
0 355 460
0 356 466
0 357 429
0 358 378
0 359 442 462
0 360 377
0 361 467
0 362 388 454
0 363 417
0 364 429
0 365 447
0 366 439
0 367 408
0 368 444
0 369 398
0 370 439
0 371 418
0 372 450
0 373 467
0 374 388
0 375 426
0 376 429 464
1 5
1 2
1 57
1 0
1 23
1 51
1 8
1 52
1 61
1 73
1 29
1 74
1 25
1 64
1 78
1 62
1 79
1 53
1 45
1 20
1 30
1 60
1 11
1 43
1 21
1 75
1 38
1 35
1 82
1 33
1 37
1 27
1 68
1 80
1 26
1 14
1 46
1 10
1 65
1 17
1 47
1 83
1 76
1 22
1 56
1 13
1 54
1 72
1 18
1 31
1 70
1 6
1 39
1 66
1 36
1 15
1 41
1 40
1 16
1 49
1 3
1 24
1 34
1 1
1 9
1 28
1 4
1 71
1 7
1 32
1 77
1 42
1 55
1 63
1 81
1 12
1 69
1 58
1 19
1 59
1 50
1 67
1 44
1 48
0 90
0 91
0 86
0 85
0 84
0 93
0 88
0 89
0 87
0 92
