2
377 94
1 0 377 378
1 1 379 380
1 2 380
1 3 381
1 4 382
1 5 383
1 6 384
1 7 385
1 8 386
1 9 387
1 10 388
1 11 389
1 12 390
1 13 391
1 14 392
1 15 393
1 16 394
1 17 395 396
1 18 397
1 19 398
1 20 399 400
1 21 401
1 22 402
1 23 403
1 24 404
1 25 405
1 26 406
1 27 381 407
1 28 408
1 29 409 403
1 30 401
1 31 410
1 32 411
1 33 412
1 34 411 408
1 35 384
1 36 409
1 37 413 384
1 38 414
1 39 415
1 40 416 417
1 41 397
1 42 418
1 43 419
1 44 420
1 45 421
1 46 422
1 47 423
1 48 379
1 49 424
1 50 403
1 51 390
1 52 425
1 53 424
1 54 426
1 55 427
1 56 427
1 57 428
1 58 393 429
1 59 383
1 60 399
1 61 430
1 62 431
1 63 432 433
1 64 434
1 65 409
1 66 410 435
1 67 418 436
1 68 425
1 69 437 438
1 70 413 406
1 71 433
1 72 439
1 73 440
1 74 379
1 75 425
1 76 441
1 77 393 440
1 78 442
1 79 443
1 80 379 433
1 81 444
1 82 396
1 83 411 445
1 84 446
1 85 398
1 86 422
1 87 396
1 88 447
1 89 425 386
1 90 416
1 91 428 429
1 92 401 387
1 93 439
1 94 388
1 95 413
1 96 448
1 97 449
1 98 437
1 99 450 419
1 100 403
1 101 449
1 102 451
1 103 452
1 104 416
1 105 453
1 106 454
1 107 432
1 108 414
1 109 452
1 110 443
1 111 410
1 112 434 389
1 113 450
1 114 453
1 115 414 403
1 116 382
1 117 424
1 118 455
1 119 456
1 120 394 427
1 121 457
1 122 458 402
1 123 422
1 124 437
1 125 421
1 126 380
1 127 459
1 128 406 424
1 129 444
1 130 418
1 131 460
1 132 448 405
1 133 443 436
1 134 461 456
1 135 462
1 136 377
1 137 441
1 138 380 463
1 139 445 454
1 140 464
1 141 409
1 142 395 459
1 143 391
1 144 437 440
1 145 438
1 146 426 391
1 147 415 449
1 148 410 427
1 149 399
1 150 444 462
1 151 465
1 152 466
1 153 414 451
1 154 413
1 155 427
1 156 440
1 157 433
1 158 465
1 159 377
1 160 465 467
1 161 428
1 162 407
1 163 454
1 164 461
1 165 431
1 166 411
1 167 385
1 168 455
1 169 408
1 170 444
1 171 460 396
1 172 391
1 173 446 447
1 174 458
1 175 381
1 176 429
1 177 387
1 178 468
1 179 382
1 180 469
1 181 425 468
1 182 411
1 183 406
1 184 468
1 185 420
1 186 400
1 187 404
1 188 431
1 189 405
1 190 394
1 191 452
1 192 407
1 193 467 404
1 194 457 421
1 195 428 420
1 196 430 435
1 197 386
1 198 418
1 199 398
1 200 445
1 201 378
1 202 432
1 203 464 423
1 204 394
1 205 384 418
1 206 448
1 207 412 450
1 208 446
1 209 438
1 210 434
1 211 435
1 212 437
1 213 398 424
1 214 386
1 215 435
1 216 401 465
1 217 397
1 218 387
1 219 466 387
1 220 452 468
1 221 415
1 222 442
1 223 392
1 224 456
1 225 390
1 226 378 452
1 227 461
1 228 390 439
1 229 395
1 230 399 469
1 231 420
1 232 409 415
1 233 460
1 234 429
1 235 394 438
1 236 378
1 237 450
1 238 413
1 239 447
1 240 402
1 241 415
1 242 383
1 243 447
1 244 470
1 245 431 469
1 246 426
1 247 400
1 248 451
1 249 467
1 250 453 391
1 251 467
1 252 414
1 253 441 417
1 254 377 397
1 255 461 407
1 256 417
1 257 396
1 258 382 464
1 259 426
1 260 441
1 261 453
1 262 380
1 263 434 419
1 264 469
1 265 412
1 266 470
1 267 388
1 268 468
1 269 419
1 270 392
1 271 383 470
1 272 459
1 273 398 431
1 274 388 456
1 275 438
1 276 463
1 277 382 408
1 278 445
1 279 439
1 280 388 422
1 281 442 458
1 282 470
1 283 377
1 284 399
1 285 467
1 286 379
1 287 450
1 288 434
1 289 404 454
1 290 395
1 291 433
1 292 384
1 293 462
1 294 385
1 295 389
1 296 423
1 297 430
1 298 457
1 299 393
1 300 455
0 301 435
0 302 451 421
0 303 417
0 304 445
0 305 386 455
0 306 454
0 307 405
0 308 458
0 309 406
0 310 436
0 311 443
0 312 465
0 313 461
0 314 408
0 315 456
0 316 397 423
0 317 436
0 318 442
0 319 423
0 320 410
0 321 400
0 322 383 385
0 323 449 422
0 324 458
0 325 446 448
0 326 416
0 327 451
0 328 442
0 329 466
0 330 419
0 331 426 385
0 332 421
0 333 389
0 334 430
0 335 469
0 336 457 470
0 337 443 444
0 338 446
0 339 462 402
0 340 430 392
0 341 381 466
0 342 466
0 343 429
0 344 453
0 345 460
0 346 407
0 347 464
0 348 463
0 349 447 420
0 350 393
0 351 459
0 352 417
0 353 463
0 354 449
0 355 464
0 356 389 439
0 357 412
0 358 381
0 359 448
0 360 460 400
0 361 395
0 362 416 390
0 363 432
0 364 402
0 365 378
0 366 436
0 367 428
0 368 441 455
0 369 462
0 370 440
0 371 401
0 372 459 463
0 373 412 405
0 374 457
0 375 432 392
0 376 404
1 40
1 56
1 55
1 57
1 36
1 54
1 14
1 1
1 17
1 39
1 70
1 58
1 59
1 28
1 61
1 31
1 6
1 47
1 24
1 32
1 67
1 29
1 50
1 74
1 42
1 19
1 60
1 25
1 2
1 18
1 9
1 15
1 13
1 3
1 69
1 65
1 63
1 21
1 48
1 20
1 73
1 68
1 72
1 62
1 27
1 35
1 41
1 51
1 44
1 64
1 52
1 4
1 66
1 53
1 5
1 26
1 71
1 7
1 45
1 37
1 30
1 46
1 33
1 10
1 43
1 16
1 11
1 22
1 49
1 0
1 8
1 38
1 12
1 34
1 23
0 78
0 77
0 81
0 75
0 83
0 82
0 79
0 80
0 76
0 85
0 92
0 90
0 89
0 88
0 87
0 86
0 93
0 84
0 91
