2
52 190
1 0 52 53 54 55 56 57 58 59
1 1 60 61 62 63 64 65 66 67 68 69 70 71 72 73 74 75 76 77 78 79 80 81 82 83 84 85 86 87 88 89
1 2 116 117 54 57 58 59 90 91 92 93 94 95 96 97 98 99 100 101 102 103 104 105 106 107 108 109 110 111 112 113 114 115
1 3 52 53 118 119 55 120 56 121 122 123 124 125 126 127 128 129 130 131 132 133 134 135 136 137 138 139 140 141 142 143 144 145
1 4 148 149 150 151 152 153 146 147
1 5 54 57 58 59 90 154 91 155 92 156 93 157 94 158 95 159 96 160 161 98 99 101 103 104 105 107 108 109 110 111 114 115
1 6 84 85 87 89 60 61 62 63 65 66 67 68 69 71 73 75 76 77 78 80 82 83
1 7 164 165 86 72 88 64 162 163
1 8 132 118 103 90 139 109 111 129
1 9 52 53 118 119 55 56 122 123 124 125 126 128 129 131 132 133 134 135 136 138 139 140 141 142 166 167 168 169 170 171 172 173
1 10 89 77 62 174 63 175 176 177
1 11 180 181 182 183 184 185 178 179
1 12 52 53 118 119 55 56 122 123 128 129 131 132 133 166 134 167 168 136 169 170 139 171 172 173
1 13 180 181 182 186 187 188 189 190 191 64 192 193 194 195 196 197 70 198 199 72 200 201 74 79 81 147 148 149 86 151 88 178
1 14 202 203 204 205 206 207 208 209 210 211 212 213 214 215 216 217 154 155 156 157 158 159 160 161 162 163 164 165 174 175 176 177
1 15 52 53 118 55 56 129 132 166 167 168 169 170 139 171 172 173
1 16 196 218 187 219 220 189 221 192
1 17 212 84 87 217 60 208 80 209
1 18 116 117 186 187 188 189 190 191 192 193 194 195 196 197 198 199 200 201 222 223 224 97 225 226 227 100 228 229 102 106 112 113
1 19 180 181 182 188 61 191 64 193 195 68 69 197 70 198 71 199 72 73 201 74 76 79 81 82 147 83 148 149 86 151 88 178
1 20 85 75 78 65 66 67
1 21 116 117 54 57 58 59 90 92 93 222 223 95 224 96 97 225 98 226 227 100 228 229 102 103 106 107 108 109 111 112 113 115
1 22 100 133 117 102 134 122 106 128
1 23 183 184 185 202 203 204 205 206 208 209 146 210 211 212 150 152 216 153 217 162 163 164 165 230 231 232 233 234 235 236 237 179
1 24 116 124 125 141 126 112 97 113
1 25 94 110 114 99
1 26 116 117 54 57 186 58 187 59 189 190 192 194 196 200 93 222 223 224 96 97 225 98 226 227 100 228 229 102 106 112 113 115
1 27 213 85 214 215 78 207 65 66
1 28 155 156 159 160
1 29 101 166 167 168 104 105 91 172
1 30 166 167 168 169 170 171 172 173
1 31 120 121 124 125 126 127 130 135 137 138 140 141 142 143 144 145 146 150 152 153 218 219 220 221 230 233 234 236 238 239 240 241
1 32 180 181 182 186 187 188 189 190 191 192 193 194 195 196 197 198 199 200 201 147 148 149 151 222 223 224 225 226 227 228 229 178
1 33 183 184 185 204 205 206 146 211 150 152 153 218 219 220 221 162 163 164 165 230 231 232 233 234 235 236 237 238 239 240 241 179
1 34 70 231 232 74 235 237 79 81
1 35 202 203 207 208 209 210 212 213 214 215 216 217 154 91 155 156 157 94 158 159 160 161 99 101 104 105 174 110 175 176 177 114
1 36 180 181 182 60 61 62 63 64 68 69 70 71 72 73 74 76 77 79 80 81 82 147 83 148 84 149 86 151 87 88 89 178
1 37 120 200 121 186 190 143 145 194
1 38 154 75 157 158 161 67
1 39 183 120 184 121 185 127 130 137 143 144 145 146 150 152 153 218 219 220 221 230 231 232 233 234 235 236 237 238 239 240 241 179
1 40 229 137 222 127 144 225 130 227
0 41 228 135 138 140 142 223 224 226
0 42 207 213 214 215 90 154 91 155 92 156 157 94 158 95 159 160 161 99 101 103 104 105 107 108 109 174 110 175 111 176 177 114
0 43 119 136 123 93 96 98 131 115
0 44 84 85 87 89 60 62 63 65 66 67 75 77 78 80
0 45 230 198 233 201 234 188 236 193
0 46 68 69 204 76 205 206 82 211
0 47 71 216 73 202 203 61 210 83
0 48 169 170 107 171 92 108 173 95
0 49 183 184 185 202 203 204 205 206 207 208 209 210 211 212 213 214 215 216 217 162 163 164 165 231 232 235 237 174 175 176 177 179
0 50 197 199 238 239 191 240 241 195
0 51 119 120 121 122 123 124 125 126 127 128 130 131 133 134 135 136 137 138 140 141 142 143 144 145 218 219 220 221 238 239 240 241
1 28
1 44
1 88
1 97
1 125
1 127
1 132
1 133
1 2
1 3
1 4
1 7
1 11
1 13
1 14
1 24
1 25
1 27
1 33
1 42
1 53
1 60
1 63
1 67
1 81
1 93
1 95
1 102
1 108
1 111
1 113
1 115
1 129
1 131
1 139
1 140
1 146
1 147
1 0
1 6
1 9
1 17
1 31
1 32
1 35
1 37
1 39
1 46
1 50
1 57
1 58
1 79
1 83
1 92
1 101
1 103
1 112
1 117
1 119
1 121
1 124
1 128
1 134
1 137
1 141
1 142
1 16
1 23
1 29
1 40
1 45
1 48
1 56
1 59
1 61
1 65
1 68
1 69
1 72
1 74
1 75
1 76
1 77
1 85
1 86
1 94
1 104
1 105
1 109
1 130
1 135
1 136
1 145
1 151
1 18
1 19
1 20
1 21
1 43
1 91
1 100
1 143
1 12
1 22
1 30
1 55
1 89
1 98
1 107
1 116
1 64
1 66
1 87
1 123
1 47
1 54
1 70
1 84
1 90
1 106
1 122
1 126
1 5
1 73
1 96
1 150
1 8
1 38
1 41
1 49
1 51
1 62
1 120
1 138
1 15
1 26
1 34
1 36
1 52
1 71
1 78
1 80
1 82
1 99
1 110
1 114
1 118
1 144
1 148
1 149
1 1
1 10
0 153
0 154
0 155
0 156
0 159
0 160
0 161
0 162
0 163
0 166
0 167
0 168
0 169
0 170
0 157
0 158
0 164
0 165
0 152
0 172
0 173
0 178
0 180
0 187
0 188
0 189
0 175
0 176
0 177
0 181
0 182
0 184
0 185
0 186
0 171
0 174
0 179
0 183
