2
52 190
1 0 52 53 54 55 56 57 58 59 60 61 62 63 64 65 66 67 68 69 70 71 72 73 74 75 76 77 78 79 80 81 82 83
1 1 84 85 86 87 88 89 90 91 92 93 94 95 96 97 98 99 100 101 102 103 104 105 106 107 108 109 110 111 112 113 114 115
1 2 116 85 117 118 103 119 93 99
1 3 120 121 122 123 124 125 126 127 128 129 130 131 132 133 134 135 136 137 138 139 140 141
1 4 120 122 124 125 127 128 131 132 133 134 135 136 137 138 140 141 142 143 144 145 146 147 148 149 150 151 152 153 154 155 156 157
1 5 127 131 132 133 134 138 140 141 142 143 144 145 146 147 148 149 150 151 152 153 154 155 156 157 158 159 160 161 162 163 164 165
1 6 180 181 182 183 184 185 186 187 188 189 84 86 91 92 166 102 167 168 104 169 105 170 171 172 173 174 175 176 177 178 114 179
1 7 167 135 136 122 124 172 188 189
1 8 116 117 118 119 190 191 192 193 194 195 196 197 198 199 200 201 202 203 204 205 206 207 208 209 158 159 160 161 162 163 164 165
1 9 181 54 55 184 186 59 187 60 188 189 62 64 68 69 75 77 78 79 80 81 82 83 166 167 168 170 172 173 174 175 177 179
1 10 181 120 168 137 187 125 128 179
1 11 212 69 213 75 60 79 210 211
1 12 180 181 54 182 183 184 185 186 59 187 188 189 62 68 77 78 80 83 166 167 168 169 170 171 172 173 174 175 176 177 178 179
1 13 182 151 183 152 169 144 178 147
1 14 214 215 71 216 72 217 73 63
1 15 52 53 56 57 58 61 190 191 63 193 65 194 66 195 67 196 197 198 70 71 72 200 73 74 202 203 76 204 205 206 208 209
1 16 132 180 185 171 140 127 176 131
1 17 116 117 118 119 192 193 195 197 198 199 200 201 202 203 206 143 207 145 148 150 153 154 156 157 158 159 160 161 162 163 164 165
1 18 212 213 214 215 216 217 218 219 220 221 222 223 224 225 210 211
1 19 164 165 109 97 98 162 163 115
1 20 180 182 183 185 84 85 86 87 88 89 91 92 93 97 98 99 101 102 103 104 169 105 106 171 107 109 111 176 112 178 114 115
1 21 228 229 198 203 206 193 226 227
1 22 212 213 214 215 216 217 218 219 220 221 222 223 224 225 230 231 232 233 234 235 236 237 210 211
1 23 212 213 219 223 224 225 210 211
1 24 85 87 88 89 90 93 94 95 96 97 226 98 99 227 100 228 101 229 103 106 107 108 109 238 110 239 111 240 112 241 113 115
1 25 148 86 104 105 91 156 157 143
1 26 52 234 235 76 236 61 237 66
1 27 100 197 200 202 110 96 113 195
1 28 84 149 102 155 92 142 146 114
1 29 210 211 212 213 214 215 216 217 218 219 220 221 222 223 224 225 226 227 228 229 230 231 232 233 234 235 236 237 238 239 240 241
1 30 121 59 123 77 80 83
1 31 120 121 122 123 124 125 126 128 129 130 135 136 137 139
1 32 101 87 89 107 158 159 160 161
1 33 52 53 55 56 57 58 60 61 190 191 63 64 65 194 66 67 196 69 70 71 72 73 74 75 76 204 205 79 208 81 209 82
1 34 70 58 74 219 223 224 225 67
1 35 181 54 55 184 58 59 187 60 62 63 64 67 68 69 70 71 72 73 74 75 77 78 79 80 81 82 83 168 173 175 177 179
0 36 196 205 190 238 191 239 240 241
0 37 53 56 57 218 220 221 222 65
0 38 214 215 216 217 218 90 220 221 94 222 95 96 226 227 100 228 229 230 231 232 233 234 235 108 236 237 238 110 239 240 241 113
0 39 133 166 134 170 138 186 141 174
0 40 230 231 232 233 204 208 209 194
0 41 52 116 53 117 118 119 56 57 61 190 191 192 193 65 194 66 195 196 197 198 199 200 201 202 203 76 204 205 206 207 208 209
0 42 199 201 90 108 94 95 207 192
0 43 85 90 93 94 95 96 97 226 98 99 227 100 228 229 230 231 103 232 233 234 235 108 236 109 237 238 110 239 240 241 113 115
0 44 180 182 183 185 186 188 189 84 86 87 88 89 91 92 101 166 102 167 104 169 105 170 106 171 107 172 174 111 176 112 178 114
0 45 116 117 118 119 192 199 201 142 143 207 144 145 146 147 148 149 150 151 152 153 154 155 156 157 158 159 160 161 162 163 164 165
0 46 120 121 122 123 124 125 126 127 128 129 130 131 132 133 134 135 136 137 138 139 140 141 142 144 146 147 149 151 152 155
0 47 121 123 139 126 129 130
0 48 68 54 62 78
0 49 55 64 81 82
0 50 184 139 173 126 175 129 177 130
0 51 150 88 153 106 154 111 112 145
1 0
1 1
1 2
1 5
1 8
1 9
1 13
1 15
1 16
1 19
1 21
1 25
1 26
1 29
1 32
1 50
1 63
1 67
1 71
1 74
1 76
1 77
1 89
1 92
1 93
1 94
1 108
1 109
1 126
1 127
1 128
1 129
1 3
1 10
1 11
1 12
1 18
1 20
1 22
1 23
1 28
1 31
1 36
1 39
1 41
1 47
1 49
1 55
1 58
1 65
1 66
1 68
1 82
1 83
1 84
1 91
1 97
1 99
1 105
1 111
1 113
1 115
1 131
1 132
1 30
1 72
1 104
1 125
1 27
1 37
1 40
1 43
1 44
1 53
1 54
1 60
1 64
1 73
1 75
1 86
1 95
1 96
1 98
1 101
1 103
1 110
1 112
1 114
1 123
1 124
1 4
1 6
1 17
1 35
1 42
1 48
1 52
1 57
1 62
1 69
1 81
1 87
1 88
1 100
1 120
1 122
1 7
1 24
1 34
1 78
1 102
1 106
1 121
1 130
1 14
1 33
1 38
1 45
1 46
1 51
1 56
1 59
1 61
1 70
1 79
1 80
1 85
1 90
1 107
1 116
1 117
1 118
1 119
0 147
0 148
0 149
0 150
0 151
0 133
0 134
0 135
0 136
0 137
0 138
0 139
0 140
0 141
0 142
0 143
0 144
0 145
0 146
0 164
0 165
0 166
0 167
0 168
0 170
0 158
0 162
0 163
0 169
0 154
0 156
0 157
0 160
0 152
0 153
0 155
0 159
0 161
0 176
0 177
0 181
0 174
0 182
0 184
0 188
0 171
0 173
0 178
0 179
0 183
0 186
0 187
0 189
0 172
0 175
0 180
0 185
