2
52 190
1 0 52 53 54 55 56 57 58 59
1 1 60 61 62 63 64 65 66 67
1 2 68 69 70 71 72 73 74 75
1 3 76 77 78 79
1 4 84 85 86 87 80 81 82 83
1 5 88 89 90 91 92 93 94 95
1 6 116 117 118 119 120 121 122 123 90 92 94 95 96 97 98 99 100 101 102 103 104 105 106 107 108 109 110 111 112 113 114 115
1 7 116 117 118 119 121 122 123 124 125 126 127 128 129 130 131 90 92 94 95 96 97 98 99 100 101 103 104 105 107 112 113 114
1 8 60 62 63 67 132 133 134 135 136 137 138 139 140 141 142 143 144 81 145 146 147 148 149 85 150 86 151 87 152 153 154 155
1 9 156 157 158 159 160 161 162 163
1 10 132 164 165 166 167 136 138 140
1 11 168 169 170 171
1 12 148 117 119 121 155 143 98 147
1 13 101 118 103 123 172 173 174 175
1 14 180 84 181 182 183 184 185 61 64 65 66 164 165 166 167 176 80 177 178 82 179 83
1 15 150 152 141 126 127 128 144 129
1 16 52 56 186 58 187 59 188 189 190 191 192 193 194 195 196 197 70 198 199 71 200 72 201 73 202 203 204 205 156 157 158 163
1 17 212 213 206 207 208 209 210 211
1 18 68 69 74 75 76 77 206 78 79 210 211 213 214 215 216 217 218 219 220 221 222 223 224 225 226 227 228 229 168 169 170 171
1 19 196 186 205 223 224 193 225 227
1 20 214 199 216 201 202 222 226 195
1 21 116 181 117 118 119 121 185 123 124 61 125 126 127 128 64 129 65 130 66 131 90 92 94 95 98 101 103 104 107 112 177 178
1 22 180 84 182 183 184 164 165 166 167 176 80 82 179 83
1 23 116 230 231 104 232 233 107 112
1 24 180 181 182 183 184 185 124 61 125 126 127 128 64 129 65 130 66 131 80 82 83 84 164 165 166 167 176 177 178 179
1 25 229 182 215 183 217 219
1 26 180 184 153 154 139 176 146 179
1 27 53 54 55 57 68 69 74 75 76 77 206 78 79 210 211 213 214 216 218 220 221 222 159 223 160 224 161 225 162 226 227 228
1 28 180 182 183 184 176 179
1 29 187 190 191 197 198 200 137 203 204 143 145 147 148 149 151 88 89 91 155 93 230 231 232 233 234 235 172 236 173 237 174 175
1 30 53 54 118 55 120 57 122 123 90 92 94 159 95 96 160 97 161 162 99 100 101 102 103 105 106 108 109 110 111 113 114 115
1 31 53 54 55 120 57 122 68 69 74 75 159 223 96 160 224 97 161 225 162 99 227 100 102 105 106 108 109 110 111 113 114 115
1 32 100 197 200 187 203 96 113 99
1 33 52 56 58 187 59 188 189 190 191 192 194 197 70 198 71 200 72 73 203 204 88 89 91 156 157 93 158 163 234 235 236 237
1 34 132 133 134 135 136 138 139 76 140 77 142 78 79 81 146 85 86 215 87 217 153 218 154 219 220 221 228 229 168 169 170 171
1 35 228 218 220 221 238 239 240 241
1 36 212 238 207 239 208 240 209 241
1 37 212 186 193 195 196 199 201 202 205 238 207 239 208 240 209 241
1 38 60 62 63 67 137 141 143 144 145 147 148 149 150 151 88 152 89 91 155 93 230 231 232 233 234 235 172 236 173 237 174 175
1 39 133 181 134 135 185 142 177 178
1 40 60 62 63 67 133 134 135 137 141 142 143 144 81 145 147 148 149 85 150 86 151 87 152 155 230 231 232 233 172 173 174 175
1 41 52 56 186 58 59 188 189 192 193 194 195 196 70 199 71 72 201 73 202 205 207 208 209 212 156 157 158 163 238 239 240 241
1 42 102 120 188 189 109 110 192 194
1 43 212 186 156 157 158 193 195 163 196 70 199 71 72 201 73 202 205 238 207 239 208 240 209 241
1 44 60 62 63 67 132 133 134 135 136 138 139 140 141 142 144 81 146 85 150 86 215 87 152 217 153 154 219 229 168 169 170 171
1 45 149 151 137 124 125 145 130 131
0 46 132 136 138 139 76 140 77 206 78 79 210 146 211 213 214 215 216 217 153 218 154 219 220 221 222 226 228 229 168 169 170 171
0 47 52 56 58 187 59 188 189 190 191 192 194 197 198 200 203 204 88 89 91 93 230 231 232 233 234 235 172 236 173 237 174 175
0 48 105 234 122 235 236 237 97 114
0 49 116 181 117 119 121 185 124 61 125 126 127 128 64 129 65 130 66 131 80 82 83 84 98 164 165 166 167 104 107 112 177 178
0 50 198 106 108 204 190 191 111 115
0 51 53 54 55 120 57 68 69 74 75 206 210 211 213 214 216 222 159 223 160 224 161 225 162 226 227 102 106 108 109 110 111 115
1 35
1 73
1 75
1 80
1 88
1 114
1 115
1 167
1 16
1 18
1 53
1 83
1 86
1 96
1 143
1 160
1 19
1 52
1 110
1 127
1 151
1 154
1 156
1 166
1 46
1 102
1 113
1 138
1 28
1 41
1 101
1 121
1 140
1 150
1 157
1 159
1 3
1 23
1 30
1 58
1 68
1 76
1 99
1 147
1 8
1 12
1 17
1 34
1 47
1 48
1 49
1 54
1 59
1 64
1 93
1 98
1 105
1 106
1 108
1 112
1 125
1 126
1 129
1 130
1 132
1 144
1 148
1 149
1 152
1 158
1 161
1 165
1 4
1 50
1 61
1 69
1 70
1 84
1 117
1 168
1 1
1 11
1 36
1 51
1 67
1 72
1 74
1 77
1 81
1 82
1 85
1 94
1 95
1 97
1 109
1 118
1 122
1 124
1 131
1 133
1 134
1 139
1 153
1 163
1 5
1 20
1 25
1 33
1 40
1 60
1 103
1 104
1 15
1 24
1 29
1 137
1 2
1 26
1 100
1 107
1 57
1 119
1 146
1 155
1 21
1 31
1 43
1 45
1 55
1 87
1 91
1 92
1 141
1 169
1 6
1 7
1 10
1 32
1 38
1 39
1 65
1 79
1 89
1 90
1 111
1 116
1 120
1 123
1 128
1 135
1 136
1 162
1 164
1 170
1 0
1 13
1 27
1 56
1 63
1 71
1 142
1 145
1 9
1 14
1 22
1 37
1 42
1 44
1 62
1 66
1 78
0 178
0 179
0 180
0 182
0 185
0 186
0 189
0 171
0 175
0 184
0 188
0 172
0 176
0 177
0 187
0 173
0 174
0 181
0 183
