2
52 190
1 0 52 53 54 55 56 57 58 59
1 1 55 56 57 58 60 61 62 63 64 65 66 67 68 69 70 71 72 73 74 75 76 77 78 79 80 81 82 83 84 85 86 87
1 2 116 117 118 119 88 89 90 91 92 93 94 95 96 97 98 99 100 101 102 103 104 105 106 107 108 109 110 111 112 113 114 115
1 3 120 121 122 123 60 124 61 125 126 127 128 129 130 131 68 132 69 133 134 135 72 136 137 138 139 140 77 141 142 143 80 82
1 4 92 109 110 144 145 113 146 147
1 5 148 149 150 151 152 153 154 155 156 157 158 159 160 161 162 163 164 165 166 167 168 169
1 6 170 171 172 173 174 175 176 177
1 7 116 55 56 57 58 62 63 64 65 66 67 70 71 73 74 75 76 78 79 81 83 84 85 86 87 91 96 99 100 103 105 107
1 8 180 52 181 53 182 54 183 184 185 186 187 59 188 189 190 191 192 193 194 195 196 197 198 199 200 201 202 203 204 205 178 179
1 9 116 103 105 99
1 10 101 102 106 206 95 207 208 209
1 11 212 213 214 215 216 217 210 211
1 12 86 151 62 158 79 65 161 163
1 13 180 196 135 184 137 122 178 131
1 14 100 91 107 156 159 96
1 15 206 207 144 208 145 209 146 211 147 212 213 216 218 219 220 221 222 223 224 225 226 227 228 229 230 231 232 233 170 174 176 177
1 16 116 118 63 64 71 73 76 78 81 84 88 90 91 92 95 96 97 99 100 101 102 103 104 105 106 107 108 109 110 111 113 114
1 17 118 88 104 108
1 18 55 120 56 121 57 122 58 123 60 124 61 125 127 128 67 131 68 69 70 135 72 136 137 138 140 77 142 143 80 82 85 87
1 19 165 169 74 75 157 66 162 83
1 20 133 234 235 139 236 237 129 130
1 21 149 150 153 154 156 159
1 22 149 150 71 153 154 63 64 81
1 23 55 120 56 57 58 123 60 124 61 62 127 128 65 66 67 68 69 70 72 136 74 138 75 77 79 143 80 82 83 85 86 87
1 24 231 90 220 111 224 97 225 114
1 25 132 197 134 199 204 141 126 195
1 26 229 119 89 233 93 222 112 227
1 27 116 118 62 63 64 65 66 71 73 74 75 76 78 79 81 83 84 86 88 91 92 96 99 100 103 104 105 107 108 109 110 113
1 28 180 184 185 188 189 194 195 196 197 198 199 202 203 204 210 214 215 217 234 171 235 172 236 173 237 238 239 175 240 241 178 179
1 29 68 69 182 183 77 205 191 80
1 30 117 119 210 214 215 89 217 90 93 94 95 97 98 101 102 234 106 171 235 172 236 173 237 238 239 175 111 240 112 241 114 115
1 31 148 85 70 166 167 87 160 67
1 32 52 181 53 182 54 183 186 187 59 190 191 192 193 200 201 205 148 151 152 155 157 158 160 161 162 163 164 165 166 167 168 169
1 33 219 220 221 223 224 225 226 231 206 207 144 208 145 209 146 147
1 34 181 72 201 186 187 60 61 82
1 35 200 136 190 127 143 192 128 193
1 36 149 150 151 152 153 154 155 156 158 159 161 163 164 168
1 37 228 230 232 218 238 239 240 241
1 38 52 181 53 182 54 183 185 186 187 59 188 189 190 191 192 193 194 198 200 201 202 203 205 148 157 160 162 165 166 167 169 179
1 39 52 53 182 54 183 59 191 205 148 149 150 151 152 153 154 155 156 157 158 159 160 161 162 163 164 165 166 167 168 169
1 40 198 120 185 138 202 123 124 194
0 41 121 203 188 140 189 125 142 179
0 42 164 84 152 168 73 155 76 78
0 43 231 220 144 224 145 225 146 147
0 44 180 181 184 185 186 187 188 189 190 192 193 194 195 196 197 198 199 200 201 202 203 204 234 171 235 172 236 173 237 175 178 179
0 45 120 121 122 123 124 125 126 127 128 129 130 131 132 133 134 135 136 137 138 139 140 141 142 143 218 228 230 232 170 174 176 177
0 46 180 117 119 184 195 196 197 199 204 210 214 215 89 217 93 94 98 234 171 235 172 236 173 237 238 239 175 240 112 241 178 115
0 47 121 122 125 126 129 130 131 132 133 134 135 137 139 140 141 142 211 212 213 216 218 222 227 228 229 230 232 233 170 174 176 177
0 48 117 219 221 94 223 98 226 115
0 49 126 129 130 132 133 134 139 141 206 207 208 209 211 212 213 216 218 219 221 222 223 226 227 228 229 230 232 233 170 174 176 177
0 50 117 118 119 210 214 215 88 89 217 90 92 93 94 95 97 98 101 102 104 106 108 109 238 110 239 111 240 112 241 113 114 115
0 51 212 213 216 219 220 221 222 223 224 225 226 227 229 231 233 206 207 144 208 145 209 146 211 147
1 19
1 47
1 53
1 75
1 84
1 91
1 95
1 137
1 0
1 14
1 26
1 27
1 34
1 35
1 38
1 42
1 52
1 79
1 82
1 86
1 98
1 99
1 104
1 105
1 110
1 111
1 113
1 115
1 117
1 121
1 124
1 126
1 147
1 148
1 149
1 151
1 2
1 3
1 4
1 5
1 12
1 16
1 17
1 20
1 21
1 43
1 45
1 58
1 61
1 66
1 67
1 70
1 71
1 73
1 74
1 76
1 77
1 78
1 89
1 94
1 96
1 106
1 112
1 114
1 125
1 128
1 136
1 146
1 9
1 22
1 40
1 46
1 51
1 55
1 59
1 63
1 64
1 80
1 85
1 88
1 92
1 103
1 108
1 118
1 123
1 127
1 130
1 133
1 138
1 140
1 142
1 145
1 1
1 60
1 83
1 143
1 7
1 10
1 24
1 25
1 31
1 36
1 37
1 56
1 69
1 72
1 81
1 87
1 90
1 93
1 97
1 119
1 120
1 132
1 134
1 135
1 144
1 150
1 11
1 13
1 30
1 32
1 33
1 65
1 107
1 129
1 6
1 8
1 15
1 18
1 23
1 28
1 29
1 39
1 41
1 44
1 48
1 49
1 50
1 54
1 57
1 62
1 68
1 100
1 101
1 102
1 109
1 116
1 122
1 131
1 139
1 141
0 169
0 170
0 158
0 159
0 161
0 163
0 153
0 156
0 160
0 164
0 165
0 166
0 167
0 168
0 152
0 154
0 155
0 157
0 162
0 177
0 178
0 181
0 182
0 183
0 184
0 185
0 186
0 187
0 188
0 189
0 171
0 175
0 176
0 179
0 172
0 173
0 174
0 180
