2
52 190
1 0 52 53 54 55 56 57 58 59 60 61 62 63 64 65 66 67 68 69 70 71 72 73 74 75 76 77 78 79 80 81 82 83
1 1 52 53 55 57 58 59 60 61 62 64 66 68 69 70 71 72 74 75 76 77 79 81 82 83 84 85 86 87 88 89 90 91
1 2 71 75 92 61 93 94 95 64
1 3 100 101 96 97 98 99
1 4 116 117 102 103 104 105 106 107 108 109 110 111 112 113 114 115
1 5 118 119 120 121
1 6 102 104 106 108 109 110 112 114
1 7 104 122 106 123 108 124 125 112
1 8 102 109 126 110 127 128 129 114
1 9 132 133 134 135 136 137 130 131
1 10 68 53 70 138 139 140 141 62
1 11 142 143 144 145
1 12 148 149 150 151 152 153 146 147
1 13 130 133 135 137 149 150 151 152 154 155 156 157 158 159 160 161 162 163 164 165 166 167 168 169 170 171 172 173 174 175 176 177
1 14 180 181 182 183 184 185 186 187 188 189 190 191 96 192 97 193 98 99 100 101 178 179
1 15 196 197 101 96 194 98 195 99
1 16 118 55 119 120 57 121 122 123 124 61 125 126 127 64 128 129 198 199 71 200 201 74 75 76 84 85 86 87 88 89 90 91
1 17 116 198 199 200 105 201 113 115
1 18 180 164 181 182 166 170 187 171
1 19 130 194 195 196 133 197 135 137 202 203 204 205 149 150 151 152 154 155 157 159 160 161 162 164 166 170 171 172 173 175 176 177
1 20 55 57 122 58 123 59 124 61 125 64 66 198 199 71 200 201 74 75 76 77 79 81 82 83 84 85 86 87 88 89 90 91
1 21 138 139 140 141 206 207 208 209 210 211 212 213 214 215 216 217 218 219 92 220 221 93 222 94 223 95 224 225 226 227 228 229
1 22 180 181 182 183 184 185 186 187 188 189 190 191 192 193 131 132 134 136 146 147 148 153 96 97 98 99 100 101 178 179
1 23 138 139 140 141 207 149 214 150 215 151 152 217 154 218 155 219 156 220 221 158 161 225 226 163 228 165 229 167 168 169 174 176
1 24 58 59 223 209 81 66 211 227
1 25 229 54 219 220 63 65 225 67
1 26 100 230 231 232 233 97
1 27 52 53 54 56 58 59 60 62 63 65 66 67 68 69 70 72 73 77 78 79 80 81 82 83 234 235 236 237 238 239 240 241
1 28 212 116 213 117 216 222 224 102 103 104 105 106 107 108 109 206 110 111 208 112 113 210 114 115
1 29 52 53 54 56 60 62 63 65 131 67 132 68 69 134 70 136 72 73 78 80 146 147 148 153 234 235 236 237 238 239 240 241
1 30 183 185 186 173 191 175 160 162
1 31 180 181 182 183 184 185 186 187 188 189 190 191 192 193 131 132 134 136 146 147 148 153 234 235 236 237 238 239 240 241 178 179
1 32 167 56 169 73 156 78 174 80
1 33 130 133 135 137 207 149 150 151 152 154 218 155 219 156 220 157 158 159 161 225 226 163 228 165 229 167 168 169 172 174 176 177
1 34 118 119 120 121 122 123 124 125 126 127 128 129 194 195 196 197 198 199 200 201 202 203 204 205 142 143 144 145 230 231 232 233
1 35 184 172 157 190 159 192 193 177
1 36 118 119 120 121 126 127 128 129 194 195 196 197 202 203 204 205 142 143 144 145 160 162 164 230 166 231 232 233 170 171 173 175
1 37 165 168 234 235 236 158 240 163
1 38 84 85 117 86 103 88 107 111
1 39 116 117 138 139 140 141 206 208 209 210 211 212 213 214 215 216 217 92 221 93 222 94 223 95 224 227 103 105 107 111 113 115
1 40 212 55 57 74 76 206 222 208
0 41 130 194 195 196 133 197 135 137 202 203 204 205 142 143 144 145 157 159 160 162 164 230 166 231 232 233 170 171 172 173 175 177
0 42 116 117 206 208 209 210 211 212 213 216 92 93 222 94 223 95 224 227 102 103 104 105 106 107 108 109 110 111 112 113 114 115
0 43 183 185 186 188 189 191 96 97 98 99 100 101 178 179
0 44 52 228 69 72 218 60 207 226
0 45 118 119 120 121 122 123 124 125 126 127 128 129 198 199 200 201 142 143 144 145 84 85 86 87 88 89 90 91 230 231 232 233
0 46 213 87 216 89 90 91 224 210
0 47 180 181 54 182 56 184 187 190 63 192 65 193 131 67 132 134 136 73 78 80 146 147 148 153 234 235 236 237 238 239 240 241
0 48 202 203 204 188 189 205 178 179
0 49 154 155 237 238 239 176 161 241
0 50 214 215 217 221 77 79 82 83
0 51 138 139 140 141 207 209 211 214 215 217 218 219 92 156 220 221 93 158 94 223 95 225 226 163 227 228 165 229 167 168 169 174
1 6
1 14
1 19
1 21
1 22
1 39
1 45
1 52
1 58
1 64
1 65
1 66
1 69
1 70
1 81
1 89
1 93
1 94
1 109
1 112
1 114
1 117
1 118
1 119
1 125
1 129
1 132
1 140
1 141
1 142
1 146
1 147
1 12
1 20
1 32
1 33
1 90
1 100
1 115
1 120
1 23
1 86
1 92
1 104
1 8
1 30
1 60
1 95
1 130
1 139
1 1
1 3
1 4
1 7
1 18
1 25
1 28
1 34
1 38
1 44
1 50
1 57
1 67
1 80
1 127
1 137
1 108
1 136
1 145
1 149
1 5
1 9
1 47
1 88
1 24
1 59
1 131
1 135
1 27
1 63
1 76
1 82
1 83
1 102
1 110
1 150
1 35
1 56
1 79
1 123
1 31
1 43
1 96
1 124
1 40
1 42
1 48
1 54
1 77
1 105
1 106
1 144
1 2
1 10
1 36
1 37
1 49
1 61
1 68
1 71
1 72
1 75
1 78
1 85
1 97
1 99
1 101
1 107
1 116
1 122
1 126
1 128
1 133
1 138
1 143
1 151
1 0
1 11
1 17
1 26
1 46
1 51
1 53
1 55
1 62
1 87
1 103
1 111
1 113
1 121
1 134
1 148
1 41
1 74
1 91
1 98
1 13
1 15
1 73
1 84
1 16
1 29
0 165
0 170
0 152
0 153
0 154
0 155
0 156
0 157
0 158
0 159
0 160
0 161
0 162
0 163
0 164
0 166
0 167
0 168
0 169
0 177
0 179
0 182
0 184
0 185
0 186
0 189
0 173
0 174
0 176
0 178
0 171
0 172
0 175
0 180
0 181
0 183
0 187
0 188
