2
52 190
1 0 52 53 54 55 56 57 58 59 60 61 62 63 64 65 66 67
1 1 68 69 70 71
1 2 72 73 74 75 76 77 78 79
1 3 84 85 80 81 82 83
1 4 86 87 88 89 90 91 92 93
1 5 52 53 57 58 94 95 96 97
1 6 98 99 100 101 102 103 104 105 106 107 108 109 80 81
1 7 54 55 56 59 61 62 65 66
1 8 116 117 110 111 112 113 114 115
1 9 118 119 120 121 122 123 124 125 126 127 128 129 130 131 132 133 134 135 136 73 137 74 138 75 139 140 77 141 86 89 92 93
1 10 72 76 142 78 143 79 144 145 146 147 148 149 150 87 151 88 152 153 154 90 155 91 156 157 158 159 160 161 162 163 164 165
1 11 102 166 167 168 169 106 107 98
1 12 165 134 152 121 142 143 129 131
1 13 180 181 182 183 184 185 72 76 78 79 145 87 88 153 154 90 155 91 159 161 162 163 170 171 172 173 174 175 176 177 178 179
1 14 133 137 154 138 155 127 145 162
1 15 186 187 188 189 190 191 192 193 194 195 196 197 198 199 200 201 202 203 204 205 144 146 148 150 156 157 94 95 96 160 97 164
1 16 116 117 119 123 127 133 136 73 137 74 138 75 139 77 206 207 208 209 210 211 212 213 86 214 215 216 89 217 92 93 113 114
1 17 180 181 182 183 80 81 218 219 220 221 98 99 100 101 102 103 104 105 170 106 171 107 108 109 110 174 111 112 178 115
1 18 119 136 184 123 139 172 173 176
1 19 186 187 194 195 68 69 70 71 199 201 202 205 82 83 84 85 222 223 224 225 226 227 228 229 166 230 167 231 168 232 169 233
1 20 52 53 118 120 121 57 122 58 124 60 125 126 63 128 64 129 130 131 67 132 134 135 140 141 234 235 236 237 238 239 240 241
1 21 188 189 190 191 192 193 196 197 198 200 203 204 142 143 144 146 147 148 149 150 151 152 156 157 94 158 95 96 160 97 164 165
1 22 132 149 118 151 124 125 158 147
1 23 180 181 214 183 216 217 174 208
1 24 116 117 68 69 70 71 206 210 82 83 212 84 85 215 222 223 224 225 226 227 228 229 166 230 167 231 168 232 169 233 113 114
1 25 184 185 72 76 142 78 143 79 145 147 149 87 151 88 152 153 154 90 155 91 158 159 161 162 163 165 172 173 175 176 177 179
1 26 180 181 182 183 184 185 72 76 78 79 87 88 218 90 219 91 220 221 170 171 172 173 110 174 111 175 112 176 177 178 179 115
1 27 118 120 121 122 124 125 126 127 128 129 130 131 132 133 134 135 73 137 74 138 75 140 77 141 234 235 236 237 238 239 240 241
1 28 180 181 182 183 184 185 218 219 220 221 98 99 100 102 103 105 170 106 171 107 172 173 110 174 111 175 112 176 177 178 179 115
1 29 52 53 118 54 55 56 57 58 59 124 60 125 61 126 62 63 128 64 65 130 66 67 132 135 234 235 236 237 238 239 240 241
1 30 212 182 215 170 171 206 210 178
1 31 101 230 104 108 109 222 225 227
1 32 148 164 135 157 126 128 146 130
1 33 120 153 122 140 141 159 161 163
1 34 218 219 220 221 98 99 100 101 102 103 104 105 106 107 108 109 110 111 80 112 81 115
1 35 213 185 207 175 209 177 211 179
1 36 196 198 200 60 189 63 64 67
1 37 197 234 235 188 204 237 190 238
1 38 54 201 186 202 59 61 62 195
1 39 100 228 103 105 233 223 224 99
1 40 186 187 188 189 190 191 192 193 194 195 68 196 69 197 70 198 71 199 200 201 202 203 204 205 82 83 84 85 94 95 96 97
1 41 229 231 232 218 219 220 221 226
1 42 116 117 206 207 208 209 210 211 212 213 214 215 216 217 222 223 224 225 226 227 228 229 166 230 167 231 168 232 169 233 113 114
1 43 116 117 119 123 136 139 206 207 208 209 210 211 212 213 86 214 215 216 89 217 92 93 226 229 166 167 231 168 232 169 113 114
1 44 119 120 121 122 123 127 129 131 133 134 136 73 137 74 138 75 139 140 77 141 207 208 209 211 213 86 214 216 89 217 92 93
1 45 186 187 191 192 193 194 195 68 69 70 71 199 201 202 203 205 82 83 84 85 222 94 95 223 224 96 225 97 227 228 230 233
0 46 150 236 156 239 144 160 240 241
0 47 199 187 205 194
0 48 52 53 54 55 56 57 58 59 60 61 62 63 64 65 66 67 234 235 236 237 238 239 240 241
0 49 55 56 203 191 192 193 65 66
0 50 188 189 190 196 197 198 200 204 142 143 144 145 146 147 148 149 150 151 152 153 154 155 156 157 158 159 160 161 162 163 164 165
0 51 101 104 108 109 80 81
1 12
1 30
1 55
1 63
1 70
1 72
1 79
1 86
1 89
1 92
1 105
1 120
1 134
1 138
1 150
1 159
1 23
1 29
1 58
1 78
1 4
1 20
1 33
1 108
1 113
1 127
1 142
1 149
1 2
1 9
1 100
1 133
1 139
1 165
1 25
1 43
1 73
1 119
1 146
1 147
1 151
1 153
1 15
1 27
1 88
1 102
1 0
1 6
1 10
1 24
1 32
1 69
1 83
1 91
1 93
1 109
1 112
1 154
1 19
1 54
1 65
1 66
1 124
1 144
1 155
1 162
1 5
1 13
1 16
1 26
1 31
1 38
1 41
1 44
1 46
1 49
1 56
1 59
1 61
1 84
1 87
1 94
1 96
1 115
1 117
1 122
1 126
1 128
1 140
1 168
1 3
1 7
1 8
1 18
1 34
1 47
1 51
1 60
1 76
1 81
1 82
1 85
1 90
1 98
1 101
1 103
1 107
1 114
1 131
1 135
1 141
1 160
1 164
1 166
1 62
1 74
1 80
1 129
1 11
1 36
1 39
1 45
1 64
1 77
1 95
1 97
1 99
1 110
1 118
1 121
1 136
1 137
1 152
1 167
1 1
1 21
1 22
1 35
1 42
1 50
1 52
1 53
1 57
1 68
1 75
1 111
1 123
1 130
1 143
1 145
1 156
1 161
1 163
1 170
1 17
1 28
1 37
1 40
1 71
1 104
1 106
1 116
1 125
1 148
1 157
1 169
1 48
1 67
1 132
1 158
1 14
0 173
0 174
0 176
0 177
0 179
0 180
0 181
0 182
0 184
0 185
0 186
0 171
0 172
0 175
0 178
0 183
0 187
0 188
0 189
