2
52 190
1 0 52 53 54 55 56 57 58 59
1 1 60 61 62 63
1 2 68 69 70 71 64 65 66 67
1 3 72 73 74 75 76 77 78 79 80 81 82 83 84 85 86 87 88 89 90 91 92 93 94 95 96 97 98 99 100 101 102 103
1 4 104 105 106 107 108 109 110 111
1 5 116 117 118 119 120 121 122 123 66 67 69 70 72 76 77 78 81 82 83 87 89 90 93 95 96 98 100 103 112 113 114 115
1 6 120 124 125 126 127 112 114 115
1 7 128 129 130 131 132 133 134 135 136 137 138 139 140 141 142 143 144 145 146 147 148 149 150 151 152 153 154 155 156 157 158 159
1 8 164 165 166 167 160 161 162 163
1 9 100 133 134 136 90 76 159 83
1 10 168 169 170 171 172 173 174 175
1 11 52 180 181 182 54 183 184 56 185 186 58 187 188 189 190 191 160 161 162 166 104 106 170 171 109 173 111 175 176 177 178 179
1 12 52 180 181 54 183 56 185 186 58 187 60 188 61 189 62 190 63 191 192 193 194 195 160 161 162 166 104 106 109 111 178 179
1 13 52 117 182 118 54 120 184 56 58 123 196 197 198 199 200 201 202 203 160 161 162 166 170 171 173 175 112 176 177 113 114 115
1 14 140 156 143 130
1 15 124 125 126 127 128 64 129 65 132 68 133 134 71 136 138 204 205 206 207 144 208 145 209 210 211 148 150 152 153 155 158 159
1 16 128 129 132 133 134 135 136 138 139 204 205 142 206 207 144 208 145 209 146 210 147 211 148 149 150 151 152 153 154 155 158 159
1 17 212 117 213 118 214 215 123 113
1 18 216 217 218 219 220 221 222 223 224 225 105 107 108 110
1 19 180 181 183 185 186 187 60 188 61 189 62 190 63 191 192 193 130 194 131 195 137 140 141 143 156 157 104 106 109 111 178 179
1 20 124 125 126 127 128 64 65 68 133 134 71 136 138 204 205 206 207 144 208 209 210 211 212 213 214 215 153 159 226 227 228 229
1 21 180 181 183 218 219 220 190 225
1 22 180 181 183 186 60 61 189 62 190 63 191 192 193 130 194 131 195 135 137 139 140 141 142 143 146 147 149 151 154 156 157 178
1 23 60 61 62 63 192 129 193 130 194 131 195 132 135 137 139 140 141 142 143 145 146 147 148 149 150 151 152 154 155 156 157 158
1 24 84 102 73 137 141 157 94 131
1 25 228 229 198 199 201 203 226 227
1 26 84 85 86 88 91 92 94 97 99 101 102 73 74 75 79 80
1 27 116 119 121 122 66 67 69 70 72 75 76 77 78 79 81 82 83 86 87 88 89 90 91 92 93 95 96 98 99 100 101 103
1 28 230 231 232 185 233 187 188 179
1 29 53 55 57 59 212 213 214 215 226 227 163 228 164 229 165 230 231 167 168 232 169 233 234 235 236 172 237 238 174 239 240 241
1 30 116 117 182 118 119 120 184 121 122 123 66 67 196 197 69 198 70 199 200 201 202 203 170 171 173 175 112 176 177 113 114 115
1 31 53 55 57 59 216 217 218 219 220 221 222 223 224 225 163 164 165 230 231 167 168 232 105 169 233 107 108 172 110 174
1 32 103 72 204 205 78 81 210 211
1 33 216 217 221 222 223 224
1 34 53 55 57 59 124 125 126 127 64 65 68 71 212 213 214 215 226 227 228 229 168 169 234 235 236 172 237 238 174 239 240 241
1 35 149 86 135 154 75 139 91 99
1 36 84 85 86 87 88 89 91 92 93 94 95 96 97 98 99 101 102 73 74 75 77 79 80 82
1 37 132 148 101 150 88 92 158 79
1 38 216 217 218 219 220 221 222 223 224 225 163 164 165 230 231 167 232 105 233 107 108 110
1 39 85 151 74 142 80 97 146 147
1 40 124 125 126 127 64 65 68 71 204 205 206 207 208 209 210 211 212 213 214 215 226 227 228 229 234 235 236 237 238 239 240 241
1 41 222 223 192 193 194 195
1 42 87 89 153 138 95 128 144 82
1 43 116 117 118 119 120 121 122 123 66 67 196 197 69 198 70 199 72 200 201 202 203 76 78 81 83 90 100 103 112 113 114 115
1 44 84 85 102 73 74 94 80 97
1 45 53 55 57 59 218 219 220 225 163 164 165 230 231 167 168 232 105 169 233 234 107 235 108 236 172 237 110 238 174 239 240 241
0 46 196 197 200 234 202 236 239 241
0 47 52 182 54 184 56 185 58 187 188 196 197 198 199 200 201 202 203 160 161 162 166 104 106 170 171 109 173 111 175 176 177 179
0 48 152 155 77 93 96 129 145 98
0 49 216 217 186 221 189 191 224 178
0 50 116 119 121 122 206 207 208 209
0 51 182 184 235 237 238 176 240 177
1 43
1 45
1 96
1 102
1 140
1 149
1 163
1 166
1 2
1 14
1 124
1 129
1 54
1 56
1 85
1 104
1 110
1 120
1 138
1 148
1 9
1 12
1 17
1 21
1 26
1 34
1 36
1 37
1 42
1 46
1 50
1 51
1 53
1 57
1 71
1 72
1 76
1 83
1 93
1 95
1 99
1 100
1 126
1 128
1 133
1 144
1 155
1 158
1 159
1 161
1 164
1 169
1 5
1 8
1 23
1 27
1 41
1 47
1 90
1 132
1 0
1 10
1 25
1 35
1 40
1 66
1 73
1 87
1 91
1 92
1 97
1 165
1 16
1 22
1 29
1 78
1 7
1 11
1 20
1 28
1 30
1 38
1 60
1 64
1 67
1 70
1 79
1 80
1 84
1 88
1 89
1 94
1 101
1 105
1 108
1 109
1 111
1 115
1 117
1 121
1 136
1 141
1 143
1 150
1 154
1 167
1 168
1 170
1 32
1 62
1 68
1 86
1 122
1 127
1 130
1 160
1 19
1 33
1 55
1 63
1 75
1 81
1 142
1 157
1 4
1 6
1 13
1 18
1 52
1 61
1 69
1 77
1 98
1 106
1 114
1 123
1 125
1 139
1 145
1 151
1 1
1 49
1 146
1 156
1 39
1 44
1 48
1 74
1 103
1 116
1 118
1 131
1 3
1 65
1 113
1 119
1 135
1 147
1 153
1 162
1 107
1 134
1 137
1 152
1 15
1 24
1 31
1 58
1 59
1 82
1 112
0 184
0 185
0 187
0 171
0 172
0 180
0 183
0 174
0 177
0 179
0 188
0 173
0 175
0 176
0 178
0 181
0 182
0 186
0 189
