2
52 190
1 0 52 53 54 55 56 57 58 59
1 1 60 61 62 63 64 65 66 67
1 2 68 69 70 71 72 73 74 75
1 3 76 77 78 79 80 81 82 83 84 85 86 87 88 89 90 91 92 93 94 95 96 97 98 99 100 101 102 103 104 105 106 107
1 4 108 109 110 111
1 5 116 117 118 119 112 113 114 115
1 6 120 121 122 123 60 124 125 62 126 127 128 64 129 130 66 131 132 69 133 70 134 135 136 73 137 138 74 139 108 109 110 111
1 7 116 117 76 140 141 142 79 143 80 81 82 84 85 87 88 89 90 91 93 94 95 96 97 99 100 101 102 103 105 107 112 115
1 8 136 137 124 126 144 145
1 9 146 147 148 149 150 151 152 153 154 155 156 157 158 159 160 161 162 163 164 165 166 167 168 169 170 171 172 173 174 175 176 177
1 10 180 181 123 139 128 129 178 179
1 11 116 117 182 183 184 185 186 187 188 189 190 191 192 193 194 195 196 197 140 141 142 143 80 84 87 88 89 95 100 107 112 115
1 12 122 123 60 62 127 128 64 129 130 66 131 133 134 135 138 139 76 77 78 79 81 83 85 86 92 93 94 96 98 104 105 106
1 13 52 53 54 55 186 188 189 190 192 193 194 68 196 198 199 71 200 72 201 202 203 75 204 205 206 207 144 208 145 209
1 14 118 119 210 211 212 213 214 215 152 216 217 218 219 220 221 158 222 159 223 224 225 162 226 163 227 228 229 173 174 113 177 114
1 15 132 198 120 121 203 125 208 209
1 16 120 56 121 57 58 59 124 125 126 132 69 70 136 73 137 74 230 231 232 233 234 235 108 236 109 237 238 110 239 111 240 241
1 17 52 53 182 54 183 55 184 185 186 187 188 189 190 191 192 193 194 195 68 196 197 199 71 200 72 201 202 75 204 205 206 207
1 18 198 203 144 208 145 209
1 19 133 166 151 135 122 170 127 147
1 20 116 117 182 183 184 185 187 191 195 197 140 141 142 143 80 82 84 87 88 89 90 91 95 97 99 100 101 102 103 107 112 115
1 21 196 228 229 215 190 192 193 226
1 22 84 87 107 173 158 95 177 162
1 23 182 184 216 185 217 191 211 227
1 24 118 119 56 57 58 59 210 211 212 213 214 215 216 217 218 219 220 221 222 223 224 225 226 227 228 229 231 232 233 236 113 114
1 25 197 183 187 221 222 225 210 195
1 26 230 200 201 235 205 207 239 240
1 27 180 181 61 63 65 67 146 147 148 149 150 151 153 154 155 156 157 160 161 164 165 166 167 168 169 170 171 172 175 176 178 179
1 28 231 232 233 186 188 236 189 194
1 29 148 180 181 151 61 63 65 67 166 170 171 175 176 178 147 179
1 30 100 213 214 88 89 218 80 224
1 31 149 165 167 168 106 92 77 98
1 32 122 123 127 128 129 133 135 139 76 77 78 79 81 82 83 85 86 90 91 92 93 94 96 97 98 99 101 102 103 104 105 106
1 33 164 76 172 93 94 79 160 146
1 34 52 53 54 55 68 198 199 71 200 72 201 202 203 75 204 205 206 207 144 208 145 209
1 35 120 121 60 124 125 62 126 64 130 66 131 132 69 70 134 136 73 137 138 74 230 234 235 108 109 237 238 110 239 111 240 241
1 36 68 198 71 200 72 201 203 75 205 207 144 208 145 209
1 37 148 86 104 171 78 175 176 83
1 38 85 105 154 155 156 157 96 81
1 39 118 119 211 212 213 150 214 152 216 153 217 154 218 155 219 156 220 157 158 159 223 224 161 162 163 227 169 173 174 113 177 114
1 40 120 56 121 57 58 59 125 132 69 70 73 74 210 215 221 222 225 226 228 229 230 231 232 233 234 235 236 237 238 239 240 241
0 41 116 52 117 53 182 54 183 55 184 185 186 187 188 189 190 191 192 193 194 195 196 197 199 202 140 204 141 142 206 143 112 115
0 42 118 119 56 57 58 59 210 211 215 216 217 221 222 225 226 227 228 229 230 231 232 233 234 235 236 237 238 239 240 113 241 114
0 43 150 102 103 153 169 90 161 99
0 44 134 138 130 131
0 45 146 212 149 213 150 214 152 153 154 218 155 219 156 220 157 158 159 223 160 224 161 162 163 164 165 167 168 169 172 173 174 177
0 46 148 180 149 181 151 61 63 160 65 67 164 165 166 167 168 170 171 172 175 176 146 178 147 179
0 47 122 123 60 124 62 126 127 128 64 129 130 66 131 133 134 135 136 137 138 139 77 78 83 86 92 98 104 106 108 109 110 111
0 48 199 202 234 204 237 206 238 241
0 49 101 152 91 174 159 97 82 163
0 50 180 181 61 63 65 178 179 67
0 51 212 219 140 220 141 142 143 223
1 70
1 73
1 78
1 81
1 86
1 92
1 104
1 115
1 11
1 21
1 60
1 66
1 90
1 124
1 125
1 146
1 5
1 6
1 15
1 26
1 54
1 98
1 144
1 145
1 0
1 4
1 29
1 35
1 36
1 39
1 40
1 47
1 50
1 57
1 58
1 63
1 79
1 84
1 87
1 91
1 95
1 96
1 103
1 108
1 109
1 112
1 116
1 120
1 128
1 130
1 133
1 135
1 140
1 142
1 143
1 150
1 41
1 75
1 148
1 151
1 8
1 20
1 30
1 43
1 56
1 62
1 65
1 132
1 16
1 19
1 24
1 32
1 42
1 51
1 61
1 67
1 72
1 85
1 93
1 99
1 105
1 113
1 114
1 118
1 119
1 121
1 138
1 147
1 1
1 55
1 106
1 126
1 13
1 77
1 3
1 7
1 14
1 17
1 18
1 22
1 28
1 33
1 34
1 44
1 45
1 53
1 59
1 68
1 71
1 76
1 83
1 88
1 89
1 94
1 97
1 101
1 102
1 110
1 111
1 122
1 123
1 127
1 131
1 134
1 136
1 137
1 31
1 69
1 139
1 141
1 9
1 10
1 23
1 25
1 27
1 37
1 38
1 48
1 64
1 80
1 82
1 100
1 107
1 117
1 129
1 149
1 2
1 12
1 46
1 49
1 52
1 74
0 156
0 158
0 165
0 166
0 168
0 170
0 152
0 153
0 154
0 155
0 157
0 159
0 160
0 161
0 162
0 163
0 164
0 167
0 169
0 180
0 181
0 183
0 184
0 186
0 187
0 189
0 171
0 172
0 173
0 174
0 175
0 176
0 177
0 178
0 179
0 182
0 185
0 188
