2
52 190
1 0 52 53 54 55 56 57 58 59
1 1 60 61 62 63 64 65 66 67
1 2 68 69 70 71 72 73 74 75
1 3 76 77 78 79 80 81 82 83
1 4 84 85 86 87 88 89 90 91
1 5 92 93 94 95 96 97 98 99
1 6 100 101 102 103 104 105 106 107
1 7 108 109 110 111 112 113 114 115
1 8 116 117 118 119 120 121 122 123
1 9 52 117 55 119 56 120 122 59 124 60 125 61 126 127 128 65 129 130 66 131 132 133 134 135 84 88 89 91 101 102 103 106
1 10 52 55 56 59 60 61 65 66 136 137 138 139 76 140 141 142 143 81 82 83 84 88 89 91 92 94 97 98 101 102 103 106
1 11 144 145 146 147
1 12 148 149 150 151 136 137 139 141
1 13 152 153 154 155 156 157
1 14 136 137 138 139 76 140 141 142 143 144 145 81 82 146 83 147 152 153 154 92 156 158 94 159 160 161 97 162 98 163 164 165
1 15 116 53 54 118 57 121 58 123 62 63 64 67 100 166 167 168 104 169 105 170 171 107 172 173 109 174 175 111 176 177 113 115
1 16 159 160 161 163
1 17 116 180 181 182 118 183 184 185 121 123 100 166 167 168 104 169 105 170 171 107 172 173 109 174 175 111 176 177 113 178 179 115
1 18 186 187 188 189 190 191 192 193
1 19 187 155 189 157 190 192 194 195 196 197 198 199 200 201 202 203 204 205 206 207 208 209
1 20 180 212 181 213 183 185 210 211
1 21 180 181 182 183 184 185 71 72 73 75 214 215 216 217 218 219 220 221 222 223 224 225 166 167 173 109 111 176 113 178 179 115
1 22 187 189 190 192 194 195 196 68 197 69 198 70 199 200 201 202 74 203 204 205 206 207 208 209 210 211 212 213 155 157
1 23 228 164 229 165 158 226 162 227
1 24 214 215 216 200 220 206 209 194
1 25 52 55 56 59 136 137 138 139 76 140 141 142 143 144 145 81 82 146 83 147 84 88 89 91 92 158 94 97 162 98 164 165
1 26 186 188 191 193 144 145 146 147 152 153 217 218 154 219 156 221 158 222 159 223 160 224 161 225 162 163 164 165 230 231 232 233
1 27 132 133 166 134 167 173 128 176
1 28 186 188 191 193 71 72 73 75 214 215 152 216 153 217 218 154 219 220 156 221 222 159 223 160 224 161 225 163 230 231 232 233
1 29 234 138 235 140 236 237 142 143
1 30 125 127 128 129 194 130 68 132 69 133 198 70 134 200 201 202 74 203 206 209 210 211 212 213 108 238 110 239 112 240 241 114
1 31 52 117 55 119 56 120 122 59 124 60 61 126 65 66 131 135 138 76 140 142 143 81 82 83 84 88 89 91 101 102 103 106
1 32 117 119 120 122 124 60 125 61 126 127 128 65 129 130 66 131 132 133 134 135 101 102 103 106 108 238 110 239 112 240 241 114
1 33 196 155 205 157 207 208
1 34 148 85 149 86 150 87 151 90 93 95 96 226 227 99 228 229 234 235 236 77 237 78 79 80
1 35 182 184 238 239 240 241 178 179
1 36 197 199 218 219 204 221 223 195
1 37 180 181 182 183 184 185 71 72 73 75 214 215 216 220 166 167 168 169 170 171 172 173 109 174 175 111 176 177 113 178 179 115
1 38 186 188 191 193 136 137 139 141 144 145 146 147 152 153 154 92 156 158 94 159 160 161 97 162 98 163 164 165 230 231 232 233
1 39 135 171 124 126 174 175 177 131
1 40 116 53 54 118 57 121 58 123 62 63 64 67 77 78 79 80 85 86 87 90 93 95 96 99 100 104 105 234 235 107 236 237
0 41 53 54 57 58 62 63 64 67 77 78 79 80 148 85 149 86 150 87 151 90 93 95 96 226 227 99 228 229 234 235 236 237
0 42 116 53 54 118 57 121 58 123 62 63 64 67 85 86 87 90 100 168 104 169 105 234 170 171 235 107 172 236 237 174 175 177
0 43 198 217 201 202 203 222 224 225
0 44 148 228 149 229 150 151 226 227
0 45 168 169 170 172 125 127 129 130
0 46 187 155 189 157 190 192 195 196 197 199 204 205 207 208
0 47 187 189 190 192 194 195 68 197 69 198 70 199 200 201 202 74 203 204 206 209 210 211 212 213 108 238 110 239 112 240 241 114
0 48 180 181 182 183 184 185 186 188 191 193 71 72 73 75 214 215 216 217 218 219 220 221 222 223 224 225 230 231 232 233 178 179
0 49 196 230 231 232 233 205 207 208
0 50 148 149 150 151 93 95 96 226 227 99 228 229 77 78 79 80
0 51 117 119 120 122 124 125 126 127 128 129 130 131 68 132 69 133 70 134 135 74 210 211 212 213 108 238 110 239 112 240 241 114
1 18
1 28
1 30
1 49
1 94
1 107
1 118
1 119
1 40
1 46
1 56
1 78
1 93
1 98
1 108
1 131
1 20
1 31
1 59
1 62
1 77
1 103
1 113
1 136
1 8
1 13
1 22
1 34
1 48
1 81
1 89
1 95
1 1
1 7
1 53
1 58
1 70
1 72
1 85
1 90
1 2
1 26
1 63
1 82
1 110
1 127
1 141
1 149
1 3
1 12
1 47
1 54
1 67
1 79
1 102
1 114
1 76
1 120
1 129
1 130
1 132
1 135
1 142
1 143
1 6
1 9
1 88
1 115
1 138
1 145
1 147
1 151
1 23
1 27
1 60
1 66
1 69
1 101
1 106
1 112
1 125
1 128
1 140
1 148
1 25
1 35
1 43
1 44
1 80
1 100
1 117
1 150
1 19
1 37
1 99
1 139
1 14
1 17
1 109
1 137
1 36
1 45
1 74
1 75
1 116
1 123
1 21
1 83
1 97
1 104
1 111
1 122
1 133
1 144
1 4
1 10
1 29
1 32
1 38
1 50
1 61
1 64
1 68
1 71
1 84
1 126
1 5
1 33
1 39
1 52
1 55
1 121
1 124
1 134
1 11
1 51
1 57
1 65
1 73
1 91
1 96
1 146
1 0
1 15
1 16
1 24
1 41
1 42
1 86
1 87
1 92
1 105
0 165
0 166
0 167
0 168
0 169
0 170
0 154
0 157
0 162
0 164
0 152
0 153
0 155
0 156
0 158
0 159
0 160
0 161
0 163
0 180
0 182
0 186
0 171
0 175
0 181
0 183
0 172
0 177
0 184
0 188
0 173
0 176
0 178
0 185
0 174
0 179
0 187
0 189
