2
52 190
1 0 52 53 54 55 56 57 58 59 60 61 62 63 64 65 66 67 68 69 70 71 72 73 74 75 76 77 78 79 80 81 82 83
1 1 69 72 59 60
1 2 84 85 86 87 88 89 90 91
1 3 92 93 94 95 96 97 98 99
1 4 116 117 118 119 120 121 122 123 124 125 126 127 128 129 130 131 100 101 102 103 104 105 106 107 108 109 110 111 112 113 114 115
1 5 132 133 134 135 136 137 138 139 140 141 142 143 144 145 146 147 84 148 85 149 86 150 87 151 88 152 89 153 90 154 155 91
1 6 57 61 62 66 77 78 82 83 156 157 158 159 160 161 162 163 164 165 166 167 168 169 170 171 172 173 174 175 176 177 178 179
1 7 84 85 149 86 87 88 89 90 154 91 134 136 137 139 143 144
1 8 68 56 58 65
1 9 180 101 181 117 182 183 125 126
1 10 132 166 167 153 170 171 142 146
1 11 116 102 184 185 186 187 123 129
1 12 54 55 73 74 188 189
1 13 103 119 122 190 191 112 192 193
1 14 116 117 118 120 121 123 125 126 127 128 129 194 130 195 131 196 197 93 94 95 98 100 101 102 104 106 109 110 111 113 114 115
1 15 100 198 199 200 201 111 128 113
1 16 52 57 61 62 63 64 66 70 71 76 77 78 80 81 82 83 158 159 160 162 163 165 166 167 168 170 171 172 174 175 178 179
1 17 150 135 151 57 155 62 78 82
1 18 202 203 188 204 189 205
1 19 116 123 128 129 194 195 196 197 156 93 157 158 94 95 160 161 98 163 100 164 165 102 168 169 172 173 174 111 176 113 177 179
1 20 157 173 206 207 208 176 209 177
1 21 84 53 87 88 89 75 79 67
1 22 148 152 140 159 175 162 178 147
1 23 117 118 119 120 121 122 188 124 189 125 126 127 130 131 202 203 204 205 101 103 104 105 106 107 108 109 110 112 114 115
1 24 116 118 120 121 123 127 128 129 194 130 195 131 196 197 156 93 157 94 95 161 98 100 164 102 104 169 173 111 176 113 177 115
1 25 117 119 122 188 124 189 125 126 101 103 105 106 202 107 203 108 204 109 205 110 112 114
1 26 180 181 54 182 55 183 59 60 190 191 192 193 69 72 73 74 210 211 212 213 214 215 216 217 218 219 220 221 222 223 224 225
1 27 133 165 138 172 141 160 145 163
1 28 228 229 120 127 226 130 227 115
1 29 184 185 186 187 198 199 200 201 206 207 208 209 92 96 97 226 227 99 228 229 230 231 232 233 234 235 236 237 238 239 240 241
1 30 180 181 182 183 184 185 186 187 198 199 200 201 206 207 208 209 211 215 219 92 96 97 225 226 227 99 228 229 231 236 237 238
1 31 52 53 54 55 56 58 59 60 63 64 65 67 68 69 70 71 72 73 74 75 76 79 80 81 210 212 213 214 216 222 223 224
1 32 53 54 55 56 58 59 60 190 191 192 65 193 67 68 69 72 73 74 75 79 210 212 213 214 216 217 218 220 221 222 223 224
1 33 194 195 196 197 156 93 157 158 94 159 95 160 161 162 98 163 164 165 166 167 168 169 170 171 172 173 174 175 176 177 178 179
1 34 85 86 70 90 91 76 63 64
1 35 136 154 139 61 77 143 66 83
0 36 84 85 149 86 150 87 151 88 89 153 90 154 155 91 132 134 135 136 137 139 142 143 144 146
0 37 52 53 56 57 58 61 62 63 64 65 66 67 68 70 71 75 76 77 78 79 80 81 82 83 159 162 166 167 170 171 175 178
0 38 212 214 202 203 204 205 224 210
0 39 230 168 235 158 174 240 241 179
0 40 196 197 231 236 237 238 194 195
0 41 118 215 104 121 219 225 211 131
0 42 52 149 134 71 137 144 80 81
0 43 213 216 105 107 108 124 222 223
0 44 133 198 199 200 201 138 140 141 206 207 208 145 209 147 148 152 92 96 97 99 230 231 232 233 234 235 236 237 238 239 240 241
0 45 180 181 182 183 184 185 186 187 190 191 192 193 210 211 212 213 214 215 216 217 218 219 220 221 222 223 224 225 226 227 228 229
0 46 132 133 135 138 140 141 206 142 207 208 145 209 146 147 148 150 151 152 153 155 92 96 97 99 230 232 233 234 235 239 240 241
0 47 119 122 188 124 189 103 105 202 107 203 108 204 205 112
0 48 217 106 218 220 109 221 110 114
0 49 164 232 233 169 234 156 239 161
0 50 180 181 182 183 184 185 186 187 190 191 192 193 198 199 200 201 211 215 217 218 219 220 221 225 226 227 228 229 231 236 237 238
0 51 132 133 134 135 136 137 138 139 140 141 142 143 144 145 146 147 148 149 150 151 152 153 154 155 230 232 233 234 235 239 240 241
1 1
1 7
1 8
1 15
1 24
1 30
1 31
1 41
1 45
1 49
1 52
1 57
1 58
1 60
1 61
1 68
1 72
1 75
1 77
1 81
1 82
1 87
1 89
1 96
1 101
1 111
1 116
1 123
1 126
1 127
1 131
1 132
1 3
1 12
1 17
1 28
1 42
1 46
1 113
1 130
1 0
1 10
1 43
1 56
1 62
1 65
1 79
1 121
1 6
1 9
1 18
1 19
1 20
1 21
1 25
1 27
1 35
1 36
1 38
1 39
1 40
1 44
1 51
1 64
1 66
1 69
1 76
1 83
1 85
1 94
1 95
1 102
1 104
1 105
1 108
1 109
1 110
1 112
1 119
1 120
1 2
1 5
1 13
1 14
1 23
1 29
1 32
1 33
1 34
1 37
1 53
1 54
1 55
1 63
1 86
1 97
1 99
1 100
1 103
1 107
1 114
1 115
1 117
1 124
1 4
1 11
1 22
1 47
1 50
1 59
1 67
1 70
1 71
1 73
1 74
1 80
1 84
1 88
1 91
1 92
1 93
1 98
1 106
1 118
1 122
1 125
1 128
1 129
1 26
1 48
1 78
1 90
1 16
0 137
0 144
0 148
0 133
0 147
0 135
0 140
0 142
0 149
0 136
0 139
0 143
0 150
0 134
0 145
0 146
0 151
0 138
0 141
0 157
0 168
0 155
0 162
0 163
0 165
0 152
0 153
0 154
0 156
0 158
0 159
0 160
0 161
0 164
0 166
0 167
0 169
0 170
0 187
0 188
0 189
0 172
0 173
0 176
0 184
0 171
0 174
0 175
0 177
0 178
0 179
0 180
0 181
0 182
0 183
0 185
0 186
