2
52 190
1 0 52 53 54 55 56 57 58 59
1 1 60 61 62 63 64 65
1 2 68 69 70 71 72 73 66 67
1 3 74 75 76 77 78 79 80 81 82 83 84 85 86 87 88 89 90 91 92 93 94 95 96 97 98 99 100 101 102 103 104 105
1 4 106 107 108 109
1 5 116 117 60 61 62 63 64 65 110 111 112 113 114 115
1 6 116 117 118 119 120 121 122 123 60 124 61 125 62 63 64 65 110 111 112 113 114 115
1 7 52 54 55 57 126 127 128 129 130 131 132 133 134 135 136 137 138 139 140 141 142 143 144 145 146 147 148 149 150 151 152 153
1 8 154 155 60 156 157 63 64 65
1 9 158 159 160 161 66 162 163 164 165 166 167 71 168 72 169 73 170 171 172 173 174 175 176 177
1 10 180 181 153 140 144 178 130 179
1 11 182 183 184 185 173 159 176 161
1 12 136 152 186 187 188 189 142 143
1 13 148 85 102 103 138 76 127 145
1 14 166 168 169 172 190 191 192 193
1 15 196 197 61 62 194 195
1 16 132 137 77 95 129 81 82 146
1 17 180 53 181 56 186 58 187 59 188 189 198 199 200 201 74 76 77 81 82 85 89 91 92 93 95 96 99 100 102 103 178 179
1 18 52 116 117 118 54 119 55 120 57 121 122 123 60 124 61 125 62 63 64 65 136 142 143 152 110 111 112 113 114 115
1 19 75 76 77 78 79 80 81 82 83 84 85 86 87 88 90 94 159 95 161 97 98 101 166 102 103 168 104 169 105 172 173 176
1 20 180 53 181 56 186 58 187 59 188 189 198 199 200 201 202 203 204 205 206 207 208 209 210 211 212 213 154 155 156 157 178 179
1 21 52 116 117 118 54 119 55 120 57 121 122 123 124 125 128 130 133 136 140 142 143 144 147 150 152 153 110 111 112 113 114 115
1 22 71 72 73 170 174 160 66 163
1 23 101 214 215 216 104 217 97 83
1 24 119 120 121 124 205 206 208 210
1 25 116 117 213 202 203 113 114 211
1 26 180 53 181 56 186 58 187 59 188 189 198 199 200 201 74 202 203 205 206 208 210 211 213 89 91 92 93 96 99 100 178 179
1 27 164 167 218 219 171 220 221 162
1 28 165 158 222 223 175 224 225 177
1 29 182 183 184 185 126 190 191 192 129 193 131 132 134 135 137 146 214 215 216 217 222 223 224 225 226 227 228 229 230 231 232 233
1 30 158 160 66 162 163 164 165 167 71 72 73 170 171 174 175 177
1 31 134 87 135 126 78 94 80 131
1 32 118 198 199 200 201 122 123 125
1 33 53 56 58 59 194 195 196 197 198 199 200 201 202 203 204 205 206 207 208 209 210 211 212 213 154 155 156 157 234 235 236 237
1 34 228 230 88 233 90 79 98 227
1 35 133 150 89 74 92 128 99 147
1 36 180 181 186 187 188 189 74 76 77 78 80 81 82 83 85 87 89 91 92 93 94 95 96 97 99 100 101 102 103 104 178 179
1 37 170 174 238 239 160 240 241 163
1 38 212 204 110 207 111 112 209 115
1 39 182 183 184 185 190 191 192 193 214 215 216 217 218 219 220 221 222 223 224 225 226 227 228 229 230 231 232 233 238 239 240 241
1 40 100 149 151 91 139 93 141 96
1 41 182 183 184 185 190 191 192 193 67 68 69 70 218 219 220 221 222 223 224 225 227 228 230 233 106 107 108 109 238 239 240 241
1 42 126 190 127 191 192 129 193 131 132 134 135 137 138 139 141 145 146 148 149 214 215 151 216 217 226 227 228 229 230 231 232 233
1 43 234 235 236 237
1 44 194 67 195 68 196 69 197 70 202 203 204 205 206 207 208 209 210 211 212 213 154 155 156 157 234 106 107 235 108 236 109 237
1 45 52 118 54 119 55 120 57 121 122 123 124 125 127 128 130 133 136 138 139 140 141 142 143 144 145 147 148 149 150 151 152 153
0 46 66 71 72 73 75 79 84 86 88 90 158 159 160 161 162 98 163 164 165 166 167 168 169 105 170 171 172 173 174 175 176 177
0 47 126 127 128 129 130 131 132 133 134 135 137 138 139 140 141 144 145 146 147 148 149 214 150 215 151 216 217 153 226 229 231 232
0 48 182 183 184 185 194 67 195 68 196 69 197 70 218 219 220 221 222 223 224 225 234 106 107 235 108 236 109 237 238 239 240 241
0 49 75 78 79 80 83 84 86 87 88 90 158 94 159 161 97 162 98 164 165 101 166 167 168 104 169 105 171 172 173 175 176 177
0 50 194 67 195 68 196 69 197 70 204 207 209 212 218 154 155 219 156 220 221 157 234 106 107 235 108 236 109 237 238 239 240 241
0 51 84 229 86 231 232 105 75 226
1 3
1 12
1 16
1 33
1 48
1 64
1 109
1 146
1 11
1 15
1 49
1 97
1 122
1 158
1 22
1 28
1 30
1 40
1 101
1 136
1 144
1 145
1 4
1 8
1 14
1 18
1 26
1 32
1 35
1 41
1 43
1 46
1 53
1 54
1 56
1 58
1 59
1 60
1 61
1 70
1 75
1 82
1 84
1 85
1 88
1 121
1 126
1 127
1 142
1 143
1 149
1 154
1 155
1 167
1 6
1 23
1 29
1 125
1 87
1 92
1 95
1 119
1 123
1 129
1 140
1 159
1 10
1 13
1 78
1 117
1 134
1 148
1 162
1 169
1 2
1 7
1 17
1 31
1 52
1 62
1 66
1 94
1 98
1 102
1 103
1 105
1 106
1 108
1 124
1 130
1 131
1 132
1 138
1 141
1 150
1 151
1 152
1 156
1 157
1 164
1 165
1 166
1 44
1 51
1 71
1 147
1 0
1 19
1 21
1 24
1 39
1 45
1 50
1 65
1 76
1 77
1 79
1 80
1 83
1 89
1 91
1 110
1 116
1 128
1 137
1 153
1 9
1 68
1 73
1 118
1 1
1 90
1 168
1 170
1 20
1 27
1 69
1 114
1 81
1 99
1 100
1 163
1 25
1 37
1 113
1 139
1 67
1 93
1 104
1 160
1 5
1 34
1 36
1 38
1 47
1 57
1 63
1 96
1 107
1 111
1 115
1 161
1 55
1 112
1 120
1 133
1 42
1 72
1 74
1 135
1 86
0 180
0 181
0 183
0 171
0 172
0 174
0 175
0 177
0 178
0 182
0 189
0 173
0 176
0 179
0 187
0 184
0 185
0 186
0 188
