2
52 190
1 0 52 53 54 55 56 57 58 59
1 1 60 61 62 63
1 2 68 69 70 71 64 65 66 67
1 3 72 73 74 75 76 77 78 79
1 4 80 81 82 83 84 85 86 87 88 89 90 91 92 93 94 95 96 97 98 99 100 101 102 103 104 105 106 107 108 109 110 111
1 5 116 117 118 119 120 121 122 123 124 125 126 127 128 129 130 131 132 133 134 135 72 136 73 137 74 138 139 77 112 113 114 115
1 6 140 141 142 143 144 145 146 147
1 7 116 119 121 123 124 125 127 130 131 132 134 136 137 148 149 150 151 152 153 154 155 156 157 158 159 160 161 162 163 112 114 115
1 8 54 56 58 59 80 83 85 86 87 88 89 90 91 93 96 97 98 99 164 100 165 101 166 167 104 105 106 107 108 109 110 111
1 9 168 169 170 171 75 76 172 173 174 78 175 79 176 177
1 10 180 181 182 183 184 185 178 179
1 11 75 76 78 79 80 81 82 83 84 86 88 89 92 94 95 96 98 99 100 102 103 104 169 105 170 106 107 172 108 173 110 111
1 12 85 186 91 187 188 93 189 97
1 13 70 71 190 191 64 192 193 67
1 14 132 86 104 121 111 114 83 115
1 15 183 184 185 190 191 192 193 194 195 196 197 198 199 200 201 202 203 140 204 141 205 206 142 207 208 144 209 210 211 212 213 179
1 16 149 105 106 155 160 96 98 163
1 17 148 101 151 87 90 156 109 161
1 18 118 120 128 129
1 19 84 116 134 103 92 112 81 130
1 20 119 169 137 170 172 125 173 131
1 21 183 184 185 60 61 190 62 191 63 192 193 194 195 196 197 198 199 202 203 140 141 206 142 207 144 210 211 214 215 216 217 179
1 22 100 150 153 107 110 159 80 162
1 23 117 133 135 138 171 174
1 24 102 136 123 124 94 95 127 82
1 25 117 118 183 120 184 185 60 61 190 62 191 63 192 128 129 193 195 196 133 198 135 138 140 141 206 142 144 214 215 216 217 179
1 26 168 122 139 126 175 176 113 177
1 27 52 180 53 181 182 55 57 143 145 146 147 218 219 220 221 222 223 224 225 226 227 228 229 230 231 232 233 234 235 236 237 178
1 28 228 212 213 232 201 219 237 208
1 29 54 56 58 59 194 197 199 200 201 202 203 204 205 207 208 209 210 211 212 85 213 87 90 91 93 97 164 165 101 166 167 109
1 30 152 88 89 154 108 157 158 99
1 31 202 203 236 221 224 194 227 211
1 32 168 171 174 175 176 177
1 33 52 53 55 57 186 187 188 189 148 149 150 151 152 153 154 219 155 156 157 158 159 160 161 162 163 228 232 237 238 239 240 241
1 34 68 69 214 215 216 217 65 66
1 35 75 76 78 79 81 82 83 84 86 88 89 92 94 95 99 102 103 168 104 169 170 171 172 108 173 174 175 111 176 177
1 36 197 230 199 235 220 223 207 210
1 37 117 118 119 120 122 123 60 124 61 125 126 62 127 63 128 129 131 133 135 72 136 73 137 74 138 139 77 214 215 216 217 113
1 38 84 92 94 95 102 103 168 169 170 171 75 76 172 173 174 78 175 79 176 81 177 82
1 39 164 165 166 167 238 239 240 241
1 40 52 53 55 57 186 187 188 189 148 150 151 153 219 156 221 222 159 224 161 162 227 228 229 231 232 233 236 237 238 239 240 241
1 41 229 231 200 233 204 205 222 209
1 42 180 181 182 64 65 66 67 68 69 70 71 143 145 146 147 218 220 221 222 223 224 225 226 227 229 230 231 233 234 235 236 178
1 43 52 53 55 57 186 187 188 189 143 145 146 147 219 220 221 222 223 224 227 228 229 230 231 232 233 235 236 237 238 239 240 241
1 44 196 198 218 234 206 225 226 195
1 45 116 121 186 187 188 189 130 132 134 148 149 150 151 152 153 154 155 156 157 158 159 160 161 162 163 238 239 112 240 241 114 115
0 46 117 118 120 122 60 61 190 126 62 191 63 192 128 129 193 195 196 133 198 135 72 73 74 138 139 77 206 214 215 216 217 113
0 47 116 119 121 122 123 124 125 126 127 130 131 132 134 72 136 73 137 74 139 77 149 152 154 155 157 158 160 163 112 113 114 115
0 48 180 181 182 218 220 223 64 225 65 226 66 67 68 69 230 70 71 234 235 143 145 178 146 147
0 49 54 183 56 184 185 58 59 194 197 199 200 201 202 203 140 204 141 205 142 207 208 144 209 210 211 212 213 164 165 166 167 179
0 50 180 181 182 218 64 225 65 226 66 67 68 69 70 71 234 178
0 51 54 56 58 59 200 201 204 205 80 208 209 212 85 213 87 90 91 93 96 97 98 164 100 165 101 166 167 105 106 107 109 110
1 4
1 18
1 46
1 96
1 102
1 113
1 121
1 147
1 28
1 58
1 148
1 167
1 49
1 77
1 82
1 117
1 126
1 145
1 160
1 161
1 9
1 27
1 57
1 67
1 71
1 78
1 152
1 154
1 1
1 5
1 6
1 8
1 13
1 14
1 24
1 45
1 60
1 65
1 68
1 74
1 76
1 79
1 84
1 89
1 97
1 99
1 105
1 112
1 115
1 118
1 123
1 124
1 125
1 128
1 129
1 134
1 146
1 150
1 151
1 153
1 10
1 12
1 19
1 20
1 22
1 29
1 35
1 39
1 40
1 41
1 42
1 81
1 90
1 95
1 101
1 109
1 114
1 120
1 130
1 137
1 138
1 140
1 141
1 143
1 149
1 157
1 164
1 166
1 53
1 70
1 108
1 116
1 136
1 162
1 168
1 170
1 3
1 15
1 16
1 26
1 30
1 37
1 55
1 72
1 73
1 85
1 86
1 87
1 94
1 100
1 156
1 163
1 11
1 21
1 47
1 155
1 7
1 36
1 38
1 64
1 88
1 98
1 103
1 104
1 131
1 142
1 25
1 34
1 48
1 50
1 52
1 83
1 158
1 165
1 63
1 75
1 122
1 127
1 51
1 69
1 80
1 139
1 0
1 2
1 31
1 44
1 56
1 59
1 61
1 62
1 66
1 91
1 92
1 93
1 106
1 110
1 111
1 119
1 132
1 144
1 159
1 169
1 17
1 107
1 133
1 135
1 23
1 32
1 33
1 43
1 54
0 173
0 174
0 177
0 178
0 179
0 180
0 181
0 182
0 183
0 184
0 185
0 186
0 187
0 188
0 189
0 171
0 172
0 175
0 176
