2
52 190
1 0 52 53 54 55 56 57 58 59
1 1 60 61 62 63 64 65 66 67
1 2 84 85 86 87 60 63 65 67 68 69 70 71 72 73 74 75 76 77 78 79 80 81 82 83
1 3 69 88 89 90 91 76 78 81
1 4 116 117 118 119 120 121 122 123 92 93 94 95 96 97 98 99 100 101 102 103 104 105 106 107 108 109 110 111 112 113 114 115
1 5 124 125 126 127 128 129
1 6 100 132 133 93 95 130 131 115
1 7 116 117 118 119 120 121 122 134 135 136 137 138 139 140 141 92 93 95 96 98 100 101 102 104 105 107 108 109 110 112 114 115
1 8 54 55 57 58 69 70 74 76 142 78 143 144 145 81 146 147 83 148 149 150 151 87 152 153 154 155 156 157 158 159 160 161
1 9 54 55 57 58 60 63 65 67 69 70 72 74 75 76 78 143 145 81 82 147 83 148 84 149 150 151 87 152 154 156 158 161
1 10 60 63 65 67 68 69 70 71 72 73 74 75 76 77 78 143 79 80 81 82 83 148 84 85 150 86 151 87 152 156 158 161
1 11 52 180 53 181 56 59 61 62 64 66 88 89 90 91 162 163 164 165 166 167 168 169 170 171 172 173 174 175 176 177 178 179
1 12 148 165 150 167 156 158 162 178
1 13 182 54 183 55 184 185 57 186 58 187 188 189 142 143 144 145 146 147 148 149 150 151 152 153 154 155 156 157 158 159 160 161
1 14 118 119 120 121 190 191 192 193 194 195 196 197 134 135 136 137 138 139 140 141 92 93 95 98 100 101 104 105 107 109 114 115
1 15 182 183 184 185 186 187 188 189 130 131 132 133 198 199 200 201 202 203 204 205 206 207 208 209 210 211 212 213 214 215 216 217
1 16 180 181 61 62 64 66 218 219 220 221 222 223 224 225 226 227 164 228 229 230 231 232 233 234 235 236 173 237 238 239 240 241
1 17 101 214 215 200 105 107 207 98
1 18 70 166 87 168 74 176 163 83
1 19 118 199 119 120 204 206 210 114
1 20 229 231 233 237 126 129
1 21 68 85 86 71 73 77 79 80
1 22 182 135 136 184 137 186 140 188
1 23 183 104 185 121 187 92 109 189
1 24 84 85 86 60 63 65 67 68 71 72 73 75 77 79 80 82
1 25 116 117 122 123 124 125 94 126 127 96 128 97 129 99 102 103 106 108 110 111 112 113
1 26 116 201 202 122 203 108 112 209
1 27 232 219 124 236 125 127 224 128
1 28 134 153 138 139 141 157 142 144
1 29 52 53 118 119 56 120 121 59 190 191 192 193 194 195 196 197 134 135 136 137 138 139 140 141 92 104 169 109 174 175 177 114
1 30 182 54 183 55 184 185 57 186 58 187 188 189 130 131 132 133 199 204 142 206 144 145 146 210 147 149 153 154 155 157 159 160
1 31 130 131 132 133 198 199 200 201 202 203 204 205 206 207 208 209 210 211 212 213 214 215 216 217 219 221 223 224 226 230 232 236
1 32 123 124 125 94 126 127 128 97 129 99 103 106 111 113
1 33 155 190 191 159 192 160 146 195
1 34 180 181 61 62 64 66 88 89 90 91 222 225 162 163 227 164 228 165 166 167 168 170 234 171 172 173 238 176 240 241 178 179
1 35 196 149 197 154 145 193 194 147
0 36 84 72 170 75 171 172 82 179
0 37 116 117 122 123 124 125 126 127 128 129 93 94 95 96 97 98 99 100 101 102 103 105 106 107 108 110 111 112 113 115
0 38 151 152 169 174 143 175 177 161
0 39 68 164 180 85 181 86 173 80
0 40 52 53 56 59 190 191 192 193 194 195 196 197 88 89 90 91 162 163 165 166 167 168 169 170 171 172 174 175 176 177 178 179
0 41 71 73 77 238 79 225 241 227
0 42 117 198 102 216 217 205 110 96
0 43 198 200 201 202 203 205 207 208 209 211 212 213 214 215 216 217 218 219 220 221 223 224 226 229 230 231 232 233 235 236 237 239
0 44 182 183 184 185 186 187 188 189 130 131 132 133 199 200 201 202 203 204 142 206 207 144 209 146 210 214 215 153 155 157 159 160
0 45 228 234 222 240
0 46 230 123 221 94 223 111 226 99
0 47 198 205 208 211 212 213 216 217 218 219 220 221 222 223 224 225 226 227 228 229 230 231 232 233 234 235 236 237 238 239 240 241
0 48 218 235 220 239
0 49 180 181 61 62 64 66 88 89 218 90 91 220 222 225 227 164 228 229 231 233 170 234 171 235 172 173 237 238 239 240 241 179
0 50 212 213 103 106 208 97 113 211
0 51 52 53 56 59 190 191 192 193 194 195 196 197 134 135 136 137 138 139 140 141 162 163 165 166 167 168 169 174 175 176 177 178
1 23
1 37
1 60
1 83
1 99
1 126
1 127
1 128
1 12
1 20
1 24
1 45
1 56
1 74
1 92
1 96
1 4
1 6
1 8
1 9
1 15
1 16
1 17
1 21
1 47
1 57
1 73
1 78
1 95
1 102
1 105
1 113
1 117
1 119
1 124
1 132
1 59
1 62
1 91
1 130
1 0
1 1
1 7
1 18
1 29
1 31
1 33
1 35
1 39
1 40
1 41
1 49
1 51
1 58
1 65
1 67
1 71
1 76
1 77
1 80
1 81
1 85
1 88
1 89
1 98
1 101
1 109
1 114
1 121
1 122
1 123
1 131
1 5
1 26
1 28
1 86
1 103
1 116
1 42
1 43
1 87
1 107
1 3
1 11
1 34
1 36
1 48
1 54
1 79
1 82
1 2
1 14
1 22
1 25
1 27
1 30
1 32
1 38
1 44
1 61
1 68
1 75
1 84
1 97
1 100
1 106
1 111
1 112
1 118
1 120
1 10
1 13
1 19
1 46
1 50
1 52
1 64
1 66
1 69
1 70
1 72
1 90
1 93
1 94
1 104
1 108
1 110
1 115
1 125
1 129
1 53
1 55
1 63
0 143
0 144
0 148
0 149
0 150
0 137
0 138
0 140
0 142
0 145
0 146
0 147
0 151
0 133
0 134
0 135
0 136
0 139
0 141
0 157
0 158
0 159
0 160
0 161
0 162
0 163
0 164
0 165
0 166
0 167
0 168
0 169
0 170
0 152
0 153
0 154
0 155
0 156
0 171
0 172
0 173
0 174
0 175
0 176
0 177
0 178
0 179
0 180
0 181
0 182
0 183
0 184
0 185
0 186
0 187
0 188
0 189
