2
52 190
1 0 52 53 54 55 56 57 58 59
1 1 60 61 62 63 64 65 66 67 68 69 70 71 72 73 74 75 76 77 78 79 80 81 82 83
1 2 84 85 86 87 88 89 90 91
1 3 92 93 94 95 96 97 98 99
1 4 116 117 118 119 120 121 122 123 124 125 126 127 128 129 130 131 100 101 102 103 104 105 106 107 108 109 110 111 112 113 114 115
1 5 132 133 134 135 136 137 138 139 140 141 142 143 144 145 146 147 148 85 149 86 150 87 151 152 153 91 93 95 97 99
1 6 154 155 156 157 158 159 160 161
1 7 164 69 165 74 66 162 82 163
1 8 116 180 117 181 118 122 123 126 128 130 131 100 101 166 167 103 168 169 106 170 171 108 172 109 173 174 175 176 177 178 115 179
1 9 182 183 184 185 186 187 188 189
1 10 150 170 139 172 142 174 175 146
1 11 196 197 190 191 192 193 194 195
1 12 52 53 54 183 56 185 186 187 190 64 192 66 194 67 195 68 69 198 70 199 72 200 201 73 74 75 78 79 80 81 82 83
1 13 202 203 204 205 206 207 208 209
1 14 118 119 120 121 124 125 126 191 127 128 193 129 131 196 197 162 163 100 164 165 102 103 104 105 107 108 110 111 112 113 114 115
1 15 117 122 123 130
1 16 149 166 167 135 153 145 177 178
1 17 182 55 184 57 58 59 188 189 202 207 208 209 210 211 212 213 214 215 216 217 218 219 156 220 157 221 158 222 159 223 224 225
1 18 180 181 134 151 168 141 144 176
1 19 102 71 119 107 76 63 111 65
1 20 182 119 55 184 120 121 57 58 59 188 124 189 125 191 127 193 129 196 197 162 163 164 165 102 104 105 107 110 111 112 113 114
1 21 116 180 117 181 122 123 130 92 94 96 226 98 227 228 101 229 166 167 168 169 106 170 171 172 109 173 174 175 176 177 178 179
1 22 116 101 106 140 109 147
1 23 68 70 105 125 110 80 129 83
1 24 133 139 142 143 210 146 148 85 213 86 214 150 87 215 152 217 218 219 91 156 220 93 157 221 158 222 95 159 224 97 225 99
1 25 100 118 103 60 108 61 77 62
1 26 52 53 54 183 56 185 186 187 190 192 66 194 195 69 198 199 72 200 201 74 203 75 204 205 206 78 79 82 154 155 160 161
1 27 182 55 184 120 121 57 58 59 188 124 189 191 127 193 196 197 202 207 208 209 211 212 216 223 162 163 164 165 104 112 113 114
1 28 214 230 215 231 232 217 233 210
1 29 228 148 133 229 152 143 226 227
1 30 120 73 124 127 64 81 114 67
1 31 132 136 137 169 138 171 173 179
1 32 149 151 153 132 134 135 136 137 138 140 141 144 145 147
1 33 132 133 134 136 137 138 139 141 142 143 144 146 148 85 213 86 150 87 151 152 218 219 91 220 93 221 222 95 224 97 225 99
1 34 104 72 121 75 78 79 112 113
1 35 52 53 54 183 56 185 186 187 190 192 194 195 198 199 200 201 203 204 205 206 154 155 160 161 230 231 232 233 234 235 236 237
1 36 183 185 186 187 198 199 200 201 203 204 205 206 84 88 89 154 90 155 160 161 230 231 232 233 234 235 236 237 238 239 240 241
1 37 213 234 218 235 236 237 224 225
1 38 149 150 151 153 93 95 97 99 132 134 135 136 137 138 139 140 141 142 144 145 146 147
1 39 219 220 221 238 222 239 240 241
1 40 149 135 153 140 145 147
0 41 126 128 115 131
0 42 116 180 117 181 118 119 122 123 125 126 128 129 130 131 100 101 166 102 167 103 168 105 106 107 108 109 110 111 176 177 178 115
0 43 71 60 76 61 77 62 63 65
0 44 52 53 54 56 60 61 62 190 63 64 192 65 66 194 67 195 68 69 70 71 72 73 74 75 76 77 78 79 80 81 82 83
0 45 60 61 62 63 64 65 67 68 70 71 73 76 77 80 81 83
0 46 180 181 84 88 89 90 92 94 96 226 98 227 228 229 166 167 168 169 170 171 172 173 238 174 239 175 240 176 177 241 178 179
0 47 133 202 143 207 208 209 210 211 212 148 85 213 86 214 87 215 216 152 217 218 219 91 156 220 157 221 158 222 159 223 224 225
0 48 182 55 184 57 58 59 188 189 191 193 196 197 202 207 208 209 210 211 212 214 215 216 217 156 157 158 159 223 162 163 164 165
0 49 84 88 89 90 92 94 96 226 98 227 228 229 230 231 232 169 233 170 234 171 235 172 236 173 237 238 174 239 175 240 241 179
0 50 212 198 199 216 200 201 223 211
0 51 203 204 205 206 84 88 89 154 90 155 92 94 96 160 161 226 98 227 228 229 230 231 232 233 234 235 236 237 238 239 240 241
1 11
1 44
1 68
1 96
1 108
1 120
1 145
1 146
1 3
1 5
1 9
1 15
1 20
1 22
1 25
1 32
1 43
1 49
1 62
1 75
1 76
1 100
1 101
1 119
1 122
1 123
1 130
1 131
1 135
1 136
1 140
1 142
1 10
1 12
1 24
1 27
1 60
1 73
1 134
1 139
1 29
1 37
1 53
1 58
1 72
1 88
1 112
1 117
1 1
1 8
1 17
1 21
1 30
1 31
1 34
1 36
1 40
1 56
1 61
1 63
1 64
1 65
1 67
1 77
1 80
1 85
1 89
1 91
1 102
1 106
1 111
1 115
1 118
1 124
1 126
1 138
1 141
1 144
1 149
1 151
1 0
1 18
1 26
1 28
1 35
1 38
1 45
1 48
1 52
1 66
1 70
1 78
1 82
1 90
1 98
1 104
1 109
1 114
1 116
1 129
1 148
1 150
1 16
1 39
1 46
1 47
1 92
1 94
1 99
1 103
1 81
1 87
1 110
1 143
1 2
1 13
1 23
1 50
1 54
1 55
1 59
1 74
1 84
1 95
1 105
1 121
1 125
1 127
1 132
1 147
1 6
1 19
1 41
1 42
1 51
1 57
1 107
1 113
1 14
1 69
1 71
1 83
1 93
1 128
1 133
1 137
1 33
1 79
1 86
1 97
1 4
1 7
0 152
0 153
0 162
0 164
0 169
0 170
0 154
0 155
0 156
0 157
0 158
0 159
0 160
0 161
0 163
0 165
0 166
0 167
0 168
0 186
0 187
0 189
0 171
0 182
0 183
0 185
0 172
0 173
0 180
0 181
0 174
0 175
0 178
0 188
0 176
0 177
0 179
0 184
