2
52 190
1 0 52 53 54 55 56 57 58 59
1 1 60 61 62 63 64 65 66 67 68 69 70 71 72 73 74 75 76 77 78 79 80 81 82 83 84 85 86 87 88 89 90 91
1 2 60 61 62 63 64 66 67 68 69 72 73 77 78 79 80 81 82 83 84 85 86 87 90 91 92 93 94 95 96 97 98 99
1 3 52 116 117 118 55 119 120 57 121 58 122 123 124 125 126 127 100 101 102 103 104 105 106 107 108 109 110 111 112 113 114 115
1 4 132 133 134 135 128 129 130 131
1 5 53 54 56 59 136 137 138 139 140 141 142 143 144 145 146 147 148 149 150 151 152 153 154 155 156 157 158 159 160 161 162 163
1 6 65 70 71 74 139 75 140 76 141 144 146 148 149 150 151 88 153 89 155 157 158 159 160 163 164 165 166 167 168 169 170 171
1 7 180 53 181 54 182 183 56 184 185 186 59 187 188 189 190 191 128 132 133 134 136 138 142 162 172 173 174 175 176 177 178 179
1 8 84 62 80 66
1 9 164 166 169 171 192 193 194 195
1 10 196 197 182 198 199 184 187 188
1 11 200 73 201 202 203 77 64 67
1 12 61 62 65 66 68 69 70 71 72 74 75 76 78 79 80 81 82 83 84 85 86 88 89 91 164 165 166 167 168 169 170 171
1 13 103 151 104 153 121 140 111 146
1 14 204 93 205 94 206 207 97 98
1 15 53 54 56 185 59 189 190 136 137 138 141 142 143 144 145 147 148 149 150 152 154 155 156 157 161 162 163 172 174 175 177 178
1 16 180 181 182 183 184 186 187 188 191 128 132 133 134 200 201 202 203 204 173 205 206 207 176 179
1 17 60 63 64 129 130 67 131 196 197 198 199 135 73 77 208 209 210 211 212 213 214 215 87 90 92 93 94 95 96 97 98 99
1 18 148 150 118 157 112 113 115 163
1 19 71 216 88 217 218 219 76 65
1 20 69 85 72 220 221 222 79 223
1 21 60 62 63 64 129 66 130 67 131 196 68 197 198 199 135 73 77 80 82 83 84 86 87 90 92 93 94 95 96 97 98 99
1 22 139 158 159 224 160 225 226 227
1 23 228 229 70 230 231 89 74 75
1 24 61 65 69 70 71 72 74 139 75 140 76 78 79 81 146 85 151 88 153 89 91 158 159 160 164 165 166 167 168 169 170 171
1 25 68 86 232 233 82 83
1 26 192 193 194 195 216 217 218 219 220 221 222 223 224 225 226 227 228 229 230 231 232 233 234 235 236 237 238 239 240 241
1 27 52 116 118 55 120 57 58 123 124 125 126 127 208 209 210 211 212 213 214 215 100 101 102 105 106 107 108 110 112 113 114 115
1 28 216 217 218 219 220 221 222 223 192 193 194 195 228 229 230 231 232 233 234 236 238 241
1 29 180 183 186 92 173 95 96 99
1 30 137 139 140 141 143 144 145 146 147 148 149 150 151 152 153 154 155 156 157 158 159 160 161 163 164 165 166 167 168 169 170 171
1 31 232 233 234 236 238 241
1 32 52 55 120 57 58 124 127 129 130 131 196 197 198 199 135 208 209 210 211 212 213 214 215 100 101 102 105 106 107 108 110 114
1 33 180 181 182 183 184 185 186 187 188 189 190 191 128 132 133 134 200 201 202 203 204 205 206 207 172 173 174 175 176 177 178 179
1 34 220 221 222 223 228 229 230 231 232 233 234 236 238 241
1 35 212 214 215 185 172 175 209 178
0 36 52 55 57 58 129 130 131 196 197 198 199 135 208 209 210 211 212 213 214 215 92 93 94 95 96 97 98 99 100 105 106 110
0 37 53 181 54 182 56 184 185 59 187 188 189 190 191 136 137 138 142 143 145 147 152 154 156 161 162 172 174 175 176 177 178 179
0 38 200 201 202 203 204 205 206 207
0 39 152 120 154 107 156 124 127 147
0 40 149 117 119 122 155 141 109 144
0 41 100 105 106 189 174 110 190 177
0 42 116 117 118 119 120 121 122 123 124 125 126 127 224 225 226 227 101 102 103 104 235 107 108 237 109 239 111 112 240 113 114 115
0 43 116 137 123 125 126 143 145 161
0 44 116 117 118 119 121 122 123 125 126 192 193 194 195 216 217 218 219 224 225 226 227 103 104 235 237 109 239 111 112 240 113 115
0 45 181 213 191 208 176 210 211 179
0 46 117 119 121 122 192 193 194 195 216 217 218 219 220 221 222 223 224 225 226 227 228 229 230 103 231 104 235 237 109 239 111 240
0 47 165 167 168 170 235 237 239 240
0 48 234 91 236 61 238 78 81 241
0 49 101 102 136 138 108 142 114 162
0 50 87 90 60 63
0 51 180 183 186 128 132 133 134 200 201 202 203 204 173 205 206 207
1 1
1 3
1 25
1 30
1 39
1 48
1 63
1 83
1 0
1 10
1 15
1 17
1 21
1 24
1 36
1 41
1 42
1 45
1 47
1 53
1 55
1 56
1 60
1 69
1 70
1 76
1 80
1 84
1 91
1 93
1 96
1 97
1 109
1 112
1 114
1 117
1 119
1 121
1 127
1 132
1 12
1 18
1 33
1 50
1 68
1 103
1 105
1 115
1 8
1 11
1 26
1 34
1 38
1 40
1 61
1 64
1 73
1 74
1 78
1 79
1 81
1 85
1 88
1 89
1 90
1 102
1 104
1 106
1 108
1 111
1 116
1 118
1 120
1 122
1 123
1 128
1 6
1 29
1 52
1 95
1 125
1 126
1 129
1 130
1 2
1 4
1 7
1 16
1 19
1 22
1 23
1 27
1 28
1 57
1 59
1 65
1 66
1 67
1 71
1 75
1 86
1 87
1 92
1 94
1 98
1 100
1 101
1 107
1 110
1 113
1 124
1 131
1 13
1 14
1 20
1 35
1 44
1 62
1 82
1 99
1 5
1 9
1 31
1 32
1 37
1 43
1 46
1 49
1 51
1 54
1 58
1 72
1 77
0 141
0 143
0 145
0 147
0 148
0 149
0 150
0 133
0 135
0 136
0 139
0 134
0 137
0 142
0 146
0 138
0 140
0 144
0 151
0 156
0 160
0 162
0 166
0 153
0 154
0 157
0 158
0 159
0 165
0 167
0 168
0 161
0 163
0 164
0 169
0 152
0 155
0 170
0 188
0 172
0 182
0 185
0 189
0 173
0 175
0 181
0 183
0 178
0 184
0 171
0 174
0 176
0 177
0 179
0 180
0 186
0 187
