2
52 190
1 0 52 53 54 55 56 57 58 59 60 61 62 63 64 65
1 1 68 53 69 55 58 64 66 67
1 2 70 71 72 73 60 61
1 3 74 75 76 77 78 79 80 81 82 83 84 85 86 87 88 89 90 91 92 93 94 95 96 97 98 99 100 101 102 103 104 105
1 4 106 107 108 109 110 111 112 113
1 5 116 117 118 119 120 121 122 123 124 125 126 127 128 129 66 130 67 131 68 132 69 133 70 134 71 135 72 136 73 137 114 115
1 6 118 119 122 123 125 126 66 130 67 131 68 132 69 133 137 138 139 140 141 142 143 144 145 146 147 148 149 150 151 152 153 115
1 7 116 117 120 121 124 127 128 129 70 134 71 135 72 136 73 154 155 156 157 158 159 160 161 162 163 164 165 166 167 168 169 114
1 8 85 119 103 91 125 81 130 131
1 9 180 181 182 183 184 185 74 76 77 78 79 80 82 84 88 92 93 94 95 98 100 102 170 171 172 173 174 175 176 177 178 179
1 10 186 187 188 189 190 191 192 193 194 195 196 197 198 199 200 201 138 139 140 141 142 143 144 145 146 147 148 149 150 151 152 153
1 11 100 102 152 143 95 144 145 82
1 12 52 54 56 120 57 121 124 127
1 13 52 53 54 55 56 57 58 64 75 76 77 79 80 81 83 85 86 87 88 89 90 91 92 93 94 96 97 99 101 103 104 105
1 14 132 101 133 118 86 87 115 83
1 15 182 183 184 202 203 204 205 206 207 208 209 210 211 212 213 156 159 162 163 166 167 168 169 171 172 108 110 175 176 112 113 178
1 16 186 187 188 189 190 191 192 193 194 195 196 197 198 199 200 201 214 215 216 217 218 219 220 221 222 223 224 225 106 107 109 111
1 17 213 215 219 205 223 225 210 211
1 18 202 203 204 205 206 207 208 209 210 211 212 213 154 155 156 157 158 159 160 161 162 163 164 165 166 167 168 169 108 110 112 113
1 19 180 197 181 200 201 174 192 179
1 20 116 117 120 121 122 123 124 126 127 128 129 66 67 68 69 70 134 71 135 72 136 73 137 154 155 157 158 160 161 164 165 114
1 21 228 229 154 155 158 160 226 227
1 22 164 165 157 161
1 23 116 118 119 120 121 122 123 124 125 126 127 128 129 66 130 67 131 68 132 69 133 136 137 138 141 146 147 148 150 151 153 115
1 24 228 229 230 231 232 233 226 227
1 25 180 181 182 183 184 185 202 203 204 205 206 207 208 209 210 211 212 213 170 171 172 108 173 174 110 175 176 112 177 113 178 179
1 26 116 136 59 62 63 128 129 65
1 27 84 196 186 74 187 189 78 98
1 28 52 53 85 54 55 56 57 89 58 90 59 91 60 61 62 63 64 65 99 103 75 81
1 29 149 88 139 140 93 142 94 79
1 30 199 184 171 188 172 190 176 195
1 31 180 181 182 183 184 185 74 205 78 82 210 211 84 213 95 98 100 102 170 171 172 108 173 174 110 175 176 112 177 113 178 179
1 32 188 190 191 193 194 195 198 199 214 215 216 217 218 219 220 221 222 223 224 225 234 106 107 235 236 237 109 238 111 239 240 241
1 33 212 234 237 207 239 208 240 209
1 34 186 187 188 189 190 191 192 193 194 195 196 197 198 199 200 201 139 140 142 143 144 145 149 216 152 217 220 222 106 107 109 111
1 35 89 137 122 90 75 123 126 99
1 36 214 202 218 203 204 221 206 224
1 37 226 227 228 229 230 231 232 233 234 235 236 237 238 239 240 241
1 38 182 183 216 217 220 222 175 178
1 39 117 134 135 114
1 40 148 153 138 76 92 77 80 147
0 41 59 60 61 62 63 65
0 42 230 231 167 232 168 233 169 163
0 43 214 215 216 217 218 219 220 221 222 223 224 225 226 227 228 229 230 231 232 233 234 106 107 235 236 237 109 238 111 239 240 241
0 44 214 215 218 219 221 223 224 225 226 227 228 229 230 231 232 233 234 235 236 237 238 239 240 241
0 45 198 185 170 173 191 193 177 194
0 46 166 235 156 236 238 159 241 162
0 47 150 151 104 105 141 96 97 146
0 48 117 70 134 71 135 72 73 202 203 204 206 207 208 209 212 154 155 156 157 158 159 160 161 162 163 164 165 166 167 168 169 114
0 49 52 53 54 55 56 57 58 59 60 61 62 63 64 65 75 81 83 85 86 87 89 90 91 96 97 99 101 103 104 105
0 50 118 119 186 187 189 125 192 130 131 196 132 197 133 200 201 138 139 140 141 142 143 144 145 146 147 148 149 150 151 152 153 115
0 51 180 181 185 74 76 77 78 79 80 82 83 84 86 87 88 92 93 94 95 96 97 98 100 101 102 104 105 170 173 174 177 179
1 16
1 19
1 25
1 33
1 46
1 52
1 53
1 54
1 61
1 73
1 96
1 119
1 123
1 146
1 41
1 79
1 105
1 130
1 71
1 94
1 101
1 116
1 7
1 12
1 14
1 21
1 29
1 31
1 34
1 35
1 39
1 43
1 47
1 64
1 66
1 67
1 74
1 77
1 80
1 83
1 85
1 91
1 102
1 108
1 109
1 111
1 115
1 117
1 120
1 126
1 129
1 135
1 139
1 143
1 37
1 38
1 50
1 65
1 93
1 95
1 98
1 106
1 0
1 3
1 15
1 17
1 18
1 36
1 51
1 56
1 59
1 60
1 75
1 76
1 84
1 87
1 90
1 110
1 112
1 121
1 128
1 133
1 141
1 147
1 148
1 150
1 5
1 8
1 9
1 20
1 40
1 55
1 58
1 78
1 82
1 99
1 107
1 114
1 131
1 134
1 138
1 142
1 6
1 22
1 27
1 28
1 45
1 88
1 97
1 100
1 103
1 104
1 122
1 124
1 127
1 144
1 145
1 149
1 10
1 30
1 42
1 44
1 62
1 63
1 68
1 69
1 70
1 72
1 89
1 113
1 118
1 125
1 136
1 151
1 1
1 2
1 4
1 11
1 23
1 24
1 26
1 48
1 49
1 57
1 81
1 86
1 92
1 132
1 137
1 140
1 13
1 32
0 153
0 154
0 155
0 156
0 159
0 162
0 166
0 167
0 169
0 170
0 152
0 157
0 158
0 160
0 161
0 163
0 164
0 165
0 168
0 186
0 187
0 188
0 174
0 177
0 179
0 182
0 172
0 180
0 181
0 183
0 171
0 173
0 175
0 176
0 178
0 184
0 185
0 189
