2
52 190
1 0 52 53 54 55 56 57 58 59 60 61 62 63 64 65 66 67 68 69 70 71 72 73 74 75 76 77 78 79 80 81 82 83
1 1 52 84 85 86 87 56 57 74
1 2 88 89 90 91 92 93 94 95
1 3 96 97 98 99
1 4 100 53 101 54 102 103 58 75
1 5 116 117 118 119 120 121 122 123 124 125 126 127 128 129 130 131 91 92 93 94 104 105 106 107 108 109 110 111 112 113 114 115
1 6 132 133 134 135 77 79 80 67
1 7 136 137 138 139
1 8 140 141 142 143 144 145 146 147 148 149 150 151 152 153 154 155 156 157 158 159 160 161 162 163 164 165 166 167 168 169 170 171
1 9 55 172 61 173 174 63 175 64
1 10 180 181 182 183 184 185 186 187 142 143 145 146 147 150 88 152 89 90 156 157 95 160 161 163 165 166 168 169 176 177 178 179
1 11 188 189 190 191 192 193 194 195 132 196 133 197 134 198 199 135 200 201 84 85 86 87 100 101 102 103 172 173 174 175
1 12 196 201 188 190 191 194
1 13 188 189 190 191 193 194 100 196 101 197 102 198 103 201
1 14 149 202 203 140 204 205 158 162
1 15 69 197 198 189 65 193 66 83
1 16 117 118 120 121 122 123 124 125 126 127 130 131 136 137 138 139 206 207 208 209 91 92 93 94 106 107 108 109 111 112 114 115
1 17 212 213 206 207 208 209 210 211
1 18 148 214 215 216 217 154 170 155
1 19 168 106 122 123 156 157 147 115
1 20 218 219 220 221 191 194
1 21 68 199 200 73 62 192 81 195
1 22 166 119 104 105 169 142 143 128
1 23 53 117 54 118 120 58 125 131 70 71 136 72 137 138 75 139 206 207 208 209 82 218 219 220 221 96 97 98 99 107 109 111
1 24 180 181 182 183 184 185 186 187 145 210 146 211 147 212 213 150 88 89 90 156 157 222 223 95 160 224 225 168 176 177 178 179
1 25 116 119 121 122 123 124 126 127 128 129 130 214 215 216 217 91 92 93 94 226 227 228 229 104 105 106 108 110 112 113 114 115
1 26 183 120 184 185 107 109 125 177
1 27 117 118 222 111 223 224 225 131
1 28 116 119 121 122 123 128 129 130 202 203 204 205 214 215 216 217 226 227 228 229 230 231 104 232 105 233 106 110 112 113 114 115
1 29 52 53 54 56 57 58 62 65 66 67 68 69 70 71 72 73 74 75 77 79 80 81 82 83 218 219 220 221 96 97 98 99
1 30 234 59 235 60 236 76 237 78
1 31 212 213 222 223 224 225 210 211
1 32 189 192 193 195 132 133 197 134 198 199 135 200 84 85 86 87 100 101 102 103 234 235 172 236 173 237 174 238 239 175 240 241
1 33 181 182 121 176 112 114 130 179
1 34 192 195 132 133 134 199 135 200 202 203 204 205 84 85 86 87 230 231 232 233 234 235 172 236 173 237 174 238 239 175 240 241
1 35 55 59 60 61 63 64 140 76 141 142 78 143 144 148 149 151 152 153 154 155 158 159 161 162 163 164 165 166 167 169 170 171
1 36 117 118 120 124 125 126 127 131 136 137 138 139 206 207 208 209 218 219 91 220 92 93 221 94 96 97 98 99 107 108 109 111
1 37 228 229 165 152 161 226 227 163
1 38 212 180 213 183 184 185 186 187 222 223 224 225 177 210 178 211
1 39 116 119 128 129 202 203 204 205 214 215 216 217 226 227 228 229 230 231 104 232 105 233 234 235 236 237 110 238 239 240 113 241
1 40 164 230 231 167 232 153 233 159
0 41 116 150 110 160 145 113 129 146
0 42 52 55 56 57 59 60 61 63 64 67 74 140 76 141 77 78 79 144 80 148 149 151 153 154 155 158 159 162 164 167 170 171
0 43 212 180 181 213 182 183 88 184 89 185 90 186 187 222 223 95 224 225 176 177 210 178 211 179
0 44 151 171 141 238 239 144 240 241
0 45 132 133 134 135 202 203 204 205 214 215 216 217 226 227 228 229 230 231 232 233 234 235 172 236 173 237 174 238 239 175 240 241
0 46 53 54 58 62 65 66 68 69 70 71 136 72 137 73 138 75 139 206 207 208 209 81 82 83 218 219 220 221 96 97 98 99
0 47 52 55 56 57 59 60 61 62 63 64 65 66 67 68 69 73 74 76 141 77 78 79 144 80 81 83 151 153 159 164 167 171
0 48 196 70 71 72 201 188 190 82
0 49 181 182 140 142 143 145 146 147 148 149 150 88 152 89 154 90 155 156 157 158 95 160 161 162 163 165 166 168 169 170 176 179
0 50 180 186 187 108 124 126 127 178
0 51 84 85 86 87 188 189 190 191 192 193 194 195 100 196 101 197 102 198 199 103 200 201
1 0
1 4
1 11
1 12
1 14
1 15
1 16
1 24
1 28
1 34
1 35
1 38
1 39
1 47
1 52
1 55
1 62
1 67
1 70
1 76
1 89
1 92
1 93
1 97
1 98
1 114
1 115
1 117
1 119
1 129
1 131
1 141
1 31
1 32
1 82
1 103
1 21
1 61
1 83
1 96
1 100
1 108
1 120
1 135
1 88
1 105
1 116
1 124
1 8
1 33
1 85
1 144
1 1
1 2
1 3
1 5
1 7
1 10
1 42
1 54
1 64
1 73
1 74
1 86
1 90
1 91
1 95
1 99
1 101
1 104
1 106
1 110
1 111
1 118
1 130
1 133
1 139
1 140
1 142
1 145
1 6
1 29
1 109
1 125
1 18
1 30
1 40
1 150
1 9
1 13
1 19
1 20
1 23
1 25
1 27
1 36
1 41
1 46
1 50
1 51
1 56
1 65
1 71
1 72
1 75
1 78
1 79
1 84
1 87
1 102
1 107
1 127
1 128
1 132
1 136
1 137
1 138
1 148
1 149
1 151
1 17
1 49
1 57
1 147
1 26
1 37
1 58
1 60
1 66
1 68
1 81
1 94
1 121
1 123
1 134
1 143
1 22
1 43
1 44
1 48
1 53
1 59
1 63
1 69
1 77
1 112
1 113
1 122
1 126
1 146
1 45
1 80
0 168
0 169
0 153
0 161
0 163
0 167
0 154
0 155
0 158
0 159
0 152
0 156
0 160
0 166
0 157
0 162
0 164
0 170
0 165
0 184
0 186
0 188
0 176
0 178
0 181
0 185
0 172
0 173
0 174
0 182
0 171
0 177
0 179
0 183
0 175
0 180
0 187
0 189
