2
52 190
1 0 52 53 54 55 56 57 58 59
1 1 60 61 62 63 64 65 66 67
1 2 68 69 70 71 72 73 74 75
1 3 76 77 78 79
1 4 84 85 86 87 88 89 90 91 92 93 94 95 96 97 98 99 100 101 80 81 82 83
1 5 100 102 103 104 105 94
1 6 116 117 68 72 74 75 80 82 83 84 86 87 88 90 91 92 93 96 97 98 99 101 106 107 108 109 110 111 112 113 114 115
1 7 116 117 118 119 120 121 122 123 124 125 68 72 74 75 80 84 86 92 93 96 98 99 106 107 108 109 110 111 112 113 114 115
1 8 132 133 126 127 128 129 130 131
1 9 148 149 150 151 152 153 127 128 129 133 134 135 136 137 138 139 140 141 142 143 144 145 146 147
1 10 180 181 182 183 184 185 154 155 156 157 158 159 160 161 162 163 164 165 166 167 168 169 170 171 172 173 174 175 176 177 178 179
1 11 85 87 88 89 90 91 94 95 97 100 101 81 82 83
1 12 135 183 137 153 138 158 174 178
1 13 186 187 188 189
1 14 68 72 74 75 80 81 82 83 84 85 86 87 88 89 90 91 92 93 94 95 96 97 98 99 100 101 106 107 112 115
1 15 148 149 152 154 156 173 143 163
1 16 180 185 186 187 188 189 126 130 131 132 76 77 78 79 154 155 156 157 161 162 163 102 166 103 104 105 170 171 173 175 177 179
1 17 90 91 190 191 192 97 193 82
1 18 60 62 64 194 66 195 196 69 197 70 198 71 199 200 201 73 202 203 204 205 206 207 208 209 210 211 212 213 214 215 216 217
1 19 166 136 140 157 141 175 161 147
1 20 52 53 181 118 182 119 55 183 120 184 121 122 58 123 124 61 125 63 65 67 158 159 160 164 165 167 168 169 172 174 176 178
1 21 52 116 53 117 118 119 55 120 121 122 58 123 124 61 125 63 65 67 68 72 74 75 106 107 108 109 110 111 112 113 114 115
1 22 101 87 88 218 219 220 221 83
1 23 100 85 89 94 95 81
1 24 134 185 170 171 144 145 146 179
1 25 127 128 129 133 134 135 136 137 138 139 140 141 142 143 144 145 146 147 148 149 150 151 152 153 222 223 224 225 226 227 228 229
1 26 190 191 192 193 194 195 69 197 70 71 199 200 201 73 203 206 208 214 215 217 218 219 220 221 230 231 232 233 234 235 236 237
1 27 54 56 57 59 60 62 64 66 195 196 198 199 200 201 202 203 204 205 207 209 210 211 212 213 214 215 216 217 238 239 240 241
1 28 52 53 181 182 55 183 184 185 58 61 63 65 67 154 156 158 159 160 163 164 165 167 168 169 170 171 172 173 174 176 178 179
1 29 133 150 151 139 142 127 128 129
1 30 168 184 169 238 159 239 240 241
1 31 119 120 121 202 204 125 209 210
1 32 54 56 57 59 60 62 64 66 196 198 202 204 205 207 209 210 211 212 213 216 222 223 224 225 226 227 228 229 238 239 240 241
1 33 186 187 188 189 126 190 191 192 193 130 131 132 76 77 78 79 218 219 220 221 102 230 103 231 104 232 233 105 234 235 236 237
1 34 196 213 118 216 122 123 124 205
1 35 54 56 57 59 60 62 64 66 196 134 135 137 138 205 144 145 146 213 216 153 222 223 224 225 226 227 228 229 238 239 240 241
1 36 180 150 151 155 139 142 177 162
1 37 52 116 53 117 118 119 55 120 184 121 122 58 123 124 61 125 63 65 67 159 160 165 168 169 108 172 109 110 111 176 113 114
1 38 116 215 201 203 108 109 110 195
1 39 180 186 187 188 189 126 190 191 192 193 130 131 132 76 77 78 79 155 157 161 162 102 166 103 231 104 233 105 234 237 175 177
1 40 85 231 89 233 234 237 95 81
0 41 148 149 150 151 152 127 128 129 133 136 139 140 141 142 143 147
0 42 180 181 182 183 185 186 187 188 189 126 130 131 132 154 155 156 157 158 161 162 163 164 166 167 170 171 173 174 175 177 178 179
0 43 164 228 181 229 182 167 222 223
0 44 194 195 69 197 70 198 71 199 200 201 73 202 203 204 206 207 208 209 210 211 212 214 215 217 218 219 220 221 230 232 235 236
0 45 165 172 160 224 176 225 226 227
0 46 214 199 200 217 106 107 112 115
0 47 86 230 232 235 236 93 80 98
0 48 212 117 198 111 207 113 114 211
0 49 84 197 92 206 208 96 194 99
0 50 54 56 57 59 134 135 136 137 138 140 141 143 144 145 146 147 148 149 152 153 222 223 224 225 226 227 228 229 238 239 240 241
0 51 190 191 192 193 194 69 197 70 71 73 76 77 78 206 79 208 218 219 220 221 102 230 103 231 104 232 233 105 234 235 236 237
1 49
1 54
1 89
1 100
1 119
1 123
1 142
1 144
1 43
1 75
1 81
1 83
1 105
1 112
1 121
1 126
1 3
1 12
1 13
1 26
1 63
1 103
1 125
1 140
1 8
1 52
1 76
1 145
1 0
1 11
1 18
1 22
1 24
1 32
1 44
1 47
1 66
1 74
1 79
1 84
1 88
1 91
1 92
1 93
1 102
1 107
1 110
1 113
1 130
1 146
1 23
1 41
1 77
1 133
1 2
1 4
1 7
1 10
1 19
1 69
1 86
1 96
1 97
1 98
1 111
1 117
1 29
1 58
1 59
1 87
1 104
1 115
1 135
1 136
1 1
1 33
1 37
1 61
1 114
1 138
1 143
1 151
1 17
1 28
1 31
1 36
1 38
1 40
1 42
1 50
1 65
1 82
1 85
1 90
1 124
1 128
1 129
1 132
1 134
1 137
1 141
1 147
1 6
1 15
1 16
1 20
1 21
1 30
1 35
1 45
1 46
1 48
1 51
1 56
1 57
1 64
1 67
1 68
1 71
1 78
1 80
1 99
1 101
1 106
1 108
1 109
1 118
1 120
1 122
1 127
1 131
1 139
1 148
1 149
1 73
1 94
1 95
1 116
1 14
1 27
1 34
1 150
1 5
1 9
1 25
1 39
1 53
1 55
1 60
1 62
1 70
1 72
0 153
0 154
0 155
0 156
0 157
0 158
0 160
0 161
0 163
0 164
0 165
0 167
0 168
0 169
0 159
0 162
0 166
0 170
0 152
0 171
0 173
0 174
0 176
0 184
0 187
0 189
0 175
0 177
0 178
0 179
0 180
0 181
0 183
0 185
0 172
0 182
0 186
0 188
