2
52 190
1 0 52 53 54 55 56 57 58 59 60 61 62 63 64 65 66 67 68 69 70 71 72 73 74 75 76 77 78 79 80 81 82 83
1 1 84 85 86 87 88 89 90 91
1 2 116 117 118 119 120 121 122 123 92 93 94 95 96 97 98 99 100 101 102 103 104 105 106 107 108 109 110 111 112 113 114 115
1 3 116 120 124 125 126 127 128 129 130 131 132 133 134 135 136 137 138 139 140 141 142 143 144 145 146 147 93 98 101 102 103 104
1 4 148 149 150 151 152 153 154 155 156 157 158 159 160 161 162 163 164 165 166 167 168 169 170 171 172 173 174 175 176 177 178 179
1 5 165 119 171 92 176 97 99 163
1 6 180 181 182 183 184 185 186 187 124 188 125 189 126 190 191 128 129 133 134 135 136 137 138 139 141 142 145 146 84 85 86 91
1 7 180 181 182 183 184 185 186 187 188 189 190 191 192 193 194 195 196 197 198 199 200 201 202 203 204 205 206 207 84 85 86 91
1 8 132 143 208 209 130 210 131 211
1 9 53 152 56 173 158 63 160 64
1 10 53 117 54 118 119 56 121 122 123 61 63 64 65 82 92 94 95 96 97 99 100 105 106 107 108 109 110 111 112 113 114 115
1 11 150 151 123 108 110 175 112 177
1 12 212 213 137 141 128 146
1 13 195 197 198 200 201 202 203 207 148 149 150 151 152 153 154 155 156 157 158 159 160 164 166 168 170 172 173 174 175 177 178 179
1 14 214 215 184 216 217 186 187 191
1 15 133 218 219 139 124 220 221 129
1 16 180 181 182 183 184 185 186 187 188 125 189 126 190 191 192 128 193 194 196 134 135 199 137 204 141 205 206 146 84 85 86 91
1 17 212 213 214 215 87 216 88 217 89 90 222 223 224 225
1 18 184 186 187 124 125 126 127 191 128 129 130 131 132 133 134 135 136 137 138 139 140 141 142 143 144 145 146 147 84 85 86 91
1 19 212 213 214 215 216 217
1 20 164 54 154 156 61 65 82 179
1 21 148 149 150 151 153 157 161 226 162 227 163 228 229 165 230 231 167 232 233 169 234 235 171 236 237 238 239 175 240 176 241 177
1 22 228 116 229 102 103 233 93 237
1 23 234 235 140 127 144 226 227 147
1 24 196 55 60 204 205 79 192 80
1 25 118 167 105 169 95 96 161 162
1 26 181 185 189 222 190 223 224 225
1 27 134 135 125 126
1 28 116 117 118 119 120 123 127 130 131 132 140 143 144 147 92 93 95 96 97 98 99 101 102 103 104 105 106 108 109 110 111 112
1 29 212 213 214 215 87 216 88 57 217 89 58 90 222 223 224 225 67 68 70 73 75 81
1 30 166 168 121 122 155 94 174 115
1 31 192 193 194 195 196 197 198 199 200 201 202 203 204 205 206 207 152 154 155 156 158 159 160 164 166 168 170 172 173 174 178 179
1 32 198 200 74 203 76 77 195 83
1 33 218 219 220 221 226 227 228 229 230 231 232 233 234 235 236 237 238 239 208 240 209 241 210 211
1 34 52 53 54 55 56 121 122 59 60 61 62 63 64 65 66 69 71 72 74 76 77 78 79 80 82 83 94 100 107 113 114 115
1 35 55 57 58 60 67 68 70 73 74 75 76 77 79 80 81 83 212 213 214 215 87 216 88 217 89 90 222 223 224 225
1 36 197 71 72 201 202 78 207 66
1 37 148 100 149 153 107 157 113 114
1 38 208 209 210 211 218 219 220 221 161 226 162 227 163 228 229 165 230 231 167 232 233 169 234 235 171 236 237 238 239 240 176 241
1 39 218 219 220 221 208 209 210 211
1 40 101 230 232 104 120 240 241 98
1 41 136 138 142 145
1 42 218 219 220 221 226 227 230 232 234 235 208 240 209 241 210 211
1 43 52 53 54 119 56 121 122 59 123 61 62 63 64 65 66 69 71 72 78 82 92 94 97 99 100 107 108 110 112 113 114 115
1 44 116 117 118 120 124 127 129 130 131 132 133 136 138 139 140 142 143 144 145 147 93 95 96 98 101 102 103 104 105 106 109 111
1 45 148 149 150 151 153 154 155 156 157 161 162 163 228 164 229 165 166 231 167 168 233 169 171 236 237 238 174 239 175 176 177 179
0 46 180 182 70 183 73 58 188 81
0 47 180 181 182 183 185 188 189 190 192 193 194 195 196 197 198 199 200 201 202 203 204 205 206 207 152 158 159 160 170 172 173 178
0 48 52 69 170 59 172 62 159 178
0 49 52 55 57 58 59 60 62 66 67 68 69 70 71 72 73 74 75 76 77 78 79 80 81 83 87 88 89 90 222 223 224 225
0 50 117 231 106 236 109 238 111 239
0 51 68 199 57 75 206 193 194 67
1 5
1 16
1 25
1 27
1 37
1 43
1 50
1 53
1 56
1 59
1 64
1 65
1 67
1 71
1 86
1 87
1 89
1 96
1 100
1 101
1 106
1 122
1 124
1 129
1 132
1 134
1 138
1 142
1 147
1 148
1 165
1 167
1 4
1 18
1 34
1 85
1 95
1 109
1 114
1 136
1 9
1 15
1 24
1 29
1 35
1 36
1 42
1 44
1 47
1 55
1 76
1 79
1 83
1 97
1 102
1 103
1 104
1 111
1 115
1 118
1 119
1 121
1 123
1 127
1 133
1 135
1 137
1 140
1 146
1 149
1 152
1 157
1 0
1 6
1 11
1 22
1 40
1 49
1 60
1 61
1 66
1 69
1 75
1 80
1 88
1 93
1 112
1 116
1 130
1 139
1 143
1 151
1 153
1 159
1 160
1 162
1 1
1 2
1 8
1 13
1 17
1 28
1 31
1 38
1 39
1 41
1 46
1 48
1 58
1 68
1 72
1 77
1 78
1 81
1 84
1 92
1 94
1 107
1 108
1 113
1 120
1 128
1 154
1 156
1 163
1 164
1 169
1 170
1 10
1 12
1 14
1 21
1 54
1 57
1 62
1 91
1 141
1 145
1 161
1 168
1 3
1 7
1 23
1 30
1 51
1 63
1 82
1 90
1 99
1 105
1 117
1 126
1 131
1 144
1 150
1 158
1 32
1 110
1 125
1 155
1 45
1 166
1 20
1 26
1 74
1 98
1 19
1 33
1 52
1 73
1 70
0 184
0 185
0 189
0 171
0 172
0 173
0 174
0 175
0 176
0 177
0 178
0 179
0 180
0 181
0 182
0 183
0 186
0 187
0 188
