2
52 190
1 0 52 53 54 55 56 57 58 59
1 1 60 61 62 63 64 65 66 67
1 2 68 69 70 71 72 73 74 75
1 3 76 77 78 79 80 81 82 83
1 4 76 78 80 83 84 85 86 87 88 89 90 91 92 93 94 95 96 97 98 99 100 101 102 103 104 105 106 107 108 109 110 111
1 5 89 93 97 98 99 102 104 105 106 107 76 78 110 111 80 83
1 6 52 116 53 117 118 54 119 120 121 57 122 123 124 125 126 127 128 129 130 131 132 133 134 71 135 72 73 74 112 113 114 115
1 7 135 136 121 137 138 139 124 114
1 8 100 101 87 140 108 141 142 143
1 9 148 149 144 145 146 147
1 10 117 121 122 124 125 126 128 129 132 133 134 135 150 151 152 153 154 155 156 157 158 159 160 161 162 163 164 165 112 113 114 115
1 11 84 85 86 88 89 91 92 93 97 98 99 102 103 104 105 106 107 76 109 78 110 111 80 83
1 12 166 167 104 168 89 169 110 97
1 13 180 181 182 183 184 185 186 187 188 189 190 191 192 193 68 69 70 136 137 138 139 75 170 171 172 173 174 175 176 177 178 179
1 14 150 152 186 172 156 189 160 177
1 15 196 197 194 195
1 16 84 198 199 103 88 200 201 91
1 17 105 202 106 203 204 93 205 111
1 18 164 154 157 162 146 147
1 19 180 182 55 183 56 184 185 58 187 59 188 190 191 68 69 70 136 137 138 139 75 206 207 208 209 170 171 173 174 175 178 179
1 20 194 195 196 197 202 203 204 77 205 79 81 210 82 211 212 213 214 151 215 216 217 154 157 159 162 163 164 165 166 167 168 169
1 21 61 64 65 67 198 199 200 201 202 203 140 204 141 205 142 143 210 211 212 213 214 215 216 217 218 219 220 221 166 167 168 169
1 22 228 229 222 223 224 225 226 227
1 23 194 195 196 197 198 199 200 201 202 203 204 77 205 79 81 210 82 211 212 213 214 215 216 217 218 219 220 221 166 167 168 169
1 24 230 231 232 233 234 235 236 237
1 25 60 62 63 66 84 85 86 87 88 90 91 92 222 94 95 96 227 100 228 101 229 230 231 103 234 235 108 109 238 239 240 241
1 26 212 85 86 215 216 217 92 109
1 27 148 149 153 155 158 144 145 161
1 28 102 107 76 78 80 98 99 83
1 29 117 181 133 176 128 192 193 115
1 30 165 151 159 163
1 31 52 116 53 118 54 119 120 57 123 60 62 63 127 130 66 131 71 72 73 74 222 227 228 229 230 231 234 235 238 239 240 241
1 32 180 182 55 183 56 58 187 59 188 190 191 68 69 70 75 206 207 208 209 223 224 225 226 232 233 170 236 173 237 175 178 179
1 33 218 90 219 220 221 94 95 96
1 34 60 62 63 66 84 85 86 87 88 89 90 91 92 93 94 95 96 97 100 101 230 231 103 104 105 234 106 235 108 109 110 111
1 35 148 181 149 184 185 186 189 192 193 136 137 138 171 139 172 174 144 176 177 145 146 147
0 36 238 206 239 207 208 240 241 209
0 37 194 195 196 197 202 203 204 77 205 79 81 210 82 211 213 150 214 151 152 153 154 155 156 157 158 159 160 161 162 163 164 165
0 38 55 56 58 59 61 64 65 67 198 199 200 201 140 141 206 142 207 143 208 209 218 219 220 221 223 224 225 226 232 233 236 237
0 39 182 170 122 187 126 191 112 113
0 40 181 182 184 185 186 187 188 189 190 191 192 193 136 137 138 139 144 145 146 147 148 149 170 171 172 174 176 177 178 179
0 41 117 125 128 129 194 195 196 132 197 133 134 77 79 81 82 150 151 152 153 154 155 156 157 158 159 160 161 162 163 164 165 115
0 42 116 119 120 123 188 190 178 179
0 43 180 55 183 56 58 59 61 64 65 67 68 69 70 75 140 141 206 142 207 143 208 209 223 224 225 226 232 233 236 173 237 175
0 44 148 181 149 186 189 192 193 172 144 176 177 145 146 147
0 45 180 118 183 173 175 127 130 131
0 46 132 134 184 185 171 125 174 129
0 47 213 102 214 107 210 98 211 99
0 48 52 53 118 54 57 60 62 63 127 130 66 131 87 90 222 94 95 96 227 100 228 101 229 230 231 234 235 108 238 239 240 241
0 49 61 64 65 67 198 199 200 201 140 141 142 143 212 215 216 217 218 219 220 221 223 224 225 226 166 167 232 168 233 169 236 237
0 50 116 117 119 120 121 122 123 124 125 126 128 129 132 133 134 71 135 72 73 74 150 152 153 155 156 158 160 161 112 113 114 115
0 51 52 116 53 118 54 119 120 121 57 122 123 124 126 127 130 131 71 135 72 73 74 222 227 228 229 238 239 112 240 113 241 114
1 4
1 8
1 77
1 81
1 95
1 103
1 125
1 127
1 15
1 38
1 84
1 85
1 88
1 104
1 109
1 111
1 25
1 28
1 33
1 48
1 50
1 58
1 121
1 123
1 2
1 6
1 16
1 44
1 74
1 87
1 120
1 130
1 9
1 10
1 13
1 22
1 26
1 27
1 30
1 32
1 35
1 36
1 47
1 51
1 57
1 59
1 60
1 63
1 64
1 80
1 89
1 93
1 97
1 107
1 110
1 112
1 114
1 116
1 129
1 132
1 1
1 14
1 17
1 21
1 29
1 31
1 34
1 41
1 56
1 61
1 68
1 69
1 72
1 73
1 75
1 90
1 94
1 100
1 102
1 119
1 122
1 124
1 126
1 128
1 45
1 65
1 67
1 96
1 3
1 20
1 37
1 52
1 11
1 55
1 108
1 113
1 117
1 118
1 7
1 12
1 19
1 42
1 43
1 53
1 66
1 71
1 78
1 79
1 82
1 83
1 86
1 91
1 115
1 131
1 49
1 54
1 105
1 106
1 0
1 5
1 18
1 23
1 24
1 39
1 40
1 46
1 62
1 70
1 76
1 92
1 98
1 99
1 101
0 143
0 144
0 145
0 146
0 147
0 148
0 149
0 150
0 151
0 133
0 134
0 141
0 142
0 136
0 138
0 139
0 140
0 135
0 137
0 165
0 166
0 152
0 157
0 160
0 170
0 153
0 155
0 156
0 162
0 164
0 167
0 168
0 169
0 154
0 159
0 161
0 163
0 158
0 175
0 177
0 181
0 182
0 185
0 187
0 189
0 172
0 173
0 176
0 178
0 179
0 180
0 184
0 188
0 171
0 174
0 183
0 186
