2
52 190
1 0 52 53 54 55 56 57 58 59 60 61 62 63 64 65 66 67 68 69 70 71 72 73 74 75 76 77 78 79 80 81 82 83
1 1 84 85 86 87 88 89 90 91 92 93 94 95 96 97 98 99 100 101 102 103 104 105 106 107 108 109 110 111 112 113 114 115
1 2 116 100 117 118 87 119 110 96
1 3 71 120 73 121 122 123 62 81
1 4 104 105 124 125 93 126 127 95
1 5 52 53 54 56 57 58 59 62 63 128 64 129 65 130 66 131 67 132 69 133 70 134 71 135 72 73 74 75 77 79 81 82
1 6 116 117 118 119 124 125 126 127 136 137 138 139 140 141 142 143 144 145 146 147 148 149 150 151 152 153 154 155 156 157
1 7 54 70 58 59 158 159 160 161
1 8 101 154 156 111 98 99
1 9 164 165 134 128 129 130 162 163
1 10 85 86 88 89 91 92 93 94 95 97 98 99 101 166 102 167 168 104 169 105 106 170 107 171 108 172 109 173 111 112 113 115
1 11 180 181 182 183 120 184 121 185 122 186 187 123 188 189 190 191 192 193 194 195 196 197 158 159 160 161 174 175 176 177 178 179
1 12 198 199 200 201 137 202 138 203 204 140 205 141 206 142 207 208 209 210 211 212 213 150 214 215 216 153 217 155 162 163 164 165
1 13 180 68 183 184 60 190 80 83
1 14 84 103 153 90 138 140 142 114
1 15 149 152 154 124 156 125 157 126 127 136 139 143 144 145
1 16 53 54 55 58 59 60 61 63 68 70 76 77 78 79 80 83
1 17 68 55 60 76 61 78 80 83
1 18 181 69 56 72 185 74 174 192
1 19 180 182 183 184 186 188 189 190 195 89 158 159 160 97 161 98 99 101 166 102 167 168 169 170 171 172 109 173 175 111 177 178
1 20 166 169 170 171
1 21 116 117 118 119 198 199 200 137 202 138 203 140 205 141 206 142 207 208 210 146 147 211 148 212 213 150 214 151 216 153 217 155
1 22 132 196 133 197 135 187 176 131
1 23 120 121 122 187 123 196 197 198 199 200 201 202 203 204 205 206 207 208 209 210 211 212 213 214 215 216 217 162 163 164 165 176
1 24 215 201 218 219 204 220 221 209
1 25 56 62 128 129 130 131 132 69 133 134 71 135 72 73 74 81 218 219 220 221 222 223 224 225 226 227 228 229 230 231 232 233
1 26 148 86 151 94 112 113 146 147
1 27 229 198 199 233 203 206 224 225
1 28 55 167 168 76 172 61 173 78
1 29 149 88 136 152 91 92 143 115
1 30 116 148 149 117 118 151 119 152 154 124 156 125 157 126 127 136 139 143 144 145 146 147
1 31 180 181 182 183 184 185 186 188 189 190 191 192 193 194 195 158 159 160 161 166 167 168 169 170 171 172 173 174 175 177 178 179
1 32 84 87 218 90 219 220 221 222 223 96 224 225 226 227 228 100 229 230 103 231 232 233 234 235 236 237 238 110 239 240 241 114
1 33 182 57 75 175 64 177 67 195
1 34 52 53 54 55 57 58 59 60 61 63 64 65 66 67 68 70 75 76 77 78 79 80 82 83
1 35 52 56 57 62 128 64 129 65 130 66 131 67 132 69 133 134 71 135 72 73 74 75 81 82 218 219 220 221 223 226 228 231
1 36 84 85 86 87 90 222 94 96 224 225 227 100 229 230 103 232 233 234 106 235 107 236 108 237 238 110 239 240 112 241 113 114
1 37 102 89 109 97
1 38 228 214 231 202 223 226 210 211
1 39 150 137 235 155 237 141 239 240
1 40 181 120 121 185 122 187 123 191 192 193 194 196 197 198 199 201 202 203 204 206 209 210 211 214 215 162 163 164 165 174 176 179
1 41 53 186 188 189 77 63 79 178
1 42 116 117 118 119 124 125 126 127 200 137 138 139 140 205 141 142 207 208 144 145 146 147 148 212 213 150 151 216 153 217 155 157
1 43 128 129 130 131 132 133 134 135 218 219 220 221 222 223 224 225 226 227 228 229 230 231 232 233 234 235 236 237 238 239 240 241
1 44 85 106 139 107 108 157 144 145
1 45 149 136 152 154 156 143
0 46 84 85 86 87 88 90 91 92 93 94 95 96 100 103 104 105 234 106 235 107 236 108 237 238 110 239 240 112 241 113 114 115
0 47 180 183 184 186 188 189 190 88 89 91 92 93 95 97 98 99 101 166 102 167 168 104 169 105 170 171 172 109 173 111 178 115
0 48 181 182 120 121 185 122 187 123 191 192 193 194 195 196 197 201 204 209 215 158 159 160 161 162 163 164 165 174 175 176 177 179
0 49 212 230 200 232 217 205 222 227
0 50 213 216 234 236 238 207 208 241
0 51 52 191 65 193 66 194 82 179
1 5
1 8
1 14
1 15
1 20
1 26
1 27
1 28
1 44
1 51
1 53
1 55
1 59
1 69
1 75
1 79
1 81
1 89
1 90
1 91
1 94
1 95
1 103
1 104
1 116
1 121
1 137
1 139
1 148
1 155
1 161
1 165
1 2
1 7
1 9
1 11
1 12
1 17
1 22
1 24
1 29
1 38
1 42
1 46
1 49
1 76
1 80
1 88
1 93
1 97
1 114
1 118
1 119
1 120
1 126
1 129
1 133
1 134
1 138
1 147
1 149
1 158
1 166
1 169
1 36
1 107
1 130
1 170
1 4
1 98
1 102
1 152
1 16
1 33
1 34
1 39
1 1
1 18
1 21
1 56
1 57
1 132
1 140
1 164
1 35
1 47
1 58
1 60
1 62
1 65
1 68
1 72
1 73
1 78
1 83
1 84
1 85
1 86
1 87
1 92
1 111
1 127
1 136
1 153
1 154
1 156
1 19
1 144
1 145
1 168
1 30
1 99
1 142
1 146
1 31
1 101
1 109
1 112
1 131
1 143
1 150
1 167
1 6
1 10
1 37
1 41
1 50
1 61
1 64
1 70
1 71
1 77
1 82
1 105
1 108
1 110
1 113
1 115
1 117
1 122
1 123
1 125
1 128
1 135
1 141
1 163
1 13
1 23
1 25
1 32
1 40
1 43
1 45
1 48
1 52
1 54
1 63
1 66
1 74
1 96
1 100
1 151
1 157
1 159
1 160
1 162
1 3
1 67
1 106
1 124
1 0
0 171
0 177
0 178
0 179
0 180
0 181
0 182
0 184
0 186
0 188
0 189
0 172
0 173
0 174
0 175
0 176
0 183
0 185
0 187
