2
52 190
1 0 52 53 54 55 56 57 58 59
1 1 60 61 62 63 64 65 66 67 68 69 70 71 72 73 74 75 76 77 78 79 80 81 82 83 84 85 86 87 88 89 90 91
1 2 52 116 117 54 118 119 56 59 92 93 94 95 96 97 98 99 100 101 102 103 104 105 106 107 108 109 110 111 112 113 114 115
1 3 85 120 121 89 122 90 123 124 61 125 63 65 66 69 70 72 73 74 75 79 81 82
1 4 126 127 128 129
1 5 132 133 120 123 124 125 130 131
1 6 120 121 122 123 124 61 125 63 65 66 67 68 69 70 71 72 73 74 75 76 77 79 81 82 83 84 85 87 89 90
1 7 52 116 117 54 56 59 95 97 98 102 103 105 107 109 113 114
1 8 84 134 71 135 136 137 77 83
1 9 138 139 140 141 142 143 144 145
1 10 52 116 117 54 118 56 59 92 93 94 95 96 97 98 99 102 103 105 107 109 110 113 114 115
1 11 148 149 103 113 146 98 114 147
1 12 150 70 151 152 153 79 65 81
1 13 120 121 122 123 124 125
1 14 180 181 138 139 143 145 154 155 156 157 158 159 160 161 162 163 164 165 166 167 168 169 170 171 172 173 174 175 176 177 178 179
1 15 53 181 182 183 55 184 57 185 58 126 127 128 129 146 147 148 149 154 155 157 158 160 161 163 164 166 168 171 173 175 177 178
1 16 72 73 186 187 75 188 189 66
1 17 74 90 61 190 191 192 193 82
1 18 53 182 183 55 184 57 185 58 126 127 128 129 130 194 131 195 132 196 197 133 198 199 200 201 146 147 148 149 150 151 152 153
1 19 186 187 188 189 190 191 192 193 130 131 132 133 134 135 136 137 202 203 204 205 206 207 208 209 210 211 212 213 150 151 152 153
1 20 180 60 62 64 138 139 78 143 80 145 214 86 215 216 88 217 218 219 91 156 220 221 159 162 165 167 169 170 172 174 176 179
1 21 180 156 222 174 223 224 225 179
1 22 186 187 188 189 126 190 127 191 128 192 129 193 130 194 131 195 132 196 197 133 198 199 200 201 146 147 148 149 150 151 152 153
1 23 69 85 213 89 205 206 63 209
1 24 118 119 140 141 142 144 92 93 94 222 223 96 224 225 226 227 99 228 100 229 101 230 231 104 232 233 106 108 110 111 112 115
1 25 53 181 182 183 55 184 57 185 58 126 127 128 129 194 195 196 197 198 199 200 201 146 147 148 149 154 157 158 161 164 173 177
1 26 180 60 62 64 67 68 71 76 77 78 80 83 84 214 86 215 87 216 88 217 218 219 91 156 220 221 169 170 172 174 176 179
1 27 229 232 169 233 170 172 176 227
1 28 197 198 199 201
1 29 52 117 54 118 119 56 59 140 141 142 144 92 93 94 96 227 99 100 229 101 102 104 232 105 233 106 107 108 110 111 112 115
1 30 180 138 139 143 145 214 215 216 217 218 155 219 156 220 221 159 160 162 163 165 166 167 168 169 170 171 172 174 175 176 178 179
1 31 186 187 188 189 190 191 192 193 134 135 136 137 202 203 204 205 206 207 208 209 210 211 212 213 234 235 236 237 238 239 240 241
1 32 120 121 122 90 123 124 61 125 65 70 74 79 81 82
1 33 86 88 234 91 60 236 239 240
1 34 116 103 109 95 97 113 98 114
1 35 165 101 167 108 159 111 112 162
1 36 214 215 218 219 235 237 238 241
1 37 100 119 168 104 106 160 178 163
1 38 68 212 87 202 203 76 210 67
1 39 186 187 188 189 190 191 192 193 130 194 131 195 132 196 197 133 198 199 200 201 202 203 205 206 209 210 212 213 150 151 152 153
1 40 166 118 155 171 92 93 94 175
0 41 134 135 136 137 202 203 204 205 206 207 208 209 210 211 212 213 222 223 224 225 226 228 230 231 234 235 236 237 238 239 240 241
0 42 228 230 231 216 217 220 221 226
0 43 196 200 121 122 194 195
0 44 53 181 182 183 55 184 57 185 58 138 139 143 145 154 155 157 158 159 160 161 162 163 164 165 166 167 168 171 173 175 177 178
0 45 164 117 102 105 154 107 158 177
0 46 60 62 63 64 66 67 68 69 71 72 73 75 76 77 78 80 83 84 85 214 86 215 87 216 88 217 89 218 219 91 220 221
0 47 119 140 141 142 144 222 223 224 225 226 227 228 100 229 101 230 231 104 232 233 106 234 235 108 236 237 238 111 239 112 240 241
0 48 134 135 136 137 204 140 141 142 207 208 144 211 222 223 224 225 226 227 228 229 230 231 232 233 234 235 236 237 238 239 240 241
0 49 116 182 183 184 185 109 95 97
0 50 204 62 78 207 64 208 80 211
0 51 181 157 173 110 96 161 99 115
1 0
1 2
1 82
1 95
1 103
1 110
1 123
1 132
1 3
1 7
1 12
1 14
1 26
1 28
1 31
1 33
1 34
1 37
1 40
1 42
1 68
1 74
1 83
1 89
1 93
1 96
1 104
1 107
1 108
1 118
1 122
1 130
1 136
1 137
1 139
1 140
1 142
1 145
1 148
1 150
1 1
1 16
1 18
1 19
1 38
1 45
1 48
1 52
1 57
1 65
1 66
1 73
1 75
1 76
1 81
1 84
1 92
1 99
1 100
1 101
1 116
1 117
1 121
1 125
1 128
1 131
1 143
1 144
1 11
1 27
1 88
1 102
1 114
1 149
1 5
1 39
1 50
1 113
1 9
1 10
1 21
1 97
1 44
1 85
1 98
1 109
1 17
1 20
1 30
1 43
1 56
1 60
1 111
1 134
1 32
1 36
1 59
1 147
1 24
1 53
1 127
1 129
1 8
1 13
1 15
1 22
1 29
1 35
1 41
1 46
1 51
1 54
1 55
1 62
1 63
1 64
1 67
1 69
1 70
1 72
1 77
1 78
1 87
1 112
1 115
1 126
1 133
1 138
1 141
1 146
1 47
1 79
1 105
1 120
1 6
1 58
1 86
1 94
1 91
1 106
1 119
1 124
1 25
1 49
1 61
1 71
1 80
1 90
1 135
1 151
1 4
1 23
0 152
0 153
0 156
0 157
0 160
0 163
0 164
0 166
0 168
0 170
0 155
0 158
0 159
0 161
0 162
0 165
0 167
0 169
0 154
0 176
0 184
0 185
0 171
0 172
0 173
0 174
0 175
0 178
0 179
0 188
0 177
0 180
0 181
0 182
0 183
0 186
0 187
0 189
