2
52 190
1 0 52 53 54 55 56 57 58 59
1 1 60 61 62 63 64 65 66 67
1 2 68 69 70 71 72 73 74 75
1 3 84 85 86 87 88 89 90 91 92 93 94 95 96 97 98 99 76 77 78 79 80 81 82 83
1 4 53 54 57 58 76 77 78 79 80 81 84 85 86 87 90 91 93 94 96 98 100 101 102 103 104 105 106 107 108 109 110 111
1 5 84 91 77 112 96 113 114 115
1 6 116 52 117 118 119 55 120 56 121 122 123 59 60 124 61 125 62 126 127 63 128 129 130 131 132 133 134 135 136 137 138 139
1 7 117 119 123 60 124 61 62 127 63 128 130 133 136 137 138 139 140 141 142 143 144 145 146 147 148 149 150 151 152 153 154 155
1 8 180 181 182 183 68 69 72 73 156 157 158 159 160 161 162 163 164 165 166 167 168 169 170 171 172 173 174 175 176 177 178 179
1 9 184 152 185 186 154 187 140 141
1 10 116 52 117 118 55 120 56 121 122 123 59 124 188 125 189 126 190 191 128 129 130 131 132 133 134 135 137 138 112 113 114 115
1 11 52 118 55 56 122 59 188 189 190 191 192 193 194 195 131 196 132 197 198 199 200 201 202 203 204 205 206 207 112 113 114 115
1 12 119 136 139 127 208 209 210 211
1 13 182 168 158 143 175 144 146 147
1 14 182 183 184 185 186 187 64 65 66 67 68 69 72 73 208 209 210 211 212 213 214 215 158 163 168 170 172 173 174 175 176 179
1 15 53 54 184 185 57 186 58 187 64 65 66 67 208 209 210 211 212 213 214 215 100 101 102 103 104 105 106 107 108 109 110 111
1 16 148 150 153 170 142 174 163 179
1 17 164 165 166 216 217 218 219 160
1 18 119 60 61 62 127 63 70 71 136 74 75 139 140 141 142 143 144 145 146 147 148 149 150 151 152 153 154 155 220 221 222 223
1 19 181 171 157 224 225 178 226 227
1 20 85 198 201 90 93 207 193 98
1 21 132 118 86 122 78 80 81 131
1 22 200 202 203 204 92 95 82 83
1 23 212 117 213 214 215 123 124 128
1 24 116 100 102 120 107 125 109 126
1 25 196 199 88 89 97 194 195 99
1 26 134 103 135 121 106 110 111 129
1 27 149 151 183 155 172 173 176 145
1 28 88 89 92 95 97 82 83 99
1 29 182 184 185 186 187 64 65 66 67 208 209 210 211 212 213 214 215 158 163 100 101 102 168 104 105 170 107 108 109 174 175 179
1 30 70 71 74 75 140 141 142 143 144 145 146 147 148 149 150 151 216 152 217 153 218 154 155 219 220 221 222 223 228 229 230 231
1 31 101 133 104 105 137 138 108 130
1 32 228 180 229 230 231 159 161 162
1 33 180 181 192 197 200 202 203 204 205 206 156 157 159 160 161 162 164 165 166 167 232 233 169 234 171 235 236 237 238 239 177 178
1 34 216 217 218 219 224 225 226 227 228 229 230 231 240 241
1 35 180 181 192 193 194 195 196 197 198 199 200 201 202 203 204 205 206 207 157 159 161 162 232 233 234 171 235 236 237 238 239 178
0 36 116 52 118 55 120 56 121 122 59 188 125 189 126 190 191 193 129 194 195 131 196 132 198 134 199 135 201 207 112 113 114 115
0 37 53 54 57 58 76 77 78 79 80 81 82 83 84 85 86 87 88 89 90 91 92 93 94 95 96 97 98 99 103 106 110 111
0 38 197 205 206 192
0 39 216 217 218 219 220 221 222 223 224 225 226 227 228 229 70 230 71 231 74 75 240 241
0 40 85 87 88 89 90 92 93 94 95 97 98 99 76 79 82 83
0 41 232 236 238 239 240 241
0 42 87 76 188 189 94 190 79 191
0 43 116 117 119 120 121 123 60 124 61 125 62 126 127 63 128 129 130 133 134 135 136 137 138 139 140 141 142 148 150 152 153 154
0 44 180 181 183 68 69 72 73 156 157 159 160 161 162 164 165 166 167 232 233 169 234 171 235 172 236 173 237 238 239 176 177 178
0 45 233 234 235 237
0 46 70 71 74 75 143 144 145 146 147 149 151 216 217 218 155 219 220 221 222 223 224 225 226 227 228 229 230 231 240 241
0 47 188 189 190 191 192 193 194 195 196 197 198 199 200 201 202 203 204 205 206 207 232 233 234 235 236 237 238 239 112 113 114 115
0 48 167 169 156 220 221 222 223 177
0 49 224 240 225 241 226 227
0 50 182 183 184 185 186 187 68 69 72 73 208 209 210 211 156 158 160 163 164 165 166 167 168 169 170 172 173 174 175 176 177 179
0 51 53 54 57 58 64 65 66 67 77 78 80 81 212 84 213 86 214 215 91 96 100 101 102 103 104 105 106 107 108 109 110 111
1 12
1 18
1 31
1 33
1 55
1 88
1 100
1 103
1 14
1 39
1 41
1 76
1 79
1 82
1 87
1 105
1 2
1 6
1 23
1 56
1 57
1 91
1 93
1 131
1 4
1 16
1 22
1 35
1 42
1 45
1 50
1 51
1 52
1 58
1 59
1 61
1 70
1 73
1 74
1 108
1 109
1 111
1 112
1 118
1 121
1 122
1 125
1 130
1 13
1 21
1 34
1 47
1 72
1 78
1 81
1 83
1 90
1 92
1 120
1 126
1 75
1 86
1 89
1 123
1 0
1 1
1 8
1 11
1 15
1 17
1 25
1 30
1 53
1 60
1 63
1 64
1 71
1 77
1 80
1 84
1 94
1 97
1 99
1 115
1 117
1 119
1 129
1 132
1 3
1 5
1 7
1 19
1 24
1 27
1 29
1 32
1 40
1 54
1 68
1 85
1 104
1 116
1 124
1 128
1 10
1 20
1 26
1 28
1 36
1 37
1 38
1 43
1 44
1 46
1 48
1 49
1 62
1 65
1 66
1 67
1 69
1 95
1 96
1 98
1 101
1 102
1 106
1 107
1 110
1 113
1 114
1 127
1 9
0 136
0 138
0 143
0 141
0 149
0 150
0 151
0 133
0 134
0 135
0 137
0 139
0 140
0 142
0 144
0 145
0 146
0 147
0 148
0 163
0 164
0 166
0 167
0 154
0 157
0 160
0 161
0 153
0 155
0 168
0 170
0 152
0 156
0 159
0 169
0 158
0 162
0 165
0 188
0 174
0 176
0 183
0 187
0 171
0 173
0 175
0 184
0 172
0 177
0 179
0 180
0 181
0 185
0 186
0 189
0 178
0 182
