2
52 190
1 0 52 53 54 55 56 57
1 1 58 59 60 61 62 63 64 65 66 67 68 69 70 71 72 73 74 75 76 77 78 79 80 81 82 83 84 85 86 87 88 89
1 2 116 117 118 119 120 121 90 91 92 93 94 95 96 97 98 99 100 101 102 103 104 105 106 107 108 109 110 111 112 113 114 115
1 3 122 123 124 125 126 127 128 129 130 131 132 133 134 135 136 137 138 139 140 141 142 143 144 145 146 147 148 149 150 151 152 153
1 4 154 155 156 157 158 159 160 161
1 5 116 117 118 120 121 154 90 156 93 157 158 95 96 97 162 99 163 100 164 101 165 103 104 105 106 107 108 111 112 113 114 115
1 6 166 167 168 169 74 60 62 66
1 7 123 125 126 127 128 130 131 132 133 134 136 138 139 140 141 143 144 145 146 147 148 149 150 151 170 171 172 173 174 175 176 177
1 8 180 181 182 183 184 185 58 59 61 63 64 65 67 68 69 70 71 72 73 75 76 77 78 79 81 82 83 85 87 88 178 179
1 9 135 122 186 187 124 188 189 142
1 10 118 120 122 123 124 125 127 129 132 133 135 136 137 140 141 142 152 153 154 90 156 93 157 158 96 162 99 163 164 165 108 115
1 11 116 119 60 62 63 66 69 73 74 78 80 81 82 84 86 87 88 89 91 92 94 98 100 102 105 106 107 109 110 111 112 113
1 12 119 58 60 62 63 64 65 66 67 68 69 70 73 74 76 77 78 80 81 82 84 86 87 88 89 91 92 94 98 102 109 110
1 13 85 71 72 170 171 61 173 176
1 14 116 117 119 121 60 62 66 74 80 84 86 89 91 92 94 95 97 98 100 101 102 103 104 105 106 107 109 110 111 112 113 114
1 15 190 191 192 193 194 195 196 197 198 199 200 201 202 203 204 205 206 207 208 209 210 211 212 213 214 215 216 217 166 167 168 169
1 16 191 192 193 195 196 197 200 202 205 208 210 217 218 219 220 221 222 223 224 225 166 167 168 169 170 171 172 173 174 175 176 177
1 17 228 164 165 229 226 162 227 163
1 18 134 130 146 147
1 19 68 218 58 219 222 223 64 65
1 20 196 197 69 87 88 63 208 210
1 21 126 128 130 131 134 138 139 143 144 145 146 147 148 149 150 151 218 219 220 221 222 223 224 225 170 171 172 173 174 175 176 177
1 22 84 86 89 217 192 80 193 195
1 23 70 172 76 77 174 175 177 67
1 24 180 181 85 182 183 184 185 59 61 71 72 75 79 178 179 83
1 25 180 181 85 182 183 184 185 58 59 61 64 65 67 68 70 71 72 75 76 77 79 178 179 83
1 26 180 150 151 184 185 143 128 179
1 27 186 187 188 189 190 194 203 204 211 212 213 215 155 159 160 161 226 227 228 229 230 231 232 233 234 235 236 237 238 239 240 241
1 28 118 90 234 235 108 237 241 115
1 29 101 230 231 236 95 240 97 114
1 30 232 120 233 93 238 239 96 99
1 31 149 138 59 139 75 126 79 83
1 32 180 181 182 183 184 185 178 179
1 33 199 119 216 91 94 206 209 98
1 34 52 53 54 55 56 57 186 155 187 188 189 159 160 161 226 227 228 229 234 235 237 241
1 35 100 198 214 201 105 107 207 113
1 36 73 220 221 78 224 225 81 82
1 37 126 192 193 131 195 196 197 138 139 144 208 145 210 148 149 217 218 219 220 221 222 223 224 225 170 171 172 173 174 175 176 177
1 38 52 53 54 55 56 57 186 187 188 189 155 159 160 161 226 227 228 229 230 231 232 233 234 235 236 237 238 239 240 241
1 39 122 123 124 125 127 128 129 130 132 133 134 135 136 137 140 141 142 143 146 147 150 151 152 153 154 156 157 158 162 163 164 165
1 40 190 191 194 198 199 200 201 202 203 204 205 206 207 209 211 212 213 214 215 216 230 166 231 167 232 168 233 169 236 238 239 240
0 41 52 53 54 55 56 57 186 187 188 189 226 227 228 229
0 42 190 194 198 199 201 203 204 206 207 209 211 212 213 214 215 216 155 159 160 161 230 231 232 233 234 235 236 237 238 239 240 241
0 43 212 117 103 215 104 121 203 190
0 44 132 52 133 55 123 127
0 45 102 200 202 92 205 109 110 191
0 46 148 181 182 183 144 145 178 131
0 47 136 140 125 141
0 48 53 54 56 152 137 153 57 129
0 49 117 118 120 121 122 124 129 135 137 142 152 153 154 90 156 93 157 158 95 96 97 162 99 163 164 101 165 103 104 108 114 115
0 50 116 213 106 204 111 112 194 211
0 51 191 192 193 195 196 197 198 199 200 201 202 205 206 207 208 209 210 214 216 217 218 219 220 221 222 223 224 225 166 167 168 169
1 35
1 40
1 52
1 55
1 118
1 145
1 13
1 16
1 19
1 20
1 26
1 28
1 44
1 60
1 63
1 64
1 66
1 77
1 78
1 81
1 89
1 91
1 92
1 101
1 106
1 109
1 111
1 112
1 113
1 120
1 121
1 129
1 137
1 138
1 139
1 142
1 146
1 147
1 4
1 6
1 17
1 37
1 42
1 49
1 50
1 54
1 56
1 67
1 75
1 85
1 90
1 93
1 96
1 98
1 103
1 104
1 114
1 119
1 123
1 124
1 126
1 131
1 132
1 140
1 141
1 143
1 144
1 148
1 149
1 150
1 1
1 2
1 3
1 7
1 8
1 10
1 14
1 15
1 22
1 23
1 24
1 29
1 31
1 33
1 38
1 41
1 45
1 53
1 58
1 59
1 68
1 70
1 74
1 79
1 94
1 102
1 105
1 107
1 108
1 116
1 122
1 136
1 0
1 21
1 84
1 110
1 127
1 128
1 130
1 133
1 51
1 69
1 80
1 100
1 12
1 39
1 99
1 151
1 5
1 43
1 46
1 71
1 83
1 88
1 117
1 134
1 27
1 48
1 82
1 86
1 87
1 97
1 115
1 135
1 11
1 65
1 95
1 125
1 9
1 18
1 25
1 30
1 32
1 34
1 36
1 47
1 57
1 61
1 62
1 72
1 73
1 76
0 157
0 158
0 159
0 160
0 161
0 162
0 163
0 164
0 165
0 166
0 167
0 168
0 169
0 170
0 152
0 153
0 154
0 155
0 156
0 177
0 183
0 184
0 172
0 176
0 178
0 187
0 171
0 173
0 174
0 175
0 179
0 180
0 181
0 182
0 185
0 186
0 188
0 189
