2
52 190
1 0 52 53 54 55 56 57 58 59 60 61 62 63 64 65 66 67 68 69 70 71 72 73 74 75 76 77 78 79 80 81 82 83
1 1 84 85 86 87 88 89 90 91 92 93 94 95 96 97 98 99 100 101 102 103 104 105 106 107 108 109 110 111 112 113 114 115
1 2 116 117 118 119 120 121 122 123 124 125 126 127 128 129 130 131 132 133 134 135 136 137 138 139 140 141 142 143 144 145 146 147
1 3 148 149 150 151 152 153 154 155
1 4 116 118 119 121 122 124 125 126 127 128 129 130 132 133 135 136 137 138 139 140 141 142 144 146 156 157 158 159 160 161 162 163
1 5 164 165 166 71 167 73 58 75
1 6 119 121 124 128 133 135 137 139 148 150 152 153 156 157 158 159 160 161 162 163 168 169 170 171 172 173 174 175 176 177 178 179
1 7 180 181 182 183 169 170 172 173
1 8 184 185 186 187 158 161 162 163
1 9 88 188 189 190 191 192 193 98 99 102 105 108 109 113
1 10 84 132 100 85 118 122 127 96
1 11 194 195 196 197 198 199 200 201 202 203 204 205 148 150 152 153 164 165 166 167 168 169 170 171 172 173 174 175 176 177 178 179
1 12 196 197 74 61 205 63 64 194
1 13 180 181 182 183 184 185 186 187 206 207 208 209 210 211 84 212 149 85 213 214 87 151 215 216 217 90 154 155 94 96 100 101
1 14 171 206 208 176 209 177 178 211
1 15 116 117 118 120 122 123 125 126 127 129 130 131 132 134 136 138 140 141 142 143 144 145 146 147 218 219 220 221 222 223 224 225
1 16 55 58 60 61 62 63 64 67 71 72 73 74 75 206 79 208 80 209 81 211 149 151 154 155 226 227 228 229 230 231 232 233
1 17 52 117 53 54 120 56 57 123 59 65 66 131 68 69 70 134 76 77 78 143 145 82 83 147 218 219 220 221 222 223 224 225
1 18 118 119 121 122 124 127 128 130 132 133 135 137 139 141 142 146 148 150 152 153 156 157 158 159 160 161 162 163 169 170 172 173
1 19 188 189 190 191 192 193 86 88 89 91 92 93 95 97 98 99 102 103 104 105 106 107 108 109 110 111 112 113 114 115
1 20 89 141 110 142 97 130 146 114
1 21 133 101 119 87 90 124 94 128
1 22 68 54 56 57
1 23 55 199 202 60 204 62 80 195
1 24 180 181 182 183 58 61 63 64 71 73 74 75 206 207 208 209 210 211 212 149 214 151 154 155 226 227 228 229 230 231 232 233
1 25 103 106 123 91 143 131 147 115
1 26 194 195 196 197 199 234 202 235 236 204 237 205 238 239 240 241
1 27 228 198 231 200 232 201 203 226
1 28 218 190 222 191 192 224 225 193
1 29 234 235 236 237 238 239 240 241
1 30 198 200 201 203 148 150 152 153 156 157 158 159 160 161 162 163 164 165 166 167 168 169 170 171 172 173 174 175 176 177 178 179
1 31 116 86 104 140 125 111 112 144
1 32 180 181 182 183 184 185 186 187 207 210 84 212 85 213 214 87 215 216 89 217 90 92 93 94 95 96 97 100 101 107 110 114
1 33 117 102 134 120 88 113 145 99
1 34 105 219 220 108 221 109 223 98
1 35 194 195 196 164 197 165 198 166 199 167 200 201 234 202 235 203 236 204 237 205 238 239 240 241
1 36 229 230 168 233 174 175 227 179
1 37 212 214 156 157 207 159 160 210
1 38 116 52 117 54 120 56 57 123 125 126 129 131 68 69 134 136 138 140 77 143 144 145 82 147 218 219 220 221 222 223 224 225
1 39 180 181 182 183 184 185 186 187 206 207 208 209 210 211 212 149 213 214 151 215 216 217 154 155 226 227 228 229 230 231 232 233
1 40 184 185 186 187 84 85 213 86 87 215 216 89 217 90 91 92 93 94 95 96 97 100 101 103 104 106 107 110 111 112 114 115
1 41 53 70 234 235 239 65 241 66
1 42 86 88 91 188 189 190 191 192 193 98 99 102 103 104 105 106 108 109 111 112 113 115
1 43 53 55 58 59 60 61 62 63 64 65 66 67 70 71 72 73 74 75 76 78 79 80 81 83 226 227 228 229 230 231 232 233
1 44 213 215 135 216 121 137 217 139
1 45 72 236 237 238 79 240 81 67
0 46 188 189 190 191 192 193
0 47 52 53 54 55 56 57 59 60 62 65 66 67 68 69 70 72 76 77 78 79 80 81 82 83 218 219 220 221 222 223 224 225
0 48 194 195 196 197 198 199 200 201 202 203 204 205 164 165 166 167 168 234 235 171 236 237 238 174 239 175 240 176 241 177 178 179
0 49 136 138 107 92 93 126 95 129
0 50 59 76 78 83
0 51 52 69 188 189 77 82
1 2
1 6
1 10
1 19
1 20
1 23
1 24
1 30
1 31
1 35
1 36
1 47
1 51
1 59
1 65
1 73
1 94
1 96
1 100
1 103
1 104
1 106
1 115
1 122
1 128
1 131
1 133
1 144
1 146
1 147
1 161
1 162
1 18
1 26
1 27
1 33
1 38
1 53
1 56
1 57
1 58
1 60
1 71
1 77
1 78
1 83
1 84
1 91
1 93
1 107
1 109
1 117
1 119
1 123
1 129
1 130
1 136
1 141
1 142
1 149
1 155
1 160
1 169
1 170
1 0
1 1
1 3
1 14
1 15
1 25
1 28
1 29
1 32
1 39
1 40
1 48
1 61
1 67
1 69
1 88
1 92
1 102
1 112
1 124
1 125
1 132
1 140
1 145
1 148
1 152
1 156
1 157
1 163
1 164
1 167
1 168
1 7
1 11
1 66
1 72
1 76
1 81
1 110
1 166
1 42
1 62
1 74
1 95
1 108
1 118
1 126
1 150
1 75
1 97
1 139
1 165
1 13
1 45
1 54
1 85
1 86
1 89
1 113
1 127
1 134
1 143
1 153
1 154
1 34
1 49
1 82
1 87
1 16
1 46
1 63
1 111
1 4
1 5
1 12
1 17
1 114
1 158
1 8
1 37
1 43
1 52
1 79
1 80
1 99
1 105
1 120
1 135
1 138
1 151
1 9
1 22
1 44
1 55
1 68
1 70
1 98
1 101
1 116
1 121
1 137
1 159
1 21
1 41
1 50
1 64
1 90
0 183
0 188
0 189
0 171
0 174
0 177
0 179
0 180
0 181
0 186
0 187
0 172
0 173
0 175
0 176
0 178
0 182
0 184
0 185
