2
52 190
1 0 52 53 54 55 56 57 58 59 60 61 62 63 64 65 66 67 68 69 70 71 72 73 74 75 76 77 78 79 80 81 82 83
1 1 84 85 86 87 88 89 90 91 92 93 94 95 96 97 98 99 100 101 102 103 104 105 106 107 108 109 110 111 112 113 114 115
1 2 116 117 118 119 88 89 110 113
1 3 120 121 122 123 124 125 126 127 128 129 130 131 132 133 134 135 136 137 138 139 140 141 142 143 144 145 146 147 148 149 150 151
1 4 152 120 136 153 154 155 124 142
1 5 152 153 154 155 156 157 158 159 160 161 162 163 164 165 166 167
1 6 134 135 168 169 170 171 140 147
1 7 152 153 154 155 156 157 158 159 160 161 162 163 164 165 166 167 172 173 174 175 176 177 178 179
1 8 68 53 102 104 106 76 97 81
1 9 180 181 182 183 122 125 126 146
1 10 184 185 186 74 187 61 63 66
1 11 188 189 190 191 192 193 194 195
1 12 120 124 128 196 132 197 198 199 200 136 201 202 138 203 204 205 206 142 207 208 209 210 211 212 213 214 150 215 216 217 218 219
1 13 184 185 186 187 84 85 86 87 88 89 90 92 220 221 94 222 95 223 97 101 102 103 104 105 106 107 108 109 110 111 112 113
1 14 188 189 192 195 85 86 87 88 89 91 93 224 96 225 226 98 227 99 228 100 229 230 231 232 233 110 112 113 114 115
1 15 103 72 58 107 75 108 94 62
1 16 52 180 181 182 55 183 56 58 60 61 62 63 66 70 71 72 74 75 77 78 168 169 170 171 172 173 174 175 176 177 178 179
1 17 184 185 122 186 187 125 126 137 144 145 146 84 148 90 92 220 221 94 222 95 223 97 101 102 103 104 105 106 107 108 109 111
1 18 188 189 192 195 84 85 86 87 88 89 90 91 92 93 95 224 96 226 98 227 99 100 101 105 233 109 110 111 112 113 114 115
1 19 84 57 59 92 109 111 64 67
1 20 173 141 175 176 129 130 131 179
1 21 85 69 86 87 79 112 82 83
1 22 197 214 199 200 233 224 226 227
1 23 52 71 220 221 77 222 78 223
1 24 101 54 105 73 90 95 80 65
1 25 120 121 123 124 127 128 196 132 133 136 138 203 139 205 206 142 207 143 208 209 210 211 212 213 149 150 215 151 216 217 218 219
1 26 148 70 55 56 137 60 144 145
1 27 190 191 193 194 196 197 198 199 200 201 202 203 204 205 206 207 208 209 210 211 212 213 214 215 216 217 218 219 234 235 236 237
1 28 100 238 239 240 241 98 114 99
1 29 188 189 224 192 225 226 227 195 228 229 230 231 232 233
1 30 164 152 153 154 155 161 162 163
1 31 91 188 189 93 224 192 96 225 226 98 227 99 195 228 100 229 230 231 232 233 114 115
1 32 116 53 117 54 118 119 57 59 190 191 64 193 65 194 67 68 69 73 76 79 80 81 82 83 234 235 236 237 238 239 240 241
1 33 180 181 182 183 152 153 154 155 156 157 158 159 160 161 162 163 164 165 166 167 168 169 170 171 172 173 174 175 176 177 178 179
1 34 184 121 185 122 186 123 187 125 126 127 129 130 131 133 134 135 137 139 140 141 143 144 145 146 147 148 149 151 220 221 222 223
1 35 184 185 122 186 187 125 126 129 130 131 134 135 137 140 141 144 145 146 147 148 220 221 94 222 223 97 102 103 104 106 107 108
0 36 120 121 123 124 127 128 129 130 131 132 133 134 135 136 138 139 140 205 141 142 207 143 209 210 147 212 213 149 150 151 217 219
0 37 116 117 118 119 190 191 193 194 196 197 198 199 200 201 202 203 204 206 208 211 214 215 216 218 234 235 236 237 238 239 240 241
0 38 52 180 181 182 55 183 56 60 70 71 77 78 156 157 158 159 160 165 166 167 168 169 170 171 172 173 174 175 176 177 178 179
0 39 219 205 209 210
0 40 196 231 203 208 225 211
0 41 215 216 218 206
0 42 234 91 235 236 93 237 96 115
0 43 133 149 121 172 174 127 177 178
0 44 116 53 117 54 118 119 57 58 59 61 62 63 64 65 66 67 68 69 72 73 74 75 76 79 80 81 82 83 238 239 240 241
0 45 116 117 118 119 57 59 190 191 64 193 194 67 197 69 198 199 200 201 202 204 79 82 83 214 234 235 236 237 238 239 240 241
0 46 228 229 230 231 232 225
0 47 228 229 198 230 232 201 202 204
0 48 164 212 213 217 207 161 162 163
0 49 132 165 150 167 138 158 160 128
0 50 166 151 123 139 156 157 159 143
0 51 52 180 53 181 54 182 55 183 56 58 60 61 62 63 65 66 68 70 71 72 73 74 75 76 77 78 80 81 168 169 170 171
1 7
1 12
1 13
1 24
1 29
1 30
1 46
1 48
1 53
1 57
1 58
1 68
1 74
1 80
1 87
1 93
1 94
1 97
1 98
1 101
1 102
1 104
1 109
1 111
1 112
1 116
1 120
1 121
1 125
1 129
1 130
1 132
1 0
1 3
1 17
1 19
1 25
1 33
1 36
1 39
1 43
1 44
1 45
1 51
1 52
1 65
1 71
1 72
1 73
1 76
1 83
1 89
1 90
1 92
1 95
1 100
1 107
1 110
1 113
1 114
1 118
1 122
1 126
1 128
1 5
1 37
1 103
1 123
1 9
1 11
1 14
1 18
1 28
1 32
1 35
1 40
1 41
1 42
1 49
1 50
1 54
1 59
1 61
1 62
1 66
1 69
1 70
1 77
1 78
1 79
1 81
1 84
1 86
1 96
1 106
1 108
1 117
1 119
1 124
1 127
1 2
1 22
1 47
1 75
1 1
1 4
1 6
1 8
1 15
1 23
1 56
1 64
1 85
1 88
1 105
1 131
1 31
1 34
1 67
1 99
1 16
1 21
1 26
1 27
1 60
1 63
1 91
1 115
1 20
1 38
1 55
1 82
1 10
0 147
0 149
0 151
0 135
0 138
0 139
0 144
0 145
0 146
0 148
0 150
0 133
0 134
0 136
0 137
0 140
0 141
0 142
0 143
0 152
0 153
0 155
0 156
0 158
0 159
0 160
0 161
0 163
0 164
0 165
0 166
0 167
0 168
0 169
0 170
0 154
0 157
0 162
0 186
0 171
0 173
0 174
0 175
0 176
0 179
0 181
0 183
0 187
0 188
0 180
0 182
0 185
0 189
0 172
0 177
0 178
0 184
