2
52 190
1 0 52 53 54 55 56 57 58 59
1 1 60 61 62 63 64 65 66 67
1 2 68 69 70 71 72 73 74 75
1 3 76 77 78 79 80 81 82 83 84 85 86 87 88 89 90 91 92 93 94 95 96 97 98 99 100 101 102 103 104 105 106 107
1 4 116 117 118 119 120 121 122 123 124 125 126 127 128 129 130 131 68 132 133 134 135 72 73 74 108 109 110 111 112 113 114 115
1 5 101 88 136 137 138 139 78 81
1 6 85 91 140 76 141 77 142 143
1 7 118 120 122 123 60 62 63 128 65 129 135 79 144 80 145 146 82 147 89 92 93 94 95 96 97 98 100 102 103 105 107 115
1 8 116 117 119 121 125 126 130 131 68 132 72 73 74 148 149 150 151 152 153 154 155 156 157 158 159 160 161 162 163 109 111 113
1 9 164 165 166 167 158 159 160 163
1 10 180 181 182 183 184 185 186 187 188 61 189 190 191 64 192 193 66 194 67 195 168 169 170 171 172 173 174 175 176 177 178 179
1 11 181 183 186 187 188 190 191 192 195 196 197 69 198 70 199 71 200 201 202 203 75 204 205 206 207 168 169 171 172 174 175 177
1 12 148 151 154 156
1 13 136 137 138 139 140 141 142 143 208 209 210 211 212 213 214 215 216 217 218 219 220 221 222 223 224 225 226 227 228 229 230 231
1 14 180 170 173 144 145 146 178 147
1 15 53 55 56 59 136 137 138 139 140 141 142 143 209 210 211 215 216 217 218 219 221 222 224 225 226 228 230 231 232 233 234 235
1 16 133 134 186 188 110 174 175 127
1 17 116 132 198 119 201 202 205 126
1 18 196 149 197 150 199 153 207 161
1 19 118 120 122 123 60 124 62 63 127 128 65 129 133 134 135 144 80 145 146 82 147 89 93 94 97 98 107 108 110 112 114 115
1 20 168 108 172 124 191 112 177 114
1 21 228 104 90 106 222 225 226 83
1 22 52 54 57 58 236 237 238 239
1 23 60 62 63 65 79 144 80 145 146 82 83 147 84 86 87 89 90 92 93 94 95 96 97 98 99 100 102 103 104 105 106 107
1 24 52 85 54 88 57 58 91 101 236 76 77 237 78 238 239 81
1 25 84 86 230 87 216 219 224 99
1 26 196 164 197 69 165 198 70 166 199 71 167 200 201 202 203 75 204 205 206 207 240 241
1 27 213 107 220 93 94 223 97 227
1 28 53 55 56 59 140 141 142 143 211 148 149 150 151 215 152 153 154 218 155 156 157 221 158 159 160 161 162 163 232 233 234 235
1 29 164 165 166 167 240 241
1 30 181 183 135 120 122 187 128 195
1 31 52 54 57 58 76 77 78 79 81 83 84 85 86 87 88 90 91 92 95 96 99 100 101 102 103 104 105 106 236 237 238 239
1 32 116 117 53 119 55 56 59 125 126 130 132 148 149 150 151 152 153 154 155 156 157 158 159 160 161 162 163 232 233 234 235 109
1 33 196 164 197 165 166 199 167 200 203 204 206 207 240 241
1 34 116 117 119 121 124 125 126 127 130 131 68 132 133 134 72 73 74 149 150 153 158 159 160 161 163 108 109 110 111 112 113 114
1 35 152 155 157 240 241 162
1 36 184 89 185 80 193 82 98 194
1 37 117 200 203 204 109 125 206 130
1 38 180 181 182 183 184 185 187 61 189 191 64 193 66 194 67 195 208 212 213 214 220 223 227 229 168 170 172 173 176 177 178 179
1 39 53 55 56 59 136 137 138 139 140 141 142 143 211 148 151 215 152 154 218 155 156 157 221 222 225 226 162 228 232 233 234 235
1 40 102 231 217 92 79 95 209 210
1 41 181 182 183 186 187 188 61 189 190 191 64 192 66 67 195 69 198 70 71 201 202 75 205 168 169 171 172 174 175 176 177 179
1 42 212 100 229 214 103 105 208 96
1 43 186 188 190 192 196 197 69 198 70 199 71 200 201 202 203 75 204 205 206 207 164 165 166 167 169 171 174 175 240 241
1 44 180 182 184 185 61 189 64 193 66 194 67 208 209 210 212 213 214 216 217 219 220 223 224 227 229 230 231 170 173 176 178 179
1 45 215 218 236 237 221 238 239 211
0 46 118 182 123 189 176 129 115 179
0 47 169 121 171 190 111 192 113 131
0 48 180 184 185 193 194 136 137 138 139 208 209 210 212 213 214 216 217 219 220 222 223 224 225 226 227 228 229 230 231 170 173 178
0 49 232 233 234 235
0 50 52 84 85 86 54 87 88 57 90 58 91 99 101 104 106 236 76 77 237 78 238 239 81 83
0 51 118 120 121 122 123 60 124 62 63 127 128 65 129 131 68 133 134 135 72 73 74 144 145 146 147 108 110 111 112 113 114 115
1 23
1 76
1 81
1 109
1 114
1 127
1 143
1 147
1 24
1 34
1 51
1 75
1 90
1 98
1 129
1 135
1 49
1 62
1 66
1 77
1 132
1 133
1 141
1 145
1 19
1 20
1 22
1 30
1 32
1 42
1 43
1 45
1 53
1 58
1 64
1 74
1 82
1 84
1 85
1 94
1 100
1 104
1 107
1 113
1 122
1 124
1 126
1 142
1 146
1 148
1 156
1 157
1 162
1 165
1 166
1 167
1 0
1 3
1 6
1 7
1 9
1 15
1 16
1 48
1 54
1 56
1 68
1 73
1 79
1 83
1 89
1 91
1 93
1 95
1 103
1 105
1 106
1 110
1 111
1 115
1 130
1 137
1 138
1 159
1 118
1 123
1 154
1 163
1 2
1 12
1 61
1 120
1 1
1 5
1 39
1 50
1 11
1 27
1 36
1 44
1 65
1 71
1 72
1 86
1 99
1 116
1 131
1 144
1 160
1 161
1 169
1 170
1 33
1 149
1 153
1 164
1 14
1 18
1 21
1 25
1 26
1 29
1 37
1 40
1 41
1 46
1 55
1 57
1 63
1 67
1 70
1 78
1 80
1 96
1 101
1 119
1 121
1 128
1 136
1 140
1 151
1 155
1 158
1 168
1 8
1 31
1 38
1 47
1 60
1 69
1 97
1 102
1 117
1 139
1 150
1 152
1 4
1 10
1 13
1 17
1 28
1 35
1 52
1 59
1 87
1 88
1 92
1 108
1 112
1 125
1 134
0 181
0 182
0 183
0 184
0 185
0 186
0 187
0 188
0 189
0 171
0 173
0 174
0 175
0 172
0 176
0 177
0 180
0 178
0 179
