2
52 190
1 0 52 53 54 55 56 57 58 59
1 1 52 55 57 58 60 61 62 63 64 65 66 67 68 69 70 71 72 73 74 75 76 77 78 79 80 81 82 83 84 85 86 87
1 2 88 89 90 91 92 93 94 95
1 3 116 117 118 119 120 121 122 123 88 92 94 95 96 97 98 99 100 101 102 103 104 105 106 107 108 109 110 111 112 113 114 115
1 4 119 104 105 124 108 125 126 127
1 5 128 129 130 131
1 6 53 54 56 121 59 132 133 134 135 136 137 138 139 140 141 142 143 144 145 146 147 148 149 150 151 99 101 103 106 109 110 112
1 7 53 54 56 59 132 133 134 135 136 137 138 139 140 141 142 143 144 145 146 147 148 149 150 151 152 153 154 155 156 157 158 159
1 8 53 54 56 59 133 136 137 139 141 143 145 146 148 149 150 151 152 153 154 155 156 157 158 159 160 161 162 163 164 165 166 167
1 9 117 118 168 169 170 171 123 114
1 10 60 61 62 63 64 65 66 67 68 69 70 71 72 73 74 75 76 78 79 80 81 83 85 86 168 169 170 171 172 173 174 175
1 11 117 118 121 123 132 134 135 136 138 140 141 142 143 144 145 146 147 148 149 151 88 92 94 95 99 101 103 106 109 110 112 114
1 12 52 180 181 182 55 183 184 57 185 186 58 187 188 189 190 191 66 67 69 71 72 76 77 82 84 85 86 87 176 177 178 179
1 13 102 120 111 96 192 193 194 195
1 14 133 85 150 72 137 139 76 66
1 15 116 117 118 119 120 122 123 196 197 198 199 200 201 202 203 88 92 94 95 96 97 98 100 102 104 105 107 108 111 113 114 115
1 16 136 74 75 141 143 80 81 146
1 17 212 213 214 215 216 217 204 205 206 207 208 209 210 211
1 18 152 154 186 187 156 189 158 176
1 19 116 119 128 129 130 131 196 197 198 199 200 201 202 203 218 219 220 221 222 223 224 97 225 226 227 100 228 229 104 105 107 108
1 20 124 125 126 127 192 193 194 195 204 205 206 207 208 209 210 211 212 213 214 215 216 217 230 231 232 233 234 235 236 237
1 21 212 213 214 215 216 217 124 125 126 127 232 233 234 204 205 237 206 207 208 209 210 211
1 22 197 200 216 201 202 206 207 208
1 23 103 121 106 60 61 110 79 65
1 24 152 153 154 155 156 157 158 159 160 161 162 163 164 165 166 167
1 25 148 69 149 86 71 151 145 67
1 26 228 212 213 223 224 210 211 227
1 27 60 61 62 63 64 65 68 70 73 74 75 78 79 80 81 83 89 90 91 93 168 169 170 171 172 173 238 174 239 175 240 241
1 28 122 238 239 240 113 241 98 115
1 29 124 125 126 127 192 193 194 195 89 90 91 93 230 231 168 232 233 169 234 170 235 171 172 236 173 237 238 174 239 175 240 241
1 30 180 181 182 183 184 185 186 187 188 189 190 191 128 129 130 131 218 219 220 221 222 223 224 225 226 227 228 229 176 177 178 179
1 31 184 185 191 179
1 32 101 172 173 109 174 175 112 99
1 33 116 119 120 122 196 197 198 199 200 201 202 203 220 223 96 224 97 225 98 226 227 100 228 229 102 104 105 107 108 111 113 115
1 34 84 87 153 155 77 157 159 82
1 35 132 134 73 138 78 63 144 83
1 36 229 214 204 220 205 209 225 226
1 37 68 70 135 140 62 142 64 147
1 38 124 125 126 127 192 193 194 195 204 205 206 207 208 209 214 216 89 90 91 93 230 231 232 233 234 235 236 237 238 239 240 241
1 39 196 198 199 232 233 234 203 237
1 40 100 116 230 231 235 107 236 97
0 41 60 61 63 192 65 193 194 195 73 78 79 83 89 90 91 93 230 231 168 169 170 235 171 172 236 173 238 174 239 175 240 241
0 42 215 217 218 219 221 222
0 43 180 164 165 182 190 160 177 162
0 44 181 166 183 167 188 161 178 163
0 45 117 118 120 121 122 123 132 134 135 138 140 142 144 147 88 92 94 95 96 98 99 101 102 103 106 109 110 111 112 113 114 115
0 46 181 183 184 185 188 191 128 129 130 131 196 197 198 199 200 201 202 203 218 219 220 221 222 223 224 225 226 227 228 229 178 179
0 47 52 180 181 182 55 183 184 57 185 186 58 187 188 189 190 191 128 129 130 131 77 82 84 87 218 219 221 222 176 177 178 179
0 48 212 213 215 217 210 211
0 49 164 165 166 167 160 161 162 163
0 50 53 54 150 152 56 153 154 155 59 156 157 158 159 160 161 162 163 164 133 165 166 167 137 139
0 51 52 180 182 55 57 186 58 187 189 62 190 64 66 67 68 69 70 71 72 74 75 76 77 80 81 82 84 85 86 87 176 177
1 3
1 12
1 23
1 34
1 65
1 73
1 125
1 132
1 15
1 20
1 22
1 24
1 26
1 28
1 29
1 42
1 49
1 51
1 57
1 58
1 61
1 63
1 66
1 69
1 77
1 78
1 95
1 97
1 99
1 102
1 105
1 108
1 112
1 114
1 122
1 149
1 4
1 36
1 52
1 56
1 107
1 111
1 126
1 145
1 0
1 10
1 11
1 18
1 35
1 60
1 62
1 67
1 72
1 74
1 76
1 79
1 81
1 84
1 89
1 94
1 103
1 104
1 115
1 116
1 117
1 120
1 121
1 127
1 137
1 143
1 144
1 148
1 9
1 68
1 146
1 151
1 5
1 8
1 100
1 118
1 1
1 6
1 16
1 17
1 19
1 31
1 33
1 38
1 43
1 55
1 70
1 80
1 83
1 85
1 90
1 93
1 119
1 129
1 133
1 142
1 7
1 39
1 45
1 54
1 59
1 96
1 124
1 141
1 27
1 37
1 47
1 53
1 86
1 101
1 135
1 136
1 2
1 109
1 140
1 147
1 44
1 64
1 134
1 138
1 13
1 14
1 25
1 32
1 41
1 48
1 50
1 71
1 87
1 88
1 110
1 113
1 123
1 131
1 139
1 150
1 30
1 82
1 106
1 130
1 21
1 40
1 46
1 75
1 91
1 92
1 98
1 128
0 153
0 154
0 156
0 157
0 159
0 160
0 163
0 164
0 165
0 166
0 167
0 168
0 169
0 170
0 152
0 155
0 158
0 161
0 162
0 176
0 180
0 181
0 184
0 185
0 186
0 189
0 171
0 172
0 173
0 175
0 177
0 178
0 183
0 188
0 174
0 179
0 182
0 187
