2
52 190
1 0 52 53 54 55 56 57 58 59
1 1 60 61 62 63 64 65 66 67 68 69 70 71 72 73 74 75 76 77 78 79 80 81 82 83 84 85 86 87 88 89 90 91
1 2 60 61 62 63 73 76 77 78 79 80 81 83 84 85 86 89 92 93 94 95 96 97 98 99 100 101 102 103 104 105 106 107
1 3 108 109 110 111 112 113 114 115
1 4 116 117 118 119 120 121 122 123
1 5 106 92 124 93 125 126 127 97
1 6 52 53 118 56 120 121 59 123 128 129 130 131 132 133 134 135 136 137 138 139 140 141 142 143 144 145 146 147 148 149 150 151
1 7 62 63 64 65 66 67 68 69 70 71 72 74 75 76 77 80 82 83 85 86 87 152 88 153 154 90 155 91 156 157 158 159
1 8 68 87 75 160 65 161 162 163
1 9 180 181 54 182 55 183 184 57 185 58 186 187 164 165 166 167 168 169 170 171 108 172 109 173 174 111 175 176 113 177 178 179
1 10 52 53 56 59 188 189 128 129 130 131 133 134 135 136 137 138 139 140 141 142 143 144 146 147 148 149 110 112 114 115
1 11 140 190 142 191 192 144 193 146
1 12 196 101 197 104 96 194 98 195
1 13 168 185 171 174
1 14 60 61 62 63 64 66 70 71 73 74 76 77 78 79 80 81 83 84 85 86 88 89 90 91 92 93 96 97 98 101 104 106
1 15 84 198 199 200 89 201 78 81
1 16 73 202 203 60 204 61 205 79
1 17 118 120 121 123 132 206 207 208 209 145 210 211 212 213 214 150 215 151 216 217 218 219 220 221 222 223 160 224 161 225 162 163
1 18 202 203 204 205 206 207 208 209 210 211 212 213 214 215 216 217 218 219 220 221 222 223 160 224 161 225 226 162 227 163 228 229
1 19 116 117 181 182 119 183 122 190 191 192 193 152 153 154 155 156 157 158 159 164 230 231 232 233 170 234 235 236 173 237 176 179
1 20 213 218 62 63 80 209 211 83
1 21 132 150 151 152 156 157 158 145
1 22 69 214 72 219 222 224 82 67
1 23 194 195 196 197 198 199 200 201 202 203 204 205 206 207 209 210 211 213 215 216 217 218 220 221 160 161 226 162 227 163 228 229
1 24 180 165 103 169 105 94 95 177
1 25 52 53 56 59 188 189 129 133 136 110 143 112 114 115
1 26 100 102 107 238 239 240 241 99
1 27 116 117 181 54 182 119 55 183 57 58 122 190 191 192 193 164 230 231 232 233 170 234 235 108 236 109 173 237 111 176 113 179
1 28 124 125 126 127 194 195 196 197 198 199 200 201 202 203 204 205 206 207 209 210 211 213 218 221 226 227 228 229 238 239 240 241
1 29 215 71 216 217 74 220 64 66
1 30 181 54 182 55 183 184 57 58 186 187 190 191 192 193 164 166 167 233 170 234 235 108 172 109 173 237 111 175 176 113 178 179
1 31 52 53 56 59 188 189 129 130 131 133 135 136 137 140 110 142 143 112 144 114 146 115
1 32 84 89 92 60 61 93 94 95 96 97 98 99 100 101 102 103 104 73 105 106 107 78 79 81
1 33 228 229 85 86 76 77 226 227
1 34 116 117 119 122 64 65 66 67 68 69 70 71 72 74 75 82 87 152 88 153 154 90 155 91 156 157 158 159 230 231 232 236
1 35 180 185 124 125 126 127 194 195 196 197 198 199 200 201 202 203 204 205 226 227 228 165 229 168 169 171 238 174 239 240 177 241
1 36 164 133 181 136 173 143 129 179
1 37 188 189 110 112 114 115
1 38 148 149 230 134 231 232 138 236
1 39 187 172 175 178
1 40 180 184 185 186 187 124 125 126 127 194 195 196 197 198 199 200 201 165 166 167 168 169 171 172 238 174 239 175 240 177 241 178
1 41 212 153 154 155 159 223 208 225
1 42 100 102 103 105 107 94 95 99
1 43 233 234 139 235 141 237 128 147
1 44 166 167 184 186 188 189
1 45 182 135 183 137 170 176 130 131
0 46 118 120 121 123 128 132 134 138 139 141 208 145 147 212 148 149 214 150 215 151 216 217 219 220 222 223 160 224 161 225 162 163
0 47 70 88 90 91 221 206 207 210
0 48 180 54 55 184 57 185 58 186 187 124 125 126 127 165 166 167 168 169 171 108 172 109 238 174 239 111 175 240 113 177 241 178
0 49 116 117 119 122 190 191 192 65 193 67 68 69 72 75 82 87 152 153 154 155 156 157 158 159 230 231 232 233 234 235 236 237
0 50 118 120 121 123 128 130 131 132 134 135 137 138 139 140 141 142 208 144 145 146 147 212 148 149 214 150 151 219 222 223 224 225
0 51 92 93 94 95 96 97 98 99 100 101 102 103 104 105 106 107
1 2
1 14
1 21
1 35
1 46
1 52
1 85
1 100
1 4
1 9
1 11
1 24
1 25
1 38
1 55
1 62
1 63
1 68
1 69
1 72
1 74
1 78
1 81
1 82
1 84
1 90
1 91
1 104
1 105
1 108
1 116
1 133
1 136
1 139
1 143
1 144
1 145
1 152
1 162
1 169
1 3
1 16
1 53
1 54
1 70
1 73
1 83
1 89
1 110
1 114
1 127
1 128
1 148
1 153
1 164
1 170
1 31
1 33
1 50
1 98
1 103
1 115
1 122
1 161
1 18
1 20
1 23
1 29
1 75
1 86
1 96
1 167
1 45
1 121
1 140
1 159
1 1
1 19
1 27
1 36
1 37
1 41
1 42
1 49
1 57
1 58
1 65
1 67
1 71
1 87
1 109
1 113
1 119
1 125
1 130
1 132
1 142
1 154
1 160
1 163
1 12
1 48
1 56
1 59
1 61
1 99
1 102
1 150
1 88
1 117
1 126
1 147
1 15
1 17
1 22
1 28
1 43
1 60
1 64
1 92
1 94
1 95
1 101
1 112
1 123
1 124
1 131
1 134
1 137
1 138
1 141
1 151
1 156
1 157
1 158
1 166
1 97
1 107
1 5
1 26
1 44
1 79
1 10
1 77
1 155
1 165
1 76
1 80
1 111
1 168
1 8
1 13
1 34
1 93
1 0
1 6
1 7
1 30
1 32
1 39
1 40
1 47
1 51
1 66
1 106
1 118
1 120
1 129
1 135
1 146
1 149
0 186
0 187
0 188
0 174
0 179
0 181
0 184
0 171
0 172
0 175
0 176
0 177
0 178
0 182
0 185
0 173
0 180
0 183
0 189
