2
52 190
1 0 52 53 54 55 56 57 58 59
1 1 52 53 54 59 60 61 62 63 64 65 66 67 68 69 70 71 72 73 74 75 76 77 78 79
1 2 55 56 57 58 80 81 82 83 84 85 86 87 88 89 90 91 92 93 94 95 96 97 98 99 100 101 102 103 104 105 106 107
1 3 116 117 118 119 120 121 108 109 110 111 112 113 114 115
1 4 122 123 124 125 126 127 128 129 130 131 132 133 134 135 136 137 138 139 140 141 142 143 144 145 146 147 148 149 150 151 152 153
1 5 116 117 118 119 120 121 122 124 127 129 135 136 137 140 141 142 143 145 146 148 150 151 108 109 110 111 112 113 114 115
1 6 154 155 156 157 158 159 160 161
1 7 164 133 149 165 153 162 163 147
1 8 117 166 167 119 168 169 110 112
1 9 180 181 182 183 184 185 186 187 188 189 80 83 84 85 94 97 99 101 166 167 168 169 170 171 172 173 174 175 176 177 178 179
1 10 123 125 126 190 191 128 192 193 130 194 131 195 132 196 133 197 134 198 199 200 201 138 139 144 147 149 152 153 156 158 159 160
1 11 87 103 105 202 203 92 204 205
1 12 180 183 185 186 206 207 208 209 210 211 212 213 214 215 216 217 218 219 220 221 222 223 224 225 162 163 164 165 170 171 172 173
1 13 69 104 74 91 107 61 78 98
1 14 100 86 88 72 73 90 62 79
1 15 180 118 183 170 171 108 113 115
1 16 228 197 229 198 190 192 226 227
1 17 185 186 172 173 141 142 127 143
1 18 202 203 204 205 208 210 211 154 155 157 221 161 162 226 163 227 164 228 229 165 230 231 232 233 234 235 236 237 238 239 240 241
1 19 180 181 182 183 184 185 186 187 188 189 206 209 216 217 218 219 222 225 166 167 168 169 170 171 172 173 174 175 176 177 178 179
1 20 55 56 57 58 190 192 197 198 81 82 86 87 88 89 90 91 156 92 93 158 95 159 96 160 98 100 102 103 104 105 106 107
1 21 206 207 208 209 210 211 212 213 214 215 216 217 218 219 220 221 222 223 224 225 162 163 164 165 230 231 233 234 238 239 240 241
1 22 196 199 232 235 236 237 193 195
1 23 71 72 73 75 76 62 79 65
1 24 180 183 184 185 186 188 206 207 209 212 213 214 215 216 217 218 219 220 222 223 224 225 166 167 168 169 170 171 172 173 174 178
1 25 212 148 137 122 140 207 223 224
1 26 132 139 221 208 210 130 211 131
1 27 60 63 64 66 67 68 70 202 203 204 205 77 154 155 157 161 226 227 228 229 230 231 232 233 234 235 236 237 238 239 240 241
1 28 117 119 110 111 112 114
1 29 150 136 216 217 218 219 129 146
1 30 52 53 54 59 61 62 65 69 71 72 73 74 75 76 78 79
1 31 70 102 60 93 63 96 81 66
1 32 84 101 71 75 76 65 97 99
1 33 52 53 54 59 60 61 63 64 66 67 68 69 70 202 74 203 204 205 77 78 154 155 157 161 226 227 228 229 232 235 236 237
1 34 231 200 233 201 238 191 239 194
1 35 181 182 55 56 184 57 58 187 188 189 80 83 84 85 86 88 90 94 97 99 100 101 166 167 168 169 174 175 176 177 178 179
1 36 116 184 120 121 188 109 174 178
1 37 213 134 214 215 138 220 125 126
1 38 230 152 234 123 128 144 240 241
1 39 135 151 124 206 222 209 145 225
1 40 116 118 120 121 122 124 125 126 127 129 130 131 132 134 135 136 137 138 139 140 141 142 143 145 146 148 150 151 108 109 113 115
1 41 68 89 106 77 95 64 82 67
1 42 52 53 54 59 60 61 62 63 64 65 66 67 68 69 70 71 72 73 202 74 203 75 204 76 205 77 78 79 154 155 157 161
1 43 123 190 191 128 192 193 194 195 196 133 197 198 199 200 201 144 82 147 149 87 152 89 153 156 92 158 95 159 160 103 105 106
1 44 187 189 175 179
1 45 122 123 125 126 191 128 129 193 130 194 131 195 132 196 133 134 199 136 200 137 201 138 139 140 144 146 147 148 149 150 152 153
0 46 181 182 55 56 57 58 187 189 80 81 83 84 85 86 88 90 91 93 94 96 97 98 99 100 101 102 104 107 175 176 177 179
0 47 190 191 192 193 194 195 196 197 198 199 200 201 81 82 87 89 91 156 92 93 158 95 159 96 160 98 102 103 104 105 106 107
0 48 207 208 210 211 212 213 214 215 220 221 223 224 162 226 163 227 164 228 229 165 230 231 232 233 234 235 236 237 238 239 240 241
0 49 181 182 111 176 177 114
0 50 85 94 80 83
0 51 116 117 118 119 151 120 121 124 127 135 108 109 141 110 142 111 143 112 113 145 114 115
1 38
1 47
1 56
1 80
1 88
1 106
1 147
1 166
1 12
1 30
1 36
1 41
1 53
1 62
1 76
1 78
1 84
1 87
1 107
1 112
1 113
1 114
1 125
1 128
1 134
1 136
1 142
1 161
1 0
1 3
1 19
1 24
1 29
1 32
1 34
1 37
1 43
1 44
1 45
1 46
1 54
1 74
1 75
1 86
1 92
1 99
1 101
1 102
1 111
1 116
1 117
1 121
1 138
1 154
1 158
1 168
1 13
1 18
1 33
1 66
1 79
1 91
1 94
1 103
1 135
1 140
1 144
1 148
1 156
1 169
1 2
1 5
1 9
1 14
1 22
1 31
1 48
1 49
1 52
1 58
1 60
1 63
1 65
1 72
1 85
1 90
1 93
1 98
1 105
1 110
1 115
1 120
1 123
1 127
1 131
1 132
1 137
1 143
1 145
1 151
1 159
1 164
1 4
1 27
1 42
1 59
1 124
1 126
1 155
1 157
1 11
1 16
1 25
1 153
1 6
1 8
1 96
1 152
1 15
1 17
1 20
1 21
1 23
1 28
1 50
1 71
1 77
1 81
1 82
1 89
1 108
1 119
1 122
1 146
1 160
1 162
1 167
1 170
1 26
1 55
1 57
1 61
1 67
1 69
1 100
1 104
1 109
1 118
1 133
1 165
1 64
1 83
1 95
1 129
1 1
1 7
1 10
1 35
1 39
1 40
1 51
1 68
1 70
1 73
1 97
1 130
1 139
1 141
1 149
1 150
1 163
0 187
0 188
0 189
0 177
0 179
0 180
0 184
0 171
0 172
0 173
0 174
0 175
0 176
0 178
0 181
0 182
0 183
0 185
0 186
