2
52 190
1 0 52 53 54 55 56 57 58 59
1 1 60 61 62 63 64 65 66 67 68 69 70 71 72 73 74 75 76 77 78 79 80 81 82 83 84 85 86 87 88 89 90 91
1 2 116 53 117 118 119 56 57 58 92 93 94 95 96 97 98 99 100 101 102 103 104 105 106 107 108 109 110 111 112 113 114 115
1 3 120 121 122 123 60 124 61 125 126 127 64 128 65 129 66 130 131 132 133 70 134 71 135 73 74 75 76 77 79 81 83 85
1 4 86 136 137 138 90 139 91 82
1 5 116 117 140 141 142 143 144 145 146 147 148 149 150 151 152 153 154 155 92 100 102 103 104 105 107 108 109 110 111 112 114 115
1 6 68 84 72 156 157 158 63 159
1 7 180 181 182 183 136 137 138 139 156 157 158 159 160 161 162 163 164 165 166 167 168 169 170 171 172 173 174 175 176 177 178 179
1 8 116 117 119 140 145 146 149 150 152 154 155 92 93 94 96 97 98 99 100 101 102 103 104 105 107 108 109 110 111 112 114 115
1 9 184 185 186 187
1 10 52 54 55 120 121 122 59 188 124 189 190 191 192 128 193 194 130 195 131 196 197 198 199 135 200 201 202 203 204 205 206 207
1 11 196 202 189 94 192 97 98 99
1 12 197 203 190 208 209 210 195 211
1 13 149 150 134 152 123 155 125 129
1 14 212 213 166 214 215 183 173 160
1 15 181 167 87 88 170 175 80 67
1 16 62 63 67 68 69 72 78 80 82 212 84 213 214 86 215 87 216 88 217 89 218 90 219 91 220 221 222 223 224 225
1 17 164 217 169 218 219 174 222 163
1 18 85 151 75 143 144 64 147 83
1 19 228 229 208 209 226 210 227 211
1 20 148 71 153 74 141 77 142 66
1 21 212 213 214 215 216 217 218 219 220 221 222 223 224 225
1 22 101 119 200 201 93 207 96 193
1 23 69 230 231 232 89 233 62 78
1 24 168 172 161 162
1 25 136 137 138 139 140 141 142 143 144 145 146 147 148 149 150 151 152 153 154 155 156 157 158 159 230 231 232 233 234 235 236 237
1 26 52 180 54 182 55 184 185 186 187 59 188 190 193 194 195 197 200 201 203 204 206 207 161 162 165 168 171 172 238 239 240 241
1 27 212 213 214 215 220 221
1 28 53 118 56 57 58 95 226 227 228 229 106 208 209 113 210 211
1 29 180 165 182 171 220 221
1 30 118 106 188 204 206 95 113 194
1 31 103 135 121 122 124 109 112 115
1 32 181 183 136 137 138 139 156 157 158 159 160 163 164 230 166 167 231 232 169 233 234 170 235 236 237 173 174 175 176 177 178 179
1 33 216 223 176 224 177 225 178 179
1 34 70 154 60 140 76 79 145 146
1 35 116 117 140 141 142 143 144 145 146 147 148 149 150 151 152 153 154 155 230 102 231 104 232 105 233 234 235 236 108 237 110 111
1 36 123 60 61 125 62 126 63 127 64 65 129 66 68 132 69 133 70 134 71 72 73 74 75 76 77 78 79 81 83 84 85 89
1 37 180 181 182 183 184 185 186 187 160 161 162 163 164 165 166 167 168 169 170 171 172 173 238 174 239 175 176 240 177 241 178 179
1 38 120 121 122 123 60 124 189 125 126 191 127 192 128 129 66 130 131 196 132 133 70 198 134 71 199 135 74 202 76 77 205 79
1 39 53 118 119 56 57 58 93 94 95 96 97 98 226 99 227 228 101 229 106 208 209 113 210 211
1 40 61 62 63 64 65 67 68 69 72 73 75 78 80 81 82 83 84 85 86 87 216 88 217 89 218 90 219 91 222 223 224 225
0 41 120 121 122 123 188 124 189 125 126 191 127 192 128 193 129 194 130 131 196 132 133 198 134 199 135 200 201 202 204 205 206 207
0 42 52 180 54 182 55 183 184 185 186 187 59 190 195 197 203 160 161 162 165 166 168 171 172 173 238 239 176 240 177 241 178 179
0 43 73 234 235 236 61 237 65 81
0 44 132 133 102 105 108 126 127 111
0 45 52 54 55 184 185 186 187 59 188 189 190 191 192 193 194 195 196 197 198 199 200 201 202 203 204 205 206 207 238 239 240 241
0 46 100 198 199 107 92 205 191 114
0 47 212 213 214 86 215 87 216 88 217 218 90 219 91 220 221 222 223 224 225 67 80 82
0 48 228 229 238 239 240 241 226 227
0 49 53 118 119 56 57 58 208 209 210 211 92 93 94 95 96 97 98 226 99 227 100 228 101 229 103 106 107 109 112 113 114 115
0 50 181 136 137 138 139 141 142 143 144 147 148 151 153 156 157 158 159 163 164 230 167 231 232 169 233 234 170 235 236 237 174 175
0 51 116 117 120 104 110 128 130 131
1 23
1 60
1 108
1 110
1 117
1 124
1 131
1 145
1 1
1 6
1 7
1 16
1 27
1 29
1 37
1 39
1 41
1 45
1 58
1 68
1 73
1 78
1 85
1 87
1 89
1 91
1 92
1 96
1 97
1 101
1 102
1 105
1 119
1 127
1 134
1 136
1 141
1 142
1 146
1 150
1 4
1 5
1 22
1 26
1 40
1 46
1 50
1 51
1 52
1 54
1 57
1 63
1 70
1 75
1 80
1 84
1 86
1 88
1 95
1 98
1 113
1 118
1 121
1 122
1 123
1 130
1 133
1 137
1 8
1 25
1 28
1 30
1 35
1 36
1 47
1 53
1 93
1 103
1 126
1 128
1 135
1 143
1 144
1 148
1 11
1 38
1 114
1 138
1 2
1 9
1 10
1 14
1 18
1 42
1 61
1 66
1 81
1 83
1 109
1 115
1 120
1 140
1 149
1 151
1 17
1 56
1 104
1 107
1 0
1 19
1 20
1 21
1 31
1 33
1 43
1 44
1 48
1 49
1 62
1 65
1 67
1 71
1 72
1 74
1 90
1 100
1 112
1 116
1 129
1 132
1 139
1 147
1 12
1 24
1 76
1 125
1 3
1 13
1 15
1 32
1 34
1 55
1 59
1 64
1 69
1 77
1 79
1 82
1 94
1 99
1 106
1 111
0 166
0 167
0 169
0 170
0 152
0 153
0 163
0 168
0 157
0 159
0 161
0 164
0 154
0 155
0 156
0 158
0 160
0 162
0 165
0 181
0 184
0 186
0 177
0 178
0 180
0 182
0 174
0 183
0 185
0 187
0 171
0 172
0 175
0 176
0 173
0 179
0 188
0 189
