2
52 190
1 0 52 53 54 55 56 57 58 59 60 61 62 63 64 65 66 67 68 69 70 71 72 73 74 75 76 77 78 79 80 81 82 83
1 1 84 85 86 87 88 89 90 91
1 2 52 53 54 55 57 58 60 61 63 64 65 66 67 69 72 73 75 76 77 79 80 81 82 83 92 93 94 95 96 97 98 99
1 3 100 101 102 103 58 75 60 81
1 4 104 105 106 107
1 5 108 109 110 111 112 113 114 115
1 6 116 117 118 55 119 72 65 83
1 7 69 120 73 121 122 123 66 82
1 8 124 125 126 127 128 129
1 9 116 117 118 119 120 121 122 123 124 126 130 131 132 133 134 135 136 137 138 139 140 141
1 10 142 143 144 145 146 147 148 149 150 151 152 153 154 155 156 157 158 159 160 161 162 163 100 164 101 165 102 166 103 167 168 169
1 11 170 171 172 173
1 12 116 117 118 119 120 121 122 123 124 126 130 131 132 133 134 135 136 137 138 139 140 141 147 154 155 161 100 101 102 103
1 13 116 117 118 119 136 137 140 141 142 143 145 146 147 148 149 150 151 153 154 155 156 157 158 159 161 163 100 164 101 102 166 103
1 14 180 53 181 54 182 183 184 57 185 186 187 188 61 189 64 76 77 80 92 93 94 95 96 97 98 99 174 175 176 177 178 179
1 15 134 71 138 59 62 78 130 131
1 16 196 197 190 191 192 193 194 195
1 17 193 194 196 197 198 199 200 201 202 203 204 205 206 207 208 209 210 211 84 212 213 214 87 215 88 216 217 90 109 111 112 114
1 18 216 218 219 220 205 221 206 211
1 19 164 183 188 157 174 159 179 163
1 20 120 121 122 123 124 126 130 131 132 133 134 135 138 139
1 21 180 182 185 222 223 224 177 225
1 22 180 181 182 183 184 185 186 187 188 189 198 200 201 204 205 206 207 208 211 212 214 216 109 174 175 111 176 112 177 178 114 179
1 23 116 117 118 119 120 121 122 123 132 133 135 136 137 139 140 141 146 147 148 149 150 151 153 154 155 156 158 161 100 101 102 103
1 24 132 68 133 70 135 56 74 139
1 25 167 152 184 168 175 176 160 178
1 26 228 229 198 214 204 208 226 227
1 27 56 59 125 190 62 191 127 192 128 129 195 68 70 71 74 78 85 86 89 91 230 231 104 232 105 233 170 106 171 107 172 173
1 28 84 212 213 214 87 215 88 217 90 193 194 196 197 198 199 200 201 202 203 204 207 208 209 210
1 29 142 143 144 145 152 218 219 220 157 221 222 159 223 160 224 225 162 163 164 165 166 167 168 169 234 235 108 236 237 110 113 115
1 30 190 191 192 195 85 86 89 91 226 227 228 229 230 231 104 232 105 233 234 106 235 107 108 236 237 238 110 239 240 241 113 115
1 31 148 53 149 54 151 61 64 146
1 32 199 215 238 239 240 209 241 210
1 33 57 154 155 76 77 80 161 147
1 34 52 55 56 58 59 60 125 62 63 127 128 65 129 66 67 68 69 70 71 72 73 74 75 78 79 81 82 83 170 171 172 173
1 35 212 200 201 234 235 236 237 207
1 36 144 152 218 219 220 221 222 223 160 224 225 226 162 227 228 229 165 167 168 169 234 235 108 236 237 238 110 239 240 241 113 115
1 37 213 230 231 232 233 217 202 203
1 38 84 213 87 215 88 217 90 193 194 196 197 199 202 203 209 210
1 39 190 191 192 195 218 219 220 221 222 223 224 225 226 227 228 229 230 231 232 233 234 235 108 236 237 238 110 239 240 241 113 115
1 40 134 138 124 126 130 131
1 41 142 143 144 145 146 148 149 150 151 152 153 218 219 220 156 157 221 158 222 159 223 160 224 225 162 163 164 165 166 167 168 169
1 42 166 92 142 143 95 145 97 98
1 43 84 196 197 87 88 90 193 194
1 44 52 53 54 183 184 57 58 60 188 61 63 64 67 75 76 77 79 80 81 92 93 94 95 96 97 98 99 174 175 176 178 179
1 45 52 136 137 140 141 63 79 67
0 46 150 153 156 93 94 158 96 99
0 47 55 56 59 125 62 127 128 65 129 66 68 69 70 71 72 73 74 78 82 83 85 86 89 91 104 105 170 106 171 107 172 173
0 48 180 181 182 183 184 185 186 187 188 189 205 206 211 216 92 93 94 95 96 97 98 99 109 174 175 111 176 112 177 178 114 179
0 49 180 181 182 185 186 187 189 198 199 200 201 202 203 204 205 206 207 208 209 210 211 212 213 214 215 216 217 109 111 112 177 114
0 50 125 190 191 127 192 128 129 195 85 86 89 91 226 227 228 229 230 231 104 232 105 233 170 106 171 107 172 173 238 239 240 241
0 51 181 165 169 186 187 189 144 162
1 2
1 6
1 10
1 17
1 25
1 37
1 40
1 48
1 49
1 59
1 65
1 68
1 73
1 76
1 77
1 83
1 85
1 88
1 93
1 97
1 98
1 109
1 119
1 126
1 129
1 139
1 140
1 151
1 158
1 159
1 168
1 169
1 29
1 58
1 89
1 94
1 96
1 115
1 128
1 136
1 8
1 20
1 52
1 81
1 84
1 92
1 123
1 134
1 12
1 16
1 112
1 118
1 3
1 47
1 102
1 141
1 36
1 55
1 57
1 62
1 106
1 142
1 144
1 155
1 35
1 43
1 147
1 166
1 32
1 111
1 113
1 150
1 5
1 70
1 79
1 138
1 149
1 152
1 15
1 42
1 51
1 75
1 86
1 104
1 105
1 108
1 117
1 122
1 143
1 148
1 0
1 1
1 7
1 11
1 13
1 18
1 23
1 26
1 28
1 44
1 54
1 63
1 69
1 80
1 90
1 91
1 100
1 103
1 114
1 116
1 120
1 132
1 137
1 156
1 164
1 165
1 167
1 170
1 24
1 56
1 162
1 163
1 9
1 21
1 27
1 33
1 39
1 45
1 50
1 61
1 66
1 71
1 82
1 99
1 125
1 145
1 154
1 161
1 4
1 53
1 72
1 110
1 127
1 130
1 146
1 157
1 14
1 19
1 22
1 30
1 31
1 38
1 41
1 60
1 64
1 67
1 74
1 78
1 95
1 101
1 121
1 124
1 131
1 133
1 135
1 153
1 34
1 46
1 87
1 160
1 107
0 184
0 188
0 189
0 175
0 179
0 181
0 185
0 171
0 172
0 182
0 186
0 174
0 177
0 183
0 187
0 173
0 176
0 178
0 180
