2
52 190
1 0 52 53 54 55
1 1 56 57 58 59 60 61
1 2 68 69 62 63 64 65 66 67
1 3 70 71 72 73 74 75 76 77
1 4 52 53 54 55 56 57 59 60 63 64 67 68 78 79 80 81 82 83 84 85 86 87 88 89 90 91 92 93 94 95 96 97
1 5 100 101 102 103 104 105 98 99
1 6 116 117 118 119 120 121 98 99 100 101 102 103 104 105 106 107 108 109 110 111 112 113 114 115
1 7 122 123 124 125 126 127 128 129
1 8 130 131 132 133 134 135 136 137 138 139 140 141 78 142 79 143 80 144 81 145 82 83 84 85 87 89 90 91 92 93 95 97
1 9 148 149 150 151 152 153 146 147
1 10 154 155 156 157 158 159 160 161
1 11 116 117 119 98 99 100 101 102 103 104 105 107 110 111 113 114
1 12 134 135 120 137 108 109 131 115
1 13 164 165 166 167 168 169 162 163
1 14 180 181 182 183 184 185 122 125 126 128 73 75 76 77 146 147 148 151 154 157 158 161 170 171 172 173 174 175 176 177 178 179
1 15 186 187 188 189 190 191 192 193
1 16 196 197 183 185 171 194 195 179
1 17 186 123 187 124 189 191 127 129 194 195 196 197 70 198 71 199 200 72 201 202 74 203 204 205 206 207 208 209 162 164 166 169
1 18 52 53 54 55 56 57 59 60 63 64 67 68 79 80 81 210 211 212 213 86 214 87 215 88 216 89 217 91 93 94 95 96
1 19 180 181 182 183 184 185 122 188 125 190 126 192 128 193 73 75 76 77 218 219 220 221 170 171 172 173 174 175 176 177 178 179
1 20 138 139 110 142 111 144 113 114
1 21 86 88 222 94 223 224 96 225
1 22 180 181 183 184 185 188 190 192 193 73 75 76 77 218 219 220 221 226 163 227 228 165 229 167 168 171 172 173 176 177 178 179
1 23 186 187 189 191 130 131 132 133 198 134 199 135 200 136 201 137 138 139 140 204 141 205 142 143 207 208 144 145 162 164 166 169
1 24 182 183 185 122 125 126 128 73 75 76 77 146 210 211 147 212 148 213 214 151 215 216 217 154 157 158 161 170 171 174 175 179
1 25 100 103 89 91 93 80 98 99
1 26 198 200 218 219 220 204 221 208
1 27 186 187 189 191 130 132 133 70 198 71 199 200 136 72 201 202 74 203 140 204 141 205 206 143 207 208 209 145 162 164 166 169
1 28 186 123 187 124 189 191 127 129 194 195 196 197 70 71 199 72 201 202 74 203 205 206 207 209 149 150 152 153 230 231 232 233
1 29 123 124 127 129 194 195 196 197 149 150 152 153 155 156 222 223 159 160 224 225 230 231 232 233 234 235 236 237 238 239 240 241
1 30 52 53 54 55 56 57 59 60 131 134 135 137 138 139 78 142 79 80 144 81 82 83 84 85 87 89 90 91 92 93 95 97
1 31 202 203 172 173 206 177 209 178
1 32 182 122 125 126 63 64 128 67 68 146 210 211 147 212 148 213 86 214 151 215 88 216 217 154 157 158 94 96 161 170 174 175
1 33 216 217 235 237 239 240 210 211
1 34 130 131 132 133 198 134 135 200 136 137 138 139 140 204 141 78 142 143 208 144 145 82 83 84 85 90 92 97 162 164 166 169
1 35 230 182 231 232 233 170 174 175
1 36 58 155 156 61 222 62 223 159 160 224 65 225 66 69 234 235 236 237 238 239 240 241
1 37 212 213 214 215 234 236 238 241
1 38 52 53 54 55 56 57 59 60 63 64 67 68 146 210 211 147 212 148 213 86 214 151 215 88 216 217 154 157 158 94 96 161
1 39 69 58 61 62 65 66
1 40 87 79 95 81
0 41 132 228 133 229 136 145 226 227
0 42 116 117 118 119 120 121 226 98 163 99 227 100 228 165 101 229 102 167 103 104 168 105 106 107 108 109 110 111 112 113 114 115
0 43 84 101 102 104 105 78 82 83
0 44 116 85 117 119 90 107 92 97
0 45 180 181 118 184 120 121 188 190 192 193 218 219 220 221 226 163 227 228 165 229 167 168 106 172 108 173 109 176 112 177 178 115
0 46 58 61 62 65 66 69 149 150 152 153 155 156 222 223 159 160 224 225 230 231 232 233 234 235 236 237 238 239 240 241
0 47 118 121 106 140 141 143 112 130
0 48 180 181 199 184 201 205 207 176
0 49 123 124 127 129 194 195 196 197 70 71 72 202 74 203 206 209 149 150 152 153 155 156 159 160 230 231 232 233 235 237 239 240
0 50 58 61 222 62 223 224 65 225 66 69 234 236 238 241
0 51 116 117 118 119 120 121 188 190 192 193 218 219 220 221 226 163 227 228 165 229 167 168 106 107 108 109 110 111 112 113 114 115
1 41
1 89
1 112
1 126
1 22
1 25
1 34
1 116
1 135
1 148
1 43
1 57
1 58
1 107
1 121
1 129
1 140
1 151
1 5
1 10
1 72
1 78
1 96
1 100
1 114
1 134
1 0
1 1
1 2
1 4
1 8
1 13
1 16
1 19
1 27
1 33
1 36
1 55
1 65
1 73
1 82
1 106
1 113
1 127
1 138
1 141
1 38
1 46
1 64
1 77
1 87
1 108
1 117
1 120
1 11
1 17
1 18
1 32
1 39
1 49
1 59
1 69
1 70
1 90
1 93
1 109
1 130
1 136
1 139
1 149
1 20
1 26
1 42
1 47
1 102
1 118
1 143
1 146
1 21
1 30
1 45
1 50
1 61
1 63
1 66
1 99
1 101
1 104
1 105
1 115
1 123
1 132
1 147
1 150
1 52
1 68
1 83
1 92
1 103
1 110
1 128
1 137
1 14
1 29
1 67
1 76
1 98
1 111
1 125
1 144
1 9
1 31
1 54
1 62
1 71
1 88
1 124
1 145
1 6
1 7
1 15
1 24
1 28
1 37
1 53
1 60
1 74
1 75
1 79
1 86
1 94
1 119
1 133
1 142
1 3
1 48
1 80
1 84
1 91
1 95
1 97
1 131
1 12
1 56
1 85
1 122
1 23
1 35
1 40
1 44
1 51
1 81
0 162
0 164
0 166
0 167
0 169
0 170
0 154
0 155
0 158
0 159
0 160
0 163
0 165
0 168
0 153
0 156
0 157
0 161
0 152
0 179
0 186
0 189
0 171
0 173
0 181
0 184
0 176
0 180
0 182
0 183
0 172
0 174
0 175
0 177
0 178
0 185
0 187
0 188
