2
52 190
1 0 52 53 54 55 56 57 58 59
1 1 60 61 62 63 64 65 66 67 68 69 70 71 72 73 74 75 76 77 78 79 80 81 82 83 84 85 86 87 88 89 90 91
1 2 68 75 92 93 62 94 63 95
1 3 116 117 118 119 65 77 78 79 81 83 87 88 96 97 98 99 100 101 102 103 104 105 106 107 108 109 110 111 112 113 114 115
1 4 120 121 122 123
1 5 69 72 73 124 125 126 127 67
1 6 52 53 54 55 56 57 58 59 128 129 130 131 132 133 134 135 136 137 138 139 140 141 142 143
1 7 117 119 120 121 122 123 144 145 146 147 148 149 150 151 152 153 154 155 156 157 158 159 96 160 97 161 162 99 163 103 104 114
1 8 150 54 56 58 155 59 157 162
1 9 136 154 138 156 141 144 129 163
1 10 164 165 166 167 168 169
1 11 180 181 182 183 184 120 185 121 186 122 187 123 188 189 190 191 192 193 146 148 158 160 170 171 172 173 174 175 176 177 178 179
1 12 164 165 166 182 169 187 175 176
1 13 196 197 170 174 193 178 194 195
1 14 198 199 200 88 201 78 81 83
1 15 180 183 184 185 186 124 188 125 189 126 190 127 193 202 203 204 205 206 207 208 209 210 211 212 213 170 171 172 173 174 178 179
1 16 85 70 203 206 207 64 208 66
1 17 116 118 61 62 63 65 68 75 76 77 78 79 81 83 86 87 88 90 98 100 101 102 105 106 107 108 109 110 111 112 113 115
1 18 149 151 152 153
1 19 180 214 215 184 216 217 172 190
1 20 117 135 119 143 96 130 99 131
1 21 84 74 188 173 189 80 82 179
1 22 124 188 125 189 126 127 193 202 203 204 205 206 207 208 209 210 211 212 213 218 219 92 220 221 93 94 95 170 173 174 178 179
1 23 148 167 168 158 160 146
1 24 100 105 108 222 223 224 225 98
1 25 117 119 144 145 147 149 150 151 152 153 154 155 156 157 159 96 97 161 162 99 163 102 103 104 106 107 110 111 112 113 114 115
1 26 228 116 101 229 118 109 226 227
1 27 133 134 139 110 111 128 112 113
1 28 212 86 202 90 76 61 209 210
1 29 132 103 104 137 140 142 97 114
1 30 181 182 120 121 122 187 123 191 192 144 145 146 147 148 149 150 151 152 153 154 155 156 157 158 159 160 161 162 163 175 176 177
1 31 64 66 194 195 196 197 70 74 80 82 84 85 214 215 216 217 164 165 230 166 231 167 232 168 233 169 234 235 236 237
1 32 116 118 60 61 62 63 65 67 68 69 71 72 73 75 76 77 78 79 81 83 86 87 88 89 90 91 98 100 101 105 108 109
1 33 214 215 216 217 194 195 164 196 165 197 230 166 231 167 232 168 233 169 234 235 236 237
1 34 164 165 230 166 231 167 232 168 233 169 234 235 236 237
1 35 52 53 54 55 56 57 58 59 128 129 130 131 132 133 134 135 136 137 138 139 140 141 142 143 222 223 224 225 238 239 240 241
1 36 116 117 118 119 144 145 147 154 156 159 96 97 161 98 99 163 100 101 102 103 104 105 106 107 108 109 110 111 112 113 114 115
1 37 128 132 133 198 134 199 200 201 137 139 140 142 218 219 92 220 221 93 222 94 223 95 224 225 226 227 228 229 238 239 240 241
1 38 181 231 234 235 237 191 192 177
1 39 124 125 126 127 198 199 200 201 202 203 204 205 206 207 208 209 210 211 212 213 218 219 92 220 221 93 94 95 226 227 228 229
1 40 213 71 89 91 60 204 205 211
0 41 180 181 182 183 184 185 186 187 124 188 125 189 126 190 191 127 192 193 203 206 207 208 170 171 172 173 174 175 176 177 178 179
0 42 102 106 107 238 239 240 241 115
0 43 87 218 219 220 221 77 79 65
0 44 180 181 182 183 184 120 185 121 186 122 187 123 190 191 192 146 148 149 150 151 152 153 155 157 158 160 162 171 172 175 176 177
0 45 198 199 200 201 202 204 205 209 210 211 212 213 218 219 92 220 221 93 222 94 223 95 224 225 226 227 228 229 238 239 240 241
0 46 128 129 130 131 132 133 198 134 199 135 200 136 201 137 138 139 140 141 142 143 222 223 224 225 226 227 228 229 238 239 240 241
0 47 52 53 54 55 56 57 58 59 129 130 131 135 136 138 141 143
0 48 60 61 62 63 64 66 194 67 195 196 68 69 197 70 71 72 73 74 75 76 80 82 84 85 214 86 215 216 89 217 90 91
0 49 60 64 66 194 67 195 196 69 197 70 71 72 73 74 80 82 84 85 214 215 216 89 217 91 230 231 232 233 234 235 236 237
0 50 230 183 232 233 185 186 171 236
0 51 52 53 55 57 159 145 161 147
1 15
1 58
1 67
1 68
1 109
1 114
1 126
1 149
1 2
1 4
1 6
1 25
1 26
1 27
1 35
1 44
1 55
1 64
1 69
1 72
1 73
1 76
1 81
1 85
1 97
1 100
1 102
1 104
1 105
1 106
1 112
1 119
1 120
1 131
1 132
1 133
1 139
1 143
1 147
1 151
1 18
1 93
1 123
1 125
1 0
1 5
1 12
1 13
1 22
1 34
1 52
1 56
1 57
1 60
1 61
1 63
1 65
1 77
1 94
1 98
1 108
1 122
1 124
1 137
1 138
1 140
1 145
1 150
1 71
1 79
1 107
1 128
1 28
1 83
1 118
1 141
1 17
1 23
1 40
1 42
1 47
1 50
1 59
1 70
1 90
1 95
1 111
1 113
1 115
1 130
1 144
1 146
1 7
1 11
1 20
1 21
1 41
1 49
1 51
1 80
1 82
1 84
1 87
1 89
1 91
1 99
1 101
1 103
1 116
1 129
1 136
1 142
1 29
1 39
1 45
1 75
1 88
1 121
1 3
1 9
1 10
1 14
1 16
1 19
1 30
1 31
1 32
1 33
1 43
1 46
1 48
1 62
1 66
1 74
1 86
1 92
1 110
1 117
1 127
1 134
1 135
1 148
1 36
1 53
1 54
1 96
1 1
1 8
1 24
1 78
1 37
1 38
0 154
0 156
0 157
0 162
0 163
0 164
0 165
0 167
0 168
0 169
0 153
0 161
0 166
0 170
0 155
0 158
0 159
0 160
0 152
0 180
0 183
0 188
0 171
0 172
0 181
0 185
0 173
0 174
0 175
0 176
0 177
0 179
0 187
0 189
0 178
0 182
0 184
0 186
