2
52 190
1 0 52 53 54 55 56 57 58 59 60 61 62 63 64 65 66 67 68 69 70 71 72 73 74 75 76 77 78 79 80 81 82 83
1 1 84 85 86 87 88 89 90 91 92 93 94 95 96 97 98 99 100 101 102 103 104 105 106 107 108 109 110 111 112 113 114 115
1 2 116 53 117 118 119 59 60 64
1 3 85 101 86 120 121 122 123 111
1 4 105 124 125 126 127 97 113 114
1 5 128 129 130 131 132 133 134 135 136 137 138 139 140 141 142 143
1 6 71 56 62 144 145 65 146 147
1 7 53 54 59 60 61 63 64 69 70 73 75 78 79 80 81 82 148 149 150 151 152 153 154 155 97 102 104 105 108 113 114 115
1 8 75 156 157 158 78 63 159 79
1 9 132 136 139 140 143 129 130 131
1 10 103 92 109 110 160 161 162 163
1 11 128 133 134 135 137 138 141 142 84 85 86 88 89 91 93 94 95 96 164 100 165 101 166 167 168 169 106 170 107 171 111 112
1 12 128 129 130 131 164 132 165 133 166 134 167 135 168 136 169 137 138 170 139 171 140 141 142 143
1 13 72 57 172 173 174 175 66 83
1 14 150 152 154 155 176 177 178 179
1 15 180 181 172 173 174 175
1 16 164 166 182 183 184 169 185 170
1 17 148 149 151 153 186 187 188 189
1 18 180 181 55 58 76 77
1 19 186 187 124 188 125 189 190 126 191 127 192 193 194 195 196 197 198 199 200 201 156 157 158 159 160 161 162 163 176 177 178 179
1 20 84 85 86 87 88 89 90 91 92 93 94 95 96 98 99 164 100 165 101 166 167 103 168 169 106 170 107 171 109 110 111 112
1 21 182 183 120 184 121 185 122 123 202 203 204 205 206 207 208 209 210 211 212 213 214 215 216 217 218 219 220 221 222 223 224 225
1 22 196 197 87 199 90 193 98 99
1 23 214 220 210 211
1 24 213 134 137 202 141 223 128 225
1 25 148 84 149 150 87 151 152 89 153 90 154 91 155 92 93 94 95 97 98 99 102 103 104 105 106 108 109 110 112 113 114 115
1 26 228 229 89 106 91 93 226 227
1 27 116 117 118 119 186 187 188 189 191 192 195 201 144 145 146 147 156 157 158 159 230 231 232 233 234 235 236 237 176 177 178 179
1 28 53 54 56 57 59 60 61 62 63 64 65 66 69 70 71 72 73 75 78 79 80 81 82 83 148 149 150 151 152 153 154 155
1 29 116 180 117 181 118 119 186 187 188 189 144 145 146 147 156 157 158 159 230 231 232 233 234 235 172 236 173 237 174 175
1 30 69 230 54 231 73 235 236 81
1 31 120 121 122 123 124 125 190 126 127 193 194 196 197 198 199 200 204 205 209 217 160 161 226 162 227 163 228 229 238 239 240 241
1 32 136 218 219 140 206 207 130 131
1 33 180 181 232 233 234 172 173 237 174 175 144 145 146 147
1 34 53 59 60 63 64 75 78 79 148 149 150 87 151 152 153 90 154 155 92 97 98 99 102 103 104 105 108 109 110 113 114 115
1 35 100 88 107 238 239 96 240 241
0 36 84 198 200 190 94 95 112 194
0 37 182 183 120 184 121 185 122 123 202 204 205 206 207 209 212 213 215 216 217 218 219 221 223 225 226 227 228 229 238 239 240 241
0 38 116 117 118 119 186 187 124 188 125 189 126 191 127 192 195 201 156 157 158 159 160 161 162 163 230 231 235 236 176 177 178 179
0 39 52 182 55 183 184 185 58 67 68 202 74 203 76 77 206 207 208 210 211 212 213 214 215 216 218 219 220 221 222 223 224 225
0 40 132 203 139 222 143 208 224 129
0 41 212 133 135 215 216 138 221 142
0 42 128 129 130 131 132 133 134 135 136 137 138 139 140 141 142 143 85 86 88 96 164 100 165 101 166 167 168 169 170 107 171 111
0 43 124 125 190 126 191 127 192 193 194 195 196 197 198 199 200 201 160 161 226 162 227 163 228 229 238 239 176 240 177 241 178 179
0 44 70 232 233 234 61 237 80 82
0 45 52 55 56 57 58 62 65 66 67 68 71 72 202 74 203 76 77 206 207 208 210 211 83 213 214 218 219 220 222 223 224 225
0 46 116 180 117 181 118 119 230 231 232 233 234 235 172 236 173 237 174 175 144 145 146 147
0 47 182 183 120 184 121 185 122 123 190 193 194 196 197 198 199 200 204 205 209 212 215 216 217 221 226 227 228 229 238 239 240 241
0 48 165 167 168 217 171 204 205 209
0 49 52 54 55 56 57 58 61 62 65 66 67 68 69 70 71 72 73 74 203 76 77 208 80 81 210 82 211 83 214 220 222 224
0 50 102 104 201 108 191 192 195 115
0 51 52 68 74 67
1 0
1 2
1 8
1 18
1 23
1 24
1 28
1 30
1 35
1 51
1 58
1 60
1 61
1 71
1 72
1 75
1 78
1 79
1 87
1 91
1 92
1 93
1 97
1 100
1 102
1 104
1 108
1 113
1 117
1 119
1 125
1 131
1 9
1 11
1 12
1 17
1 26
1 27
1 29
1 36
1 38
1 39
1 44
1 46
1 47
1 49
1 57
1 59
1 62
1 64
1 67
1 68
1 73
1 76
1 80
1 94
1 98
1 103
1 106
1 107
1 112
1 121
1 124
1 127
1 16
1 50
1 96
1 105
1 21
1 22
1 89
1 118
1 6
1 48
1 86
1 99
1 1
1 3
1 7
1 10
1 20
1 33
1 40
1 56
1 69
1 74
1 95
1 110
1 111
1 120
1 123
1 129
1 42
1 53
1 83
1 116
1 5
1 25
1 52
1 55
1 65
1 82
1 85
1 128
1 4
1 81
1 101
1 109
1 31
1 66
1 90
1 130
1 13
1 14
1 15
1 34
1 37
1 54
1 122
1 132
1 19
1 77
1 88
1 115
1 32
1 63
1 84
1 114
1 43
1 70
1 41
1 45
1 126
0 151
0 138
0 139
0 140
0 149
0 135
0 136
0 137
0 141
0 142
0 143
0 144
0 145
0 146
0 147
0 148
0 150
0 133
0 134
0 152
0 153
0 154
0 155
0 156
0 157
0 158
0 159
0 160
0 161
0 162
0 163
0 164
0 165
0 166
0 167
0 168
0 169
0 170
0 187
0 188
0 189
0 173
0 179
0 181
0 186
0 171
0 172
0 174
0 175
0 177
0 180
0 182
0 185
0 176
0 178
0 183
0 184
