2
52 190
1 0 52 53 54 55 56 57 58 59 60 61 62 63 64 65 66 67 68 69 70 71 72 73 74 75 76 77 78 79 80 81
1 1 84 85 86 87 88 89 82 83
1 2 90 91 92 93 94 95 96 97 98 99 100 101 102 103 104 105
1 3 55 106 59 107 108 109 77 64
1 4 116 117 118 119 120 121 122 123 124 125 126 127 128 129 130 131 132 133 134 135 136 137 82 85 86 88 110 111 112 113 114 115
1 5 138 58 139 140 141 62
1 6 148 149 142 143 144 145 146 147
1 7 83 84 150 151 87 152 153 89 154 155 156 157 158 159 160 161 162 163 164 165 166 167 168 169 170 171 172 173 174 175 176 177
1 8 180 181 178 179
1 9 101 182 102 183 184 185 92 97
1 10 53 56 57 58 60 61 62 65 68 69 71 72 73 79
1 11 68 56 186 187 60 188 61 189
1 12 117 118 119 120 121 122 123 124 190 126 191 127 192 128 193 129 194 130 195 196 132 197 133 134 135 136 110 111 112 113 114 115
1 13 116 117 119 120 121 122 123 125 126 127 128 129 131 133 198 134 199 200 136 201 137 142 82 147 148 85 149 86 88 111 113 114
1 14 52 54 55 56 59 60 61 63 64 65 66 67 68 198 70 199 71 200 72 201 74 75 76 77 142 78 79 80 81 147 148 149
1 15 54 202 74 203 204 205 66 67
1 16 206 207 143 208 144 209 145 210 146 83 211 84 212 213 214 87 215 152 216 89 217 154 155 157 158 160 166 167 169 170 174 176
1 17 180 181 182 183 184 185 190 191 192 193 194 195 196 197 138 139 140 141 218 219 220 221 222 223 224 225 226 227 228 229 178 179
1 18 52 53 54 56 57 58 60 61 62 63 65 66 67 68 69 71 72 73 74 76 79 80
1 19 202 203 204 205 206 207 143 208 144 209 145 210 146 211 212 213 214 215 216 217 230 231 232 233 106 234 107 235 108 236 109 237
1 20 116 213 214 137 125 206 207 131
1 21 52 232 234 236 76 237 63 80
1 22 150 151 153 90 91 92 156 93 94 159 95 96 161 97 162 98 163 99 164 100 165 101 102 103 168 104 105 171 172 173 175 177
1 23 53 69 57 73 58 62
1 24 150 151 153 90 154 91 155 156 157 158 94 159 161 162 98 163 99 164 100 165 166 103 168 104 169 170 171 172 173 174 175 177
1 25 230 231 71 72 233 235 79 65
1 26 228 103 220 94 225 98 99 227
1 27 182 118 183 184 185 124 190 191 192 193 194 130 195 196 132 197 135 218 219 220 221 222 223 224 225 226 227 228 229 110 112 115
1 28 134 167 152 120 121 160 176 114
1 29 180 181 182 183 184 185 186 187 188 189 138 139 140 141 218 219 220 221 222 223 224 225 226 227 228 229 238 239 240 241 178 179
1 30 100 197 104 90 91 190 192 195
1 31 169 154 122 155 157 126 111 128
1 32 212 70 216 217 75 78 208 81
1 33 105 218 93 221 95 223 96 226
1 34 186 187 188 189 202 203 204 205 208 209 210 211 212 215 216 217 230 231 232 233 106 234 107 235 108 236 109 237 238 239 240 241
1 35 53 69 57 73 238 239 240 241
1 36 118 119 122 124 190 126 191 192 128 193 129 194 130 195 196 132 197 133 135 218 220 221 223 225 226 227 228 110 111 112 113 115
1 37 206 207 143 144 145 146 83 84 213 150 214 151 87 152 153 89 154 155 156 157 158 160 163 166 167 169 170 171 172 174 176 177
1 38 180 181 186 187 188 189 138 202 139 203 140 204 141 205 230 231 232 233 106 234 107 235 108 236 109 237 238 239 240 241 178 179
1 39 229 219 222 224
1 40 168 124 110 175 161 162 130 115
1 41 52 116 54 55 59 125 63 64 66 67 131 198 70 199 200 201 137 74 75 76 77 142 78 80 81 82 147 148 85 149 86 88
1 42 206 207 143 208 144 209 145 210 146 83 211 84 212 213 214 87 215 152 216 89 217 160 167 232 106 234 107 108 236 109 237 176
1 43 117 166 136 170 123 158 174 127
1 44 164 196 165 173 191 159 193 194
1 45 133 119 153 171 156 113 129 163
0 46 116 117 55 120 121 59 123 125 127 64 131 198 70 134 199 200 136 201 137 75 77 142 78 81 82 147 148 85 149 86 88 114
0 47 101 102 105 92 93 95 96 97
0 48 90 91 92 93 94 159 95 96 161 97 162 98 99 164 100 165 101 102 103 168 104 105 173 175
0 49 198 199 215 200 201 209 210 211
0 50 180 181 182 183 184 185 186 187 188 189 138 202 139 203 140 204 141 205 219 222 224 229 230 231 233 235 238 239 240 241 178 179
0 51 132 150 118 151 135 172 112 177
1 4
1 15
1 24
1 40
1 43
1 46
1 50
1 58
1 67
1 75
1 77
1 84
1 89
1 94
1 97
1 103
1 105
1 118
1 126
1 132
1 134
1 139
1 143
1 144
1 145
1 153
1 159
1 164
1 166
1 168
1 6
1 13
1 38
1 63
1 106
1 128
1 152
1 163
1 11
1 12
1 23
1 33
1 45
1 51
1 60
1 64
1 78
1 90
1 109
1 112
1 116
1 135
1 147
1 169
1 8
1 61
1 127
1 151
1 1
1 7
1 22
1 35
1 57
1 71
1 76
1 80
1 82
1 83
1 85
1 86
1 96
1 114
1 120
1 122
1 124
1 125
1 129
1 136
1 137
1 148
1 156
1 157
1 158
1 161
1 162
1 170
1 2
1 26
1 27
1 81
1 56
1 59
1 62
1 87
1 88
1 91
1 123
1 160
1 0
1 10
1 14
1 16
1 19
1 20
1 28
1 32
1 34
1 37
1 39
1 47
1 66
1 68
1 69
1 70
1 73
1 95
1 98
1 107
1 113
1 119
1 121
1 130
1 133
1 154
1 155
1 167
1 5
1 100
1 101
1 108
1 42
1 48
1 115
1 142
1 9
1 29
1 79
1 138
1 21
1 30
1 36
1 54
1 65
1 72
1 93
1 99
1 3
1 41
1 74
1 117
1 31
1 52
1 140
1 150
1 18
1 25
1 44
1 49
1 55
1 104
1 111
1 131
1 141
1 146
1 149
1 165
1 17
1 53
1 92
1 102
1 110
0 176
0 177
0 180
0 181
0 184
0 186
0 188
0 171
0 174
0 175
0 179
0 182
0 183
0 185
0 189
0 172
0 173
0 178
0 187
