2
52 190
1 0 52 53 54 55 56 57 58 59 60 61 62 63 64 65 66 67 68 69 70 71 72 73 74 75 76 77 78 79 80 81 82 83
1 1 84 85 86 87 88 89 90 91
1 2 92 93 94 95 96 97 98 99
1 3 116 117 118 119 120 121 122 123 124 125 126 127 92 95 96 98 100 101 102 103 104 105 106 107 108 109 110 111 112 113 114 115
1 4 132 133 134 135 128 129 130 131
1 5 136 137 138 139 60 62 78 82
1 6 148 149 150 151 152 153 140 141 142 143 144 145 146 147
1 7 116 118 119 56 120 121 123 60 124 61 62 126 127 74 76 78 82 92 95 96 98 100 101 105 106 107 108 109 111 112 113 114
1 8 116 54 118 119 56 120 121 58 59 60 124 61 62 63 127 65 70 72 74 76 78 79 82 92 95 96 98 101 106 109 113 114
1 9 154 155 156 157 158 159 160 161
1 10 180 181 182 183 184 185 129 131 134 135 86 87 89 90 162 163 164 165 166 167 168 169 170 171 172 173 174 175 176 177 178 179
1 11 164 182 185 186 187 188 189 174
1 12 54 70 190 191 63 192 65 193
1 13 182 185 129 194 195 131 196 197 198 134 199 135 200 201 202 203 204 205 86 87 89 154 90 156 158 160 163 164 166 167 170 174
1 14 180 181 183 184 190 191 192 193 136 137 138 139 206 207 208 209 210 211 212 213 162 165 168 169 171 172 173 175 176 177 178 179
1 15 180 182 183 185 129 194 195 131 196 134 199 135 200 201 202 205 86 87 89 90 162 163 164 166 167 168 170 171 172 173 174 176
1 16 190 191 192 193 136 137 138 139 141 206 142 207 208 144 209 145 146 210 211 212 149 213 214 215 216 152 217 153 93 94 97 99
1 17 52 53 57 186 187 188 189 128 64 130 67 132 133 73 80 83 84 85 88 218 219 91 220 221 222 223 224 225 226 227 228 229
1 18 148 149 214 150 215 151 216 152 217 153 93 94 97 99 140 141 142 143 144 145 146 147
1 19 52 181 184 57 169 80 67 179
1 20 155 157 159 161 230 231 232 233 234 235 236 237 238 239 240 241
1 21 165 69 55 71 75 175 177 178
1 22 180 183 219 173 223 225 162 226
1 23 190 191 192 193 136 137 138 139 140 141 142 143 144 145 146 147 148 149 214 150 215 151 216 152 217 153 93 94 97 99
1 24 52 53 55 57 128 64 130 66 67 132 68 133 69 71 73 75 77 80 81 83 84 85 88 219 91 220 223 224 225 226 228 229
1 25 101 149 118 152 121 106 142 144
1 26 228 229 166 167 170 220 224 163
1 27 117 103 104 122
1 28 120 153 124 141 109 145 113 146
1 29 72 58 59 206 79 209 210 211
1 30 230 199 200 237 205 240 241 194
1 31 186 187 188 189 128 130 132 133 84 85 88 218 155 219 91 220 157 221 222 223 159 224 225 161 226 227 228 229 230 237 240 241
1 32 117 182 185 122 125 194 195 196 197 198 199 200 201 202 203 204 205 86 87 89 154 90 156 158 160 164 102 103 104 110 174 115
1 33 197 198 233 203 236 204 238 239
1 34 148 151 107 123 126 111
1 35 116 150 119 140 143 127 114 147
1 36 53 168 73 171 172 64 176 83
1 37 148 150 151 140 143 147
1 38 116 117 118 119 121 122 123 125 126 127 197 198 203 204 154 156 158 160 100 101 102 103 104 105 106 107 108 110 111 112 114 115
1 39 196 201 218 202 221 222 195 227
1 40 218 186 155 187 188 157 221 189 222 159 161 227 230 231 232 233 234 235 236 237 238 239 240 241
1 41 186 187 188 189 84 85 88 218 155 91 220 157 221 222 159 224 161 227 228 229 230 231 232 233 234 235 236 237 238 239 240 241
1 42 214 215 56 216 217 74 76 61
1 43 68 212 213 77 207 208 81 66
1 44 54 55 56 120 58 59 60 124 61 62 63 65 66 68 69 70 71 72 74 75 76 77 78 79 81 82 92 95 96 98 109 113
1 45 100 105 108 112
0 46 181 184 190 191 192 193 136 137 138 139 206 207 208 209 210 211 212 213 214 215 216 217 93 94 97 99 165 169 175 177 178 179
0 47 231 232 233 234 235 236 238 239
0 48 52 53 54 55 57 58 59 63 128 64 65 130 66 67 132 68 133 69 70 71 72 73 75 77 79 80 81 83 219 223 225 226
0 49 102 231 232 234 235 125 110 115
0 50 117 122 123 125 126 194 195 196 197 198 199 200 201 202 203 204 205 154 156 158 160 100 102 103 104 105 107 108 110 111 112 115
0 51 180 181 183 184 129 131 134 135 206 207 208 209 210 211 212 213 162 163 165 166 167 168 169 170 171 172 173 175 176 177 178 179
1 9
1 25
1 26
1 27
1 30
1 39
1 40
1 41
1 50
1 51
1 57
1 66
1 68
1 77
1 81
1 98
1 102
1 104
1 108
1 111
1 113
1 120
1 125
1 132
1 135
1 142
1 143
1 151
1 156
1 158
1 167
1 170
1 7
1 21
1 45
1 58
1 79
1 87
1 97
1 146
1 36
1 38
1 47
1 71
1 84
1 99
1 128
1 168
1 8
1 11
1 18
1 19
1 28
1 42
1 44
1 60
1 61
1 67
1 80
1 91
1 93
1 101
1 109
1 112
1 124
1 137
1 138
1 141
1 145
1 147
1 149
1 153
1 155
1 159
1 161
1 166
1 29
1 32
1 49
1 53
1 56
1 73
1 130
1 154
1 31
1 134
1 140
1 150
1 10
1 62
1 72
1 75
1 85
1 86
1 88
1 90
1 103
1 107
1 115
1 123
1 129
1 164
1 3
1 14
1 16
1 24
1 65
1 78
1 100
1 144
1 5
1 15
1 17
1 23
1 33
1 34
1 37
1 46
1 63
1 74
1 94
1 95
1 96
1 106
1 114
1 121
1 122
1 127
1 136
1 139
1 162
1 163
1 165
1 169
1 59
1 82
1 83
1 152
1 2
1 12
1 69
1 116
1 0
1 1
1 6
1 13
1 35
1 76
1 92
1 105
1 110
1 126
1 131
1 157
1 22
1 43
1 52
1 64
1 117
1 119
1 133
1 148
1 70
1 89
1 118
1 160
1 4
1 20
1 48
1 54
1 55
0 173
0 176
0 181
0 183
0 184
0 185
0 189
0 171
0 172
0 174
0 175
0 177
0 178
0 179
0 180
0 182
0 186
0 187
0 188
