2
52 190
1 0 52 53 54 55 56 57 58 59 60 61 62 63 64 65 66 67 68 69 70 71 72 73 74 75 76 77 78 79 80 81 82 83
1 1 84 85 86 87 88 89 90 91 92 93 94 95 96 97 98 99 100 101 102 103 104 105 106 107 108 109 110 111 112 113
1 2 116 117 110 97 114 115
1 3 118 119 120 121 122 123 124 125 126 127 128 129 130 131 132 133 134 135 136 137 138 139 140 141 142 143 144 145 146 147 148 149
1 4 150 151 152 153 154 155 156 157
1 5 84 93 158 94 159 160 161 98
1 6 180 181 182 183 184 185 150 151 154 157 158 159 160 161 162 163 164 165 166 167 168 169 170 171 172 173 174 175 176 177 178 179
1 7 166 88 184 105 91 108 173 178
1 8 52 53 55 56 57 58 59 62 63 64 65 66 67 70 71 73 74 76 77 78 79 81 82 83
1 9 102 182 183 171 92 109 174 95
1 10 186 187 188 189
1 11 181 190 191 192 193 194 195 196 197 198 199 200 201 202 203 204 205 150 151 154 157 162 163 164 165 167 168 169 170 172 176 179
1 12 116 180 117 182 183 184 185 186 187 188 189 206 207 208 209 210 211 212 213 158 159 160 161 166 171 173 174 175 177 114 178 115
1 13 212 85 213 103 107 206 209 113
1 14 53 55 56 59 78 79 81 83
1 15 53 214 55 215 216 217 79 81
1 16 180 182 183 184 185 206 207 208 209 210 211 212 213 150 151 154 157 158 159 160 161 162 165 166 170 171 173 174 175 177 178 179
1 17 118 121 133 136 139 141 142 143 214 215 216 217 218 219 220 221 222 223 224 225 226 227 228 229 230 231 232 233 234 235 236 237
1 18 84 86 87 88 152 89 153 90 91 155 92 156 93 94 95 96 98 99 100 101 102 104 105 106 108 109 238 239 111 240 112 241
1 19 229 70 73 235 221 222 63 65
1 20 54 58 60 61 190 62 191 192 64 193 194 66 195 68 196 69 197 198 71 199 72 200 201 74 202 75 203 204 77 205 80 82
1 21 228 56 233 219 59 220 78 83
1 22 85 88 91 96 97 100 101 103 105 106 107 108 110 113
1 23 118 120 121 124 127 132 133 135 136 137 139 141 142 143 144 146 214 215 216 217 218 221 222 224 226 227 229 230 232 235 236 237
1 24 181 134 167 169 123 172 126 129
1 25 196 148 198 122 203 205 130 131
1 26 165 86 89 170 90 162 99 179
1 27 118 119 120 121 122 124 127 130 131 132 133 135 136 137 139 140 141 142 143 144 145 146 147 148 218 224 226 227 230 232 236 237
1 28 181 182 183 190 191 192 193 195 197 200 202 150 151 154 157 158 159 160 161 162 163 164 165 167 168 169 170 171 172 174 176 179
1 29 52 53 55 56 57 59 63 65 67 70 73 76 78 79 81 83
1 30 119 122 123 125 126 128 129 130 131 134 138 140 145 147 148 149 86 152 89 153 90 155 92 156 95 99 102 109 238 239 240 241
1 31 100 101 106 207 96 208 210 211
1 32 133 118 71 136 58 139 62 82
1 33 52 230 232 57 76 237 224 67
1 34 68 132 54 135 72 137 61 146
1 35 85 103 107 110 97 113
0 36 119 120 122 123 124 125 126 127 128 129 130 131 132 134 135 137 138 140 144 145 146 147 148 149 152 153 155 156 238 239 240 241
0 37 116 180 117 184 185 186 187 188 189 206 207 208 209 210 211 212 213 219 220 223 225 228 166 231 233 234 173 175 177 114 178 115
0 38 164 168 238 239 176 240 241 163
0 39 123 125 126 128 129 134 138 84 149 86 87 152 89 153 90 155 92 156 93 94 95 98 99 102 104 109 238 239 111 240 112 241
0 40 197 119 140 190 192 193 145 147
0 41 218 74 236 77 64 66 226 227
0 42 199 120 201 124 204 127 144 194
0 43 231 234 223 225
0 44 116 117 186 187 188 189 206 207 208 209 210 211 212 213 214 215 216 217 219 220 221 222 223 225 228 229 231 233 234 235 114 115
0 45 84 85 87 88 91 93 94 96 97 98 100 101 103 104 105 106 107 108 110 111 112 113
0 46 69 121 75 60 141 142 143 80
0 47 116 117 186 187 188 189 214 215 216 217 218 219 220 221 222 223 224 225 226 227 228 229 230 231 232 233 234 235 236 237 114 115
0 48 149 200 138 202 125 191 128 195
0 49 181 54 60 61 190 191 192 193 194 195 68 196 69 197 198 199 72 200 201 202 75 203 204 205 80 163 164 167 168 169 172 176
0 50 180 87 104 185 175 111 112 177
0 51 52 54 57 58 60 61 62 63 64 65 194 66 67 68 196 69 70 198 71 199 72 73 201 74 75 203 76 204 77 205 80 82
1 3
1 5
1 8
1 13
1 26
1 28
1 35
1 45
1 46
1 50
1 52
1 53
1 56
1 59
1 64
1 68
1 71
1 74
1 85
1 89
1 94
1 96
1 98
1 100
1 103
1 104
1 108
1 109
1 110
1 112
1 114
1 125
1 11
1 12
1 19
1 31
1 34
1 36
1 38
1 41
1 51
1 54
1 55
1 57
1 63
1 66
1 70
1 73
1 75
1 76
1 80
1 81
1 95
1 99
1 102
1 106
1 115
1 117
1 120
1 124
1 129
1 130
1 4
1 22
1 44
1 77
1 2
1 6
1 9
1 15
1 17
1 21
1 23
1 24
1 25
1 27
1 37
1 39
1 62
1 67
1 72
1 78
1 79
1 87
1 90
1 91
1 93
1 101
1 107
1 113
1 116
1 119
1 122
1 123
1 126
1 127
1 128
1 131
1 14
1 32
1 43
1 61
1 65
1 88
1 118
1 121
1 1
1 40
1 92
1 132
1 0
1 7
1 10
1 16
1 18
1 20
1 29
1 30
1 33
1 42
1 47
1 48
1 49
1 58
1 60
1 69
1 82
1 83
1 84
1 86
1 97
1 105
1 111
0 151
0 134
0 137
0 139
0 141
0 133
0 135
0 136
0 138
0 140
0 142
0 143
0 144
0 145
0 146
0 147
0 148
0 149
0 150
0 169
0 170
0 156
0 161
0 162
0 163
0 165
0 166
0 167
0 168
0 153
0 157
0 160
0 164
0 152
0 154
0 155
0 158
0 159
0 172
0 173
0 174
0 175
0 176
0 178
0 180
0 181
0 182
0 183
0 184
0 185
0 186
0 188
0 189
0 171
0 177
0 179
0 187
