2
52 190
1 0 52 53 54 55 56 57 58 59 60 61 62 63 64 65 66 67 68 69 70 71 72 73 74 75 76 77 78 79 80 81 82 83
1 1 84 85 86 87 88 89
1 2 90 91 92 93 94 95 96 97
1 3 100 101 102 103 104 105 98 99
1 4 116 117 98 99 104 105 106 107 108 109 110 111 112 113 114 115
1 5 118 119 120 121 122 123 124 125 126 127 128 129 130 131 132 133 134 135 136 137 138 139 140 141 142 143 144 145 146 147 148 149
1 6 53 54 55 58 60 62 64 68 70 71 72 73 74 79 80 82 150 151 152 153 154 155 156 157 158 159 160 161 162 163 164 165
1 7 116 166 167 168 169 108 114 115
1 8 135 139 62 143 79 64 82 147
1 9 84 85 86 87 88 89 170 171 172 173 174 175 176 177
1 10 180 181 151 152 153 155 178 179
1 11 182 183 184 185 170 171 175 176
1 12 68 148 71 58 74 144 130 131
1 13 186 187 188 189 190 191 192 193
1 14 69 118 119 120 56 61 78 128
1 15 182 183 184 185 194 195 196 197 198 199 200 201 202 203 204 205 150 151 152 153 154 155 156 157 158 159 160 161 162 163 164 165
1 16 52 53 54 55 56 57 59 60 61 190 63 191 192 65 193 66 67 69 70 72 73 75 76 77 78 80 81 83 93 94 96 97
1 17 104 105 106 107 109 111 98 99
1 18 165 154 157 206 207 159 208 209
1 19 180 181 121 122 123 124 126 127 129 130 131 132 134 135 136 137 138 139 141 206 207 143 144 208 145 209 146 147 148 149 178 179
1 20 212 213 86 87 210 211
1 21 122 156 141 126 158 160 161 145
1 22 180 181 122 126 130 131 141 206 207 144 208 145 209 148 214 215 216 217 218 219 220 221 170 171 172 173 174 175 176 177 178 179
1 23 180 181 121 122 126 129 130 131 132 134 135 139 141 206 207 143 144 208 145 209 147 148 214 215 216 217 218 219 220 221 178 179
1 24 52 116 117 56 57 59 61 190 63 191 192 65 193 66 67 69 75 76 77 78 81 83 93 94 96 97 108 110 112 113 114 115
1 25 84 85 197 199 88 89 194 195
1 26 53 54 55 56 57 58 60 61 62 63 64 68 69 70 71 72 73 74 75 78 79 80 81 82 154 156 157 158 159 160 161 165
1 27 106 107 109 222 223 111 224 225
1 28 164 150 215 216 217 219 162 163
1 29 180 181 206 207 208 209 84 85 214 86 215 87 216 88 217 89 218 219 220 221 170 171 172 173 174 175 176 177 178 179
1 30 194 195 197 199 200 201 202 205 210 211 212 213 222 223 224 225 226 227 228 100 229 101 166 230 102 167 231 103 168 232 169 233
1 31 186 187 188 189 90 91 92 222 223 95 224 225 226 227 100 101 166 230 102 167 231 103 168 169 234 235 236 237 238 239 240 241
1 32 133 59 140 125 142 65 66 67
1 33 136 57 137 138 75 124 63 81
1 34 116 117 93 190 94 191 192 96 193 97 98 99 104 105 106 107 108 109 110 111 112 113 114 115
1 35 210 211 212 213 90 91 92 222 223 95 224 225 226 227 228 100 229 101 166 230 102 167 231 103 168 232 169 233 234 236 237 240
0 36 228 229 232 233
0 37 132 134 55 121 73 60 80 129
0 38 52 235 76 77 238 239 241 83
0 39 230 231 226 227
0 40 182 183 184 185 58 62 64 196 68 198 71 74 203 204 79 82 150 151 152 153 154 155 156 157 158 159 160 161 162 163 164 165
0 41 182 183 184 185 194 195 196 197 198 199 200 201 202 203 204 205 210 211 212 213 150 151 152 153 155 162 163 228 164 229 232 233
0 42 52 116 117 59 190 191 192 65 193 66 67 76 77 83 93 94 96 97 98 99 104 105 106 107 108 109 110 111 112 113 114 115
0 43 117 234 236 237 110 112 240 113
0 44 53 149 54 70 72 123 127 146
0 45 118 119 120 121 186 187 123 188 124 125 189 127 128 129 132 133 134 135 136 137 138 139 140 142 143 146 147 149 235 238 239 241
0 46 196 214 198 218 203 220 204 221
0 47 84 85 214 86 215 87 216 88 217 89 218 219 220 221 170 171 172 173 174 175 176 177
0 48 200 201 202 172 173 205 174 177
0 49 118 119 120 186 187 123 188 124 125 189 127 128 133 136 137 138 140 142 146 149 90 91 92 95 234 235 236 237 238 239 240 241
0 50 118 119 120 186 187 188 125 189 128 133 140 142 90 91 92 222 223 95 224 225 166 167 168 169 234 235 236 237 238 239 240 241
0 51 182 183 184 185 194 195 196 197 198 199 200 201 202 203 204 205 210 211 212 213 226 227 228 100 229 101 230 102 231 103 232 233
1 1
1 12
1 14
1 17
1 19
1 20
1 25
1 28
1 31
1 38
1 46
1 47
1 51
1 54
1 57
1 58
1 69
1 70
1 73
1 80
1 94
1 96
1 101
1 104
1 109
1 112
1 115
1 116
1 119
1 122
1 127
1 132
1 4
1 16
1 18
1 41
1 52
1 107
1 8
1 23
1 36
1 64
1 88
1 114
1 117
1 131
1 11
1 43
1 44
1 85
1 92
1 93
1 102
1 128
1 30
1 33
1 39
1 45
1 49
1 65
1 79
1 84
1 97
1 120
1 123
1 126
1 5
1 6
1 7
1 13
1 15
1 22
1 32
1 35
1 42
1 48
1 56
1 59
1 60
1 62
1 66
1 75
1 78
1 81
1 82
1 83
1 86
1 89
1 98
1 99
1 100
1 103
1 105
1 106
1 113
1 124
1 129
1 130
1 21
1 24
1 27
1 29
1 34
1 37
1 40
1 61
1 63
1 72
1 77
1 87
1 91
1 95
1 111
1 125
1 2
1 10
1 26
1 55
1 0
1 3
1 9
1 53
1 71
1 76
1 118
1 121
1 50
1 74
1 90
1 108
1 67
1 68
1 110
0 149
0 133
0 134
0 135
0 141
0 142
0 144
0 146
0 151
0 136
0 137
0 138
0 139
0 140
0 143
0 145
0 147
0 148
0 150
0 167
0 168
0 157
0 159
0 165
0 169
0 156
0 161
0 163
0 170
0 152
0 153
0 155
0 158
0 160
0 162
0 164
0 166
0 154
0 172
0 180
0 184
0 173
0 174
0 177
0 178
0 182
0 185
0 186
0 187
0 171
0 175
0 176
0 179
0 181
0 183
0 188
0 189
