2
52 190
1 0 52 53 54 55 56 57 58 59 60 61 62 63 64 65 66 67 68 69 70 71 72 73 74 75 76 77 78 79 80 81 82 83
1 1 84 85 86 87 56 75 78 66
1 2 116 117 118 119 88 89 90 91 92 93 94 95 96 97 98 99 100 101 102 103 104 105 106 107 108 109 110 111 112 113 114 115
1 3 52 68 71 120 121 122 123 63
1 4 124 125 126 127 128 129 130 131 132 133 134 135 136 137 138 139 140 141 142 143 144 145 146 147 88 89 91 98 100 101 107 109
1 5 148 149 150 151 152 153 154 155 156 157 158 159 160 161 162 163 164 165 166 167 168 169 170 171 172 173 174 175 176 177 178 179
1 6 180 181 182 183 120 184 185 121 186 122 187 123 188 189 190 191 192 193 194 195 196 197 198 199 200 201 202 203 84 85 86 87
1 7 52 53 55 56 58 60 62 63 65 66 67 68 69 70 71 72 73 74 75 76 78 80 82 83 148 155 158 162 166 170 172 173
1 8 116 118 125 126 127 128 129 130 131 132 133 134 136 140 141 144 145 146 88 89 91 94 98 99 100 101 104 107 108 109 110 115
1 9 52 53 54 55 56 57 59 61 62 63 64 66 67 68 69 70 71 75 204 76 205 77 206 78 207 79 208 209 81 210 211 83
1 10 212 213 149 150 214 151 215 152 216 153 217 154 156 157 159 160 161 163 164 165 167 168 169 171 174 175 176 177 178 179
1 11 183 57 201 186 77 190 79 64
1 12 117 54 119 57 59 61 64 204 205 77 206 207 79 208 209 81 210 211 90 92 93 95 96 97 102 103 105 106 111 112 113 114
1 13 218 219 220 221 207 208 210 211
1 14 116 117 118 128 129 130 136 140 141 144 146 88 89 90 91 92 94 98 99 100 101 102 103 104 105 106 107 108 109 110 111 115
1 15 69 70 200 202 62 193 194 83
1 16 183 184 186 190 191 193 194 196 198 200 201 202 84 85 86 87 218 219 220 221 222 223 224 225 226 227 228 229 230 231 232 233
1 17 212 213 149 150 214 215 216 217 154 157 159 160 161 163 165 167 169 171 174 175 176 178
1 18 118 110 99 115
1 19 182 72 185 60 189 192 65 82
1 20 164 151 135 168 137 139 179 147
1 21 196 53 198 55 184 76 191 67
1 22 117 103 105 92
1 23 218 219 220 221 226 228 229 232 234 235 236 237 238 239 240 241
1 24 180 181 182 120 185 121 122 187 123 124 188 125 189 126 127 192 131 195 132 133 197 134 135 199 137 138 139 203 142 143 145 147
1 25 54 59 61 223 224 225 81 227
1 26 58 60 65 72 73 74 80 82 148 149 150 151 152 153 154 155 156 157 158 161 162 164 165 166 168 170 171 172 173 174 177 179
1 27 148 138 170 124 172 173 142 143
1 28 212 101 214 215 88 217 107 109
1 29 234 235 236 237 238 239 240 241
1 30 183 186 190 193 194 200 201 202 218 219 220 221 222 223 224 225 226 227 228 229 230 231 232 233 234 235 236 237 238 239 240 241
1 31 52 53 55 58 60 63 65 67 68 71 72 73 74 76 80 82 148 151 152 153 155 156 158 162 164 166 168 170 172 173 177 179
1 32 212 213 214 215 216 217
1 33 149 150 171 140 157 128 144 146
1 34 100 167 89 169 91 160 176 98
1 35 181 197 199 73 58 74 188 80
1 36 116 213 104 216 108 94
1 37 136 141 159 175 129 130 178 163
1 38 180 182 185 187 124 125 189 126 127 128 192 129 130 131 195 132 133 134 135 136 137 138 139 203 140 141 142 143 144 145 146 147
1 39 230 231 233 204 205 222 206 209
1 40 212 213 214 215 216 217 159 160 163 167 169 175 176 178
1 41 181 183 120 184 121 186 122 123 188 190 191 193 194 196 197 198 199 200 201 202 84 85 86 87 222 223 224 225 227 230 231 233
1 42 218 219 220 221 222 223 224 225 226 227 228 229 230 231 232 233 234 235 236 237 238 239 240 241
1 43 116 117 118 119 204 205 206 207 208 209 210 211 90 92 93 94 95 96 97 99 102 103 104 105 106 108 110 111 112 113 114 115
1 44 228 229 119 232 93 95 113 226
1 45 132 165 134 154 125 174 161 145
0 46 236 237 239 96 112 97 241 114
0 47 54 119 56 57 59 61 62 64 66 69 70 75 204 205 77 206 78 207 79 208 209 81 210 211 83 93 95 96 97 112 113 114
0 48 180 166 187 155 203 158 162 195
0 49 133 152 153 156 126 127 177 131
0 50 102 90 234 106 235 238 111 240
0 51 180 181 182 120 184 185 121 122 187 123 124 188 189 191 192 195 196 197 198 135 199 137 138 139 203 142 143 147 84 85 86 87
1 5
1 9
1 12
1 17
1 19
1 24
1 32
1 34
1 41
1 45
1 49
1 53
1 61
1 62
1 63
1 72
1 78
1 84
1 87
1 88
1 90
1 95
1 99
1 105
1 116
1 120
1 130
1 135
1 145
1 149
1 158
1 160
1 20
1 100
1 159
1 167
1 0
1 3
1 7
1 11
1 16
1 23
1 26
1 33
1 39
1 54
1 74
1 77
1 80
1 85
1 92
1 106
1 114
1 115
1 118
1 121
1 125
1 127
1 132
1 136
1 137
1 143
1 150
1 153
1 156
1 161
1 163
1 170
1 22
1 97
1 101
1 103
1 1
1 6
1 15
1 28
1 35
1 43
1 46
1 48
1 52
1 66
1 67
1 68
1 91
1 94
1 107
1 110
1 113
1 133
1 134
1 139
1 141
1 146
1 154
1 169
1 4
1 29
1 30
1 31
1 44
1 55
1 56
1 59
1 70
1 71
1 75
1 81
1 86
1 98
1 102
1 111
1 112
1 119
1 123
1 128
1 129
1 131
1 140
1 142
1 144
1 148
1 151
1 152
1 155
1 157
1 162
1 165
1 13
1 14
1 36
1 37
1 38
1 40
1 47
1 50
1 57
1 60
1 65
1 73
1 79
1 93
1 96
1 104
1 108
1 109
1 117
1 122
1 124
1 147
1 164
1 166
1 2
1 25
1 27
1 51
1 64
1 69
1 89
1 126
1 8
1 21
1 82
1 83
1 138
1 168
1 18
1 42
1 58
1 76
1 10
0 175
0 177
0 178
0 179
0 180
0 181
0 183
0 184
0 185
0 187
0 189
0 171
0 172
0 173
0 174
0 176
0 182
0 186
0 188
