2
52 190
1 0 52 53 54 55 56 57 58 59 60 61 62 63 64 65 66 67 68 69 70 71 72 73 74 75 76 77 78 79 80 81 82 83
1 1 84 85 86 87 88 89 90 91 92 93 94 95 96 97 98 99 100 101 102 103 104 105
1 2 56 106 59 107 108 109 63 65
1 3 116 117 118 119 120 121 122 123 124 125 126 127 128 129 130 131 132 133 134 135 136 137 138 139 140 141 110 111 112 113 114 115
1 4 87 91 92 93 97 98
1 5 72 58 142 143 79 144 145 82
1 6 148 149 150 151 152 153 146 147
1 7 133 55 71 136 73 123 115 83
1 8 69 57 74 60 62 78 81 66
1 9 105 154 90 155 156 157 96 99
1 10 118 125 158 159 160 113 161 131
1 11 132 164 165 137 122 139 162 163
1 12 166 167 168 169 76 77 64 67
1 13 84 85 86 87 88 89 90 91 92 93 94 95 96 97 98 99 100 101 102 103 104 105 170 171 172 173 174 175 176 177
1 14 180 181 182 183 184 185 178 179
1 15 68 53 134 119 140 61 128 80
1 16 181 183 186 187 188 189 190 191 192 193 194 195 196 197 198 199 200 201 146 149 150 153 154 155 156 157 158 159 160 161 178 179
1 17 116 180 118 182 120 184 121 185 122 125 127 129 130 131 132 137 138 139 147 148 151 152 170 171 172 173 110 174 175 176 113 177
1 18 181 183 186 187 188 190 191 192 193 194 195 197 199 200 202 203 204 205 146 149 150 153 158 159 160 161 162 163 164 165 178 179
1 19 180 182 184 185 147 84 148 85 86 151 88 152 89 90 94 95 96 99 100 101 102 103 104 105 170 171 172 173 174 175 176 177
1 20 188 189 192 194 195 196 198 201 206 207 208 209 146 210 211 212 149 213 150 214 215 216 217 153 154 218 155 219 156 220 157 221
1 21 52 117 54 70 75 126 112 114
1 22 180 118 182 120 184 185 125 130 131 138 147 84 148 151 152 90 96 99 100 101 103 105 170 171 172 173 110 174 175 176 113 177
1 23 53 56 57 58 59 60 61 62 63 64 65 66 67 68 69 72 74 76 77 78 79 80 81 82
1 24 57 74 222 78 223 224 225 81
1 25 84 100 101 103 206 207 208 210
1 26 213 102 215 88 216 89 94 209
1 27 189 196 198 201 206 207 208 209 210 211 212 213 214 215 216 217 154 218 155 219 156 220 157 221 226 227 228 229 230 231 232 233
1 28 230 232 226 227
1 29 69 234 235 60 236 237 62 66
1 30 52 53 54 55 58 187 61 190 68 70 71 199 72 200 73 202 203 75 204 205 79 80 82 83 158 159 160 161 162 163 164 165
1 31 52 181 54 55 183 186 187 190 191 193 197 70 71 199 200 73 202 203 75 204 205 83 158 159 160 161 162 163 164 165 178 179
1 32 238 239 240 241
1 33 196 198 201 172 189 173 175 176
1 34 116 180 117 118 182 120 184 121 185 122 124 125 126 127 129 130 131 132 135 137 138 139 141 147 148 151 152 110 111 112 113 114
1 35 206 207 208 209 210 211 212 213 214 215 216 217 218 219 220 221 222 223 224 225 226 227 228 229 230 231 232 233 238 239 240 241
1 36 56 57 59 60 62 63 64 65 66 67 69 74 76 77 78 81
1 37 119 123 128 133 134 136 140 142 143 144 145 222 223 224 225 166 167 168 169 234 106 235 107 236 108 109 237 238 239 240 241 115
1 38 228 229 231 233 93 97
1 39 211 212 214 217 218 219 220 221 222 223 224 225 226 227 228 229 166 230 167 231 168 232 169 233 234 235 236 237 238 239 240 241
1 40 212 87 217 91 92 220 98 211
1 41 197 120 186 138 110 191 193 130
1 42 181 183 186 188 189 191 192 193 194 195 196 197 198 201 206 207 208 209 146 210 149 213 150 215 216 153 154 155 156 157 178 179
1 43 170 171 188 174 192 177 194 195
1 44 52 53 54 55 56 58 59 61 63 64 65 67 68 70 71 72 73 202 203 75 204 76 77 205 79 80 82 83 162 163 164 165
1 45 85 86 214 104 218 219 221 95
0 46 117 119 123 124 126 128 133 134 135 136 140 141 142 143 144 145 166 167 168 169 234 106 235 107 236 108 109 237 111 112 114 115
0 47 116 117 119 121 122 123 124 126 127 128 129 132 133 134 135 136 137 139 140 141 142 143 144 145 106 107 108 109 111 112 114 115
0 48 116 199 200 121 187 190 127 129
0 49 142 143 144 145 222 223 224 225 226 227 228 229 166 230 167 231 168 232 169 233 234 106 235 107 236 108 109 237 238 239 240 241
0 50 135 202 203 124 204 205 141 111
0 51 85 86 87 88 89 91 92 93 94 95 97 98 102 104
1 4
1 5
1 7
1 10
1 26
1 34
1 36
1 38
1 44
1 47
1 53
1 59
1 60
1 63
1 83
1 92
1 95
1 98
1 102
1 108
1 121
1 128
1 130
1 134
1 135
1 141
1 148
1 151
1 153
1 154
1 157
1 167
1 11
1 15
1 16
1 28
1 37
1 66
1 76
1 79
1 81
1 84
1 88
1 90
1 91
1 93
1 97
1 100
1 105
1 127
1 140
1 142
1 155
1 161
1 67
1 75
1 106
1 149
1 0
1 9
1 12
1 13
1 14
1 19
1 20
1 21
1 24
1 25
1 31
1 40
1 43
1 45
1 46
1 49
1 50
1 52
1 55
1 61
1 69
1 72
1 73
1 86
1 111
1 125
1 126
1 137
1 147
1 158
1 164
1 168
1 18
1 23
1 87
1 146
1 2
1 6
1 17
1 41
1 85
1 123
1 145
1 159
1 56
1 77
1 99
1 107
1 3
1 8
1 68
1 89
1 74
1 114
1 120
1 166
1 1
1 58
1 116
1 129
1 48
1 51
1 71
1 94
1 131
1 133
1 150
1 170
1 27
1 29
1 39
1 42
1 64
1 118
1 132
1 162
1 62
1 65
1 70
1 82
1 96
1 101
1 103
1 104
1 109
1 112
1 113
1 117
1 119
1 156
1 160
1 165
1 78
1 110
1 115
1 163
1 22
1 32
1 33
1 35
1 54
1 57
1 80
1 122
1 124
1 136
1 138
1 139
1 143
1 144
1 152
1 169
1 30
0 177
0 185
0 186
0 171
0 174
0 175
0 176
0 179
0 182
0 187
0 189
0 180
0 181
0 183
0 188
0 172
0 173
0 178
0 184
