2
52 190
1 0 52 53 54 55 56 57 58 59 60 61 62 63 64 65 66 67 68 69 70 71 72 73
1 1 74 75 76 77 78 79 80 81
1 2 82 83 84 85 86 87 88 89 90 91 92 93 94 95 96 97 98 99 100 101 102 103 104 105 106 107 108 109 110 111 112 113
1 3 116 117 118 119 120 121 122 123 124 125 126 127 128 129 130 131 132 133 134 135 136 137 138 139 140 141 142 143 144 145 114 115
1 4 148 149 150 151 152 153 146 147
1 5 180 181 182 183 184 185 154 155 156 157 158 159 160 161 162 163 164 165 166 167 168 169 170 171 172 173 174 175 176 177 178 179
1 6 52 53 54 55 57 186 58 187 59 188 189 190 62 191 63 192 64 65 193 194 195 196 69 197 70 71 72 73 146 150 151 153
1 7 116 117 119 122 124 126 128 129 132 135 136 137 138 142 145 114
1 8 180 183 137 185 124 142 114 179
1 9 165 133 166 155 171 139 141 143
1 10 198 199 200 201 202 203 204 205 206 207 208 209 82 210 147 211 148 212 213 149 214 87 215 88 216 152 89 217 93 97 100 106
1 11 118 120 121 123 125 127 130 131 133 134 75 139 76 140 77 141 143 144 81 218 219 220 221 222 223 224 225 226 227 228 229 115
1 12 214 216 202 189 191 208 193 195
1 13 172 140 127 175 176 161 115 131
1 14 200 202 208 82 210 211 84 85 214 87 88 216 89 217 90 91 92 93 94 95 96 97 99 100 102 106 107 108 109 110 111 113
1 15 197 198 186 187 188 204 206 209
1 16 116 119 136 122 138 126 128 129
1 17 52 200 57 217 58 59 210 211
1 18 116 117 118 119 121 122 124 125 126 127 128 129 131 132 135 136 137 138 140 142 144 145 114 115
1 19 52 53 54 55 56 57 186 58 187 59 188 60 189 61 62 191 63 64 65 193 66 67 195 68 69 197 70 71 72 73
1 20 230 215 231 232 201 233 203 205
1 21 103 136 104 138 126 112 129 83
1 22 229 234 235 220 236 237 222 225
1 23 228 221 238 239 240 224 241 227
1 24 164 134 182 120 123 158 130 178
1 25 84 92 110 96
1 26 117 118 120 121 123 124 125 127 130 131 132 133 134 135 137 139 140 141 142 143 144 145 218 219 221 223 224 226 227 228 114 115
1 27 85 53 102 55 71 111 65 99
1 28 53 55 56 60 61 62 63 65 66 67 68 69 71 72
1 29 181 182 154 155 156 157 158 159 160 161 164 165 166 167 168 234 170 235 171 236 172 173 237 238 174 239 175 240 176 177 241 178
1 30 52 54 57 186 58 187 59 188 189 190 191 192 64 193 194 195 196 197 70 73 74 78 79 80 146 150 151 153 230 231 232 233
1 31 190 192 194 196 74 78 79 80 146 150 151 153 155 156 165 166 230 231 168 232 233 234 235 171 236 173 237 238 174 239 240 241
1 32 180 181 182 183 184 185 83 86 154 157 158 159 160 161 162 98 163 164 101 167 103 104 169 105 170 172 175 176 112 177 178 179
1 33 100 54 70 87 73 106 64 97
1 34 198 200 202 204 206 208 209 82 210 147 211 148 85 149 214 87 88 216 152 89 217 91 93 95 97 99 100 102 106 108 111 113
1 35 132 117 135 157 159 160 177 145
1 36 101 86 105 98
1 37 181 118 167 121 154 170 125 144
1 38 180 181 183 184 185 83 84 86 154 90 92 157 94 159 160 96 162 98 163 101 167 103 104 169 105 170 107 109 110 112 177 179
1 39 68 56 60 61 66 67
1 40 116 119 184 169 122 128 162 163
1 41 56 90 107 109 94 66
1 42 180 183 184 185 83 84 85 86 90 91 92 94 95 96 162 98 163 99 101 102 103 104 169 105 107 108 109 110 111 112 113 179
1 43 68 91 60 108 61 95 113 67
1 44 198 199 201 203 75 204 76 205 77 206 207 209 81 147 148 212 213 149 215 152 218 219 220 221 222 223 224 225 226 227 228 229
1 45 168 218 219 156 173 174 223 226
0 46 186 187 188 189 190 191 192 193 194 195 196 197 74 78 79 80 146 150 151 153 230 231 232 233 234 235 236 237 238 239 240 241
0 47 120 123 130 133 134 199 201 203 75 139 76 205 77 141 207 143 81 212 213 215 218 219 220 221 222 223 224 225 226 227 228 229
0 48 69 88 72 89 93 62 63 82
0 49 212 196 213 199 190 207 192 194
0 50 182 74 78 79 80 155 156 158 161 164 165 166 230 231 168 232 233 234 235 171 236 172 173 237 238 174 239 175 240 176 241 178
0 51 198 199 200 201 202 203 75 204 76 205 77 206 207 208 209 81 210 147 211 148 212 213 149 214 215 216 152 217 220 222 225 229
1 23
1 25
1 33
1 37
1 45
1 54
1 56
1 58
1 64
1 91
1 93
1 97
1 98
1 99
1 109
1 110
1 113
1 123
1 125
1 137
1 158
1 169
1 62
1 63
1 81
1 106
1 116
1 136
1 144
1 161
1 7
1 13
1 19
1 20
1 21
1 27
1 31
1 43
1 67
1 86
1 89
1 90
1 95
1 102
1 107
1 117
1 127
1 131
1 139
1 143
1 146
1 147
1 151
1 154
1 155
1 157
1 160
1 163
1 164
1 166
1 168
1 170
1 4
1 5
1 14
1 16
1 22
1 26
1 29
1 30
1 36
1 38
1 42
1 44
1 46
1 47
1 61
1 69
1 70
1 71
1 78
1 83
1 101
1 103
1 105
1 120
1 122
1 126
1 130
1 134
1 140
1 142
1 159
1 167
1 35
1 52
1 66
1 100
1 111
1 124
1 162
1 165
1 3
1 6
1 9
1 32
1 34
1 39
1 40
1 48
1 49
1 50
1 55
1 72
1 75
1 77
1 82
1 84
1 85
1 94
1 96
1 108
1 112
1 114
1 115
1 119
1 121
1 128
1 129
1 133
1 138
1 145
1 150
1 156
1 2
1 8
1 10
1 41
1 59
1 79
1 88
1 104
1 132
1 135
1 152
1 153
1 0
1 1
1 11
1 15
1 17
1 18
1 28
1 51
1 53
1 57
1 60
1 65
1 74
1 76
1 87
1 92
1 118
1 141
1 148
1 149
1 12
1 24
1 68
1 73
1 80
0 175
0 179
0 180
0 181
0 184
0 185
0 187
0 178
0 182
0 186
0 188
0 173
0 174
0 176
0 183
0 171
0 172
0 177
0 189
