2
52 190
1 0 52 53 54 55 56 57 58 59 60 61 62 63 64 65 66 67 68 69 70 71 72 73 74 75 76 77 78 79 80 81 82 83
1 1 84 85 86 87 88 89
1 2 90 91 92 93 94 95 96 97
1 3 116 117 118 119 120 121 122 123 124 125 126 127 128 129 98 99 100 101 102 103 104 105 106 107 108 109 110 111 112 113 114 115
1 4 130 131 132 133 134 135 136 137 138 139 140 141 142 143 144 145 146 147 148 85 149 150 87 151 152 88 153 89 154 155 156 157
1 5 53 57 61 158 159 160 161 66
1 6 131 132 134 136 137 140 142 143 145 146 149 150 152 153 90 154 92 93 157 97 162 163 164 165 166 167 168 169 170 171 172 173
1 7 84 180 181 86 182 183 184 185 174 175 176 177 178 179
1 8 104 120 105 186 187 188 189 110
1 9 52 53 56 57 58 61 190 191 64 192 193 66 194 67 195 196 197 70 198 199 72 200 201 75 76 78 80 83 91 94 95 96
1 10 186 187 188 189 130 133 135 202 138 139 203 204 141 205 206 207 208 144 209 210 147 211 148 212 85 213 87 151 88 89 155 156
1 11 132 196 198 152 137 201 145 195
1 12 84 180 86 183 184 177
1 13 118 123 205 206 127 209 98 210
1 14 164 168 169 58 75 172 78 83
1 15 119 120 122 124 126 128 129 214 215 216 217 218 219 220 221 99 100 101 102 103 104 105 106 107 108 109 110 111 112 113 114 115
1 16 68 101 103 119 62 63 111 82
1 17 52 53 54 55 56 57 58 59 61 191 64 65 193 66 194 67 70 71 199 72 75 76 77 78 79 80 81 83 91 94 95 96
1 18 54 55 215 216 59 219 220 65
1 19 102 122 222 223 224 128 225 115
1 20 186 187 188 189 130 133 135 202 138 203 204 205 206 207 208 209 210 147 211 148 212 213 155 156 222 223 224 225 226 227 228 229
1 21 230 231 232 233 234 235 236 237
1 22 165 197 200 171 190 192 162 163
1 23 166 167 199 170 173 191 193 194
1 24 84 180 181 86 182 183 184 185 190 192 195 196 197 198 200 201 174 175 176 177 178 179
1 25 213 231 203 235 204 236 237 211
1 26 230 135 232 233 138 234 130 147
1 27 116 117 118 120 121 122 123 124 125 127 128 129 98 100 230 102 231 104 232 105 233 106 234 107 235 236 109 237 110 112 114 115
1 28 180 181 182 183 184 185 190 191 192 193 194 195 196 197 198 199 200 201 84 86 91 94 95 96 174 175 176 177 178 179
1 29 134 182 185 157 174 142 143 176
1 30 214 215 216 217 90 218 219 92 220 93 221 158 159 160 97 161 162 163 164 165 166 167 168 169 170 171 172 173 238 239 240 241
1 31 151 139 141 144
1 32 116 117 118 121 123 125 127 98 230 231 232 233 234 235 236 237
1 33 119 126 214 215 216 217 90 218 219 92 220 93 221 158 159 160 97 161 99 164 101 103 168 169 108 172 238 111 239 240 113 241
1 34 181 153 154 175 178 146 131 179
1 35 54 55 186 59 187 60 188 189 62 63 65 68 69 71 73 74 205 77 206 79 209 81 210 82 222 223 224 225 226 227 228 229
0 36 52 54 55 56 59 60 62 63 64 65 67 68 69 70 71 72 73 74 76 77 79 80 81 82 222 223 224 225 226 227 228 229
0 37 148 133 155 156
0 38 186 187 60 188 189 62 63 68 69 73 202 74 203 204 205 206 207 208 209 210 82 211 212 213 222 223 224 225 226 227 228 229
0 39 53 181 182 57 185 58 61 190 191 192 193 66 194 195 196 197 198 199 200 201 75 78 83 91 94 95 96 174 175 176 178 179
0 40 116 117 118 120 121 123 124 125 127 129 98 230 231 104 232 105 233 234 235 236 109 237 110 112
0 41 130 133 134 135 136 202 138 139 203 140 204 141 142 207 143 208 144 147 211 148 212 85 149 213 150 87 151 88 89 155 156 157
0 42 131 132 134 136 137 139 140 141 142 143 144 145 146 85 149 150 87 151 152 88 153 89 154 157 162 163 165 166 167 170 171 173
0 43 228 229 124 109 112 129 226 227
0 44 100 69 73 106 74 107 60 114
0 45 116 212 117 121 202 125 207 208
0 46 70 56 238 239 80 240 241 67
0 47 52 214 72 217 218 76 221 64
0 48 119 122 126 128 214 215 216 217 218 219 220 221 158 159 160 161 99 100 101 102 103 106 107 108 238 111 239 240 113 241 114 115
0 49 71 108 77 126 79 113 81 99
0 50 180 149 150 183 136 184 140 177
0 51 131 132 137 145 146 152 153 90 154 92 93 158 159 160 97 161 162 163 164 165 166 167 168 169 170 171 172 173 238 239 240 241
1 4
1 8
1 15
1 17
1 18
1 22
1 30
1 37
1 39
1 40
1 42
1 43
1 48
1 49
1 50
1 56
1 59
1 61
1 64
1 65
1 67
1 68
1 73
1 75
1 76
1 84
1 97
1 104
1 105
1 110
1 118
1 122
1 32
1 54
1 58
1 92
1 113
1 121
1 19
1 26
1 85
1 100
1 102
1 109
1 116
1 123
1 3
1 5
1 7
1 14
1 16
1 20
1 28
1 29
1 33
1 51
1 52
1 53
1 57
1 60
1 63
1 69
1 70
1 71
1 80
1 81
1 89
1 96
1 99
1 103
1 106
1 108
1 111
1 112
1 115
1 119
1 128
1 132
1 1
1 2
1 6
1 9
1 24
1 25
1 27
1 31
1 35
1 38
1 44
1 45
1 72
1 78
1 79
1 82
1 83
1 86
1 87
1 90
1 91
1 93
1 98
1 101
1 107
1 117
1 120
1 125
1 12
1 34
1 55
1 129
1 10
1 11
1 21
1 23
1 36
1 46
1 74
1 77
1 94
1 114
1 124
1 131
1 0
1 13
1 41
1 47
1 62
1 66
1 88
1 95
1 126
1 127
1 130
0 151
0 136
0 137
0 140
0 145
0 133
0 138
0 139
0 141
0 142
0 143
0 144
0 146
0 147
0 148
0 149
0 150
0 134
0 135
0 155
0 156
0 159
0 161
0 163
0 164
0 166
0 168
0 169
0 170
0 152
0 153
0 154
0 157
0 160
0 162
0 165
0 167
0 158
0 178
0 179
0 181
0 173
0 176
0 183
0 187
0 171
0 172
0 175
0 177
0 180
0 182
0 184
0 186
0 174
0 185
0 188
0 189
