2
52 190
1 0 52 53 54 55 56 57 58 59
1 1 60 61 62 63 64 65 66 67
1 2 68 69 70 71 72 73 74 75
1 3 76 77 78 79
1 4 68 69 70 73 80 81 82 83 84 85 86 87 88 89 90 91 92 93 94 95 96 97 98 99 100 101 102 103 104 105 106 107
1 5 108 109 110 111 112 113
1 6 116 117 118 119 120 121 114 115
1 7 84 87 88 122 123 124 125 93
1 8 132 133 126 127 128 129 130 131
1 9 134 135 136 137 138 139 76 140 77 141 78 142 143 79 144 145 146 147 148 149 150 151 152 153 154 155 156 157 108 109 111 113
1 10 134 135 138 139 76 140 77 141 78 142 143 79 144 146 147 148 149 150 151 152 154 155 156 157 158 159 160 161 162 163 164 165
1 11 166 167 168 169 170 171 172 173
1 12 180 181 174 175 176 177 178 179
1 13 182 183 184 185 186 187 188 189
1 14 196 197 190 191 192 193 194 195
1 15 91 190 191 192 193 194 195 100 196 197 102 103 105 106 81 83
1 16 181 110 175 176 112 178
1 17 198 199 200 201 202 203 204 205
1 18 196 156 141 157 192 193 146 194
1 19 116 117 183 119 185 186 188 62 127 128 64 129 66 67 133 200 203 204 205 206 207 208 209 210 211 212 213 214 215 216 217 115
1 20 197 134 152 190 142 191 143 195
1 21 212 213 218 219 220 221 208 209
1 22 116 180 117 183 119 185 186 188 127 128 129 133 200 203 204 205 208 209 210 212 213 214 215 217 169 170 171 173 174 177 115 179
1 23 181 118 120 121 126 222 223 224 225 130 131 132 166 167 168 172 110 175 176 112 114 178
1 24 91 190 94 191 95 192 96 193 97 194 195 100 196 197 102 103 104 105 106 107 80 81 82 83
1 25 190 191 192 193 194 195 196 197 80 81 82 83 84 87 88 89 91 93 94 95 96 97 98 99 100 101 102 103 104 105 106 107
1 26 52 56 57 58 68 69 70 73 80 82 84 85 86 87 88 89 90 92 93 94 95 96 97 226 98 227 99 228 101 229 104 107
1 27 53 54 55 122 123 59 124 125 135 71 72 74 75 140 144 148 150 151 154 155 158 159 160 161 162 163 164 165 230 231 232 233
1 28 116 180 117 119 127 128 129 133 136 137 208 209 145 210 212 213 214 215 153 217 169 170 171 108 109 173 174 111 177 113 115 179
1 29 116 180 117 119 136 137 76 77 141 78 79 145 210 146 214 215 153 217 156 157 169 170 171 108 109 173 174 111 177 113 115 179
1 30 122 123 124 125 134 135 71 72 138 74 139 75 140 142 143 144 147 148 149 150 151 152 154 155 158 159 160 161 162 163 164 165
1 31 182 118 184 120 121 187 189 126 130 131 132 198 199 201 202 218 219 220 221 222 223 224 225 166 167 168 234 235 236 172 237 114
1 32 182 184 187 60 61 189 126 63 65 130 131 132 198 199 201 202 218 219 220 221 222 223 224 225 234 235 236 237 238 239 240 241
1 33 53 54 55 122 123 59 60 124 61 125 63 65 71 72 74 75 158 159 160 161 162 163 164 165 230 231 232 233 238 239 240 241
1 34 52 183 56 185 57 186 58 188 62 127 128 64 129 66 67 133 200 203 204 205 206 207 208 209 211 212 213 216 226 227 228 229
1 35 53 182 54 55 184 187 59 60 61 189 63 65 198 199 201 202 218 219 220 221 230 231 232 233 234 235 236 237 238 239 240 241
0 36 181 118 120 121 126 130 131 132 198 199 201 202 218 219 220 221 222 223 224 225 166 167 168 172 110 175 176 112 114 178
0 37 164 107 158 80 160 96 161 97
0 38 136 137 153 145
0 39 228 229 238 239 240 241 226 227
0 40 85 230 86 231 232 233 90 92
0 41 52 56 57 58 62 64 66 67 68 69 70 73 206 207 211 84 85 86 87 88 216 89 90 92 93 226 98 227 99 228 101 229
0 42 53 182 54 55 184 122 123 187 59 60 124 61 125 189 63 65 71 72 74 75 230 231 232 233 234 235 236 237 238 239 240 241
0 43 148 102 151 103 91 140 144 81
0 44 181 118 120 121 166 167 168 172 110 175 176 112 114 178
0 45 150 135 104 154 155 94 95 82
0 46 214 215 217 222 223 224 225 210
0 47 216 234 235 236 237 206 207 211
0 48 180 134 136 137 138 139 76 77 141 78 142 143 79 145 146 147 149 152 153 156 157 169 170 171 108 109 173 174 111 177 113 179
0 49 101 165 89 159 162 98 163 99
0 50 52 183 56 185 57 186 58 188 62 64 66 67 68 69 70 200 73 203 204 205 206 207 211 85 86 216 90 92 226 227 228 229
0 51 100 149 105 138 106 139 83 147
1 7
1 34
1 38
1 39
1 59
1 69
1 119
1 132
1 4
1 9
1 43
1 46
1 61
1 94
1 105
1 125
1 18
1 22
1 23
1 26
1 28
1 36
1 51
1 104
1 15
1 57
1 58
1 86
1 2
1 17
1 19
1 25
1 27
1 29
1 30
1 41
1 44
1 55
1 56
1 60
1 67
1 72
1 76
1 82
1 92
1 98
1 99
1 108
1 109
1 112
1 113
1 115
1 116
1 118
1 126
1 127
1 1
1 13
1 32
1 63
1 75
1 120
1 10
1 21
1 35
1 87
1 100
1 101
1 117
1 128
1 42
1 48
1 65
1 70
1 8
1 16
1 24
1 53
1 80
1 85
1 123
1 124
1 5
1 6
1 12
1 37
1 40
1 47
1 62
1 66
1 71
1 74
1 77
1 81
1 84
1 88
1 89
1 90
1 93
1 102
1 107
1 111
1 114
1 121
1 130
1 131
1 52
1 73
1 79
1 95
1 97
1 103
1 110
1 122
1 14
1 33
1 45
1 68
1 78
1 91
1 106
1 129
1 0
1 11
1 20
1 31
1 54
1 64
1 83
1 96
1 3
1 49
1 50
0 140
0 143
0 144
0 149
0 150
0 133
0 135
0 136
0 142
0 145
0 147
0 148
0 151
0 134
0 137
0 138
0 139
0 141
0 146
0 165
0 168
0 153
0 154
0 155
0 156
0 158
0 159
0 160
0 161
0 163
0 166
0 167
0 170
0 157
0 162
0 164
0 169
0 152
0 172
0 179
0 187
0 175
0 184
0 188
0 189
0 171
0 173
0 183
0 186
0 174
0 178
0 182
0 185
0 176
0 177
0 180
0 181
