2
52 190
1 0 52 53 54 55 56 57 58 59
1 1 60 61 62 63 64 65 66 67
1 2 68 69 70 71 72 73 74 75
1 3 53 54 55 59 62 63 65 67 68 69 70 72 76 77 78 79 80 81 82 83 84 85 86 87 88 89 90 91 92 93 94 95
1 4 116 117 118 119 120 121 122 123 60 61 64 66 96 97 98 99 100 101 102 103 104 105 106 107 108 109 110 111 112 113 114 115
1 5 53 54 55 59 124 125 126 127 128 129 130 131 68 132 69 133 70 134 135 136 72 137 138 139 140 141 142 143 144 145 146 147
1 6 148 149 150 151 136 140 127 131
1 7 52 116 117 56 120 57 58 122 60 61 64 66 152 153 154 155 96 98 100 102 103 104 105 106 107 108 109 110 111 112 113 114
1 8 52 116 56 57 58 122 60 61 64 66 71 73 74 75 152 153 154 155 156 157 158 159 160 161 162 163 164 165 166 167 112 114
1 9 53 54 55 59 124 126 127 128 129 131 68 69 70 134 136 72 137 138 139 140 79 143 144 82 146 83 147 86 87 89 91 95
1 10 180 117 181 118 182 119 183 120 121 123 96 97 99 101 168 169 170 106 171 172 108 173 109 174 110 175 111 176 177 178 115 179
1 11 116 87 89 122 91 112 82 114
1 12 101 118 184 185 121 186 187 97
1 13 53 54 55 59 124 126 62 63 129 65 67 68 69 70 72 138 139 76 78 79 143 144 81 82 83 147 84 86 87 89 91 95
1 14 188 189 190 191 192 193 194 195 196 197 198 199 200 201 202 203 204 205 148 149 150 151 156 157 158 159 160 163 164 166
1 15 206 207 208 209
1 16 196 197 198 205 191 193
1 17 62 63 65 67 76 77 78 79 80 81 210 82 211 83 212 84 213 85 214 86 215 87 216 88 89 217 90 91 92 93 94 95
1 18 52 56 57 58 190 192 71 200 73 201 74 75 148 149 150 151 152 153 154 155 156 157 158 159 160 161 162 163 164 165 166 167
1 19 180 181 118 182 119 183 121 123 206 207 208 209 218 219 220 221 97 99 101 168 169 170 171 172 173 174 175 176 177 178 115 179
1 20 218 219 220 205 221 193
1 21 164 166 139 124 156 126 158 147
1 22 84 103 104 105 107 76 78 81
1 23 134 137 157 159 128 160 146 163
1 24 188 189 191 193 194 195 196 197 198 199 202 203 204 205
1 25 199 189 222 223 224 225 194 195
1 26 212 213 214 215 184 216 185 217 186 187 226 227 228 229 230 231 232 233 234 235 236 237 210 211
1 27 100 85 102 92 77 80 113 98
1 28 132 202 203 188 204 125 145 130
1 29 182 231 233 170 237 176 226 179
1 30 180 183 125 130 132 133 135 141 206 142 207 208 145 209 218 219 220 221 222 223 224 225 169 171 172 173 238 239 175 240 241 178
1 31 188 189 190 192 194 195 71 199 200 73 201 74 202 75 203 204 148 149 150 151 156 157 158 159 160 161 162 163 164 165 166 167
1 32 125 127 128 130 131 132 133 134 135 136 137 140 141 206 142 207 208 145 209 146 218 219 220 221 222 223 224 225 238 239 240 241
1 33 184 185 186 187 62 63 65 67 76 77 78 80 81 210 211 212 84 213 85 214 215 216 88 217 90 92 93 94 226 231 233 237
1 34 228 181 230 168 234 236 174 177
1 35 180 181 182 183 206 207 208 209 218 219 220 221 222 223 224 225 168 169 170 171 172 173 238 174 239 175 240 176 241 177 178 179
0 36 229 232 169 235 172 173 178 227
0 37 180 183 171 175
0 38 86 152 153 154 155 79 95 83
0 39 213 216 120 217 106 108 109 211
0 40 184 185 186 187 226 227 228 229 230 231 232 233 234 235 236 237
0 41 117 88 90 93 110 94 111 96
0 42 117 181 118 182 119 120 121 123 96 97 98 99 100 101 102 103 168 104 105 170 106 107 108 109 174 110 111 176 177 113 115 179
0 43 228 229 230 232 234 235 236 227
0 44 52 116 56 57 58 122 60 61 64 66 71 73 74 75 152 153 154 155 161 98 162 100 165 102 103 167 104 105 107 112 113 114
0 45 165 167 138 143 144 129 161 162
0 46 133 135 200 201 141 190 142 192
0 47 148 149 150 151 188 189 190 191 192 193 194 195 196 197 198 199 200 201 202 203 204 205
0 48 212 214 215 119 123 210 99 115
0 49 124 125 126 127 128 129 130 131 132 133 134 135 136 137 138 139 140 141 142 143 144 145 146 147 222 223 224 225 238 239 240 241
0 50 196 197 198 238 191 239 240 241
0 51 184 185 186 187 77 80 210 211 212 213 85 214 215 216 88 217 90 92 93 94 226 227 228 229 230 231 232 233 234 235 236 237
1 14
1 48
1 69
1 79
1 84
1 106
1 109
1 129
1 2
1 51
1 60
1 62
1 67
1 68
1 81
1 117
1 10
1 13
1 21
1 31
1 66
1 71
1 83
1 94
1 8
1 25
1 26
1 30
1 32
1 47
1 50
1 61
1 77
1 80
1 97
1 99
1 100
1 103
1 110
1 113
1 115
1 120
1 123
1 126
1 0
1 1
1 3
1 6
1 9
1 12
1 15
1 37
1 44
1 45
1 57
1 65
1 70
1 73
1 76
1 78
1 82
1 86
1 88
1 89
1 92
1 98
1 101
1 107
1 108
1 119
1 124
1 132
1 5
1 16
1 18
1 28
1 33
1 34
1 35
1 40
1 41
1 42
1 43
1 52
1 54
1 55
1 56
1 58
1 63
1 90
1 95
1 104
1 111
1 114
1 125
1 127
1 24
1 59
1 102
1 118
1 11
1 17
1 96
1 131
1 19
1 20
1 23
1 27
1 36
1 64
1 72
1 74
1 93
1 105
1 128
1 130
1 4
1 7
1 22
1 29
1 38
1 39
1 49
1 53
1 75
1 85
1 87
1 91
1 112
1 116
1 121
1 122
1 46
0 144
0 147
0 151
0 133
0 134
0 135
0 136
0 137
0 138
0 139
0 140
0 141
0 142
0 143
0 145
0 146
0 148
0 149
0 150
0 168
0 169
0 155
0 158
0 165
0 167
0 152
0 153
0 157
0 159
0 160
0 161
0 163
0 166
0 154
0 156
0 164
0 170
0 162
0 184
0 185
0 189
0 171
0 172
0 173
0 175
0 179
0 180
0 181
0 182
0 183
0 186
0 187
0 188
0 174
0 176
0 177
0 178
