2
52 190
1 0 52 53 54 55 56 57 58 59 60 61 62 63 64 65 66 67 68 69 70 71 72 73 74 75 76 77 78 79 80 81 82 83
1 1 84 85 86 87 88 89 90 91 92 93 94 95 96 97 98 99 100 101 102 103 104 105 106 107 108 109 110 111 112 113 114 115
1 2 84 68 102 88 74 62 112 66
1 3 116 117 118 119 120 121 122 123 124 125 126 127 128 129 130 131 132 133 134 135 136 137 138 139 140 141 142 143 144 145 146 147
1 4 148 149 150 151
1 5 116 53 117 56 121 122 123 124 62 128 65 130 66 131 132 68 69 135 137 74 141 143 145 146 152 153 154 155 156 157 158 159
1 6 132 121 124 160 161 162 131 163
1 7 100 85 152 90 155 157 109 158
1 8 86 153 154 107 156 94 95 159
1 9 164 165 166 167 168 169 170 171
1 10 52 53 54 55 56 57 59 62 63 64 65 66 67 68 69 71 72 73 74 75 78 79 80 83 152 153 154 155 156 157 158 159
1 11 180 181 182 183 184 185 186 187 188 189 190 191 192 193 194 195 160 161 162 163 164 166 167 170 172 173 174 175 176 177 178 179
1 12 52 54 55 57 58 60 61 63 67 70 76 77 80 81 82 83
1 13 118 134 187 172 188 144 178 147
1 14 196 197 198 199 200 201
1 15 180 181 183 184 185 186 190 192 193 195 164 196 197 166 198 167 199 200 201 170 174 176
1 16 182 119 120 136 125 175 194 179
1 17 116 105 141 110 111 130 98 146
1 18 180 202 203 204 205 174 193 195
1 19 116 118 119 120 121 124 125 126 127 129 130 131 132 133 134 136 138 139 140 141 206 142 207 208 144 209 146 147 165 168 169 171
1 20 181 185 138 126 142 127 176 192
1 21 210 211 84 212 85 213 214 87 215 88 216 89 217 90 218 219 92 220 221 222 223 224 97 225 100 102 103 106 109 112 113 115
1 22 196 228 229 198 226 227
1 23 182 187 188 189 191 194 86 91 93 94 95 160 96 161 162 98 99 163 101 104 105 107 172 108 173 110 175 111 177 178 114 179
1 24 183 184 186 206 190 207 208 209
1 25 53 69 87 56 89 106 65 97
1 26 210 211 148 212 213 149 214 150 87 215 151 216 89 217 218 219 92 220 221 222 223 224 97 225 230 231 103 232 233 106 113 115
1 27 180 183 184 186 190 193 195 196 197 198 199 200 201 174
1 28 197 199 200 201 234 235 236 237
1 29 211 84 212 85 86 87 215 88 216 89 217 90 91 92 93 221 94 222 95 96 224 97 99 100 102 103 106 107 109 112 113 115
1 30 70 58 60 76 61 77 81 82
1 31 117 101 104 137 122 123 108 114
1 32 189 191 84 85 86 88 90 91 93 94 95 160 96 161 162 98 99 163 100 101 102 104 105 107 108 173 109 110 111 112 177 114
1 33 118 119 120 125 126 127 129 133 134 136 202 138 203 139 204 140 205 206 142 207 208 144 209 147 165 168 169 234 171 235 236 237
1 34 135 91 93 143 128 96 145 99
1 35 52 212 55 215 217 221 80 83
1 36 53 117 56 122 123 59 62 128 64 65 66 68 69 135 71 72 137 73 74 75 78 143 79 145 152 153 154 155 156 157 158 159
1 37 71 216 75 78 222 79 224 211
1 38 181 182 185 187 188 189 191 192 194 160 161 162 98 163 164 101 166 167 104 105 170 172 108 173 110 175 111 176 177 178 114 179
1 39 103 72 73 59 92 64 113 115
1 40 213 54 57 219 63 225 210 67
0 41 238 239 240 241
0 42 180 181 182 183 184 185 186 187 188 190 192 193 194 195 196 197 198 199 200 201 164 166 167 170 172 174 175 176 178 179
0 43 214 218 60 76 220 77 223 81
0 44 52 54 55 57 58 59 60 61 63 64 67 70 71 72 73 75 76 77 78 79 80 81 82 83
0 45 116 117 118 121 122 123 124 128 129 130 131 132 133 134 135 137 139 140 141 143 144 145 146 147 152 153 154 155 156 157 158 159
0 46 230 70 231 232 233 58 61 82
0 47 202 203 204 205 210 148 213 149 214 150 151 218 219 220 223 225 226 227 228 229 230 231 232 233 234 235 236 237 238 239 240 241
0 48 119 120 125 126 127 136 202 138 203 204 205 206 142 207 208 209 226 227 228 165 229 168 169 234 171 235 236 237 238 239 240 241
0 49 133 139 140 173 189 191 177 129
0 50 210 211 148 212 213 149 214 150 215 151 216 217 218 219 220 221 222 223 224 225 226 227 228 229 230 231 232 233 238 239 240 241
0 51 202 203 204 205 206 207 208 209 148 149 150 151 226 227 228 165 229 230 231 168 232 169 233 234 171 235 236 237 238 239 240 241
1 2
1 7
1 14
1 19
1 28
1 29
1 36
1 60
1 62
1 63
1 70
1 75
1 76
1 80
1 81
1 82
1 86
1 89
1 100
1 102
1 104
1 105
1 108
1 109
1 112
1 117
1 122
1 129
1 134
1 137
1 143
1 146
1 0
1 1
1 5
1 8
1 13
1 39
1 43
1 44
1 54
1 56
1 65
1 67
1 79
1 83
1 87
1 88
1 94
1 101
1 103
1 106
1 107
1 115
1 125
1 126
1 130
1 135
1 136
1 144
1 145
1 148
1 149
1 151
1 9
1 11
1 12
1 15
1 21
1 23
1 27
1 32
1 33
1 37
1 41
1 45
1 46
1 47
1 48
1 52
1 53
1 58
1 61
1 85
1 91
1 93
1 99
1 110
1 111
1 113
1 120
1 121
1 123
1 124
1 132
1 150
1 16
1 57
1 116
1 131
1 10
1 17
1 38
1 55
1 59
1 69
1 127
1 139
1 34
1 49
1 66
1 96
1 6
1 24
1 35
1 40
1 50
1 68
1 74
1 77
1 3
1 4
1 18
1 22
1 25
1 30
1 42
1 51
1 64
1 71
1 78
1 84
1 90
1 95
1 97
1 98
1 114
1 118
1 119
1 128
1 133
1 138
1 140
1 147
1 20
1 26
1 72
1 92
1 141
1 142
1 31
1 73
0 161
0 165
0 156
0 157
0 167
0 168
0 152
0 153
0 154
0 155
0 158
0 159
0 160
0 162
0 163
0 164
0 166
0 169
0 170
0 184
0 186
0 187
0 172
0 175
0 177
0 179
0 171
0 173
0 174
0 180
0 181
0 182
0 183
0 188
0 176
0 178
0 185
0 189
