2
52 190
1 0 52 53 54 55 56 57 58 59
1 1 60 61 62 63 64 65 66 67
1 2 52 84 85 54 55 57 68 69 70 71 72 73 74 75 76 77 78 79 80 81 82 83
1 3 86 87 88 89 90 91 92 93
1 4 116 117 118 119 120 121 122 123 124 125 94 95 96 97 98 99 100 101 102 103 104 105 106 107 108 109 110 111 112 113 114 115
1 5 116 117 119 123 124 125 126 127 128 129 130 131 132 133 94 95 96 98 99 100 102 103 105 106 107 108 109 111 112 113 114 115
1 6 134 135 136 137 138 139 140 141
1 7 53 56 58 59 135 138 140 141 142 143 144 145 146 147 148 149 86 150 151 88 152 153 90 154 155 91 156 157 158 159 160 161
1 8 162 163 164 165 166 167 168 169 170 171 172 173 174 175 176 177
1 9 101 104 168 120 169 176 97 162
1 10 165 166 118 121 122 172 110 163
1 11 164 180 181 170 174 177 178 179
1 12 103 94 111 96
1 13 182 183 184 153 185 143 159 144
1 14 180 116 181 118 120 121 186 122 187 123 188 124 61 189 62 190 191 192 65 193 67 97 101 102 104 108 109 110 178 114 179 115
1 15 85 68 69 71 72 73 74 75 76 78 80 81 82 83
1 16 182 183 184 185 194 195 196 197 134 198 199 136 200 137 201 202 203 139 204 205 206 207 208 209 210 211 212 213 87 89 92 93
1 17 52 54 55 57 68 69 70 198 199 72 73 74 203 76 204 77 78 207 79 80 209 211 212 84 214 215 216 217 218 219 220 221
1 18 135 138 140 141 143 144 145 86 88 153 90 91 156 157 222 223 159 224 225 161 226 227 228 229 230 231 232 233 234 235 236 237
1 19 85 71 75 81 82 83
1 20 52 54 182 55 183 184 57 185 70 198 199 203 204 77 207 79 209 211 212 84 214 215 87 216 217 89 218 219 220 92 221 93
1 21 149 150 215 216 152 218 219 155
1 22 180 181 118 120 121 186 122 187 188 61 189 62 190 191 192 65 193 194 67 196 197 202 205 206 210 213 97 101 104 110 178 179
1 23 60 63 64 66 224 225 162 226 163 227 164 165 229 166 230 167 168 169 170 171 172 236 173 237 238 174 239 175 240 176 241 177
1 24 69 133 72 76 126 78 130 131
1 25 228 200 201 233 234 223 208 195
1 26 60 63 64 66 222 223 224 225 226 163 227 164 228 165 229 166 230 231 232 233 170 234 235 172 236 237 238 174 239 240 241 177
1 27 229 236 189 237 190 224 192 193
1 28 167 168 169 171 173 175 176 162
1 29 52 54 55 57 68 69 70 71 72 73 74 75 76 77 78 79 80 81 82 83 84 85 214 215 216 217 218 219 220 221
1 30 186 187 188 238 239 191 240 241
1 31 53 56 58 59 126 127 128 129 130 131 132 133 142 145 146 147 148 149 86 150 151 88 152 90 154 155 91 156 157 158 160 161
1 32 85 71 105 75 125 113 81 98
1 33 132 84 70 77 127 79 128 129
1 34 182 183 184 185 61 189 62 190 192 65 193 194 195 67 196 197 134 136 200 137 201 202 139 205 206 208 210 213 87 89 92 93
1 35 53 117 119 56 58 59 125 126 127 128 129 130 131 132 133 142 146 147 148 149 150 151 152 154 155 158 95 160 98 105 112 113
0 36 60 63 64 162 66 163 164 165 166 167 168 169 170 171 172 173 238 174 239 175 240 176 241 177
0 37 60 63 64 66 135 138 140 141 143 144 153 222 223 159 224 225 226 227 228 229 230 231 232 233 234 235 236 237 238 239 240 241
0 38 197 231 232 202 235 205 222 206
0 39 116 124 114 115
0 40 135 138 140 141 142 143 144 145 146 147 148 86 151 88 153 90 154 91 156 157 222 158 223 159 160 161 228 231 232 233 234 235
0 41 102 167 171 123 108 109 173 175
0 42 212 151 203 142 158 207 147 211
0 43 148 214 217 154 220 221 160 146
0 44 196 213 230 225 194 226 210 227
0 45 68 117 119 73 74 95 112 80
0 46 182 183 184 185 195 134 198 199 136 200 137 201 203 139 204 207 208 209 211 212 214 215 87 216 217 89 218 219 220 92 221 93
0 47 180 181 186 187 188 61 189 62 190 191 192 65 193 194 195 67 196 197 134 136 200 137 201 202 139 205 206 208 210 213 178 179
0 48 198 199 204 156 157 145 209 161
0 49 53 117 119 56 58 59 125 126 127 128 129 130 131 132 133 149 150 152 155 94 95 96 98 99 100 103 105 106 107 111 112 113
0 50 100 106 107 82 99 83
0 51 180 116 181 118 120 121 186 122 187 123 188 124 191 94 96 97 99 100 101 102 103 104 106 107 108 109 110 111 178 114 179 115
1 13
1 19
1 26
1 41
1 100
1 104
1 118
1 131
1 8
1 16
1 30
1 83
1 99
1 107
1 119
1 126
1 2
1 6
1 12
1 17
1 28
1 36
1 37
1 65
1 74
1 78
1 102
1 106
1 109
1 112
1 116
1 124
1 125
1 130
1 5
1 31
1 40
1 57
1 64
1 103
1 105
1 127
1 3
1 4
1 18
1 20
1 21
1 22
1 24
1 38
1 39
1 42
1 43
1 48
1 52
1 53
1 55
1 56
1 58
1 71
1 73
1 76
1 77
1 80
1 86
1 87
1 88
1 90
1 92
1 96
1 110
1 122
1 123
1 129
1 7
1 35
1 44
1 47
1 62
1 63
1 82
1 85
1 10
1 14
1 27
1 50
1 70
1 98
1 114
1 132
1 11
1 15
1 23
1 25
1 32
1 45
1 51
1 68
1 69
1 81
1 84
1 91
1 95
1 97
1 101
1 108
1 111
1 120
1 121
1 128
1 0
1 1
1 33
1 34
1 46
1 49
1 54
1 61
1 66
1 72
1 75
1 79
1 89
1 94
1 115
1 117
1 9
1 29
1 67
1 113
1 59
1 60
1 93
0 151
0 135
0 136
0 138
0 144
0 147
0 148
0 149
0 150
0 133
0 134
0 137
0 139
0 140
0 141
0 142
0 143
0 145
0 146
0 160
0 161
0 162
0 163
0 164
0 165
0 167
0 168
0 169
0 170
0 153
0 154
0 155
0 156
0 157
0 158
0 159
0 166
0 152
0 172
0 173
0 174
0 175
0 176
0 177
0 179
0 180
0 181
0 182
0 183
0 184
0 186
0 188
0 189
0 171
0 178
0 185
0 187
