2
52 190
1 0 52 53 54 55 56 57
1 1 58 59 60 61 62 63 64 65 66 67 68 69 70 71 72 73 74 75 76 77 78 79 80 81 82 83 84 85 86 87 88 89
1 2 69 86 59 76 77 63 64 66
1 3 73 90 74 91 60 92 93 67
1 4 52 53 54 55 56 57 94 95 96 97 98 99 100 101 102 103 104 105 106 107 108 109
1 5 52 53 54 55 110 111 112 113
1 6 68 116 117 71 62 79 114 115
1 7 118 70 119 120 72 121 58 75
1 8 69 86 122 123 76 124 125 66
1 9 126 127 128 129 130 131 132 133 134 135 136 137 138 139 140 141 142 143 144 145 146 147 148 149 150 151 152 153 154 155 156 157
1 10 89 61 158 159 160 81 161 83
1 11 180 181 182 183 184 185 186 187 188 189 158 159 160 161 162 163 164 165 166 167 168 169 170 171 172 173 174 175 176 177 178 179
1 12 180 116 117 118 182 119 183 120 184 121 185 189 190 191 192 193 90 91 92 93 158 159 160 161 162 164 165 167 169 173 114 115
1 13 129 194 130 195 196 132 133 197 134 198 199 135 200 201 138 202 203 140 204 205 142 143 144 145 149 150 153 156 110 111 112 113
1 14 61 126 62 127 65 131 68 71 136 141 206 78 207 79 208 80 209 81 210 146 82 211 83 212 148 84 213 85 87 88 89 157
1 15 85 86 88 58 59 60 62 63 64 66 67 68 69 70 71 72 73 74 75 76 77 79 80 82
1 16 197 101 201 105 109 97 194 195
1 17 122 123 124 125 194 195 196 197 198 199 200 201 202 203 204 205 214 215 216 217 218 219 220 221 222 223 224 225 110 111 112 113
1 18 196 198 102 199 205 96 98 99
1 19 228 229 134 156 143 129 226 227
1 20 194 130 195 196 133 197 198 199 135 200 201 138 202 203 140 204 205 144 149 214 150 215 217 220 221 222 223 225 110 111 112 113
1 21 128 129 194 130 195 196 132 133 197 134 198 199 135 137 201 138 139 140 205 142 143 144 145 147 149 150 151 152 153 154 155 156
1 22 52 53 54 55 56 57 94 95 96 97 98 99 100 101 230 102 231 103 232 104 233 105 106 234 107 235 236 108 237 109
1 23 84 165 167 87 184 173 78 65
1 24 180 116 181 117 118 182 119 183 120 184 121 185 187 189 158 159 160 161 162 163 164 165 166 167 169 170 172 173 175 114 115 179
1 25 180 85 183 88 185 80 162 82
1 26 94 95 96 97 226 98 99 227 100 228 101 229 230 102 231 103 232 104 233 105 106 234 107 235 236 108 237 109 238 239 240 241
1 27 58 60 61 62 65 67 68 70 71 72 73 74 75 206 78 207 79 208 80 209 81 210 82 211 83 212 84 213 85 87 88 89
1 28 132 230 231 232 233 153 142 145
1 29 214 56 57 220 221 222
1 30 216 218 219 224
1 31 151 168 137 154 176 177 178 147
1 32 181 170 172 206 208 210 211 179
1 33 186 188 95 96 226 98 99 227 228 229 230 102 231 168 232 104 233 234 171 107 235 236 108 237 238 174 239 240 176 177 241 178
1 34 215 217 223 225
1 35 86 58 59 60 63 64 66 67 69 70 72 73 74 75 76 77
0 36 149 135 104 107 140 108 95 144
0 37 126 127 128 129 131 132 134 136 137 139 141 206 142 207 143 208 209 145 210 146 211 147 212 148 213 151 152 153 154 155 156 157
0 38 133 150 138 234 235 236 237 130
0 39 152 139 155 238 239 128 240 241
0 40 164 212 213 182 169 189 207 209
0 41 100 103 200 202 106 203 204 94
0 42 122 123 124 125 190 191 192 193 200 202 203 204 214 215 216 217 90 218 91 219 92 220 221 93 222 223 224 225 110 111 112 113
0 43 116 117 118 119 120 121 122 123 124 125 190 191 192 193 214 215 216 217 90 218 91 219 92 220 221 93 222 223 224 225 114 115
0 44 148 166 187 127 175 146 163 131
0 45 52 53 54 55 56 57 94 97 100 101 103 105 106 109
0 46 181 182 186 187 188 189 158 159 160 161 226 163 227 164 228 229 166 168 169 170 171 172 238 174 239 175 240 176 177 241 178 179
0 47 61 126 127 128 65 131 136 137 139 141 206 78 207 208 209 81 210 146 211 147 83 212 148 84 213 151 87 152 89 154 155 157
0 48 136 186 171 188 141 157 126 174
0 49 59 77 190 63 191 64 192 193
0 50 180 116 117 118 119 183 120 184 121 185 122 123 124 125 190 191 192 193 216 90 218 91 219 92 93 224 162 165 167 173 114 115
0 51 181 186 187 188 226 163 227 228 229 166 230 231 168 232 233 170 234 171 235 172 236 237 238 174 239 175 240 176 177 241 178 179
1 1
1 2
1 15
1 39
1 71
1 97
1 0
1 3
1 12
1 14
1 16
1 20
1 21
1 41
1 45
1 61
1 62
1 68
1 69
1 73
1 77
1 80
1 81
1 82
1 88
1 90
1 93
1 94
1 96
1 101
1 104
1 105
1 116
1 118
1 121
1 123
1 124
1 128
1 38
1 43
1 55
1 126
1 10
1 17
1 24
1 34
1 35
1 37
1 40
1 44
1 50
1 60
1 79
1 84
1 85
1 110
1 129
1 132
1 6
1 28
1 59
1 66
1 32
1 57
1 115
1 130
1 11
1 26
1 53
1 83
1 31
1 74
1 98
1 127
1 7
1 8
1 9
1 13
1 23
1 25
1 27
1 29
1 36
1 46
1 47
1 48
1 51
1 56
1 64
1 65
1 70
1 75
1 76
1 78
1 99
1 102
1 103
1 106
1 108
1 112
1 113
1 114
1 120
1 122
1 125
1 131
1 54
1 63
1 91
1 117
1 4
1 5
1 18
1 19
1 22
1 30
1 33
1 42
1 49
1 52
1 58
1 67
1 72
1 86
1 87
1 89
1 92
1 95
1 100
1 107
1 109
1 111
1 119
0 146
0 147
0 148
0 149
0 151
0 142
0 143
0 145
0 150
0 133
0 134
0 135
0 136
0 137
0 138
0 139
0 140
0 141
0 144
0 169
0 170
0 154
0 157
0 158
0 161
0 163
0 164
0 167
0 168
0 152
0 153
0 155
0 156
0 159
0 160
0 162
0 165
0 166
0 181
0 187
0 189
0 171
0 176
0 185
0 188
0 174
0 175
0 178
0 179
0 180
0 182
0 183
0 184
0 172
0 173
0 177
0 186
