2
52 190
1 0 52 53 54 55 56 57 58 59 60 61 62 63 64 65 66 67 68 69 70 71 72 73 74 75 76 77 78 79 80 81 82 83
1 1 84 85 86 87 88 89 90 91 92 93 94 95 96 97 98 99 100 101 102 103 104 105 106 107 108 109 110 111 112 113 114 115
1 2 116 117 118 119 120 121 122 123
1 3 117 119 121 122 124 125 126 127 128 129 130 131 132 133 134 135 136 137 138 139 140 141 142 143 144 145 146 147 148 149 150 151
1 4 152 153 154 155
1 5 133 134 135 138 141 142 146 151 156 157 158 159 160 161 162 163 164 165 166 167 168 169 170 171 172 173 174 175 176 177 178 179
1 6 180 181 182 183 74 63 79 80
1 7 101 166 170 156 110 162 98 114
1 8 116 118 184 120 185 186 187 123 188 189 190 191 192 193 194 195 196 197 198 199 200 201 84 89 95 96 102 103 104 108
1 9 180 181 182 183 202 203 204 205 206 207 208 209 210 211 212 85 213 214 87 215 216 217 218 219 220 221 97 98 101 110 112 114
1 10 69 213 214 60 62 78 209 211
1 11 180 181 182 183 202 203 204 205 206 207 208 212 152 216 153 154 218 155 220 221 222 223 224 225 226 227 228 229 230 231 232 233
1 12 68 71 216 203 204 220 61 82
1 13 228 230 55 73 224 66 67 227
1 14 116 118 120 185 123 188 191 192 193 194 195 196 197 198 199 201 84 89 90 91 92 93 94 95 96 102 103 104 105 108 111 115
1 15 60 62 63 69 74 78 79 80 156 157 158 159 160 161 162 163 164 165 166 167 168 169 170 171 172 173 174 175 176 177 178 179
1 16 84 132 104 89 95 143 130 147
1 17 125 129 130 132 133 134 135 138 140 141 142 143 146 147 148 151 156 157 161 162 163 164 166 167 168 170 171 172 175 176 177 179
1 18 184 185 186 187 188 189 190 191 193 194 197 198 200 201
1 19 165 215 217 219 158 159 210 178
1 20 150 124 188 127 191 144 193 194
1 21 58 218 75 221 206 207 65 83
1 22 164 86 106 172 109 175 176 113
1 23 234 235 236 237
1 24 53 229 56 57 233 64 225 226
1 25 184 200 186 187 189 190
1 26 149 184 136 186 187 126 190 145
1 27 100 167 88 168 107 177 99 179
1 28 197 198 185 137 201 139 128 131
1 29 105 171 92 157 93 161 163 115
1 30 133 135 151 90 91 141 94 111
1 31 54 55 72 73 59 76 66 67
1 32 180 181 182 183 202 205 208 209 210 211 212 85 213 86 214 87 215 88 217 219 97 98 99 100 101 106 107 109 110 112 113 114
1 33 116 118 184 120 185 186 187 123 188 189 190 191 192 193 194 195 196 197 198 199 200 201
1 34 180 181 182 183 202 203 204 205 206 207 208 209 210 211 212 213 214 215 216 217 218 219 220 221 222 223 225 226 229 231 232 233
1 35 52 53 56 57 58 60 61 62 63 64 65 68 69 70 71 74 75 77 78 79 80 81 82 83 158 159 160 165 169 173 174 178
1 36 116 118 120 123 192 195 196 199 84 86 88 89 90 91 92 93 94 95 96 99 100 102 103 104 105 106 107 108 109 111 113 115
1 37 52 53 54 55 56 57 58 59 61 64 65 66 67 68 70 71 72 73 75 76 77 81 82 83
1 38 53 54 55 56 57 59 61 64 66 67 68 71 72 73 76 82
1 39 124 126 127 136 144 145 149 150 152 153 154 155 222 223 224 225 226 227 228 229 230 231 232 233 234 235 236 237 238 239 240 241
1 40 209 210 211 85 213 86 214 87 215 88 217 90 91 219 92 93 94 97 98 99 100 101 105 106 107 109 110 111 112 113 114 115
0 41 117 119 121 122 124 126 127 128 131 136 137 139 144 145 149 150 152 153 154 155 224 227 228 230 234 235 236 237 238 239 240 241
0 42 102 134 103 138 108 142 96 146
0 43 54 231 72 232 59 76 222 223
0 44 203 204 206 207 152 216 153 154 218 155 220 221 222 223 224 225 226 227 228 229 230 231 232 233 234 235 236 237 238 239 240 241
0 45 196 148 199 140 125 192 129 195
0 46 117 119 121 122 125 128 129 130 131 132 133 134 135 137 138 139 140 141 142 143 146 147 148 151 157 161 163 167 168 171 177 179
0 47 52 58 60 62 63 65 69 70 74 75 77 78 79 80 81 83 156 158 159 160 162 164 165 166 169 170 172 173 174 175 176 178
0 48 52 212 70 202 205 77 208 81
0 49 200 189 238 239 240 241
0 50 85 87 169 173 174 160 112 97
0 51 117 119 121 122 124 125 126 127 128 129 130 131 132 136 137 139 140 143 144 145 147 148 149 150 234 235 236 237 238 239 240 241
1 3
1 6
1 8
1 17
1 21
1 24
1 29
1 35
1 36
1 37
1 43
1 49
1 53
1 54
1 55
1 64
1 66
1 68
1 72
1 86
1 88
1 104
1 108
1 118
1 122
1 129
1 134
1 138
1 139
1 140
1 149
1 150
1 9
1 11
1 13
1 14
1 16
1 22
1 39
1 40
1 41
1 46
1 50
1 51
1 60
1 61
1 70
1 71
1 74
1 78
1 79
1 93
1 96
1 97
1 106
1 110
1 112
1 124
1 125
1 132
1 133
1 136
1 142
1 148
1 20
1 30
1 32
1 33
1 42
1 62
1 91
1 117
1 7
1 10
1 23
1 27
1 31
1 45
1 56
1 57
1 65
1 67
1 82
1 90
1 92
1 94
1 98
1 99
1 100
1 105
1 114
1 115
1 126
1 127
1 135
1 141
1 143
1 144
1 146
1 147
1 1
1 63
1 83
1 113
1 0
1 5
1 12
1 26
1 28
1 38
1 44
1 59
1 75
1 77
1 80
1 84
1 85
1 95
1 101
1 102
1 103
1 109
1 111
1 119
1 120
1 137
1 145
1 151
1 4
1 89
1 107
1 116
1 15
1 18
1 19
1 34
1 47
1 48
1 52
1 58
1 69
1 73
1 76
1 81
1 87
1 121
1 123
1 128
1 130
1 131
1 2
1 25
0 153
0 154
0 155
0 156
0 157
0 158
0 159
0 160
0 161
0 162
0 163
0 164
0 165
0 166
0 167
0 168
0 169
0 170
0 152
0 172
0 173
0 174
0 179
0 180
0 181
0 184
0 185
0 186
0 187
0 188
0 171
0 177
0 182
0 189
0 175
0 176
0 178
0 183
