 102   98    1000
   2  155
  95  176
  93  163
  82  147
  97  178
  63  109
  98  171
  60  193
  12  167
  15  117
  11  149
  99  157
  81  104
  87  189
  68  148
  28  161
   8  175
  96  104
  48  142
  75  172
  69  146
  56  175
  79  148
  82  107
  42  194
  11  177
  80  140
  82  194
  99  112
  63  165
 102  142
  64  109
  45  177
  46  181
  13  187
   5  134
  34  157
  17  147
   6  145
  70  188
  24  148
  75  195
   6  156
  75  189
  78  120
  29  183
  85  126
  77  109
  44  133
  31  152
  24  123
   4  158
  58  138
   4  106
  27  159
  27  183
   1  189
  17  122
  60  172
  37  123
  47  190
  11  181
  92  173
   9  168
  96  117
  83  108
  42  176
  37  189
  64  107
  81  198
  40  107
  92  179
  94  132
  72  114
  33  113
  18  152
   5  121
  62  120
  51  174
  88  109
  28  171
  50  115
  19  141
 100  133
  58  104
  49  153
  96  108
  84  133
  21  185
  68  151
  22  159
  21  157
  40  119
  83  115
  95  116
  51  161
 101  161
  80  153
  94  121
  79  190
  13  192
  49  161
  25  159
  53  185
  49  188
   1  200
  78  134
  45  140
  51  128
  24  105
  71  146
   2  166
  85  199
  66  123
   5  169
  52  163
   5  163
  63  135
  54  138
  94  113
  62  187
  97  108
  99  186
  76  188
  97  199
   6  131
  13  181
  35  197
  24  141
   9  171
  10  107
  33  137
  37  148
  76  189
  62  132
  42  198
  79  178
  13  174
  19  172
   3  148
  79  109
  28  138
 102  163
  30  164
  97  183
  50  164
 100  155
  54  173
  25  149
  62  136
  15  163
  96  105
  94  138
  53  165
  53  123
  37  109
  81  125
  91  164
  42  150
   2  182
  14  105
  55  164
  29  112
  85  160
  44  185
  92  170
   3  138
 101  119
   9  159
  49  191
  66  162
  68  127
  38  110
  38  138
  16  183
   9  118
  59  151
   8  116
  51  162
  97  120
  29  129
  89  193
  37  184
  23  187
   7  149
  17  177
  99  183
   6  157
  24  134
  23  197
  18  176
  14  119
  67  138
  51  111
  22  183
  51  146
  29  166
  68  134
   1  186
  65  106
  93  117
  50  145
  92  178
  29  187
 102  183
  42  125
   6  159
  25  106
  84  151
  17  174
  92  194
  14  149
  96  121
  76  112
  28  179
  49  119
  54  194
  89  146
  66  134
  60  107
  56  142
  80  180
  87  133
  74  138
  91  157
  69  132
  23  124
  84  158
   1  192
   8  171
  86  160
  55  137
  68  147
  69  108
  58  156
   4  157
  30  126
  77  169
  20  117
 101  183
  25  105
  15  160
  71  131
   8  167
  13  114
  20  187
  44  112
 100  177
  70  175
  32  159
  29  189
  77  142
  46  161
  20  177
   8  172
   3  106
  19  169
  32  173
  87  157
  27  169
  98  181
  66  176
  55  162
  65  170
  96  193
  67  146
  82  196
  27  125
  25  126
  52  171
  40  150
  31  132
 102  158
  70  161
  89  136
  80  160
  40  183
  82  144
  95  112
   7  168
  82  170
  27  157
  86  122
  55  115
  99  108
  85  191
  19  107
  31  127
  29  119
  99  125
  59  179
  68  137
  17  195
  49  114
  83  199
  43  184
  65  147
  36  141
  93  116
   9  186
   1  160
 100  163
  10  104
  96  159
  86  149
  10  154
  61  125
  40  191
  61  154
  67  197
  15  156
  83  185
  71  118
  88  124
  22  136
  82  105
   1  126
  33  166
  83  171
  68  157
  96  111
  24  190
  35  109
   2  103
  72  139
  95  175
   9  191
  28  108
  66  107
  40  138
  81  130
  48  124
  52  128
  78  103
  15  118
  33  165
   2  193
  40  121
  13  149
  87  109
  54  107
  49  106
  80  196
 102  179
   9  188
  83  173
  49  118
  95  194
  94  157
  65  137
  54  108
  20  131
  41  148
  34  152
  71  199
  82  123
  37  172
  27  196
  43  172
  80  190
   4  123
  99  116
  63  153
   1  191
   5  125
  55  104
  80  168
 101  145
  16  140
  82  187
  10  193
  55  165
  52  139
  98  113
  98  190
 100  137
  18  114
  39  150
  58  157
 101  139
  57  197
  39  179
  78  115
  90  149
  47  159
  73  122
  99  197
   6  173
  11  106
  56  148
  95  111
  74  121
  82  129
  81  200
   3  146
  98  132
  31  135
  93  175
  81  142
  54  160
  70  125
  45  131
  61  147
  71  187
 100  162
  89  127
  57  120
  40  105
  59  186
   4  130
   1  169
  77  150
  10  171
  14  152
  98  194
  83  137
 102  180
  90  128
  53  115
  31  122
  74  163
  45  153
  50  132
  11  113
  67  107
  55  197
  35  103
  93  104
  40  148
  58  129
  77  152
  75  122
  49  187
  44  157
  32  104
  53  114
  14  182
  76  190
  55  172
  45  197
  17  163
  87  114
  19  133
  24  113
  62  115
  44  195
   8  137
  19  126
  96  136
  23  171
  77  117
  72  151
  49  105
  18  132
  51  189
  81  175
  80  175
 100  196
  51  124
  61  136
  93  167
  35  160
  99  158
  57  189
  24  156
  12  155
  60  154
  60  121
  42  145
  70  121
  46  127
  91  196
  18  172
 102  193
  38  156
 100  108
   3  170
  37  128
  96  198
  84  140
  97  176
  57  135
  72  184
  86  130
  61  126
  31  158
  60  179
  23  166
  45  157
  70  165
   8  184
  64  172
  81  173
  90  155
  64  194
  15  110
  66  164
  93  168
  34  133
   6  137
  65  198
  25  167
  94  191
  92  174
  51  112
  87  164
  66  189
  72  197
  71  124
  23  132
 100  114
  48  146
  60  122
   1  187
  23  142
 101  127
  64  168
  71  186
  60  194
 101  165
 102  195
  53  177
  79  152
 102  198
  89  171
   5  152
 102  117
  44  132
   4  124
  83  187
  21  126
  23  170
  38  153
  68  105
  78  112
  66  166
  47  128
  83  142
  12  142
  47  185
  23  156
  42  188
  15  197
  27  156
  28  163
  16  168
  86  106
  39  106
   7  131
  52  174
  97  110
  58  132
  37  161
 102  186
  40  126
   5  175
  19  149
  45  174
   9  135
  39  108
  41  142
  41  123
  84  137
  88  174
  22  114
  76  162
  49  196
  58  148
  56  106
  66  103
  75  139
   1  158
  88  164
  83  151
   1  154
  50  124
  96  147
  17  114
  91  187
  30  157
  35  134
  50  158
  17  142
  22  155
  19  111
  14  132
  36  194
  39  181
  53  138
  69  180
  65  129
   5  193
  69  172
  16  121
  78  132
  12  172
  76  180
   8  182
  23  104
  81  123
  47  154
  90  152
  50  173
  17  103
  43  185
  38  113
  74  182
  83  181
  68  149
  67  121
  65  178
  86  150
  18  125
  52  184
  22  140
  20  165
  67  199
  58  161
  85  151
  27  185
  32  151
  26  175
  28  120
  28  199
  78  186
  56  118
  49  132
  48  158
  61  140
  64  171
   3  132
  26  129
  45  144
  82  124
  60  163
  39  168
  81  156
  17  152
  75  145
  81  182
  34  199
  25  116
  45  175
  44  178
  25  160
  30  122
  64  167
   6  187
  20  142
  58  142
  76  120
  85  172
  16  116
  14  148
  31  166
 102  132
  28  103
  67  155
  71  104
  86  152
  26  121
  51  193
 100  200
   1  135
  78  172
  70  193
  97  103
   6  180
   7  121
  41  114
  60  139
  25  131
  86  142
  51  138
  22  180
  38  198
  11  196
  34  103
  45  164
   3  121
  82  143
  55  117
  74  187
  45  158
  71  114
  37  127
  58  189
  52  183
  25  197
  64  104
  20  194
  89  145
  62  117
   3  108
  85  198
  50  135
   9  137
 100  191
  92  119
  65  152
  24  170
  80  200
   1  184
  26  154
  83  106
  33  118
  99  156
  31  145
   8  128
  79  119
  27  192
   4  127
  66  173
  27  153
  13  124
  83  193
  24  167
  42  181
  25  147
  68  140
  64  154
  32  196
  32  141
   1  106
  45  185
  46  148
  35  133
  37  170
  52  175
  71  144
  23  172
  44  150
  86  136
  20  197
  10  148
  81  126
   4  196
  73  184
  33  157
  14  135
  79  173
  21  181
  65  134
   1  110
  36  156
   9  111
  81  196
  76  173
  25  129
  47  146
  30  191
  33  145
  82  114
  28  192
  19  105
  67  126
   3  151
  27  145
  38  118
  17  111
  88  188
  91  161
   6  124
  98  200
  88  189
  78  167
  15  146
   5  185
  47  130
  53  193
  84  192
   8  188
  36  153
  36  143
  99  131
  86  189
  40  155
   6  179
  51  119
   4  173
  73  162
   7  105
  27  113
 102  152
  30  169
 100  198
  12  127
  16  180
  34  156
  67  115
 102  159
  84  108
  24  111
  64  183
  53  175
  62  112
   7  171
  78  151
  65  109
  73  152
  34  143
  10  117
   9  117
   8  117
   8  126
  76  126
  76  152
  38  152
  38  140
  38  142
  38  194
  80  142
  54  126
  37  140
  80  112
  72  112
   7  112
  85  140
  48  194
  48  136
  71  136
  48  183
  48  108
 100  194
 100  197
  77  197
  78  197
  52  112
  77  173
  85  184
  47  184
  47  195
  47  150
  40  195
  40  185
  40  120
  96  120
  96  189
  55  185
  27  120
  27  186
  34  150
  45  195
  45  176
  20  184
  20  169
   6  169
   6  165
  83  165
  83  198
  44  198
  35  169
  35  192
  35  155
  49  155
  35  129
  19  129
  70  140
  70  199
  38  122
  54  127
   6  121
  23  121
  23  196
  93  196
  93  172
  93  118
  93  164
   9  157
  92  157
  92  156
  79  156
  79  115
  79  191
  57  191
  26  191
  26  107
  88  107
  79  123
  64  156
  64  125
   2  184
  26  159
  13  159
  13  143
  39  143
  39  162
  13  145
   7  139
  31  139
  31  151
  35  105
  67  105
  67  158
  16  158
  67  147
  15  158
  26  149
  86  173
  86  104
  25  104
  36  104
  36  160
  56  104
  56  133
  86  146
  46  146
  91  146
  91  190
  12  190
  12  110
  87  110
  77  170
  63  142
  63  132
 100  179
  82  179
  82  135
  51  110
  44  166
  74  166
  95  125
  95  141
 101  141
 101  180
  85  168
   5  136
  58  121
  58  124
  84  124
  58  175
  84  193
  66  124
  29  193
  28  195
  28  130
  60  140
  50  180
  89  152
   7  177
  99  135
  99  144
  22  146
  23  111
  11  111
  74  106
  30  106
  30  163
  73  163
  62  106
  68  163
  73  137
  21  163
 100  119
  85  114
  59  114
  81  141
  81  138
  77  128
  65  151
  65  188
  59  153
  69  191
  33  192
  33  161
  33  148
 102  161
 102  171
  61  171
  61  116
  14  116
  17  116
  17  187
  17  131
  98  187
  18  156
  32  183
  93  174
  97  190
  99  167
  41  159
  53  106
  75  199
  90  144
   3  133
   3  103
   9  178
  43  158
  94  150
 100  182
   4  182
   1  174
  24  171
  22  154
  34  113
  58  181
 100  109
  42  165
  42  134
  83  200
