 204  196    1000
 156  236
 182  265
  44  224
  76  369
 202  324
 107  214
  19  351
  62  260
 157  240
 135  370
  14  228
 128  227
  15  312
  54  337
 122  364
 196  231
  88  386
 139  360
  98  233
 194  379
 150  324
  52  331
 173  350
 130  360
 202  360
  51  325
  78  296
 200  317
  91  223
 119  383
  47  389
  20  230
  62  263
 122  339
 136  294
 139  225
  27  395
  21  272
  83  231
  96  352
 118  397
 204  375
 193  365
 179  279
  49  364
  58  324
   2  332
  25  390
 126  299
  41  218
  20  388
  96  310
 110  368
 127  282
   5  366
  35  227
 154  274
 178  316
 159  278
  76  211
  14  366
  96  379
   2  382
  51  303
 204  287
  95  346
  88  313
  93  207
 172  334
  74  291
 119  333
   6  220
 128  229
 185  219
  57  246
  42  306
 162  276
 123  364
 175  329
 149  246
  84  317
  11  289
 187  241
  94  361
  34  383
 201  378
  55  241
  81  257
 132  399
   8  398
 175  306
 188  312
  68  236
  78  355
 132  266
  43  212
  32  244
 130  235
 130  319
  63  217
  44  307
 143  310
 194  383
  16  268
  42  301
  16  247
  12  222
  33  395
  33  213
  77  222
  93  312
  16  372
  85  353
  23  337
 125  338
  74  283
 138  294
 182  233
 173  363
  86  252
  65  392
 193  328
  46  221
 197  210
 111  247
  48  299
 187  371
  35  277
 123  263
 123  344
 135  361
  25  255
  79  344
  46  205
 104  400
  50  373
 106  369
 156  351
  67  316
 120  223
 128  223
  80  224
 111  212
  59  310
 193  272
 178  283
 153  255
 119  370
  35  295
 157  298
 156  296
 166  260
  84  322
 176  384
  56  350
  88  268
 129  348
 195  389
  27  396
 149  278
  94  218
  98  230
  35  210
 134  270
 127  360
 139  344
 157  268
  80  379
  84  275
 204  344
 161  261
 135  382
  15  361
  34  374
  72  268
  55  300
  67  343
 136  296
 100  340
 134  351
  10  236
  79  366
 116  236
 166  316
   2  312
 109  305
 127  274
 180  278
 141  315
 200  279
   3  393
 186  360
  66  308
 188  369
  33  293
  10  379
 148  357
 145  327
 138  382
 144  215
 141  371
  52  250
  25  330
 116  276
  83  396
 182  219
  26  289
 113  373
 186  341
 192  293
 178  243
  29  206
  34  277
  47  330
 145  335
  14  332
  27  366
  61  270
 180  353
 148  336
  51  332
 168  338
 166  336
 105  314
 108  306
 124  386
  37  288
  67  286
 144  320
 155  326
 193  285
  36  333
 119  371
  42  247
 174  208
 122  389
  90  400
  14  374
 141  399
 166  320
 168  251
 138  255
 191  320
  50  389
 100  345
  85  229
 182  356
  24  323
 145  395
 148  387
 163  239
 149  330
  44  261
 194  384
 149  400
 146  237
  30  225
 190  341
 168  287
 124  371
 135  215
 131  210
 186  369
 133  332
  93  266
  44  339
 166  218
   7  310
 178  298
 146  349
  89  346
 203  340
  72  345
 139  263
 185  327
  93  322
 192  319
  24  270
 100  219
  24  291
 192  216
 201  323
  32  223
 180  342
 180  323
 121  242
  99  287
  40  354
  18  248
  84  292
  42  222
 191  343
 145  264
 152  219
 165  296
 117  303
   1  220
 125  241
   9  237
   4  331
  98  372
 194  335
  72  265
  21  223
  64  400
 140  395
  84  364
 131  360
 137  346
  28  315
 117  347
 131  319
 195  299
  57  368
  75  223
   5  378
 164  376
 201  373
  77  379
  17  382
  71  399
  71  316
  75  389
 112  268
  52  400
 180  394
  17  349
 192  331
  86  216
  67  337
  40  278
 192  353
   7  337
 132  278
 168  318
   8  212
  55  397
  95  278
  95  218
 148  310
 148  286
 138  376
  41  220
 146  251
 189  396
 140  256
 100  372
 157  213
  71  299
 108  302
 169  242
  65  368
  37  273
  45  249
 188  253
  74  359
 130  292
 124  240
  95  335
 204  230
 161  235
 118  344
 182  283
  32  339
 172  219
  85  265
  76  282
 157  217
 184  222
 143  284
 103  333
  62  356
  26  334
  57  235
  35  229
  63  287
 181  241
  14  391
 148  392
 119  242
 187  288
 124  241
 139  353
  88  301
 170  216
  14  394
  91  334
 164  273
  46  337
  56  230
  55  294
  59  380
 120  259
  41  222
  49  362
 119  248
  77  264
 159  341
  25  260
  35  378
  56  274
  37  365
  86  296
 118  395
  92  389
   3  246
 116  211
  90  353
 125  394
 179  292
  83  338
 171  236
 120  277
 187  210
 126  358
   2  305
  38  317
 189  222
 127  322
 170  241
 123  212
  78  309
  18  331
  82  385
  45  330
  89  325
 204  228
 137  302
 127  313
   8  285
  64  340
  65  236
  60  220
  64  218
 157  264
  26  382
  39  335
  16  214
   5  224
   4  351
  60  305
  43  320
 201  358
 127  382
 134  290
  47  280
  22  359
 129  322
  95  299
  99  283
 184  342
 165  321
  55  327
  74  211
 125  277
 120  339
  29  219
  67  259
  68  288
 171  336
  98  336
  56  257
 106  260
  54  290
  87  238
 172  227
  21  349
  61  227
  39  392
  82  335
  22  230
  26  381
 104  263
 160  223
 120  230
 161  221
 139  313
  24  311
  45  216
 200  308
 159  334
 170  244
 170  340
  77  239
 166  284
  26  208
  49  338
 176  396
  10  325
 185  230
 166  351
 166  354
 170  317
 134  212
  84  236
  37  346
   4  269
 136  338
 143  292
 132  319
 148  318
 198  226
 148  315
  58  265
  48  207
  11  394
  74  217
  64  210
 162  366
  60  314
  56  258
  94  303
 197  330
 176  381
   4  226
  71  384
   9  248
 177  389
 179  377
 159  332
  80  372
  42  242
  72  300
 111  267
 146  353
  83  234
 131  209
  65  321
  51  249
 110  268
  21  346
 123  388
  34  228
  75  387
  44  223
  46  306
  13  222
   5  207
 176  225
  18  267
 190  377
  41  307
 187  332
 130  322
  87  342
 110  320
  30  352
  57  336
 154  295
 202  212
 160  321
  53  237
   1  319
 104  324
 123  221
 184  388
 158  341
 193  304
 144  258
 118  385
  47  237
 178  321
  58  311
 142  353
  47  230
 204  351
  62  214
 134  323
  17  247
 194  274
 121  309
 130  348
  43  323
  49  371
 197  336
  87  284
  93  376
  38  256
  99  397
  17  218
 114  350
  90  307
  76  228
  29  377
  87  286
  99  311
  87  341
  29  254
 123  372
  56  252
 181  247
  61  280
 181  215
  62  375
 203  302
 143  230
 102  387
  19  344
 174  379
 109  246
  50  345
 110  318
 110  269
 109  269
 109  271
  49  271
  49  330
  13  271
  13  324
  49  236
 144  236
 144  273
 148  273
 148  340
 148  245
 118  340
 118  308
 118  343
 118  369
 118  373
  97  343
  49  228
 173  228
 173  335
 186  335
 186  218
 100  335
 100  356
 186  317
  25  317
 173  394
 201  236
 186  327
 188  327
 188  351
 165  351
 165  380
  90  380
  90  389
  90  293
 123  389
 123  328
  94  380
  94  375
 203  328
 203  247
 202  247
 202  387
 202  344
  47  293
  47  264
  47  312
  47  338
  86  338
 202  227
  95  227
  31  369
  31  279
 101  279
 101  309
 101  277
  73  309
 101  246
  28  246
  28  268
  29  277
  29  354
  74  354
 145  354
 195  354
 195  275
  51  275
  51  255
 106  275
 106  299
  51  334
  79  334
 161  334
  79  384
  78  384
  78  290
  79  225
 116  334
 116  374
  50  384
  50  355
 145  283
  43  283
  43  370
  43  325
 134  325
 134  256
   2  256
  88  256
  88  305
  44  305
 200  305
 136  268
 136  303
 134  234
 106  382
  92  382
  68  382
  68  337
 169  337
 113  337
 140  382
 186  367
  34  367
  34  313
 175  313
  21  313
  21  262
  66  262
  21  267
  18  313
  18  238
  21  361
   7  361
   7  226
 167  226
   7  223
  24  223
  17  223
  66  254
 129  238
  14  312
 170  338
 146  337
 126  256
 126  274
 119  274
 126  348
 155  348
 155  219
 194  219
 155  306
  67  306
  59  306
  59  287
  67  297
 114  297
 114  261
 179  261
 179  360
  35  360
 138  338
  92  280
 100  379
  12  379
  20  297
 150  262
  95  353
 197  353
 137  261
 144  322
 133  273
 133  378
 133  253
 133  298
 158  298
  75  298
  75  229
  30  229
  30  400
  45  400
  45  241
  75  284
  42  229
 189  253
 120  241
 133  285
 190  234
 190  339
  98  273
 104  340
  35  216
 112  216
 163  361
 163  399
 198  290
 198  294
 190  345
  84  345
  84  266
  84  213
  54  266
  54  251
 177  251
 177  398
 199  398
  41  398
  41  393
  91  266
 177  258
  54  231
  49  363
  76  363
  76  392
 157  392
 157  347
 190  281
  19  281
 102  281
 102  232
 195  295
  48  231
  48  368
  27  267
  27  222
  72  231
  72  365
  72  286
  83  286
  83  260
 193  260
 193  326
  71  260
 193  240
  72  349
 193  310
 172  310
  83  209
  55  209
  57  310
  10  260
  71  214
 151  214
  35  352
 153  360
  57  359
 196  359
 196  206
 107  206
  26  206
  26  376
 187  376
 187  346
 141  206
 187  381
 159  381
 159  207
   8  346
   8  319
 149  319
 149  244
 147  244
   8  248
  50  329
  26  388
  53  388
   3  298
   3  358
  85  358
  85  276
  85  300
 122  300
 122  282
 122  301
  36  301
 122  265
 178  265
  36  242
 143  242
  39  265
  39  235
  16  382
  16  364
  16  304
  77  364
  77  289
 142  289
 201  239
 180  239
 203  342
  39  263
  89  263
 117  263
 160  263
 160  332
  58  332
  58  333
 166  332
 186  292
 181  292
 148  331
 132  388
  46  364
  96  325
  96  372
 127  372
 182  372
 182  208
  37  208
 191  208
 124  238
  81  329
 196  316
   9  316
   9  397
 116  233
 174  233
  64  233
 192  233
 192  211
  88  221
 184  208
  99  242
  99  377
  84  366
  93  366
  93  249
  24  362
  38  240
  94  314
 185  314
 185  224
  70  394
  70  390
  62  390
 156  314
 156  205
 171  205
 168  205
 151  396
 108  304
 108  296
  91  230
  82  230
  80  342
  80  252
 121  253
 153  250
 115  250
   1  355
   1  336
  95  371
 152  371
 135  297
  65  228
  23  250
  23  320
  22  320
  60  246
  90  386
 169  257
 111  312
 117  210
 105  210
 103  387
  43  272
  52  272
  52  321
 128  321
 204  329
 137  243
  40  231
  71  220
 154  220
 154  259
  87  259
 130  220
 162  259
 183  253
  63  242
  69  325
 200  350
  15  350
  90  270
  11  353
  37  237
 204  315
   4  315
  65  215
  63  288
  55  278
 125  326
 139  299
 139  302
 164  268
   6  336
 198  385
  57  311
  56  311
  56  383
 114  341
 169  307
 115  395
  32  395
  21  391
  33  320
 179  323
   7  212
  88  217
 131  362
   5  373
  61  297
 176  214
 113  357
 141  291
