 146  154     750
 126  275
 129  288
 137  253
 130  182
 143  295
  87  196
  90  199
  90  238
  63  211
  46  291
  56  214
 131  300
  76  297
  67  232
 117  205
  54  222
  20  174
  70  226
  44  250
  17  234
  66  266
  25  160
  53  234
  88  282
  90  291
  11  279
 104  286
 144  245
   8  153
  34  157
  76  244
  86  204
  80  220
  65  294
  73  234
 140  227
  92  268
  50  187
 112  250
  49  176
  87  151
 138  232
 130  194
  54  177
  45  223
   7  157
 107  184
 112  216
 132  150
 100  238
  62  239
 140  244
 102  270
  80  290
 134  203
  64  199
 115  220
  75  233
  85  180
   7  290
  11  289
 105  189
  52  287
  33  181
 138  297
 143  296
 142  238
  75  299
  50  193
 107  288
  10  174
  32  184
  45  294
  59  267
  11  195
  24  269
  63  215
  67  175
 117  197
  88  197
  86  265
  82  153
  69  209
 132  297
   5  225
 141  246
 132  209
  35  297
  26  188
  29  196
  79  222
 131  201
  17  292
 110  168
 110  190
 136  273
  41  233
 133  154
 136  149
 133  231
 139  228
   8  278
  49  219
 123  224
  56  203
  11  200
  70  237
  67  229
  61  257
  39  242
   9  295
  70  288
  85  193
  35  250
 107  256
  32  245
 131  202
  16  242
  41  199
  71  203
  19  271
  35  261
  18  165
 142  284
   7  262
 107  217
  85  186
  86  293
  71  212
  16  284
  76  300
  86  227
   4  260
  49  232
   1  279
  31  218
 136  258
 109  200
  98  214
  49  205
  79  230
  24  180
  63  194
 116  186
 128  227
  68  170
  78  238
 129  216
  49  297
 144  167
 107  240
  25  236
  68  157
  32  280
  20  196
 103  233
 133  189
 111  153
 113  216
 117  262
 131  196
 123  242
  16  287
  26  298
 138  194
   1  220
 113  191
   7  259
 132  265
 127  165
   2  156
  13  222
  40  213
 124  245
  16  202
 134  218
  85  226
  77  179
 104  169
  96  295
  32  160
 142  200
   8  293
  50  300
 129  148
 134  155
 120  296
 111  214
 111  191
  52  271
  72  185
  63  225
  48  288
 102  180
  87  279
 107  219
 103  283
   6  173
  34  158
   2  152
  46  181
 145  254
  61  228
 105  157
  93  225
 100  241
  12  151
  33  187
 144  222
  48  235
  14  204
  95  153
  29  226
  27  223
 111  184
 112  174
 118  272
  26  296
 131  286
  89  239
 130  232
  59  193
  34  246
 141  219
  57  224
 138  207
  24  286
 105  273
  76  174
 107  264
 109  184
 119  209
  39  191
  23  175
  47  178
 114  190
  43  284
   2  283
  11  223
  32  232
  48  147
 129  172
  94  190
  22  178
 120  280
  64  187
  52  221
  28  174
  69  225
 135  197
  29  188
  48  164
 108  183
 118  229
  99  174
  61  298
  32  191
  48  252
 146  160
 112  249
  97  234
 113  211
  10  163
 129  235
  97  271
  32  238
  72  276
  94  201
  39  297
 110  272
 113  251
  62  290
 134  156
  43  275
 100  206
  60  298
  37  217
  33  300
  83  156
  76  228
 120  199
  48  203
  89  277
  95  147
 117  254
 131  180
  36  275
  40  270
  98  243
 105  159
 102  246
  60  269
 137  242
  75  237
  75  197
 108  190
 125  165
  56  187
  31  164
  56  259
  74  156
  67  196
   8  233
  36  152
 119  273
 117  219
 140  251
 116  224
 116  189
  98  250
   2  160
 112  152
  70  233
 122  188
  70  206
  94  284
 113  285
  44  221
 135  153
  67  192
  22  233
  48  211
  25  206
  77  242
 106  233
 107  280
 120  180
  56  173
 114  275
  94  157
 107  147
 105  220
  62  247
  76  226
  32  147
  79  197
 144  155
 131  229
  90  288
  85  267
 143  167
 103  278
 146  281
  87  159
 132  185
 120  177
  98  276
 104  210
  45  264
  90  235
  34  221
  66  195
  61  267
  71  251
  46  207
 129  284
  64  249
 140  189
  23  267
 128  261
 108  221
  21  175
 123  250
 104  229
  55  186
  90  270
  83  206
  96  175
 126  238
  63  207
 126  199
  65  173
 121  196
 127  225
 120  172
  68  268
 118  188
  71  250
  10  297
  87  197
  56  207
 122  274
 102  168
  73  217
  68  185
  33  267
 134  265
   5  194
  58  162
 133  185
  43  224
 145  155
   4  270
  31  300
 122  200
  95  279
  25  173
  82  242
  75  174
 109  174
  95  238
 103  186
  47  208
 133  156
 122  182
  79  163
  71  260
  29  233
  83  300
  90  223
 100  285
  29  268
 142  275
 120  229
  37  237
  63  170
 113  223
 102  210
  38  228
  12  211
  90  234
 132  207
 132  291
   8  249
  12  266
  59  248
  12  172
  49  208
  96  149
  35  200
  52  238
  45  170
  46  170
  56  201
 145  188
 130  154
 111  210
  55  200
 119  296
  39  222
  94  215
 131  287
  38  267
 102  266
  85  263
  30  261
  92  171
  89  251
 136  295
   1  166
 104  164
 110  204
  81  204
  76  204
  76  237
  36  237
  36  280
  49  280
  49  214
 103  214
 103  157
  47  157
 114  157
  99  157
  99  233
  65  157
  65  273
  25  273
  18  273
  65  296
  18  174
  47  282
   5  282
   5  240
  50  282
  25  172
  78  172
  78  151
  57  151
 101  151
  75  151
 120  151
  44  151
 101  278
  44  152
 120  287
   4  287
 125  287
  24  287
 125  189
 135  189
 101  242
  97  287
  97  227
 136  227
 108  227
 108  212
   1  212
   1  215
  13  215
   1  149
  33  149
   1  267
 124  267
 124  254
  66  254
  54  149
  54  206
   1  217
  13  202
  57  148
  72  148
 125  251
   7  278
   7  228
   7  246
  52  246
  52  276
  52  293
  52  168
 142  168
 142  258
  80  293
  80  188
  35  188
  15  188
  15  164
  28  164
  35  165
  35  182
 140  182
 140  221
 140  179
 102  164
 102  300
  87  258
  65  244
  52  239
 137  151
  58  204
 124  294
  40  267
 140  192
   5  292
 117  280
 117  175
   3  273
  33  185
  60  185
 130  185
  60  232
  70  232
  70  169
  70  250
 109  169
  18  205
  63  205
  63  187
 137  197
 142  271
  96  271
  96  266
  30  266
  30  210
  88  210
  30  270
  98  270
  98  208
  98  155
  55  208
  30  167
 128  167
 128  207
 122  207
 107  167
 112  271
  31  293
  31  201
  82  201
  82  184
 126  184
   2  184
   2  180
  94  184
  94  171
  94  277
  69  171
  69  289
  72  173
  60  230
  51  230
  51  298
 144  230
 144  231
  37  231
 105  231
   7  177
 126  159
  63  147
  42  270
  42  253
  90  227
  90  216
 134  216
 134  196
 102  285
  19  285
  26  285
  86  285
  86  284
  61  284
  59  284
  59  225
  10  285
 103  160
 128  297
  79  297
  79  283
  79  255
 139  297
 145  258
  32  197
  45  187
 119  246
 119  281
  29  182
  29  264
  64  264
  29  257
  33  295
 111  278
 111  256
  59  272
  11  272
 130  290
 127  290
 127  161
 143  161
 143  203
 143  163
  94  186
  91  186
  91  236
 146  186
  76  224
  84  224
  92  224
  92  252
  92  195
  16  252
  92  275
 118  275
  92  234
 132  234
 132  198
  48  198
  53  250
  45  269
  20  269
  20  279
  20  286
  93  286
  60  248
  14  248
  14  191
  14  235
 121  235
 130  213
 141  213
 141  288
 141  199
  56  199
  68  213
  70  245
 123  244
 123  183
  46  157
  46  299
  88  154
  67  154
  17  205
  17  158
 145  166
  48  249
  22  249
  77  249
 115  152
 141  243
  95  243
 133  243
  83  271
  83  263
 146  247
  38  247
 113  247
  32  274
  23  182
 101  241
  12  241
  71  201
 146  194
 112  190
  92  181
  85  251
  14  176
  21  176
  21  259
  43  241
  43  156
  83  222
 133  209
 103  150
 115  291
  89  291
  87  260
 104  296
  56  268
  52  223
 118  153
  41  258
 100  251
 100  162
  73  251
  30  238
   9  207
 131  222
  74  191
  90  200
  12  229
   8  229
  34  229
  39  215
  27  198
 106  228
 145  178
  63  265
 132  218
 129  177
 129  193
 135  211
  82  261
   6  296
  62  214
 138  239
  38  219
  71  170
  33  226
 112  262
 116  267
  24  220
