 260  240     625
 178  468
 132  342
  42  453
 137  315
  49  455
 130  472
  53  368
  97  368
  82  315
  85  268
 115  357
   8  410
  36  356
 196  312
 126  271
 230  307
  73  421
 253  391
 181  309
  50  302
 178  318
 219  433
  38  309
 230  399
 227  392
   4  460
  39  342
 180  301
 105  407
 120  416
 111  296
 129  394
  79  330
 106  304
  48  454
   3  312
 164  337
 166  458
 163  491
 186  312
  92  266
  51  433
 135  458
  36  476
  89  268
   3  456
 162  388
 114  261
 214  298
  96  464
  97  313
 226  336
 201  287
 257  454
  88  458
 126  328
 239  387
 111  391
 248  431
  96  291
  30  274
 195  412
 241  427
  34  377
  40  430
 100  371
 216  444
  95  413
 208  399
  18  456
 249  461
  42  340
 219  375
 164  344
 165  491
  99  499
 189  445
  40  365
 237  351
 152  271
 170  467
 153  355
 246  382
 218  401
 100  436
   8  439
 254  488
 103  325
 119  486
 114  405
  93  380
  92  344
 147  329
 237  430
 153  291
  11  313
 227  492
  65  465
  77  487
  19  444
 160  277
 210  323
  98  375
  79  325
  63  468
 180  401
  94  262
 187  437
  68  441
  54  352
  21  490
 146  268
 186  263
 199  330
 122  401
  19  473
  44  490
  15  399
 243  394
 260  472
 139  296
 214  449
  68  476
 127  354
  37  302
 247  314
 224  342
 145  342
  26  342
 145  422
 180  422
 180  384
  62  384
 138  384
 138  393
  62  413
 233  384
 233  446
 236  446
  42  446
  42  375
 236  322
  23  322
 233  498
  12  498
  20  498
  20  353
  80  353
 114  353
 114  331
 114  367
 114  487
 207  331
 236  287
 207  306
 137  306
 137  360
 215  360
  22  306
  22  283
 137  437
 146  437
  56  287
 200  287
  67  375
  62  265
 180  397
 230  384
  80  475
 233  402
  52  402
  52  473
  49  473
  52  434
  27  434
 182  434
 182  328
  49  281
 256  281
 256  382
 256  381
   8  402
   8  369
  79  369
   8  463
 204  463
  78  463
 204  408
  79  311
 178  311
  79  318
 100  318
  51  311
  72  318
  72  269
  72  292
  44  269
   9  292
  44  304
   9  332
 260  332
 154  292
  44  400
  44  334
  55  334
  55  350
  44  425
 143  425
 143  480
 165  480
 165  401
 169  480
 169  368
   5  368
 190  401
 190  348
  19  348
   5  279
  25  279
  13  425
  13  499
  13  273
  81  425
  81  378
 154  280
 132  280
 132  363
   9  267
 168  267
 168  444
 193  280
 153  401
 153  276
 165  403
  40  403
  45  267
 178  326
 170  326
  47  326
  47  330
  73  326
  73  464
   8  389
 184  389
 184  454
  50  454
  50  358
 135  382
 165  317
 121  317
   9  412
  78  430
 179  430
 179  383
  24  383
 187  383
  53  480
  53  423
  15  423
  15  477
 120  477
 120  449
 120  469
 129  469
 129  364
 209  364
 121  495
  70  423
  33  328
  33  341
  51  272
 249  306
 249  417
 241  417
 241  459
 107  459
 241  343
 184  374
  13  410
  99  410
 233  337
 250  444
  53  407
  32  407
  11  407
  11  295
  57  295
  57  452
 197  452
 197  323
 197  379
 197  438
 228  438
  45  370
 243  408
 243  336
  41  336
  41  351
  92  336
  41  376
 254  376
 142  336
 181  351
  41  428
  41  278
 112  336
 181  314
 254  344
   2  428
   2  497
  92  312
 141  312
  61  312
  61  482
   9  299
  79  284
  77  400
  77  325
 131  325
  86  438
  86  398
  86  467
 206  467
 206  303
 247  303
 247  362
 111  362
 111  275
 238  275
   9  494
  34  267
  62  471
  29  328
  29  390
  29  349
 108  349
 192  390
 192  307
 239  307
 239  441
 239  435
 220  435
 220  354
 106  354
 106  264
 251  349
 108  399
 155  399
 183  399
  87  307
  87  268
  87  335
  87  262
   1  399
   1  474
  16  474
  16  290
 157  474
  61  472
 117  472
  54  284
  54  261
  54  490
 172  490
 169  352
  41  414
 231  376
 122  284
 176  341
 176  424
  74  376
 253  334
 111  468
  42  470
 177  312
 177  305
 177  411
 234  305
  49  427
  14  427
   4  427
 115  427
  86  387
 156  387
 156  483
 156  298
 174  298
 118  387
 118  366
 158  366
 158  426
 118  436
 212  436
  19  309
 199  309
  69  408
  69  404
 175  404
  94  404
 146  466
 159  466
 203  466
  45  316
  43  316
  68  402
 194  370
  13  359
 255  359
 136  318
 105  264
 105  431
  71  431
  71  319
 229  319
 229  419
  35  452
  35  486
  35  458
  57  455
 146  457
 205  457
 237  475
 129  478
 196  478
 110  478
 110  315
 109  323
 109  321
 200  371
 246  371
 246  288
  76  288
 104  288
  95  343
 216  417
 216  488
  85  488
 171  431
 198  466
  63  467
  63  440
  96  440
 116  411
 116  385
  76  450
  43  418
 248  370
 248  347
 124  347
 124  282
 248  296
 195  296
  33  357
 202  321
  57  461
 147  461
 147  293
  10  293
  97  293
  97  496
 162  305
 148  427
 153  380
 152  304
 226  370
 226  443
 119  459
 220  394
 210  394
  17  387
 240  378
 256  372
 192  476
  21  357
  21  313
  23  392
 101  392
  72  493
  18  293
 189  350
  89  483
  89  297
 221  304
 237  308
 177  302
 177  445
 233  327
  90  327
  47  263
 167  440
  66  304
 150  407
  86  310
  46  310
 149  296
 160  279
 160  460
 188  281
 204  300
 220  346
  77  432
 217  262
 126  480
 171  271
  40  361
  12  492
 185  354
 185  274
  45  286
  84  286
 257  445
 173  486
   8  391
 182  338
 186  332
 232  498
  27  420
 210  439
  96  285
  82  285
 149  491
 218  491
 218  485
 218  329
 218  448
 163  448
 223  495
 211  325
 211  365
 211  453
 181  277
 219  277
  85  479
 208  479
 123  371
  31  286
  54  406
  36  406
 201  458
 161  434
 161  409
 103  461
 129  415
  28  415
  64  415
 253  266
 258  277
 134  407
 214  463
 214  388
 128  412
 195  481
  65  408
  65  333
  48  380
  80  500
 234  345
  91  422
  95  451
  98  272
  98  447
 252  447
 245  274
 148  301
  39  367
  45  484
 213  484
 125  484
 235  374
  37  371
 144  473
 210  456
 222  466
  12  356
   2  395
  75  303
 191  288
  10  320
 151  492
 151  421
 115  416
 139  416
  30  422
  30  442
 220  405
  59  405
  89  294
 260  270
 242  392
 181  289
 241  339
 244  339
  10  386
   5  465
 259  301
  75  324
  88  332
  38  301
  58  287
 133  298
   3  302
 102  407
  60  409
  86  373
 225  373
 113  436
 239  355
 130  431
 140  480
   7  401
 156  340
 127  340
 127  433
 190  462
 112  429
 164  429
  16  291
 227  292
  93  415
  93  377
 166  444
  70  489
   6  364
  83  289
 133  396
