 147  153    1500
 121  269
 126  235
  16  245
 145  270
  64  249
 131  238
  30  262
  55  239
 108  218
  26  188
  62  265
  34  214
  73  177
  82  224
   6  163
  51  259
 114  283
  96  192
  88  200
  92  247
 128  213
 140  271
  93  283
  83  292
 140  161
  22  219
  78  253
  63  297
 110  222
  43  297
  66  212
 145  260
  20  179
  13  287
  99  162
   2  211
   2  183
  14  168
 102  236
  54  218
  56  191
  13  267
 111  296
 127  171
  26  265
 108  250
  55  175
 102  192
  91  185
  30  265
  10  199
 103  271
 123  271
  81  259
 104  221
 139  231
 112  261
  67  251
  65  227
   1  291
 144  280
   9  251
 141  231
  86  289
  62  233
  34  242
 105  163
  17  220
  22  265
  17  173
 142  167
  86  242
 107  157
 129  214
 103  225
 146  272
  59  224
   7  293
  27  249
 147  260
 135  201
 138  154
  47  292
  39  174
 110  178
 140  230
  85  190
 142  287
  41  199
 144  172
 117  223
  21  260
  28  171
  30  181
  38  262
  20  200
  66  160
  36  200
  63  197
   8  276
  42  152
  87  212
  15  276
   7  197
 122  191
  88  261
 139  220
  35  196
  80  189
 113  162
  92  197
  42  187
  77  152
  61  223
  37  216
 145  248
 130  148
  24  194
 142  280
 114  295
  56  288
 136  266
 135  214
 115  259
  11  233
  33  202
  44  176
 108  278
 135  192
  39  172
  29  272
 111  194
 126  155
 116  235
 134  265
 101  277
  14  248
 138  262
 121  261
  85  212
  17  277
 113  270
  16  290
  74  191
 102  196
   4  191
  32  292
 104  180
  98  234
  47  267
 116  167
  82  285
  15  269
  43  167
 132  191
  57  177
 112  190
  46  203
 102  213
 133  191
  97  189
 101  186
 112  231
 120  257
 139  254
  63  237
  48  150
  34  191
  26  286
 115  270
 118  236
 126  153
 119  151
 105  186
 128  250
 101  184
 127  235
  50  211
 125  246
  32  246
  75  150
  97  193
  65  189
 106  196
 146  198
  94  208
  30  182
 121  193
  73  189
  77  201
 129  233
  27  285
  49  298
  69  257
 146  150
 118  151
 147  200
  60  191
 145  201
 106  293
  61  224
  47  169
  79  289
  63  213
 145  235
  49  164
 139  248
  20  264
  97  195
  49  278
 139  167
  96  250
 113  157
  21  248
  74  184
  57  175
  73  170
  24  173
  94  224
 136  159
   3  248
  34  233
   9  274
  45  177
  17  245
 136  188
  52  184
  57  190
 106  168
  69  171
 113  278
  97  239
  95  225
   6  213
  34  190
 117  298
  37  205
  75  213
 103  155
   1  298
  95  156
  15  286
  10  298
 120  207
 117  221
  60  188
  55  187
  76  225
 104  159
  68  253
  42  281
  49  245
  84  271
 118  218
  91  266
  47  198
 101  290
 116  156
  92  192
  39  260
  95  178
 118  267
  29  207
  50  186
  52  158
 122  179
  82  160
  97  215
 128  264
  11  246
  58  156
  65  268
 123  205
  74  213
  35  292
 103  166
  31  191
  31  217
 107  231
  52  261
  39  277
  67  228
 100  186
 108  296
 117  276
 104  289
 113  177
  89  169
 100  224
  77  248
  47  172
  13  281
 136  182
 125  177
  14  286
  23  250
 124  240
  39  198
 141  158
 117  209
  61  284
  22  164
 132  214
  15  252
  49  281
 119  254
 106  256
   5  245
 142  267
  63  226
  94  282
 141  214
  61  148
 102  202
  43  159
  86  170
 106  292
  43  197
  54  216
 141  204
  96  273
  87  221
  80  201
  28  183
   9  256
  31  255
 109  261
  45  277
 100  157
 108  212
  97  199
  26  168
 103  160
 122  164
 140  204
  37  233
  61  277
  55  150
  15  267
  76  211
  90  258
  11  149
  28  255
 136  236
 113  170
  21  191
  96  211
   7  218
 140  171
  42  291
  91  169
  12  211
  26  159
  12  187
  21  214
   3  273
  17  232
  23  293
  80  149
  42  188
 141  246
 119  205
 129  206
   6  221
  14  268
  52  181
  26  198
  60  268
  35  209
  15  293
  82  261
  29  158
  87  196
  92  177
  63  268
  93  181
 104  294
  40  218
 136  212
 111  214
   9  243
 137  165
 122  167
  78  166
  89  252
 137  170
 107  169
 143  284
 133  277
 122  235
  14  287
  73  167
  55  263
 120  258
  60  153
 116  171
  25  242
 146  223
 140  233
  15  265
  53  268
  78  235
 126  192
  91  285
 105  213
 127  239
 127  210
 133  158
 110  276
  59  185
 141  169
 111  164
 118  176
 132  195
  16  238
 137  185
  90  281
 126  289
  55  228
 116  180
  48  225
   5  193
 101  221
 124  298
  89  275
  59  208
 107  180
  44  212
  72  180
  23  270
 111  190
   4  299
  40  230
  50  168
  32  166
 121  205
  71  295
   8  160
   7  207
 141  259
  64  218
  13  266
 129  205
  23  176
 137  207
   2  297
  55  234
  20  187
  19  163
  61  278
  85  296
  24  253
 143  174
  91  270
   6  267
  19  152
   3  277
  49  190
  13  228
 135  153
  47  249
  81  181
  85  256
  51  235
 131  266
  50  191
 123  202
 108  207
  99  276
  47  176
  46  265
 104  295
 116  213
 121  170
  76  221
 116  151
   8  185
  73  198
  67  231
 123  210
  86  152
  91  217
  13  165
 113  181
  56  200
 136  272
 100  167
  59  156
  50  288
  17  202
 147  172
  63  291
 118  197
 107  165
  60  238
 120  176
  97  266
  41  278
 114  289
  21  163
 107  297
  61  246
 114  227
  60  175
 102  183
  35  191
  69  214
  23  157
  65  236
  76  260
  36  260
  19  211
   7  266
  80  253
  19  179
  68  185
 118  240
 121  185
 113  218
 109  193
  33  259
 100  152
  59  296
 103  255
  86  279
   5  219
  29  280
  53  188
  43  236
  46  237
  54  187
  29  168
  62  277
  41  179
   8  264
  40  192
  26  202
 108  263
  89  171
  30  177
 147  205
   8  208
  59  202
   6  251
 136  259
  89  240
 122  298
 137  182
  39  285
 120  182
  90  184
  64  239
   5  160
 143  279
  96  151
  86  208
  31  181
 147  245
 100  293
  53  247
  29  287
   1  263
  13  238
  89  173
  55  274
  15  194
  47  220
  74  223
  60  266
  36  262
  48  202
 127  251
  11  178
  50  291
  80  216
 135  258
 115  273
  23  245
  18  250
  49  218
   8  249
  77  237
 140  289
  60  228
  39  265
  51  227
  92  248
  63  195
  43  182
  98  299
   2  212
 134  169
  20  171
 142  172
  70  284
 114  206
  44  184
  46  295
   4  272
 145  239
  15  289
  88  197
 122  218
 145  275
  47  218
  31  156
   2  210
  47  242
  27  193
  20  226
 108  194
  77  274
  11  170
 137  286
  83  249
  39  170
  95  153
 137  284
  62  182
  13  277
  19  193
  44  174
  99  275
  19  210
  20  208
  35  262
  94  169
  10  294
  94  161
  21  234
  66  276
 113  201
  97  295
 113  188
  10  261
  66  229
  93  267
  82  259
  41  208
  71  215
 138  180
  55  240
 125  261
  63  217
  66  174
 142  176
  31  295
 104  248
  38  179
 104  212
 120  223
   4  167
  83  284
 133  225
  59  249
  45  210
  36  181
 147  288
 131  194
 147  210
  79  263
  95  256
 103  183
  84  153
 114  185
  80  166
 133  159
  29  231
  89  193
  59  225
  91  296
 115  267
   7  188
  14  191
  13  194
 135  259
  99  219
  22  227
  52  255
 124  156
  53  288
 131  149
 106  237
  70  235
 134  150
 109  204
  13  245
  34  271
 138  231
  36  196
 123  168
 110  232
  57  245
  27  205
  67  278
 104  186
  18  255
  42  151
  70  289
  24  285
  80  224
  33  299
 140  179
   7  192
  57  208
  46  286
 141  268
  14  298
  35  251
 125  156
  81  183
  86  284
 109  242
  44  273
 134  235
  60  220
   7  225
   7  170
  34  177
 121  151
  25  222
  20  193
  33  245
  79  233
   6  168
  23  228
  83  246
  42  283
 147  267
  73  155
  15  295
 105  169
  49  283
  92  190
 138  234
  35  169
  70  202
  14  212
  51  199
  32  198
  34  295
 111  186
  50  155
 125  216
  20  213
  43  273
  40  162
  48  269
 127  207
 136  255
  22  286
 133  280
   5  291
 105  183
 112  197
  33  225
 147  231
  63  262
  69  285
  57  185
  87  158
  39  266
  70  155
  25  262
 141  166
  58  287
  13  222
 127  157
 113  200
  69  151
  60  271
   7  277
  40  294
  58  242
 128  270
  10  242
  56  244
  59  295
 119  255
 126  179
  79  212
  11  177
   8  159
  23  247
 118  239
  15  165
   2  169
 130  286
  70  221
 145  159
  96  298
  74  181
  79  232
  27  296
  42  221
 139  256
 145  198
  33  182
  44  173
  95  300
  67  294
  95  220
 113  249
  19  192
 107  273
  81  270
  69  202
 130  199
  15  214
  38  298
  53  178
   1  244
  29  295
   1  196
 146  231
  15  297
   3  222
  26  287
 142  234
  74  155
  95  268
  73  291
  90  273
   8  168
  46  298
 132  284
  32  183
  76  214
  82  192
  52  172
  60  275
  94  293
 130  297
  52  205
  97  192
  36  220
  71  216
  82  251
  46  157
  66  245
  41  165
  75  192
 105  293
  98  263
   3  231
  23  236
   3  160
  92  296
 100  188
  43  206
  50  150
 145  225
 142  217
 122  293
   5  185
  86  191
  14  154
 113  203
  44  232
  24  290
 147  237
 136  192
 130  153
  67  290
 127  277
  74  229
  66  286
   2  151
  13  212
 145  194
  24  219
  56  234
 131  246
  88  277
  64  250
 117  258
  13  217
 147  216
  61  292
  14  203
  51  164
  96  289
  32  236
  40  208
 109  254
  47  192
 132  273
 137  159
  20  295
  31  265
  19  164
  11  208
  74  158
 139  238
 127  230
  12  171
 101  192
  81  241
  26  248
 110  228
  28  238
 137  280
   9  196
   2  247
  23  201
  97  196
 128  262
  24  247
 123  231
  26  244
  95  241
  10  269
  83  149
 138  166
  88  250
  15  250
  20  152
  19  151
 125  289
  52  165
  86  205
  17  276
   8  247
  26  268
 101  202
   9  280
 102  221
 110  292
  69  282
  91  174
 102  284
 144  149
 117  153
   8  258
 135  167
 125  161
  57  247
   2  249
  53  292
 131  163
  30  222
  82  275
  67  280
  45  199
 111  292
 133  166
  27  165
  55  169
  71  169
  57  213
  22  262
  33  149
  59  291
 112  238
 120  241
  85  165
  88  288
 108  216
  29  264
  35  174
 128  286
   3  247
  35  195
  35  271
  46  248
 102  163
 102  281
  20  172
  96  169
 122  233
 129  252
  73  190
 130  158
  45  180
 142  294
   9  273
  24  234
 105  202
  95  213
 124  279
  19  189
  90  164
 120  300
  40  236
  11  190
  10  191
  71  248
  79  259
   7  269
 123  188
 121  299
 122  291
  75  198
  11  226
  82  189
  17  255
 110  227
  78  206
  38  183
  98  196
 105  238
 109  203
  40  251
  13  195
  48  154
  12  264
  48  251
   9  291
  66  270
 116  263
  66  237
 141  235
  27  204
  24  257
  33  219
 109  151
 116  300
  98  300
  75  194
 129  175
  81  245
  78  234
  87  201
  69  227
   7  272
   3  261
  79  264
  83  207
  23  264
   8  282
  63  154
 147  299
  30  261
   4  273
  78  178
  91  259
 142  197
  65  272
  53  229
  70  169
 140  170
 100  273
 105  181
  51  285
  70  277
  95  199
  31  186
  38  278
  13  225
  67  226
  23  299
  86  203
  93  170
   4  168
  26  227
 128  258
   1  270
  85  295
 105  274
  12  282
 101  300
 134  283
 103  154
  26  243
  92  199
  19  248
  53  264
 102  290
  42  176
  82  167
  75  264
  42  186
  81  211
  46  291
  40  228
 138  205
 108  182
  77  295
 109  265
  68  252
 127  149
  81  283
   5  154
  56  192
  13  200
 122  215
  11  148
  98  244
  92  169
  93  240
 143  273
  49  230
 133  241
  34  239
  80  300
  77  280
 115  184
 120  194
  22  210
 144  169
  12  235
 124  189
  85  153
 123  208
  67  148
  55  260
  89  223
 135  270
  61  159
  41  169
  12  177
  96  164
  41  287
  91  216
  22  269
  89  175
 139  197
 133  168
 118  201
  78  265
  75  163
  63  189
  90  249
  29  211
 108  253
  38  229
  82  161
  92  195
  55  203
  55  262
  66  183
  53  198
  55  222
  99  152
  49  269
 115  161
  45  271
  53  200
 141  298
 127  151
 126  294
  70  192
 122  154
 141  163
 114  201
 112  183
  60  215
 146  226
 124  255
 116  191
  80  244
 115  284
 104  196
 115  202
  33  273
  51  258
  27  168
 106  170
   8  161
 142  222
  76  227
 144  242
  90  152
  42  264
  47  193
  40  181
 115  194
  47  154
  61  166
  81  246
 100  189
  71  184
  64  164
  83  239
 108  197
 138  277
  46  266
  40  160
 106  294
 137  300
 122  166
 123  243
  80  155
  89  206
  55  224
 110  194
 128  206
  64  232
  53  272
  78  169
  37  250
  90  242
 118  167
  89  181
 113  173
   8  211
  52  188
  34  263
 132  291
  95  196
  10  159
  25  263
  16  263
  16  158
  81  263
  56  158
  56  220
  72  158
  72  174
  72  189
  87  189
  87  149
   6  149
 122  149
  81  232
   5  232
 136  232
 136  251
 102  251
 102  261
 102  279
  66  279
  66  167
  66  190
  96  190
  96  293
  96  183
  66  277
  66  244
 131  167
  96  155
  56  160
  15  160
 135  293
 135  156
  12  156
 135  203
 102  157
  28  157
  28  283
  28  249
  28  258
  22  258
  28  235
   8  235
  28  246
  37  246
  46  235
  46  191
   3  191
   3  153
  43  153
  43  202
  75  235
  82  235
  82  177
  14  177
  46  275
  26  275
  26  200
  82  180
  64  180
  64  226
 132  226
  64  165
 132  151
  38  151
  53  157
  53  256
  72  265
  27  265
  27  229
  27  221
  62  221
  90  229
  27  236
 138  236
  80  236
  80  192
 138  204
 125  236
 104  236
 104  237
  67  236
  30  237
  30  148
 104  164
  86  164
  86  270
  17  192
  17  274
 112  274
  62  227
 128  227
 128  243
 106  243
 106  159
 101  159
  74  243
   3  254
  77  254
  77  276
  20  276
  20  225
  98  254
  98  223
 127  223
 127  224
 105  224
 105  215
 139  215
 127  182
  35  215
  35  290
  77  193
  65  215
  92  224
  92  208
  70  208
  70  281
  78  281
 115  281
  87  186
  49  186
  49  247
  68  247
  85  151
  85  216
  59  216
  59  162
 146  216
 146  218
   2  218
   2  269
  51  162
  59  233
  59  299
   1  299
 135  297
  40  237
  40  199
  40  282
  36  199
  89  244
  89  198
  89  212
  13  198
  13  188
  13  278
  10  278
  91  212
  91  201
  91  194
  11  194
  11  172
  84  172
  71  194
  91  231
  10  175
  10  240
  48  188
  89  271
  55  188
  55  196
  63  194
  63  273
  72  209
  99  209
  99  280
  24  276
  58  158
  55  205
  45  205
  45  262
  79  274
  57  165
  57  179
 134  179
   4  283
   4  257
   4  264
  93  247
  41  209
 137  271
 122  152
 142  299
 142  187
 142  166
 142  268
 104  230
  29  230
  29  239
  66  238
  75  255
 114  255
 113  255
 114  272
  34  274
  34  161
  19  162
  76  280
 132  241
  44  153
  72  178
  32  178
 109  177
 126  209
 126  250
 141  247
 141  150
  88  274
  48  266
  39  258
  26  169
 130  169
 137  295
 123  295
 123  197
 103  197
   4  154
  60  154
  60  222
 140  250
 129  243
 129  245
 129  168
  18  245
  33  194
  65  248
  73  248
  17  284
  91  184
  68  171
 119  171
 119  292
  43  234
  97  191
  56  213
 108  226
 147  175
  85  253
 111  253
  12  242
 117  268
 117  288
 117  217
 144  288
  94  251
  47  156
 106  185
  61  179
 133  152
  90  287
  95  287
  95  286
  50  269
 146  294
  69  292
  40  252
  32  267
  20  296
  45  260
 116  194
  58  259
 100  290
  66  219
 135  291
  42  276
  43  289
 110  289
 121  249
   6  206
 108  210
  97  228
 107  254
  35  285
 110  298
 118  298
 118  173
  31  236
  31  163
  62  214
 143  214
 124  149
  52  185
 145  164
  54  225
  21  154
  76  176
  45  170
  93  207
  84  211
  42  300
 120  168
 137  181
   7  234
  23  169
   9  218
 104  195
  83  211
