 244  256    2500
 161  301
  12  461
 210  255
 152  419
  16  371
 186  363
 212  444
  33  408
 183  493
 218  388
 172  428
 153  296
 145  498
 191  314
  85  354
 180  496
 214  404
 234  447
 176  409
 133  481
 146  425
  51  454
  24  327
 150  423
 240  425
  97  285
  55  276
 222  401
  91  332
 215  402
 212  443
  69  405
  33  430
 209  297
 120  430
  56  351
  47  370
 105  256
  88  307
  51  393
 200  315
 181  453
   7  316
  55  358
 150  464
 114  484
 112  486
  85  375
 236  476
 229  425
  93  357
  55  388
  19  387
 109  390
  85  370
 176  452
 138  452
 148  355
  42  369
 229  362
  95  439
 218  256
  48  359
  60  337
 106  334
 125  390
   6  261
  53  435
 151  480
  87  418
 124  490
  85  270
   6  315
 225  285
 227  322
  14  342
 185  347
 214  456
 105  317
  21  335
 160  433
 159  404
 226  478
 139  331
 143  419
  39  281
 105  410
  56  307
  82  360
  29  438
 150  362
 156  361
 166  363
 152  425
 201  281
  93  397
 122  469
 121  484
  87  308
 163  276
  94  322
  44  429
 242  249
  51  457
  80  371
 227  297
 128  364
  73  255
 243  474
 132  485
 231  403
  98  458
  89  308
  18  434
 169  375
 132  264
  96  252
  45  355
 113  351
 133  408
 100  435
 123  419
   9  390
   7  296
 213  286
  57  346
 220  281
   3  437
  51  338
 106  344
  85  419
   9  395
  71  437
 156  279
 115  298
  63  362
  52  357
 185  426
 119  467
 147  435
 182  480
  60  290
 149  449
 166  451
  43  308
  75  444
 132  280
 149  352
   3  368
  70  335
 161  349
 135  394
  49  448
  20  315
 111  380
 197  452
 231  330
 240  356
  85  464
  41  488
 219  368
 132  314
  62  369
 212  302
  81  274
 233  393
  19  381
 190  310
 175  466
  96  440
  46  326
 143  353
 186  486
 210  310
  10  469
 181  448
  25  478
 105  423
 161  443
  79  415
 176  274
  37  388
  63  481
  75  306
  55  343
  55  381
 184  457
  87  349
  11  302
 138  453
 165  426
  15  312
 141  481
 192  464
 149  329
 102  422
  74  479
 236  326
  88  419
 134  405
 243  443
 140  265
  29  298
 195  476
  59  479
 203  358
 136  403
  91  345
  95  295
  63  261
   8  405
  67  300
 150  278
 240  478
 121  418
  13  382
 241  380
  51  259
 208  463
  64  494
 192  297
 240  296
 158  466
  64  338
 159  427
 139  335
  77  261
 114  487
 123  446
  90  385
 237  404
 176  329
  86  300
  18  384
 158  413
 158  269
  86  332
 207  280
  85  401
  73  444
 187  324
 197  487
  48  306
 126  409
 188  257
  18  249
 159  294
 108  297
  50  369
  67  446
 133  380
 139  327
  13  318
 226  376
  70  431
 223  285
  49  312
 209  334
  31  414
  65  300
  64  307
  52  261
  89  277
 243  417
  41  254
 206  493
  62  250
 132  397
  84  316
 223  473
 119  325
  62  304
 164  347
 139  293
  55  359
 119  406
 199  251
  69  485
  79  357
  37  318
  29  334
 142  257
 125  466
 100  373
 192  277
 104  498
  44  387
  81  255
  77  424
 214  348
  24  412
 105  459
 233  308
 242  361
 149  400
   7  452
  82  296
 100  395
 109  260
  90  414
 131  436
 212  422
 214  453
 144  303
 210  354
  12  312
 238  251
   8  393
 109  452
  91  422
 181  488
  31  399
 196  460
  55  490
 159  256
  95  349
  11  481
  24  408
 159  447
  32  433
 236  387
 129  294
 205  460
 197  340
 105  284
  89  480
 187  290
 217  348
  42  451
 136  348
 156  431
  67  421
 196  314
  44  496
 158  479
 213  449
 151  340
 186  292
  55  298
 228  251
 190  495
 223  264
  48  449
 216  262
 206  434
 190  320
 107  245
  94  320
  40  338
 157  257
 162  463
  75  405
  46  389
 230  250
  58  340
 236  340
  82  492
  17  465
  77  322
 145  365
 185  298
 157  278
 106  415
  68  357
 198  271
 133  261
 144  396
 227  291
 228  391
  64  416
 111  267
 180  314
  33  417
 181  404
  16  389
 186  455
  54  265
  12  281
 210  248
   4  261
  81  329
 235  458
 159  410
  56  309
  31  482
  81  261
 214  434
 193  325
  14  368
  94  402
 236  349
 141  288
 111  453
 230  309
  10  488
  55  331
 224  275
  56  417
  88  454
 115  384
 235  312
  71  357
 111  339
 215  491
 182  397
 231  312
 227  279
 126  465
  76  454
 244  334
  90  351
  52  274
  63  499
 231  470
 202  398
   4  430
  58  475
 217  449
  95  410
 131  476
 177  420
 212  393
 149  327
  95  380
  91  377
 177  371
  11  349
 152  327
 219  490
 240  376
  53  410
 236  271
  88  271
 104  298
 202  308
 239  478
 120  286
  67  256
 117  396
 140  384
  70  283
  84  355
 185  496
  24  360
 243  435
 170  395
  69  332
 138  411
  61  488
 139  304
   9  275
   2  283
  53  360
 225  406
  42  268
  50  272
 146  296
 164  309
  53  340
 115  457
 103  483
 115  448
 148  336
 218  277
 196  322
 146  318
 223  434
 235  460
 153  451
  98  292
  66  398
 170  402
 204  473
 214  254
 233  361
  52  359
   2  454
   6  467
 151  462
  73  246
 215  387
 196  267
  86  363
  67  340
  63  300
  15  364
 228  343
 220  286
  30  254
  22  418
 243  397
 139  274
  10  396
 144  481
 205  383
  42  255
   9  250
  77  254
 178  386
  91  297
 122  432
 162  487
 198  463
 107  342
  47  314
 115  468
 187  491
  28  478
 124  274
  95  291
 217  315
 150  264
 210  464
 225  298
 131  468
 241  426
 165  482
  61  340
  84  479
  39  495
 232  361
  82  414
 124  310
 176  263
  59  369
 214  474
  87  335
  80  294
 176  490
   5  472
 239  384
  53  454
 168  283
 183  477
 159  394
  41  417
 146  250
 122  317
  66  442
  34  335
  65  301
 123  274
  16  398
 197  337
 193  247
 151  494
  61  451
 242  492
 182  298
 100  462
 214  465
 220  477
  96  293
 216  426
 213  448
  68  251
 236  275
  23  424
  27  356
  69  339
 202  297
  87  436
  50  335
   6  445
 227  420
 237  369
  23  457
 170  343
  73  385
 188  322
  94  317
  88  432
  26  384
 106  427
  61  316
 153  485
 220  305
 203  471
 173  415
 116  349
 237  283
 196  365
  43  361
  37  337
  55  487
  20  267
 133  417
  21  473
  30  348
 220  490
 242  308
  45  294
  86  406
 108  302
 147  307
 182  307
 113  279
 242  471
 103  332
 122  277
 115  392
 176  316
  56  289
 164  255
 222  416
  39  433
 205  475
  42  430
  83  483
  49  403
 134  359
  26  351
  24  444
  78  268
  28  297
 154  457
 132  272
 103  330
 130  460
  36  285
 237  443
  36  354
 207  491
 172  363
 234  454
 185  442
 124  356
  42  365
 121  351
  38  317
  68  349
 189  305
 181  341
  48  371
 147  454
 206  288
 175  467
 233  386
  68  490
  20  440
 151  458
  68  434
 213  333
  79  306
  35  393
  79  408
 125  439
 204  427
 134  394
 235  338
 111  256
 243  451
 138  429
 127  320
 194  383
 229  346
  59  393
 192  365
 162  421
 170  367
  30  320
 171  411
  44  443
 220  324
 182  258
  64  349
 110  305
 244  295
  62  424
 132  443
 229  321
  82  475
 190  467
 217  457
 212  269
 113  460
 206  417
 232  300
  25  433
 244  290
 200  387
 127  444
  56  277
 214  349
 133  246
 129  282
  20  306
  90  452
 167  484
  92  494
  94  456
  75  458
 114  467
 186  496
 228  291
  58  489
   7  466
  10  319
 121  299
  19  442
  88  370
  27  442
 219  486
  19  302
 148  286
 145  499
 157  392
 223  312
   9  371
  44  418
  63  431
  52  355
 117  251
 118  349
  91  459
  39  337
 188  448
 150  348
  42  338
 162  304
 233  357
   3  343
 160  350
  29  312
  92  367
 232  302
 131  423
 218  250
  89  289
 206  297
 218  477
 135  281
 237  343
 129  338
 123  396
  60  422
 215  487
  20  297
  41  471
  66  393
 121  459
 217  270
  68  378
  92  264
  68  487
 209  348
  21  366
 101  490
   5  247
 184  330
 175  338
  98  309
 200  384
   8  473
 241  365
 195  407
  86  402
  74  490
  82  466
  44  450
   5  364
  45  357
 149  467
  27  396
 224  496
 242  382
 165  481
  31  287
 234  256
 210  288
   3  334
 238  404
 117  252
 231  467
 148  483
 230  422
 218  454
 186  353
 220  270
 116  415
 199  300
 234  338
 210  311
 220  385
  76  357
 134  406
 106  449
 100  305
  91  268
 102  431
  75  370
 171  385
 173  315
  16  489
 208  454
  46  391
 125  264
  23  498
 173  491
 211  344
 146  426
  27  392
  67  260
 101  491
 136  486
 123  273
  43  345
 119  471
 111  411
 210  484
 180  400
 149  341
  13  489
  95  297
 134  450
 132  347
 231  273
 224  488
 182  378
 151  278
  35  293
  83  475
  13  368
 173  373
 110  459
  27  286
 158  398
   8  258
  74  482
   3  452
 165  460
 190  464
 205  437
 104  456
 145  476
  85  307
 178  250
 166  345
 154  375
 135  268
  45  316
  22  413
  14  455
  67  470
 177  383
 229  348
  32  262
 216  389
 118  379
   8  274
 126  491
  60  362
 134  379
  70  347
 219  463
   4  483
  44  426
  95  304
 203  454
 143  446
 159  287
  44  472
 197  265
  85  324
 170  308
 141  296
 111  395
 151  430
 127  298
 203  371
 118  463
  75  449
 201  408
 127  361
 209  333
 153  356
  18  479
 243  308
 197  295
  26  382
 121  430
  19  444
 214  415
 187  364
 211  353
 240  291
   1  360
 140  458
 115  388
 243  395
  93  423
  29  400
 122  329
 147  482
 146  323
 109  471
 169  461
  71  291
 146  294
 167  465
 138  450
 136  396
  80  279
 234  484
 170  319
 140  492
 191  465
 163  352
  92  394
  70  362
 187  332
 188  346
 165  423
 183  486
 243  273
  93  281
 238  253
   5  409
 157  464
 223  356
 198  459
   2  405
 221  390
  73  427
 121  247
 104  420
 136  270
  66  429
  14  285
  84  470
  41  386
 179  353
  54  402
  63  343
 226  314
   3  267
  10  399
 162  257
 235  281
 125  402
   7  331
  10  355
   5  249
  21  411
 179  398
 116  393
 102  337
  82  344
  47  261
 217  301
 219  355
  38  259
 186  277
 202  359
 188  479
  57  271
 192  401
 240  309
 136  288
 201  497
 223  426
  62  254
 149  313
 110  455
 135  482
  31  363
 126  294
 234  466
  74  329
  95  448
  43  481
  72  481
  94  338
 228  295
 179  309
  23  332
 140  364
 174  288
  51  371
 190  490
  82  269
 134  421
 209  264
 110  259
  84  387
  94  365
 221  365
   5  274
 180  393
 220  332
 159  337
 202  406
 237  431
  25  310
 150  500
  77  473
 231  289
 150  313
 164  337
  55  355
 196  355
 112  301
 225  383
   2  248
 134  476
 215  284
  16  453
 171  414
  94  267
 224  416
 168  410
  56  308
 187  379
  72  401
   3  347
 231  461
 100  423
 162  375
 121  330
  77  387
 140  315
 179  420
 146  405
  99  394
  15  384
 193  341
  72  463
 163  370
  45  417
 100  341
  23  372
 142  276
 139  351
 105  411
 139  487
 229  328
 161  463
 237  410
  50  346
 195  312
 177  411
 112  327
  61  394
  63  306
 126  382
 201  395
 126  377
 131  381
  64  298
  26  281
 122  359
 127  321
 198  355
 181  366
 232  267
 161  338
 205  464
 143  279
  85  475
  34  494
 232  463
 169  414
 152  362
 100  304
 155  262
 186  310
 156  264
 123  475
 100  311
 138  308
  76  482
  35  468
 237  381
 194  249
 175  500
   9  415
  94  335
  37  379
 239  439
 103  400
 232  458
 146  278
  17  277
  24  445
 154  425
 187  402
 169  384
  58  391
 110  285
 112  266
  29  439
  64  269
 190  261
 159  474
 112  319
 217  285
  47  331
 186  409
 168  257
 212  311
 205  386
 157  350
 191  425
 236  500
 109  279
 220  248
 136  312
 112  313
 154  465
 163  260
  72  300
 184  353
  62  359
 143  335
  79  426
 223  269
  38  294
 241  363
 124  411
  38  462
 157  279
 160  393
  20  291
 140  311
 218  274
 182  256
 132  435
  59  450
 196  492
  98  478
  30  300
 119  391
 141  471
 213  447
  88  313
  15  463
 161  414
 190  384
 217  250
 244  279
  47  272
 244  304
 213  319
 201  466
  88  449
 217  283
  45  465
  62  293
 130  306
  32  296
  57  497
 230  368
 101  267
 167  291
 192  392
 208  402
  67  325
 182  265
 201  435
 161  270
  25  308
  54  333
 113  350
  98  496
 140  394
   2  257
 208  494
 118  428
 230  262
 232  286
  57  315
 144  268
 187  382
 175  483
 129  346
  71  497
 143  253
  16  362
  73  339
 194  411
 151  466
 111  361
 242  343
 167  303
 221  317
  54  257
  19  432
 140  375
  66  350
   2  388
 205  403
 202  437
 221  273
 149  468
  37  249
  85  317
 116  344
 130  393
  35  344
  69  254
   6  402
 228  380
  42  289
 124  394
 139  322
 197  359
  84  383
  33  436
 204  371
  86  367
  43  421
 148  429
 117  360
 167  338
  21  442
 193  489
  44  271
 135  299
 135  316
 182  443
 136  261
 111  416
 236  490
   5  380
 161  250
 174  271
 122  433
  25  453
 185  301
  69  263
 156  281
 153  467
 198  363
 211  411
 127  430
  87  337
  88  250
 106  369
  49  333
 162  363
 236  305
  11  388
  97  420
 183  478
 225  433
 192  431
 235  379
  31  446
 232  410
 134  489
  44  261
  47  298
 163  252
 161  375
 169  308
  55  356
  37  297
 175  422
  52  270
 101  425
 110  339
 105  283
  13  371
  92  331
 122  346
  87  432
 190  341
  56  421
 192  373
 180  399
 209  342
  39  334
 132  318
 240  345
  22  276
  64  381
  18  478
 210  439
  84  395
  61  281
 235  476
 199  475
  64  420
 145  423
  31  447
 179  296
 102  429
  89  418
 187  322
 244  432
 157  387
  70  472
  24  305
  35  353
 225  452
 119  288
 131  277
 232  266
 186  361
   7  432
   4  409
 191  398
 198  479
 187  420
  40  325
  46  494
 213  360
  36  309
  39  306
 112  453
  59  293
 127  366
 225  411
 110  314
 151  475
 157  353
 163  281
  68  329
 124  424
 143  356
  75  333
 177  274
 102  425
  31  412
  84  323
  27  418
 121  326
  14  425
   2  375
  30  269
  51  419
 237  442
  30  356
  25  437
 145  368
   7  485
 122  497
  97  361
  82  313
 122  275
 153  248
  40  451
  80  372
 158  356
  76  299
 146  259
 206  320
 145  363
  90  377
 216  461
  58  309
 184  256
 155  468
   6  257
 167  254
  62  344
 168  292
  26  395
 218  487
  92  259
  42  383
 119  396
  83  450
 192  445
  61  450
 127  481
 189  341
  55  454
 131  300
  95  426
  94  454
 104  398
 100  388
 137  263
  50  472
  58  379
 105  446
 164  394
 204  499
  72  479
 123  352
  17  477
  51  443
  10  365
 200  318
 178  486
 199  472
  91  265
 199  433
 152  269
 177  357
 156  438
 137  333
  74  384
 202  490
 188  251
 176  359
 195  429
 163  425
 222  308
  10  306
 127  384
  40  337
 159  434
 233  372
 196  281
 202  339
  91  420
 124  308
 213  421
 168  340
  63  436
 244  428
  88  429
 207  488
 198  377
 156  391
   9  481
 186  344
   8  437
  38  477
  57  333
 215  436
 115  432
 143  462
  79  431
 151  351
   2  482
  28  487
  68  345
  69  312
 209  395
 142  423
 244  359
  25  484
  57  256
 181  487
 199  391
  68  310
 236  247
  68  359
 115  455
 154  456
  98  337
  92  297
 124  437
 138  322
  98  289
  29  377
  16  419
  55  451
 110  419
 128  475
 224  338
 243  356
 201  387
 109  481
 219  476
 240  432
 192  404
   4  262
 139  318
 204  497
  90  490
  20  429
 102  467
 157  448
 221  403
  93  356
  61  247
 129  461
 157  345
 146  494
 221  309
 113  419
  27  446
 119  478
 191  432
 133  373
 243  276
  91  397
   7  448
   9  341
 147  312
  19  334
 137  344
  48  461
 171  422
  52  433
 100  332
 216  278
 185  368
 166  267
 231  491
  15  263
 150  360
 182  364
  20  443
 175  425
 233  348
  97  298
 154  304
 200  326
  29  462
 191  486
 129  308
 198  407
 110  364
 204  262
 187  429
 100  473
 235  389
  56  385
  45  412
 123  403
  30  323
 192  471
 183  250
  10  429
  57  335
  42  424
 175  496
  41  322
 168  266
 213  303
 117  439
 134  298
 142  430
   5  342
 177  423
 150  245
 216  401
 189  430
 103  318
 132  463
  66  438
 213  373
  22  384
  36  414
  31  424
  63  264
 216  316
 142  454
  45  411
 220  257
 194  387
 161  489
  70  462
 137  405
 113  270
 216  268
  95  260
  70  427
  67  373
 158  364
  62  465
 101  411
 126  362
 208  420
 203  292
   8  417
 182  330
 127  415
 129  396
 212  407
 244  277
 126  423
 158  458
 175  462
 166  326
 232  431
  39  266
 184  269
 133  487
 176  467
  19  319
  29  485
 134  271
  98  493
  18  324
  50  446
  64  341
  47  485
 201  486
 217  473
  48  336
 181  369
  91  471
 122  337
 130  302
 211  452
 205  317
 142  352
  70  306
  96  272
 175  344
  25  283
  33  276
 149  305
 166  477
 202  448
 165  367
 193  454
  82  487
 158  277
  56  471
 223  351
  20  248
 173  266
 206  327
 218  383
  33  475
  60  426
 137  278
 111  350
  61  500
  83  482
 170  403
 128  377
  59  451
 235  320
 173  360
  93  378
 163  318
  98  248
  47  405
  80  304
 226  490
  12  276
  43  500
 225  457
 177  269
 107  263
  44  318
 151  440
  57  252
  24  425
 175  430
  98  423
 201  459
  42  387
 210  433
  49  272
  20  283
  29  445
 189  375
 219  472
 238  276
 184  370
 104  445
  80  434
  50  325
 122  401
 111  291
  20  322
 238  326
 111  480
  18  490
  72  430
  10  482
  44  326
  21  443
 136  324
 172  274
 133  249
 239  357
 240  417
   4  355
 203  403
  48  415
 177  255
 145  493
 139  324
  48  279
  72  294
 203  387
 152  315
  35  448
   5  498
 211  425
 114  328
  37  428
 124  292
 207  319
 226  452
 215  457
 129  483
 184  365
  64  454
 186  485
  21  500
 218  450
  15  277
 143  367
  58  398
  65  393
  75  495
 128  471
  17  443
 101  481
  89  369
 229  440
  50  458
   2  290
 218  362
 198  426
 209  355
 202  349
 144  470
  23  407
 176  317
 114  421
  90  268
  33  369
 117  487
 192  454
 144  442
 183  287
  24  357
 165  254
 244  437
  82  458
  53  256
  18  268
 209  483
 148  494
 142  303
  96  394
 175  410
 231  443
  74  315
  74  484
  40  302
  46  333
 139  404
  67  262
  13  461
 187  267
  70  482
 209  246
 228  412
 238  450
  82  336
  21  370
 180  276
 183  385
  72  262
 168  342
 147  401
  97  349
 195  412
  38  423
  10  423
 145  400
 192  374
 117  291
 221  461
 206  357
 193  409
 164  246
  60  264
  85  386
   1  314
  46  414
  71  439
 199  307
 152  283
  43  432
 160  272
  23  459
 111  478
 196  350
  39  469
  83  479
  76  420
  41  325
 156  485
 154  270
   3  261
 184  246
  10  261
  55  374
 140  310
 164  437
 174  461
 151  429
 151  298
  87  440
  25  439
  52  297
  87  386
 187  294
   9  442
  21  250
  93  455
  69  256
  17  439
  78  387
 155  500
 116  269
 198  249
  47  333
 195  277
  28  419
 224  430
   5  488
 128  359
 127  419
  19  295
 104  401
 150  280
  55  450
  68  355
  26  428
 230  437
  49  318
 217  383
  55  320
 228  310
  69  323
 220  405
  33  423
  31  500
  20  334
 196  424
  34  298
 116  388
 191  423
 110  267
 199  373
  17  483
 201  444
  81  306
  32  434
  11  362
 151  299
  76  421
 230  252
  68  346
 143  500
 162  368
  82  424
  79  343
 214  479
  94  316
 155  452
  45  451
 173  355
  46  306
 104  487
 170  481
 127  439
  95  369
   1  290
  99  276
  76  338
 120  377
 154  318
  91  432
  41  252
 105  480
 181  429
  21  499
  46  489
   7  335
  73  419
 183  492
 177  266
 127  483
 148  442
 193  317
 154  273
  56  272
 183  349
 163  261
  94  372
 208  381
 153  497
 206  338
 243  362
 128  443
 151  446
 197  364
 217  459
  10  322
  97  370
   8  453
 120  338
  94  287
  71  339
 145  479
 211  357
 198  312
  33  473
  17  256
  51  388
   6  462
 199  454
  28  411
 239  420
  56  406
 221  498
 120  387
 177  448
  11  354
 205  357
 213  320
 110  350
 230  362
 127  449
  80  270
  14  355
  78  496
 110  460
 132  253
 116  334
 186  358
 239  404
  60  275
 202  376
 114  447
 115  373
 229  255
  38  454
  59  425
   3  467
 117  247
  43  420
  65  446
  48  301
  94  390
 161  272
 133  300
  81  307
  40  476
 193  447
  48  448
 142  281
 216  435
  22  337
 161  454
 123  395
 158  423
 169  426
  12  462
  81  273
 179  346
 203  319
 167  352
 205  468
 108  417
 101  392
  56  340
 116  338
 113  457
  24  406
  57  309
 159  464
 178  256
 172  442
 158  260
 156  338
 241  355
 205  255
 216  311
 104  480
  78  288
 234  332
  17  364
 143  296
 103  282
  34  310
 134  324
  72  437
 134  262
 146  304
 106  336
  35  417
 187  406
 226  381
 226  361
 175  290
  52  441
 119  430
 208  327
  67  494
 208  395
   1  379
 132  342
 102  458
 117  488
 210  290
  82  283
 213  427
 174  369
  29  256
  44  474
 155  261
 141  404
 239  403
 125  435
 236  449
 183  449
 183  428
  10  449
 187  449
  10  290
 202  428
 202  321
 202  264
  24  264
 177  264
 103  264
 103  425
 187  479
 187  387
  10  498
 173  498
 173  485
 196  485
  68  498
  68  452
  90  498
  90  435
 174  435
  70  435
  70  478
 103  406
 122  435
 122  458
 191  435
 191  325
 147  325
 118  325
  31  321
  31  256
  80  256
  31  377
  65  377
  90  272
 244  272
 244  462
 244  278
 103  385
  64  272
  64  497
 182  497
  64  405
  92  405
 116  497
 110  497
  92  354
 155  354
 149  354
 110  308
 238  308
 238  454
  49  454
  72  497
  72  394
  16  394
  16  273
 195  273
  16  407
 195  493
  88  493
 224  394
   6  273
   6  431
  13  431
   6  465
  55  465
  55  333
  28  465
  52  465
 148  431
 148  341
 227  341
 227  303
 209  341
 227  370
  88  322
  93  322
  93  329
 134  322
 134  391
  74  391
 231  391
 231  413
 203  413
 128  394
 128  378
  88  467
 180  467
 180  315
 105  315
 105  463
  89  463
  89  349
  89  342
 204  342
 204  360
  89  375
  40  375
 176  342
 176  292
  40  489
  51  489
  51  280
  51  382
 172  315
 229  407
 213  413
 244  448
  52  294
 156  294
  13  312
  78  312
  78  444
  95  444
 201  312
 201  347
 103  328
 149  334
  39  385
  39  367
  39  358
  63  358
  63  441
 101  441
  63  423
  63  293
 101  373
 101  257
 198  257
 198  486
 101  365
 198  314
  17  358
 179  314
 221  293
 221  469
 141  469
 141  477
 141  488
 198  268
  26  367
  26  306
 190  306
 190  279
 190  476
 217  279
 190  276
  77  279
  77  371
  59  371
  59  351
 142  373
 113  373
 113  398
 113  245
  43  469
  43  412
 137  412
 137  319
 205  319
 143  319
 137  420
 134  372
  58  372
  76  372
  20  245
  20  348
 159  348
 154  348
  65  275
 154  274
  80  352
 192  385
 192  397
 123  397
 123  361
 192  345
  58  316
  33  316
  33  246
 242  486
   9  272
   9  267
 199  267
   9  355
 199  263
 208  263
 208  474
 170  474
  73  263
  91  263
 208  484
 196  340
 175  340
 138  340
 175  324
  57  324
 235  324
  84  324
  84  305
 219  305
 219  438
  83  438
  83  461
 135  340
  39  350
 148  437
 148  376
 120  376
 129  479
 129  366
  22  366
  19  366
 129  248
  22  432
  19  457
 243  457
 243  487
  79  457
 115  312
 110  368
  66  263
  66  310
 241  310
 241  471
 123  430
 107  430
 132  469
 215  405
  39  490
  44  406
  44  266
 184  266
  44  409
 127  266
  44  446
  94  446
  94  261
 238  389
  68  309
 178  309
 178  460
 178  494
  61  460
  67  430
 169  489
 184  287
 197  287
 197  495
 212  495
 106  495
 212  364
  29  340
  29  464
  29  482
 220  372
  79  491
 139  449
 139  416
  21  491
 243  288
 223  460
 223  380
 207  380
 223  249
 108  249
 108  384
 207  429
 108  400
 207  291
  71  380
  71  386
  34  380
  34  332
  46  305
  46  313
  46  481
  56  273
 219  427
  69  427
 181  423
 181  396
 181  356
 102  356
 121  398
 121  253
 121  252
 172  295
 162  295
 162  403
  47  403
 162  401
  47  270
 116  300
 193  368
  99  372
  99  281
 124  281
  63  327
  51  353
 145  353
 145  388
  75  388
 145  357
 130  357
 216  448
   6  260
  40  421
 111  421
 111  442
 111  299
  18  299
  18  250
  30  442
  18  468
 168  468
 168  451
 210  451
 210  336
   1  336
  14  490
 157  449
 100  468
  45  463
  45  393
  54  329
  54  381
  54  255
 212  472
  15  472
  15  286
  15  247
 225  293
 225  343
 240  343
 240  317
 200  317
 225  395
 161  395
 161  283
 161  466
 164  495
  18  445
 191  473
  11  473
  35  385
  87  286
  87  433
 166  433
  87  323
 181  262
 160  262
  57  410
 214  400
  60  391
  60  318
 141  331
 171  331
 171  374
 171  424
 168  330
 189  272
  50  425
  50  339
 153  339
  73  320
  34  284
  98  284
 164  411
  64  277
 228  277
  47  254
 234  442
   4  407
 211  437
 211  337
 230  337
 230  338
   9  302
 114  302
 228  483
  96  343
  62  446
  62  500
  96  453
 171  496
  80  426
  25  458
  25  304
 163  319
 163  456
 233  456
 142  363
 188  363
 188  259
  27  259
  65  402
 117  402
 117  417
 206  402
 167  292
 167  475
 185  475
  41  475
 185  440
 119  412
  73  369
 133  294
  79  362
  95  455
  32  455
   5  423
 235  443
  12  252
  12  499
 140  499
  12  492
 144  486
  82  300
  87  282
  22  415
  86  466
  85  288
  58  271
 222  429
 172  285
 237  285
 237  418
   3  418
   3  346
 151  346
  48  281
 131  264
 232  426
 118  399
 158  399
 186  385
 186  480
 186  289
  38  409
 211  450
 177  335
  36  335
  36  311
 183  307
 163  258
 198  359
 194  359
  81  377
 190  447
  75  392
 227  326
  74  459
 116  383
   2  383
 105  301
 100  404
 182  470
 131  344
 165  472
 185  269
  53  293
 135  297
 150  469
 165  379
  23  340
 116  439
   8  350
 237  414
 125  448
 152  491
 126  299
 109  322
 146  345
 146  434
   7  475
  23  251
 218  485
 110  436
  37  338
 226  312
 226  298
  30  419
 132  422
 136  318
 136  296
 137  408
 112  408
  97  282
 104  337
 239  273
 239  265
  42  414
  48  390
