 102   98     500
  41  173
  85  182
  55  179
  35  149
  23  112
  31  165
  70  173
  62  117
  71  189
   3  173
 101  130
  39  178
  55  174
  49  186
  21  141
  15  118
   4  162
  68  112
  27  133
  41  186
  97  189
  57  164
   2  158
  98  171
  27  177
 101  108
  23  183
  49  179
  79  149
  90  162
  47  195
   4  129
  25  187
   9  147
  11  126
   9  171
  72  110
   7  104
 101  168
  90  109
  36  103
   4  188
  37  111
  89  183
  68  107
  22  164
 100  182
  27  199
  80  192
  92  113
  62  155
  18  198
  99  143
  71  152
  41  124
  58  112
  31  133
  44  198
  15  103
  87  187
  51  168
  64  154
  74  141
  46  108
  37  157
  19  176
  95  136
  28  198
  74  140
  22  161
  54  138
  89  168
  15  126
  77  179
   3  191
 102  117
  19  140
   8  168
  58  146
  79  131
  26  125
  56  168
  62  126
  66  200
  27  107
  21  123
  12  172
  19  137
  61  199
  42  166
  30  148
  74  120
  25  195
  47  199
  47  166
  23  152
  10  194
  57  109
  35  145
  29  175
  79  135
  99  184
  10  180
   2  149
  20  186
  12  119
  30  125
  37  105
  79  176
  12  179
  37  195
  93  189
  95  104
  34  189
  81  103
  49  134
  68  187
  99  198
  70  133
  38  143
  91  181
  47  146
   9  139
  59  148
   7  182
  81  121
 100  183
   7  175
  64  193
  79  144
  54  133
  77  156
  76  179
  23  196
  32  174
  86  180
  91  159
  56  190
  85  194
  80  113
   9  191
  47  200
  90  190
  30  196
  21  169
  80  171
  31  138
  94  198
  89  114
  41  194
  87  157
  54  126
  74  174
  77  155
  87  176
  28  153
  56  178
  21  185
  56  170
   5  131
  33  188
  68  140
  97  132
  84  124
  50  198
   9  153
  91  149
  51  180
   5  109
  10  178
   2  189
  89  171
  62  182
  44  117
   5  153
  19  193
  77  106
  84  121
  99  103
  90  165
  77  160
  30  141
   8  120
  20  198
  80  179
  82  153
  91  158
  14  198
  22  130
  83  136
  32  151
  51  189
  92  197
  26  137
  38  184
  33  138
  84  103
  96  124
  77  135
  94  160
  66  107
  25  104
  13  176
  95  133
  25  119
  90  139
  45  171
  58  115
  56  129
  49  115
  79  104
  26  198
  39  119
  82  183
  17  174
   9  159
  29  125
  83  147
   8  105
  30  131
  33  109
  52  178
  54  174
  81  112
  41  116
  52  156
   2  191
  47  162
  45  134
  17  170
  48  178
  61  183
  53  146
  80  198
  24  177
  33  164
  46  165
  31  181
  61  124
  24  135
  56  144
  45  103
  75  172
  82  142
   3  143
  82  135
  78  186
   3  192
  46  142
 102  136
   5  189
  14  128
  37  200
  85  143
  29  146
  14  113
  32  179
   3  107
  69  155
 102  144
  20  164
  23  107
  85  177
  23  147
  71  173
  72  108
  84  112
  89  153
  46  167
  12  135
   8  128
   7  191
  86  164
  28  157
  52  196
  92  196
  96  108
  91  111
  50  112
  59  171
  49  163
  39  183
  63  194
  76  185
  12  144
  53  149
  57  198
  24  127
  14  106
  99  142
  86  185
  90  194
  81  177
   5  151
  79  152
  14  183
 102  184
  50  196
  55  183
  21  177
  42  174
  75  170
   1  170
  75  147
  92  147
 101  147
 101  132
  17  132
  92  140
  42  140
  42  196
  42  171
  94  171
  57  171
  94  108
  69  147
  69  116
  17  185
  57  150
   8  171
  58  171
  39  147
  39  191
  39  105
  37  185
  85  147
  85  137
  14  137
  85  180
  84  137
  84  163
  70  163
  70  110
  84  133
  41  180
  55  137
  55  157
  84  109
  22  109
  22  172
  22  103
 102  172
  90  103
 102  124
  11  124
  10  103
  78  172
  78  113
  22  149
 102  138
  90  177
  33  172
  77  109
  34  138
  10  130
   9  130
   9  161
  27  110
  27  194
  21  137
  21  146
  81  146
  81  145
  83  133
  13  177
  16  124
  64  124
  64  115
 102  135
  12  115
  12  192
  12  117
  53  124
  53  107
  60  107
  60  118
  44  107
  53  178
  59  178
  59  156
  73  156
  73  168
  73  179
  23  156
  23  143
  56  143
  82  143
  38  107
  38  181
   9  142
  98  115
  98  106
  71  106
  98  129
   7  129
  85  184
  35  184
  35  197
  47  197
  47  198
  47  193
  47  111
  84  131
  31  115
  35  152
  51  152
  51  139
  79  139
  67  139
  63  139
  49  152
  47  182
  95  140
  64  128
  94  114
  99  114
  99  173
  99  153
  66  153
  66  141
  96  181
  96  165
  96  121
  80  165
  28  165
   5  121
  43  149
  86  192
  86  120
  86  167
  52  120
  52  154
  14  136
  89  167
  23  159
   2  159
  60  166
  46  166
  70  151
  20  161
   6  137
   6  134
  24  134
  24  125
  36  130
  36  189
  22  126
  40  126
  40  160
  93  159
  14  200
  77  112
  74  151
  50  184
  48  121
  45  168
  45  122
  79  190
  86  119
  19  119
  68  119
  68  188
  32  188
  32  155
  26  191
  74  162
  89  123
  61  177
   2  187
  44  104
  59  127
  87  127
  87  199
  29  159
   3  121
  15  139
  15  176
  71  144
  30  118
  58  164
  33  183
  97  113
  61  174
  18  174
   4  157
  88  183
  42  169
  50  195
  86  148
  91  195
  65  185
  76  162
  54  163
 100  133
  25  168
  62  162
  77  186
  70  158
  16  175
  72  136
