 197  203     500
 103  253
 147  205
  28  294
 155  260
  92  333
  86  383
 144  253
 171  212
 135  228
  60  355
  86  239
 166  231
 128  231
   3  383
  98  305
 163  332
  49  261
  50  209
 165  258
  44  235
  96  271
  90  200
   9  355
 155  351
  75  316
  49  234
 194  219
 105  395
 194  264
 183  241
  27  238
  83  320
  55  301
 145  329
  22  379
 144  212
  82  201
 156  224
  21  299
  76  339
 178  384
  93  246
 197  267
  82  304
   9  305
  11  317
 152  353
 173  375
 171  302
  97  291
  21  226
  98  355
 131  367
 111  245
 144  365
   9  228
  49  319
 133  202
  79  394
  88  222
 173  302
   3  269
 189  274
  41  230
  78  280
 177  398
 119  294
 156  397
  27  344
  91  256
  65  340
 186  317
 173  361
  58  381
  16  379
 132  282
 117  316
 122  263
  19  200
  38  362
  47  226
 103  356
  98  337
 173  246
  81  198
 174  336
  95  321
  95  217
  49  250
  26  203
  96  228
  30  314
 147  256
   9  314
  79  320
 123  329
  85  327
  77  245
  33  395
  45  351
 168  348
  12  319
  80  319
 136  319
  80  332
 133  332
 133  362
  32  362
  32  217
  31  217
  31  229
 107  362
 133  330
  26  330
 113  330
  69  330
  42  217
  16  330
 117  229
  69  241
 117  343
  92  343
  92  337
  92  224
  87  229
  87  359
  65  330
  42  290
 133  285
 154  285
 154  350
  16  249
  95  249
 173  249
 173  333
  95  198
 127  198
 127  295
  84  249
 197  295
  92  302
  73  302
 195  330
 195  304
 151  304
 151  311
  90  304
  90  211
  25  211
  10  304
 152  343
 152  299
 152  323
 182  323
 182  202
 108  299
 108  208
 108  246
  67  208
  67  253
  33  253
 139  208
  70  253
  70  377
 110  377
  45  377
   2  208
 118  208
 118  353
  38  353
 194  208
 159  246
 159  218
   7  218
  17  218
  17  276
   7  278
   6  278
   6  370
  17  267
   2  263
 129  246
  67  339
  43  339
  43  352
  23  352
 132  352
 126  202
 126  293
 126  220
 101  220
 101  338
 101  398
 101  215
  91  338
 101  235
 164  202
 164  348
 160  348
  24  348
 160  368
   6  237
  67  349
 109  349
 170  349
 170  203
 134  203
 134  292
   1  292
   1  257
  79  257
  79  265
 193  203
 193  367
 185  257
 103  349
 103  360
 104  360
 104  283
  36  283
  36  361
 161  361
 128  283
 128  199
 188  199
 188  223
 128  306
  28  263
  28  335
  82  335
 143  235
 143  204
  55  204
 143  212
  85  212
  85  245
  57  204
 123  212
 123  262
   3  262
 166  262
 166  272
 123  226
  48  276
  43  379
   8  379
   8  277
 141  277
 176  277
 176  279
 176  389
  89  389
  89  356
 175  389
 175  308
  77  308
  77  381
 187  308
 187  345
  93  345
  93  309
 187  280
 169  280
  89  274
  89  344
 189  356
 185  354
 175  326
  98  326
 180  274
 180  289
   4  289
   4  325
 167  325
 167  214
 137  214
 192  214
  22  325
  78  214
  22  270
  22  390
  66  390
 102  390
 102  393
 164  242
 125  242
  28  298
  74  298
 145  298
   1  296
  56  296
  56  372
 135  279
  42  261
 128  281
  30  215
 143  303
 149  303
 149  230
 149  369
 149  321
  54  293
 128  251
 174  251
 174  205
 151  347
  72  347
  30  260
  93  366
 152  317
  62  317
 166  247
 111  247
  75  325
 138  245
  18  390
 114  274
 114  248
  58  293
  56  324
  81  245
 159  209
 156  209
 156  346
 142  346
 125  243
 115  243
 115  357
 161  284
  27  261
 176  364
  86  298
  86  320
  57  259
 163  253
 163  227
  41  227
 170  233
 131  233
 123  314
  56  329
 183  246
 183  258
 183  264
 153  258
 153  376
 183  244
 140  244
  51  244
  83  260
  83  383
  83  386
  63  386
  53  330
  48  200
 114  297
  39  230
 125  210
 130  205
 152  201
 153  219
 179  324
 179  228
  14  261
  14  318
 167  225
 131  387
  35  326
  35  375
 178  375
 122  225
 136  327
  15  327
  15  395
  11  395
  15  222
 110  213
 129  287
 181  267
  96  321
  96  378
  61  378
  61  286
  96  373
 177  237
 177  216
 154  399
 196  272
  40  357
  40  310
 157  310
 157  382
 111  221
 164  252
 140  294
 105  377
 105  331
 105  291
 157  312
 184  312
  20  312
 196  365
 193  268
 124  268
 100  339
 124  342
  80  238
  64  253
  64  256
  64  363
  60  363
  44  215
   1  316
 113  273
 131  269
 187  282
 178  391
  88  391
  13  347
  13  240
  15  301
 152  315
  41  232
 144  248
  13  288
  76  288
  76  207
 148  274
  46  337
 106  277
  82  305
 131  385
 155  281
 176  313
  47  209
  49  248
 195  340
 158  230
 158  334
 158  236
 121  236
 146  334
 162  274
  12  380
 166  374
  88  255
  44  328
  94  329
  22  322
 147  322
 147  231
  50  231
 186  231
  54  396
  59  296
  34  356
  71  274
  42  355
 155  341
 157  384
  37  210
  75  300
  41  397
 120  397
 120  239
  19  292
 191  209
  28  392
 165  302
   8  271
 168  318
  65  336
 150  296
  78  394
  43  234
  49  307
 119  346
 186  206
 172  206
   9  216
 125  400
  99  308
   4  371
  52  287
 112  274
  97  208
  36  266
  29  217
 190  296
  66  358
 116  369
  68  247
  84  254
   5  254
 100  250
 171  296
  17  351
 119  275
  21  274
  21  388
