  75   75     375
  38   78
  15  113
  39   95
  21   93
  23   92
   7   98
   6   81
  65   99
  21   94
   7  121
  67  120
  62   99
  14   97
   4  126
  12  147
  73  129
  11  114
  58   76
  34  102
  60  132
  72   91
  16  148
  57  147
  39   76
  54  139
  12  148
  61  130
  74  124
  33  123
  35  133
  25  126
  58  141
  30  101
  73  125
  38   92
  46   92
  32  112
  48  113
   5  134
  15  114
  65   94
  70  150
  39  101
  17  108
  55  103
  41  122
  58  115
  49  124
  68  146
  19  136
  51  144
  12   85
  25   92
  75  145
  74   99
   6  104
  32  104
   3  126
  11  116
   2  117
  56  107
  27   83
  64   87
  42   78
  65   79
  60  129
  15  149
  44   77
  73  121
   4  142
  39   83
  71   78
  23  109
   5   96
  12  115
  29  149
  18   83
   1  119
   2   93
  18   77
  42  124
  63  113
  22  134
  51   76
   3   78
  39  139
  13  107
  41  112
  75  114
  60  130
  67  131
  27   86
   5   84
  53  114
  28   92
  52   76
  55   95
  71  141
  65  129
   7  105
  21  109
  18  139
   2  112
  20  147
  11  135
  10  109
  37  146
   5   85
   1  117
  29   96
  67  109
  25   84
  11  109
  57  150
  21  115
  15  109
  48  102
  31  138
  60  134
  65  107
  37  100
  42  138
  43  118
   1   87
  66   78
  52  123
  43  147
  31   76
  35  131
  23  135
  60  135
  51   94
  53  147
  42   93
  11  126
  34  107
  16   92
  66  120
  31   93
   4   84
  55  127
  19  139
  59  134
  37  144
  46  138
  57  122
  65   86
  70   89
  67  117
  71  101
  20   80
  25  133
  53  149
  33   83
  45  143
  44  120
  55   86
  51  132
  20  134
  47  102
   6   86
  70   80
  46  110
  57  105
  69  108
   2   92
  52   96
  54   84
  41   86
  44  101
  10   93
   7  104
  50  128
  40   83
  71  118
  40   87
  58  111
   6   89
  63  144
  47  105
  60  127
  46  119
  28   91
  29  127
  30   92
  38   99
  73   87
  33  103
  13   80
  49  129
  27  145
  13  108
  70  139
  25  147
   8  139
  42  109
  65  144
   1  148
  46  112
  31  130
  29   80
  68  134
  64  134
  50  103
  21  103
   1  142
  51   80
  28  122
  52  120
   3   87
  38  122
  19  113
  23  142
  14   99
  63  141
  44   83
  43  104
  73   98
  33  106
  39  124
  73  123
  50  126
  24  111
  62  101
  29  101
  61  109
  11  137
  57  137
  57  102
  39  102
  39  131
  37  131
  39   91
  39  103
  10   91
  10  115
  64  115
  64   93
  64  118
  22  115
  22  121
  48  121
  48   88
  48  130
  16  130
  16  150
  16   89
  19  103
  19  111
  21  111
  21   80
  19   87
  20   87
  20  126
  21  124
  59  124
  29  124
  42   80
   1  130
   1  122
   9  122
   9   76
  30   76
  30  129
  18  129
   9  148
  49  148
  49  142
   3  142
   3   84
   3  138
  13  129
   3  135
  33  135
  36  135
  36  114
   7  114
   7  140
   7  110
  58  110
  44  140
  34  140
   7  149
  34   97
  47  140
  50  140
   7  136
  55  136
  55  112
  66  112
  47   96
  32   96
  32  116
   7  120
  53  120
  53   83
  74   83
  74  105
  74  113
  31  113
  51   83
  23  113
  51   95
  71   95
  71   98
  71   94
   2   94
  45  116
  15  110
  62   76
  53  141
  52  141
   2  146
  17  146
  17  127
   7   92
  40  120
  57   85
  21  100
  41  100
  54  124
  54   79
  23  147
  29  106
  65  106
  56  122
  71   86
   7  133
  69   79
  69  109
  70   86
  14  118
  14  144
  23  134
  70  107
  30   99
  27   76
   8   88
  45   90
   6   90
  28   90
  61   90
  43  148
  32  145
  63   79
  63   81
  18  119
  25  119
  38  119
  66  143
  12   91
  10  139
  54  104
   2  101
   3   77
  24  120
  37  128
  73   88
  22  117
  46  117
  46  132
  46   78
   5   86
  16  125
  26  138
  26  123
   4  139
   4   82
  67  150
  68  122
  75  134
  72  123
  35   98
  51  108
  60  105
