 149  151     375
  11  155
  10  194
  85  220
 147  254
  47  153
  44  241
  47  292
  33  164
  60  197
  10  246
  18  276
  17  219
  47  230
 139  240
  76  191
  11  190
  80  246
 134  158
 145  227
   6  269
  40  200
  99  275
  97  186
  18  175
 134  220
  52  189
  69  176
 107  284
  99  173
 123  159
 149  265
  54  292
 121  190
  36  157
 149  169
  47  180
   3  256
   6  164
  88  258
 112  155
  68  277
  53  254
  73  237
  13  240
  71  242
  92  286
  63  197
  11  160
 111  190
  25  201
  40  253
  74  160
  29  254
  26  300
  51  278
 130  188
  47  300
 122  222
  81  211
  60  223
  48  222
   1  258
   2  170
 148  241
 110  202
 134  215
  22  150
  92  198
  38  296
 128  184
  95  166
  67  235
  59  245
 125  264
   3  212
  66  270
  78  272
 141  272
 141  158
 141  184
  39  158
  78  208
 141  207
  74  184
  74  297
  19  297
  11  297
   3  184
  39  152
  94  152
  99  152
  99  253
  99  232
 136  232
  52  232
  52  188
  77  188
  79  253
  79  236
  79  165
  30  236
 131  208
 131  300
  60  300
 131  213
  39  218
  44  218
  44  204
  44  225
  56  225
 105  225
 105  197
  30  200
 116  200
  15  200
  14  200
  14  261
  75  261
  15  155
   3  161
 125  253
 125  169
 125  174
  62  174
  62  269
  62  241
  13  269
  18  174
  18  168
 143  168
   7  168
  24  168
  24  275
  80  275
  67  275
  67  296
  67  202
  80  270
 147  270
  22  296
  22  154
  22  251
 144  251
 144  185
  80  209
  16  209
  16  182
  47  182
  28  209
  28  172
  28  198
 117  198
  28  259
  91  198
  91  229
  66  229
   1  229
   1  250
 108  229
 108  190
 108  176
  46  176
  46  178
  88  190
  47  217
 118  217
 118  283
  40  283
 142  209
 142  199
 142  257
 101  257
 132  257
 101  252
   6  198
   6  173
  21  173
  21  221
 121  221
  59  221
  59  246
  21  227
  95  246
  21  233
  10  233
  41  233
 126  233
  26  259
 142  167
 135  167
  40  256
  98  256
  26  186
  73  174
 117  192
  23  192
  23  264
 134  264
 106  269
  88  290
 109  264
  17  217
  88  226
 104  226
  17  164
  31  164
  31  177
  63  177
  63  159
 122  159
 122  235
 138  235
  63  194
  32  194
 133  194
  32  263
  12  263
  12  282
  82  263
  82  234
  29  234
  12  247
 149  194
  25  282
 138  203
  53  235
  53  278
 107  278
 122  299
 130  299
 130  289
  58  289
  58  220
  55  289
  55  153
  55  180
  81  180
  55  298
 110  180
 110  248
  84  270
  84  150
  97  150
  65  169
  65  175
 146  178
 107  238
   9  238
  87  238
  87  216
  73  230
   1  284
  16  279
   2  279
  96  279
  96  162
   2  183
 119  279
 143  191
  87  255
  97  254
   8  254
   8  215
  54  215
  14  240
 134  286
  13  196
 102  196
 102  295
 103  196
 103  271
 112  271
  45  196
 144  219
  72  158
 115  246
 115  222
  91  179
 120  252
 120  287
 146  244
  54  187
  13  212
  33  212
  33  193
 129  190
 129  206
 119  281
   5  172
  51  200
  51  242
  51  170
 127  170
 127  151
  90  170
 100  170
 100  291
 124  151
 124  214
 100  277
 124  266
  50  266
 140  266
  76  266
  68  289
 145  158
 145  273
  71  246
 109  293
  82  156
  47  166
 111  166
 111  274
  64  274
  30  258
  25  285
  70  285
  70  163
  83  269
 138  195
  89  195
  89  288
  57  288
 113  213
 113  292
  69  292
  41  243
  64  205
  90  231
  36  225
  36  237
  36  280
  85  280
  85  249
  86  249
  85  223
 128  249
  73  245
  35  245
  73  260
  87  294
  42  294
 148  299
  27  221
  27  210
 119  268
  49  250
  49  262
  34  287
  48  180
  10  267
  38  295
  81  189
  86  160
 114  163
  92  300
  61  158
  82  211
 108  157
 139  157
 138  224
  55  201
 137  164
  43  216
 136  276
  20  217
 100  228
   7  265
  93  152
 123  254
 123  239
  23  181
 108  171
   4  267
  37  217
