 199  201     600
 182  393
  11  315
  49  215
  36  212
 191  262
 166  385
 188  391
 198  349
  27  241
  16  255
 182  360
 183  367
 150  336
  62  241
 150  331
  27  380
 134  368
 136  329
 172  215
 178  225
  68  342
 197  204
  60  351
 154  389
  52  255
 158  215
 194  322
 129  324
 177  220
 127  386
  16  303
 114  331
   2  265
 166  396
  63  262
  10  290
 159  328
 142  204
 157  399
  35  247
  81  270
 157  276
  33  374
  54  296
  65  289
  98  344
  56  344
 158  293
  67  223
  36  362
 147  350
  10  391
  68  357
 190  233
 101  221
  97  212
 129  230
 138  376
 146  381
 102  287
  80  313
 136  306
 192  245
  50  301
  33  367
  50  263
  69  298
  78  222
  68  353
 129  255
 140  234
 159  250
  20  365
  23  233
  64  392
  45  240
 156  354
  31  253
 107  300
 158  355
 189  281
  41  281
 151  273
 112  210
 140  224
 100  309
 190  369
 106  295
  57  367
  76  245
  89  221
 107  213
  77  381
   1  223
  15  263
  43  292
 137  207
 104  293
 195  370
 167  328
 151  256
  31  332
 177  231
 110  259
 170  214
 198  286
  55  215
  20  258
 124  388
  52  360
  49  248
  42  210
  77  395
  60  272
 189  268
 103  298
 155  301
  62  368
 131  247
 112  334
  68  210
 142  275
 184  307
  76  331
 193  340
  23  238
 189  330
 144  392
  93  262
 114  261
 143  229
 115  362
  20  323
  72  393
 162  381
  35  269
   1  283
  26  279
  77  238
 168  316
  45  349
 101  377
 119  225
 145  211
  30  216
  73  353
   3  366
 154  361
 148  277
 115  246
  13  207
 176  310
  69  314
  48  331
   9  346
 116  325
 192  263
 136  298
  40  355
 150  223
 125  241
  44  357
 108  317
 121  378
  77  280
  40  270
 153  250
 136  331
  41  346
  62  216
  25  324
  94  381
 188  209
  48  352
   4  262
 170  387
  47  241
 147  337
  71  233
 183  254
 171  335
 143  255
  40  269
 116  269
  20  205
  47  202
  72  256
  16  315
 133  249
  96  346
  54  369
  89  384
 142  276
  13  310
  78  335
  80  299
  37  385
 165  250
  19  274
   8  328
  96  352
  76  375
 174  375
  76  337
  50  375
  50  215
 170  215
 189  215
 189  226
 151  226
 143  215
 143  266
  39  266
  39  247
  51  266
 143  389
 151  393
 151  207
  50  210
 151  274
  51  221
 135  221
 135  219
 191  221
 166  226
 166  357
  62  357
  36  219
 166  206
  25  206
  25  350
 122  206
 122  297
  25  341
 117  341
 117  220
  55  220
  55  332
 199  220
  29  220
  16  206
  36  344
  93  344
  93  313
 197  389
 197  399
 141  344
 141  286
  75  286
  75  232
  75  315
 188  315
 188  334
 169  286
 169  228
 187  228
 187  290
 187  328
  57  328
  30  328
  30  310
  41  310
  41  224
  57  275
 194  224
 194  333
  54  333
  57  369
  86  369
  86  233
  86  231
 182  369
 182  347
 104  347
 104  243
  34  243
 104  295
 179  295
 160  233
 160  245
 175  328
 175  251
 175  257
 160  387
   9  347
   9  217
   9  230
 180  217
   9  281
  42  281
  42  223
  42  354
 185  354
 185  351
  81  351
 129  351
 185  316
  52  351
 185  398
 185  269
 176  269
  44  223
  42  394
 198  394
 198  289
  23  289
 104  234
 182  264
 128  264
  23  338
  34  397
 185  312
 134  312
   3  312
   7  312
  74  289
  74  343
  44  267
   6  231
   6  380
   6  249
   6  255
   6  271
 178  245
 178  339
 132  339
 132  268
  92  268
  92  254
  21  254
 162  254
 132  301
 190  301
  87  301
  82  254
  82  280
   3  365
  32  230
  32  309
  26  217
  26  225
 186  245
  14  233
  14  349
  14  282
 144  282
  71  349
  71  363
  69  349
  69  400
  56  400
  56  240
  85  400
  85  227
  12  227
 167  240
 198  299
  79  299
 183  269
 183  303
  96  303
  96  265
  31  303
 150  266
 150  395
 112  395
  96  283
  52  382
  82  200
  67  200
  67  305
  49  328
  82  256
 120  256
 120  327
  60  327
  60  235
  91  235
 127  235
 118  235
 118  304
 118  355
  89  256
 120  311
 157  311
  48  311
  48  361
 181  361
 181  396
 110  396
 156  396
 156  364
 179  211
 137  211
  12  336
 171  336
 103  336
 171  314
 133  314
 148  314
 133  236
 166  307
  57  359
  95  359
 149  267
   4  220
   4  353
  28  353
 165  232
 165  373
 164  373
 154  373
 165  335
  58  335
  58  319
 101  335
 101  285
 139  319
 184  319
 195  319
  53  335
 130  285
 130  291
  72  291
  72  246
 195  260
 184  250
 139  273
 193  260
 193  322
 193  331
  73  331
  73  294
 102  294
 102  203
 138  203
  15  203
  41  390
  84  268
  84  288
  97  288
  89  263
  66  289
  66  324
 192  316
  15  345
  43  294
  19  288
 119  399
 119  308
  61  308
  61  381
 121  381
 121  346
 121  270
  24  270
 192  340
  38  340
 180  326
 113  336
 179  306
 136  250
 136  367
 162  352
 147  352
 147  201
 109  324
 159  344
  56  279
 144  204
  47  309
 116  364
 116  330
 107  380
 156  262
  43  368
  42  214
  83  214
 173  294
 180  293
 153  264
 124  353
  17  210
  14  356
 183  370
 122  386
  28  248
 126  248
  80  248
  30  208
 163  285
  66  259
 158  259
 158  237
 115  237
 198  384
  91  300
  76  321
  94  321
  94  287
  94  372
  38  376
  13  220
  64  286
  64  317
  11  317
  20  217
 195  229
  21  329
 181  202
 108  202
 109  360
 114  384
 114  284
  75  323
 131  323
 171  392
 125  327
 177  343
  33  224
 152  365
 152  212
 196  212
 196  342
 123  342
 199  320
  40  259
  63  343
 133  272
 172  272
 172  277
  88  277
 117  258
 106  258
 146  208
  59  235
 121  292
   5  292
   5  218
 155  395
 155  377
  68  251
  68  253
  80  391
  10  375
   6  385
   1  245
  61  205
  65  205
 105  291
  94  366
  35  366
 125  388
  84  379
  48  371
  90  281
 147  298
 179  222
   2  222
 111  393
  78  269
 168  319
 140  333
  73  278
  23  325
 111  276
 198  261
  37  352
  14  383
  84  241
  18  282
  59  318
  46  397
  68  213
  11  252
  45  252
  45  296
   9  209
 184  242
 145  288
 142  336
 142  216
  98  216
 141  244
 173  362
  99  354
 197  239
  97  358
  27  368
 161  200
 113  302
  77  302
   8  379
  70  288
 100  259
  73  238
 117  378
  22  345
 120  348
  95  374
