  97  103     300
  53  118
  23  144
  88  190
  57  169
  41  124
  38  118
  26  142
  59  163
  50  175
  46  142
  46  123
  20  145
   6  137
  58  186
  62  181
   1  173
  47  113
  45  177
  47  143
  38  110
  49  186
  45  182
  69  114
  75  196
  95  111
  24  119
  10  115
  77  112
  97  179
  42  199
  19  169
   4  150
  46  146
   6  111
  58  142
  93  193
  66  120
  49  145
  43  130
  82  182
  72  134
  77  186
  93  100
  14  107
  37  113
  72  157
  64  175
  37  197
  53  130
  44  158
  16  164
  26  199
  79  158
  74  200
  43  133
  23  118
  62  115
  15  128
  23  135
  38  173
  20  158
  60  130
  69  125
  40  198
  34  184
  93  144
  88  170
  67  194
  90  155
   9  190
  58  104
  96  149
  55  119
  23  186
  14  143
  59  148
  17  160
  89  123
  85  117
  12  149
  39  141
  92  144
  70  151
  17  121
  48  191
  74  106
  53  123
  32  147
  12   98
  93  137
  34  157
  12  110
  94  176
   4  162
  42  137
  85  192
  62  121
   3  143
   8  136
   7  144
  66  154
   3  117
   3  163
   7  163
   7  150
  37  163
  37  175
  37  149
  51  149
  51  142
  73  142
  51  157
  31  157
  80  157
  80  156
  20  156
  20   98
  80  140
  31  148
  51  184
  19  184
   6  184
   6  134
   6  192
   9  192
   9  189
  68  189
  68  103
   9  154
   6  167
  42  167
  52  167
  53  167
  42  159
  86  159
  37  178
  57  189
  57  141
  83  148
  83  179
  96  178
  75  103
  75  198
  85  156
  85  147
  16  147
  16  160
  65  179
  65  111
  65  162
  56  111
  97  198
  97  161
  97  104
  63  104
  89  104
  33  161
  33  132
  45  160
  45  193
  40  193
  40  116
  44  116
  60  116
  44  171
  15  193
  95  171
  95  191
  60  102
  14  102
  74  191
  44  114
  74  166
   4  166
   4  199
  10  171
  10  200
   1  200
   1  125
  26  125
  26  146
  62  146
  14  101
  32  101
  62  135
  43  135
  43  196
  48  196
  48  124
  35  135
   9  129
  51  133
  66  179
  66  197
  66  152
  41  104
  37  188
  39  125
  11  132
  11  185
  93  185
  41  165
  36  165
  11  169
  27  192
  27  127
  78  189
  78  164
   4  122
  69  150
  69  183
  77  184
  26  119
  25  119
  48  115
  88  115
  88  172
  43  187
  17  187
  17  174
  38  124
  38  139
  94  139
  94  123
  18  139
  18  131
  81  139
  18  194
  47  194
  66  110
  67  110
  49  122
  21  198
  40  155
   1  143
  13  161
  33  105
  61  165
  92  142
  84  154
  84  109
  39  168
   5  133
   5  176
  71  176
  71   99
   5  138
  70  138
  54  138
  71  112
   6  180
  59  194
  59  151
   2  151
  73  108
  79  193
  79  113
  22  113
  17  195
  47  107
  23  107
  88  137
   7  118
  72  160
  72  190
   8  109
  54  145
  46  179
  90  193
  20  100
  82  189
  40  170
  50   99
  17  126
  18  130
  29  130
  12  135
  12  177
  69  144
  58  141
  58  136
  35  182
  34  167
  97  181
  16  153
  43  128
  55  128
  28  128
  71  121
  19  106
  91  193
  48  158
  87  100
  87  173
  30  110
  51  186
  64  196
  24  102
  76  123
  80  120
