  46   54     250
  41   73
  18   70
  38   51
  43   82
   5   79
  30   97
  26   83
  19   72
  23   48
  46   72
  29   64
  21   72
   6   82
   2  100
   5   49
   3  100
  16   83
   1   93
  25   96
  11   86
   7   59
   5   80
  46   57
  19   73
  44   52
  24   61
  44   64
  20   73
  37   74
  43   77
   7   84
  26   67
  13   58
  21   63
  18   93
  17   49
  46   62
  15   65
  22   57
  35   51
  13   99
   1   86
  14   48
   7   95
  17   70
  21   71
  25   70
  46   81
  37   78
   9   77
  11   70
  17   47
  19   55
  10   83
   8   78
  21   50
  35   69
   2   91
  13   77
   7   88
   9   67
   4   97
  35   79
  14   93
  42   95
  46   51
  33   59
  34   62
   1   70
  44   67
  28  100
  33   54
  38   62
  35   49
  37   97
  18   47
  36   54
  11   49
   7   64
  10   89
   4   76
   4   52
  24   64
  32   91
  37   81
  42   72
  26   92
  22   78
  37   60
  29   80
  42   85
  34   76
  43   69
  44   79
  13   98
  31   75
  34   48
  20   94
  16   68
  17   67
  31   79
  18   50
  23   58
  38   57
  28   69
   4   81
  37   88
  21   60
  17   68
   5   65
  16   66
  21   93
   1   51
  25   94
   9   48
   8   83
  12   58
   5   86
  10   53
   4   54
  34   69
  36   68
  32   57
  38   86
   8   79
   3   73
  28   77
  23   80
  10   50
   5   92
  43   49
   4   94
  45   95
  41   93
   3   54
  39   83
  39   50
  27   48
  21   70
  43   84
  27   94
  45   81
  39   79
  23   81
  24   59
  29   83
  45   78
  19   60
  32   79
  14   87
   3   63
  23   91
  28   91
  28   98
  22   98
  22   86
  28   59
  29   59
  46   59
  32   86
  32   80
  32   67
  18   67
  18   99
   9   99
  35   99
  46   71
   5   71
  18   48
  30   48
  40   80
  40   84
  10   86
  10   73
   2   48
  40   87
  44   73
   8   84
  23   92
  31   92
  31   72
  22   97
  20   97
  20   60
  21   84
  21   47
  21   95
  33   95
  33   55
  33   94
   1   94
   1   56
  13   94
  13   62
  13   89
  33   82
  36   82
   1   53
  19   53
  19   61
  37   61
  37   68
  43   61
  43   54
  43   93
  19   77
  29   66
  36   79
  43   64
  45   64
  35   74
  44   90
   7   90
   7   83
  36   57
  42   57
  11   48
  11   78
  26   86
   3   90
  36   63
  16   53
   1   75
  26   96
  23  100
   9   81
  14   81
  18   58
  38   58
   4   92
  26   65
  12   55
  12   70
   1   52
  20   85
  44   88
  25   53
  32   76
  19   69
  39   67
  37   50
  25   49
  27   79
  15   92
  15   51
  17   87
  34   80
  41   68
  24   81
   6   98
