 508  492    2500
 418  608
  94  522
 482  924
   7  825
 110  879
 127  578
 308  721
 446  712
 121  806
  60  688
 402  697
  31  676
 120  762
 493  546
 111  660
  85  524
 455  852
 348  731
  68  656
  49  744
  58  853
 301  757
 232  935
 169  965
 116  527
 176  583
  62  829
 499  631
 250  834
 408  782
 156 1000
 214  892
 295  967
 148  572
 285  721
 131  932
  45  536
 284  542
 288  881
   1  692
  45  707
 464  980
  76  967
 122  760
 238  917
 138  750
 284  648
 174  681
 495  630
  93  841
  40  968
 323  675
 148  536
 209  765
 108  630
  29  765
  37  784
 505  800
 183  867
 103  905
 211  635
 381  749
 196  968
 432  794
 293  755
 399  974
 398  866
 484  935
 422  695
 491  828
  33  655
 468  561
 369  771
 450  512
 140  733
 455  579
  29  964
 223  989
 170  746
  21  594
  84  911
 504  699
  70  907
 260  638
  37  779
 426  667
 288  533
  22  783
 254  888
 403  577
 417  770
 470  642
  87  745
 146  948
 261  626
 310  968
 178  637
  67  880
 505  879
 214  983
 357  813
 232  520
 364  842
 119  850
 460  987
 156  884
   9  621
 257  854
  98  960
 123  881
  42  531
 507  609
 501  749
  34  661
 449  993
 342  547
 201  925
 313  572
 340  640
  34  721
 435  599
  77  514
  54  946
 474  915
 469  801
 273  689
 103  533
 367  534
 422  628
 272  829
 507  939
 201  866
  56  786
 248  999
  81  640
 143  867
 404  773
 236  851
  47  977
 373  872
 308  785
 430  514
 274  544
 266  668
 362  676
 429  614
 276  795
 277  746
 344  584
 266  849
 178  760
   1  862
 346  877
 197  616
 279  836
 449  897
 265  778
   6  605
 243  525
  81  835
 135  772
 289  883
   3  725
 227  542
 387  821
 125  765
 379  558
  66  589
 244  538
 147  723
 178  829
  72  743
 219  670
 302  847
 421  922
 261  996
 401  612
 333  662
 445  999
  63  774
 115  851
 258  965
  59  524
  31  682
 432  546
 414  836
  16  531
 416  582
 169  779
 505  881
  58  844
 235  512
 130  608
 153  819
 314  798
 430  874
 355  518
   7  609
 464  760
 361  881
  73  925
 264  824
 263  548
 458  826
 142  809
 109  763
 360  815
 182  623
 309  774
 424  858
 447  739
  21  613
 105  823
  33  525
 123  645
  95  869
 235  750
 126  608
 308  818
  58  790
  83  922
 160  878
 490  776
 464  603
  77  589
  38  891
 477  672
 247  667
 193  970
 368  514
 166  647
 118  926
 259  773
 121  541
  42  662
 455  704
 187  569
 461  736
 136  728
 480  994
 281  708
 155  650
 163  980
 477  787
 155  687
 166  550
 372  572
 297  739
 371  956
 106  709
 300  913
 294  587
  84  535
 333  964
  35  687
  60  530
 171  698
 229  831
 123  676
 408  765
   5  646
 306  995
  81  667
 464  786
 354  598
 188  779
 507  974
 364  607
  17  715
 330  962
  66  626
 335  813
 226  717
 438  632
 274  866
 108  820
 123  729
 316  651
 163  639
 140  526
 169  539
 150  963
  62  785
 248  554
  25  554
 188  516
 280  590
 123  955
 368  828
 126  988
  87  976
 337  781
 244  525
 134  610
 498  592
 291  516
  67  716
 252  667
 175  902
 493  795
 171  542
 120  768
  57  742
 248  906
  17  777
  22  853
 225  814
 204  879
 261  772
  59  921
 121  618
 200  671
  73  935
 335  601
 393  743
 207  951
 112  630
 448  521
 307  626
 406  554
 182  524
 413  564
 468  655
  54  821
 463  689
 330  554
 426  967
 321  853
 377  868
 348  806
 366  901
 105  927
 448  939
 167  659
  22  983
 429  898
 388  758
 373  535
 321  988
  49  887
 431  985
 317  717
 109  601
 436  688
 237  519
  28  875
 107  813
 152  599
 398  873
 246  955
 129  607
 356  991
 433  896
 501  984
 486  514
 275  544
 217  953
  30  801
 285  739
 306  610
 432  795
 347  766
  17  541
 318  680
 465  750
 246  905
 508  953
 281  800
 485  890
 489  630
  35  617
 235  582
 316  758
 237  802
 312  779
 155  683
 499  711
 172  947
   5  618
 230  626
 407  886
 103  580
 207  756
  33  678
 202  951
 475  566
 328  958
  20  577
 441  900
 129  602
 117  568
 169  949
  28  749
 341  714
 396  995
 187  768
 294  634
 500  588
 494  816
 425  765
 419  626
 242  585
 422  946
 152  968
 105  629
 184  520
 349  707
 202  544
 215  789
 438  950
  74  781
 281  966
 316  704
 353  587
 290  812
   9  923
  53  646
 142  771
 306  780
 162  750
 194  929
 265  894
 363  735
 310  826
 339  571
 386  836
  33  969
 406  929
 500  619
  61  637
 499  601
   7  744
  20  604
 494  945
 366  750
  81  668
 108  949
 386  585
 180  660
 114  643
  91  723
 292  787
 152  528
 251  604
 206  697
 310  580
 207  589
 274  956
  11  514
 246  987
 316  534
 118  891
 364  817
   2  663
 256  997
  19  527
 481  768
  34  813
  44  678
 294  552
 409  653
 115  730
 435  691
 167  664
 117  610
 138  566
  84  706
  41  705
  63  856
 460  552
 113  588
 394  513
 172  892
 112  621
 338  763
 442  795
 426  625
 399  847
 179  644
 480  996
 399  812
 324  680
  45  836
  38  949
 499  675
 102  614
 130  940
 353  942
 394  570
 288  804
 134  960
 127  755
  61  518
  44  865
 163  815
 176  959
 395  955
 463  808
 442  669
 312  583
   6  868
 105  839
 501  718
 214  837
  11  689
 121  963
 371  942
 203  638
 374  577
 327  756
 238  721
 209  858
  24  582
 445  958
  91  650
  76  794
 275  693
 142  585
 363  800
 508  808
 466  963
 112  956
 124  811
 409  800
 146  638
  91  915
 101  733
 110  897
 208  922
 259  755
 138  555
 118  666
 146  611
 386  756
 414  877
 471  974
 349  671
  34  720
  64  588
  33  871
 266  905
 452  721
 335  703
  95  907
 463  753
   7  730
 222  929
  22  785
 271  809
 124  990
 375  959
 283  824
  52  725
 497  865
 423  509
 241  685
 102  978
 231  605
 127  931
 221  673
 231  871
 151  911
 146  845
  83  971
 112  892
  10  904
 168  893
 459  557
 312  587
  24  965
  31  779
 182  841
 201  942
 216  990
 362  743
  79  564
 174  976
 100  859
 257  584
 147  989
 381  952
 280  571
 149  581
  25  685
  21  819
 267  597
 398  535
 393  767
 352  993
 236  648
 392  914
 417  929
  26  762
  97  558
 240  718
 224  811
 142  804
   8  540
 378  775
  15  956
 481  906
 439  991
  11  885
 266  780
 175  650
 103  648
 366  656
 418  898
 157  817
 279  971
 137  842
  95  561
 253  794
 437  521
  86  564
  65  668
 379  942
 195  954
  97  685
   8  590
  78  903
 495  935
   6  587
  68  815
 156  870
 243  975
 103  610
  41  880
 175  970
  64  621
 485  745
 276  802
 385  878
 503  792
 315  669
 106  533
 106  574
 457  860
 409  563
 291  569
 300  680
  39  711
 154  946
 451  663
 463  553
 180  673
 336  574
 359  790
 247  660
 425  718
 286  829
 254  807
 309  853
 451  572
  78  781
 219  985
 379  606
 304  901
 423  624
  40  788
 467  767
 296  673
 274  539
 229  842
 159  801
  59  895
 108  851
 206  630
   5  775
 281  851
 120  957
 224  932
 390  664
 179  540
 265  789
 175  766
 344  954
 193  962
 164  539
 117  960
 143  515
 265  736
  52  613
 320  822
 419  706
  73  509
 495  657
  49  959
 259  684
  97  708
  82  962
 418  917
 123  577
 408  858
 434  662
 354  885
 382  838
 495  622
  18  720
 149  594
 237  905
 358  974
 303  639
 348  621
 259  675
 260  692
 126  715
 246  880
  38  849
  91  673
 184  850
 295  978
  42  525
 121  665
 375  791
 333  624
 455  980
 374  806
 179  881
 502  528
 289  759
 194  664
 291  909
 506  697
  59  631
  89  628
 197  805
 276  656
 305  641
 500  689
 461  940
 103  548
  70  615
  14  868
 286  816
 148  908
 306  711
 166  593
 201  575
 257  544
 471 1000
 159  942
 215  683
 156  876
 217  770
 198  679
 332  757
 405  870
 218  927
 276  663
  59  815
 149  621
  88  943
 225  961
 214  564
  39  723
 211  989
 265  732
 224  924
 273  519
  64  759
 394  633
 159  905
 199  657
  78  839
 426  543
 412  617
 401  773
 479  692
 496  687
 430  949
 373  756
 350  942
 388  885
 117  571
  10  911
 172  835
  83  673
  41  899
 454  530
 255  638
 236  645
 356  709
 341  694
 207  820
  33  782
 287  964
 307  645
 154  681
 315  979
 112  840
 364  990
 313  800
 314  695
 207  713
 227  613
  55  520
 217  904
   8  828
 153  680
 406  749
 375  523
  84  609
 357  716
 356  806
 148  823
 224  925
 186  864
  33  757
 498  668
 451  532
 309  697
 487  597
  44  900
 114  798
 307  815
 129  523
 489  691
  70  735
 190  766
 219  799
 377  577
 477  561
  54  540
 251  764
  61  782
 407  785
 151  817
 189  985
 125  554
 168  782
 206  522
  16  725
 127  772
 397  758
 395  553
 371  801
  91  924
  50  885
 500  783
  45  717
 285  639
 425  676
 367  981
 378  997
 329  765
 170  578
 336  790
 137  703
 402  911
 313  988
 312  796
  61  881
 102  613
 500  957
 423  760
  12  795
 180  646
 319  567
 322  655
 130  582
 479  774
  37  965
 366  708
  22  714
  61  667
 262  921
  66  956
 377  543
 310  548
   3  811
 394  634
 414  539
 370  749
 508  720
 421  632
 267  856
 300  584
 123  572
 416  629
 197  580
 247  545
 354  725
 225  772
 425  631
 408  678
 398  898
 175  590
  75  745
 304  975
  13  844
 281  908
 476  567
 177  816
 414  613
  75  595
   7  692
 295  707
 256  925
 355  792
 276  941
 276  949
 388  989
 326  579
 488  717
 477  577
 185  917
 439  992
 283  970
 292  975
 280  625
 120  775
 351  578
 263  681
 457  551
 116  699
 186  965
 384  635
 109  853
  32  550
 152  773
 107  776
 483  534
 499  801
 394  731
 241  551
  30  965
 179  948
 156  618
 464  802
 386  910
 480  515
 446  799
  91  716
 198  618
 177  572
 360  960
 367  580
 401  715
  19  610
 368  634
 376  670
  47  720
  93  672
 202  612
 140  946
  15  838
 370  592
  66  722
 211  585
 379  573
 492  705
 146  610
 319  518
 405  864
  20  794
 273  800
 470  843
 392  759
  42  755
 374  713
 169  828
  77  646
 331  935
 302  725
 193  894
  71 1000
  92  748
 125  795
 224  920
 486  613
 281  916
 154  698
 283  894
 116  903
 506  868
 379  986
  73  846
 464  769
 244  619
 214  901
 240  954
 295  537
  80  553
 102  714
 147  985
 409  885
 481  980
 383  892
 343  843
 439  641
 133  771
 378  990
 245  873
 358  881
 132  688
 392  583
  77  959
 368  850
 385  868
 125  638
 304  825
 395  595
 366  617
 293  734
  85  667
  13  964
 282  654
  34  737
 196  958
 120  605
 114  789
 335  955
  11  939
 304  519
 154  947
 117  640
 501  781
 217  522
 241  712
 317  968
 102  540
 462  897
  69  857
 433  589
 173  945
 268  959
 122  814
 134  600
  42  855
  59  940
 296  773
   8  987
 349  786
 277  599
 477  781
 475  668
 296  802
 436  715
 439  817
 107  823
 204  668
 280  861
 178  731
 381  530
 217  987
  98  691
 277  558
 307  733
 181  894
  40  842
 383  686
 364  631
 258  516
 141  663
 145  538
 353  512
 497  593
   8  643
 366  976
 100  951
 463  786
 243  946
 183 1000
 179  981
 253  827
  20  633
 486  517
  68  862
 401  829
 102  587
 352  714
  53  838
 129  517
 408  825
 190  725
 480  943
 508  584
 332  631
 101  768
 185  801
 244  649
  94  814
  20  819
 181  686
  55  946
  10  560
 119  562
 187  628
 196  722
 191  702
 186  924
 190  547
 331  671
 101  921
  47  790
 243  755
 356  514
 136  539
 491  635
 425  512
 147  802
 237  815
 393  941
 377  594
 365  643
 119  524
  46  513
 411  910
 463  982
 362  900
 494  541
 118  722
   1  832
 177  955
 189  918
 315  881
  60  523
 332  685
 155  542
 493  868
 273  742
 222  963
 485  638
 213  925
 271  997
  91  631
 489  536
 226  595
 331  943
 352  733
  44  539
 373  876
  60  671
  84  780
 354  525
 266  719
 200  789
 235  594
 436  551
 388  540
 499  920
 391  511
 366  936
 362  653
 169  564
  25  919
 221  909
 145  630
   1  816
 291  647
 296  757
 190  787
 481  694
 397  829
 221  886
 454  689
 386  870
 470  709
 308  808
 355  731
 463  669
 320  897
 305  643
 266  842
  37  668
 177  608
 239  882
 459  801
 193  906
 366  885
 120  889
 223  637
  99  586
  91  971
 180  851
 304  973
 478  768
 503  609
 475  841
 384  942
 311  779
  68  763
 186  687
 374  670
  72  747
 144  751
 326  713
 241  984
 458  851
 108  735
 479  657
 223  785
 413  666
 396  990
 383  636
 133  854
 213  751
 349  743
 279  608
 482  772
 462  760
 475  510
 155  907
 127  715
 103  590
 254  875
 120  652
 271  767
   1  840
 396  614
  25  770
 410  798
 329  939
 432  912
 168  635
 271  922
 305  768
 158  552
 100  837
 333  651
 442  934
 255  740
 409  600
 488  731
 366  596
 131  713
  84  747
 304  530
 203  592
 144  990
 414  736
 159  661
 383  570
  91  630
 356  652
 479  875
 420  572
  62  770
 382  586
 109  958
 120  676
 316  518
 339  871
 176  643
 272  939
  77  847
 197  678
 157  956
 173  858
 135  684
 507  632
 330  756
  45  751
 117  853
  26  679
  86  705
 444  963
 151  683
 334  654
 335  616
 482  694
 475  587
 207  826
 439  784
 467  937
 243  626
 406  689
  10  517
 252  908
 270  775
 427  730
 403  769
  41  770
 502  825
 259  568
 157  808
 257  682
 113  544
 391  622
 478  656
 140  629
 118  991
  78  998
 324  867
  81  853
  56  866
 417  814
 289  660
 110  509
 423  536
 305  750
 286  994
 158  689
 279  567
 317  897
 381  849
 183  582
 365  912
 274  549
 261  727
 372  527
 471  697
 429  537
 329  814
  49  880
 224  804
 333  944
  73  792
  52  723
 166  820
 455  870
 133  866
 477  789
 461  677
 181  527
 235  513
  44  512
 108  899
  91  544
  71  979
 185  618
 325  840
 401  624
 104  737
 466  546
 500  888
 414  692
 329  764
 194  816
 196  670
 202  984
 501  671
 262  696
 393  553
 484  522
 381  522
 330  977
 451  743
  54  873
 323  569
 436  946
 252  551
 352  652
  65  924
 205  587
 119  522
 117  522
 464  953
 224  647
 183  522
 144  783
 241  957
 351  899
 410  717
 207  943
 197  713
 312  635
  61  582
 272  856
 160  746
  96  802
  78  698
 147  557
 400  625
 467  635
 266  861
 403  650
 182  516
 463  922
 128  850
 293  837
 308  852
 108  928
 416  574
  59  599
 167  722
 335  929
 180  869
 188  750
 312  573
 439  919
  63  896
 300  697
 392  610
 163  578
  40  603
 105  734
 281  753
  73  936
 418  984
 481  716
 151  753
 164  982
 448  702
 223  810
 393  629
 167  989
 402  997
 280  522
 302  917
 195  581
 500  592
 203  979
 389  793
 210  541
 468  872
 262  776
 451  541
 275  858
 320  867
 477  666
 489  889
 432  971
 194  754
 362  846
 394  919
 422  991
 118  916
 294  607
 406  805
  84  668
 131  909
  36  895
 474  558
  73  899
  10  778
 445  984
 243  616
 448  924
 397  630
 140  947
 336  802
 250  806
 349  983
 393  955
 161  549
   9  792
 486  966
 202  781
 129  690
  48  873
 344  617
 173  738
 159  752
 433  686
 380  609
 301  740
 123  964
  90  710
 244  948
  97  856
  17  920
 413  626
 432  954
 437  809
  93  745
 198  664
 193  619
 266  769
 309  968
  52  567
 314  514
 389  514
 420  881
 343  750
  18  531
 283  911
 178  552
 230  557
 474  552
 269  914
 241  879
 369  573
 288  857
 235  580
 352  839
 163  998
 351  827
 114  875
 321  592
 462  682
 456  526
 408  679
  76  963
 218  712
  43  664
  67  888
 169  928
 101  944
 414  578
 112  535
 252  704
 297  947
 447  519
 252  632
 254  749
 303  892
  85  715
  56  845
  24  883
 261  621
 122  621
 122  827
 122  734
 314  734
 314  714
 461  714
 314  829
 115  734
 115  840
 461  598
 501  598
 309  598
 501  512
 194  512
 194  995
 237  995
 255  512
 255  969
 255  716
 280  716
 322  716
 322  929
 503  969
 503  707
 304  707
 304  618
 503  680
 375  680
 280  561
 195  929
 195  523
 221  969
 503  725
 406  725
 340  725
 340  706
 105  706
  98  716
 195  874
 379  716
  98  791
 496  791
 379  672
 378  672
 378  918
  92  918
 439  918
 266  918
 378  939
 284  939
 284  521
 277  521
 277  838
 496  633
   1  633
 155  633
  72  633
  72  818
 103  818
 340  636
 249  636
 420  633
 420  552
  72  511
 103  759
 307  759
 439  573
 318  573
 318  543
  16  543
 117  543
 117  795
 144  795
 144  972
 444  972
 150  543
 150  919
  90  919
 150  888
  81  888
 150  729
  82  729
 185  729
  82  632
 431  632
 431  549
 431  665
 267  665
 409  919
 431  797
 372  972
 372  596
 373  596
 373  912
 183  912
 270  919
 270  593
 450  665
 450  612
 450  779
 208  779
 208  645
 424  645
 275  779
 275  927
 117  866
 403  888
 403  789
 403  891
  75  891
  75  770
  75 1000
 206  770
  16  896
  48  896
  48  948
 268  948
  64  948
  64  936
 370  936
  64  647
 135  647
 135  811
  66  811
  66  608
  39  608
  39  765
 120  608
 250  608
 250  904
 268  768
  57  768
  29  647
 253  795
 253  851
 135  857
  75  875
 333  875
 333  559
  99  559
  86  875
  80  632
  80  728
 107  728
 107  699
 466  699
 107  679
 285  679
 285  820
 449  679
 449  908
  70  608
 250  993
 117  614
 405  614
 405  916
 468  614
 152  916
 152  934
  95  904
  95  886
  57  834
 283  834
 283  713
 463  834
  64  766
 479  713
 479  758
 161  811
 161  975
  86  772
  70  548
  39  654
 339  654
 339  910
 413  910
 413  988
  43  988
 192  988
 417  927
 169  820
 169  722
  84  722
  84  868
   5  868
 330  722
 363  811
 363  620
 363  983
 458  620
 101  983
 399  699
 399  535
 257  535
  77  535
  77  531
 108  535
 108  821
 401  620
 401  925
 182  925
 157  925
 157  922
  34  922
  40  922
  40  635
 401  906
 258  906
 157  798
 197  798
 225  798
 225  674
 353  674
  60  798
   4  906
 150  873
 306  873
 402  612
 402  704
 371  888
 446  699
 372  788
 182  930
 185  601
 394  601
 394  862
 238  601
 238  694
 318  727
 455  727
 465  559
 464  729
 464  567
 359  543
  75  526
 135  606
 196  606
  35  679
  35  671
 128  993
 297  862
  68  975
  68  540
 373  611
 455  640
 173  611
 370  932
 326  932
 326  949
 248  949
 381  949
  72  996
 395  948
 466  751
 489  751
 489  533
 489  882
 405  723
 427  723
 474  723
 146  723
 350  772
 350  628
 290  628
 341  628
 341  807
 276  807
 350  893
 341  861
 286  861
 286  524
 493  861
 350  581
 493  572
 352  572
 352  732
 352  550
 350  605
 276  681
 423  550
 423  756
 423  537
 497  756
 423  847
 423  689
 316  689
 316  964
 423  642
 398  642
 142  537
 276  955
 385  807
 385  646
 220  646
 385  778
 220  950
 282  950
 385  971
 443  971
 200  581
 408  572
 408  979
 408  641
 486  641
 486  869
  42  641
 497  823
 397  714
 260  573
 201  807
 429  628
 322  967
   9  891
   9  794
  27  794
  27  629
  71  629
 453  629
 453  999
  36  629
  36  956
 234  629
 234  691
  47  691
 429  684
 471  645
 431  688
  45  688
 351  699
 259  873
 259  909
  50  909
  86  664
  31  664
  31  801
  24  801
 495  801
 476  801
  24  990
  24  780
  73  780
 186  780
 186  518
 186  981
 498  981
  32  518
  32  513
 507  518
 476  624
 216  801
 216  736
 305  736
 109  736
  33  736
  33  553
 189  553
 189  977
 337  736
 337  941
 278  941
 337  858
  44  858
  44  589
  44  901
 252  901
  49  901
 278  525
 506  525
 216  747
 228  747
 233  747
 233  816
 404  816
 129  816
 129  809
 106  809
 404  878
 239  878
 233  712
 158  712
 158  658
 233  731
 233  700
 273  731
 177  525
 109  587
 321  587
 321  744
 321  630
 321  928
 118  928
 118  566
  21  566
 118  774
 118  960
 476  516
 214  516
 214  675
 447  675
 447  755
 432  587
 303  589
 303  991
  84  750
  22  642
  39  775
   9  739
 292  552
 292  961
 329  961
 329  669
 400  669
 400  514
 218  514
 176  956
  34  907
 340  764
 281  764
 281  954
 124  665
 381  877
 366  654
 366  735
 366  687
  30  735
  30  522
 190  775
 190  586
 342  586
 504  586
 342  544
 504  855
 478  855
 425  855
 425  843
 478  836
  11  843
  11  666
  11  763
 313  666
 313  558
 127  558
  56  558
  56  588
 163  588
 163  958
 215  855
 303  831
 117  710
 101  547
 168  611
 168  737
 462  737
  29  649
 332  649
 457  918
 457  557
 126  557
 126  805
 126  832
 368  832
 444  815
 236  511
 236  627
 323  627
 323  854
 323  895
 257  792
  65  792
 489  974
  87  974
  87  808
 100  808
  87  577
 328  808
 125  816
 125  602
 425  686
 320  929
 320  984
 480  984
 289  984
 189  721
 494  721
 254  721
 267  942
  53  967
  53  528
 469  528
 253  837
 209  837
 267  662
 500  662
 500  711
 147  711
 147  556
 271  556
 231  556
 231  833
 361  954
 361  952
 334  952
 334  617
 244  617
 407  617
  15  543
 234  935
  41  935
 351  900
 167  900
 167  546
 473  546
 316  622
 346  988
 346  637
 477  637
 477  776
 156  744
 156  539
 483  766
 483  676
  14  676
 217  620
 217  715
 213  715
 213  571
 217  753
 437  753
 198  753
 476  767
 386  767
 256  767
 256  582
 365  767
 365  757
 365  915
 150  517
 357  539
 483  825
 405  946
 136  946
 387  946
 387  719
  55  723
  55  580
 471  742
 376  742
 376  769
 346  560
 204  560
 321  519
 269  519
 428  795
 428  644
 312  644
  12  644
 165  644
 165  597
 312  667
  36  536
  11  709
 370  745
 339  682
 440  732
 468  849
 188  849
 336  849
 188  520
  62  520
 336  720
 308  720
 308  819
 137  720
 137  730
 499  849
 188  781
 242  765
 242  865
 242  864
 319  798
  24  885
 143  885
 143  966
 160  966
 367  966
 160  835
 257  741
 470  741
 470  902
 166  741
 159  741
 326  806
 313  938
 296  938
 296  545
 344  545
 344  839
 291  540
 291  947
 209  894
 325  894
 147  746
 474  705
 170  705
 240  705
 472  671
 472  986
  74  986
 300  986
   2  908
   2  634
   2  917
 202  917
 102  634
 102  848
 132  917
 102  563
 377  563
 377  538
 202  574
 104  917
 132  777
 148  777
 212  922
 212  803
 366  651
  61  651
 482  651
  96  651
  96  542
 454  542
 454  625
 454  899
 302  625
 302  903
 302  527
  37  527
 459  527
 459  796
  37  881
 222  881
 222  793
 222  879
 178  793
 178  717
 349  796
 349  959
  59  527
  59  790
  59  579
 349  931
 482  845
 223  845
  72  945
  93  945
  93  600
 294  600
 294  595
 294  914
 174  600
 174  841
 174  771
 226  771
 130  841
 130  551
 232  595
 210  795
 336  842
 287  842
  97  842
 475  842
  16  754
 327  881
 151  545
 153  630
 170  631
 389  631
  76  631
 384  614
 199  789
 218  733
 347  733
 347  783
 139  544
 242  718
 397  690
 433  721
 433  575
 114  575
 114  863
 442  566
 442  852
 442  569
 145  852
  34  884
 243  884
 138  884
 138  968
 138  673
 138  609
 301  884
 301  800
 387  980
 356  980
 356  786
 356  660
 229  660
 229  743
 263  743
 191  660
 110  941
  17  858
 186  607
 331  848
 331  748
  11  592
  18  592
  18  923
   8  592
 180  592
 220  921
 161  670
  54  670
  54  695
 335  695
 485  670
 485  814
 421  814
 485  702
 435  702
 355  695
 355  953
 354  635
 507  970
 426  970
 388  715
 435  661
 460  661
 460  994
 338  819
 338  887
 149  887
 502  901
  10  581
 410  959
 427  724
 507  594
 467  594
  43  562
 315  562
 315  920
 487  920
   7  717
  62  576
   6  581
   6  985
   6  870
 162  851
 162  623
 298  623
 162  509
 188  933
 378  782
 288  782
 254  989
 116  574
 358  595
 358  656
 295  656
 373  962
 340  585
 245  797
 416  720
 416  813
 390  713
  88  722
 131  843
 131  655
 131  810
 187  810
 187  876
 320  534
 337  937
 452  709
 418  597
  68  957
 396  873
 396  613
 396  785
 419  785
 405  726
 279  726
 279  844
 492  844
 168  978
 172  978
 172  740
 317  740
 434  925
 434  867
 456  596
 456  590
 456  898
  63  545
 247  531
 411  716
 422  772
 362  918
 440  515
 222  610
 508  955
  20 1000
  20  987
 251  901
 137  677
 224  677
 224  965
 224  696
 224  817
 451  817
 451  653
 265  653
 123  653
 123  860
 123  846
 502  762
 325  997
 348  544
  35  992
 445  992
  58  874
  51  769
 424  650
 112  957
 431  940
 171  997
 171  616
 391  616
 248  872
  59  982
 305  615
 272  615
 272  822
  25  822
 438  822
 438  889
 354  583
 364 1000
 364  859
  67  859
  67  659
  67  850
 293  850
  13  566
 262  775
   3  595
   3  626
  19  626
  19  568
  19  698
 361  554
 382  554
 127  812
  79  812
 439  638
 213  853
 503  760
 235  542
 241  945
 412  647
  40  802
 441  793
 163  703
 218  773
 207  623
  78  774
 356  701
  80  643
  85  643
 193  997
 193  824
 246  742
 126  784
 174  998
 320  799
 343  904
 343  738
 210  787
 230  977
 431  697
 218  555
 211  555
 451  564
 121  564
 448  996
 448  541
 392  541
 219  541
 392  591
 436  591
 436  944
 113  944
 505  591
 505  828
 179  634
 179  604
  94  654
  45  599
 129  652
 383  987
 333  693
 177  943
 318  529
 133  957
 490  588
 184  985
 193  752
 313  639
 479  570
 364  826
 141  549
 274  612
 222  578
 342  804
 181  804
 429  657
  26  687
  26  685
  26  584
 257  913
 299  913
 299  871
  28  877
 415  557
 415  619
 219  663
 154  671
 430  899
 177  926
 111  615
 277  603
  59  708
 347  963
  47  973
  83  621
  83  951
 264  570
 311  835
 288  830
 374  888
 134  884
 481  718
  23  940
 265  880
 380  880
 380  530
 140  530
 310  983
  39  565
 324  659
 345  921
 345  761
 369  921
 393  590
 393  890
 113  856
 414  794
 123  911
 175  871
  52  677
  38  599
 164  915
 164  678
 484  862
 407  692
 205  678
  71  668
 445  892
 119  703
 119  532
 275  683
 227  584
 193  749
 269  924
 146  510
 488  845
  89  681
  69  725
  91  917
  46  805
 203  634
 360  784
  55  883
 491  543
 372  976
  98  648
  83  905
 225  897
