 499  501    1250
 110  644
  66  599
 282  577
 498  928
 401  810
  72  675
 271  619
  14  843
 180  746
  34  957
 270  556
 403  611
 118  682
 235  619
 287  502
  14  673
 414  803
 339  984
 194  716
 216  596
 483  786
 156  534
 118  869
 145  575
 268  908
 269  635
 390  805
 357  621
 495  931
 112  743
 296  542
 253  681
 376  653
 495  821
 368  525
 358  701
 359  669
 175  819
 140  772
  79  872
  21  649
  36  861
 358  777
  23  702
 476  981
  62  838
 188  529
 183  609
 120  749
 119  529
 126  664
 407  868
  77  998
 201  542
 450  556
 280  934
  87  575
 393  900
 300  648
 292  919
 104  686
 108  808
  57  718
 360  609
 321  755
  13  617
  19  589
 335  710
 266  804
 349  906
 335  918
 435  746
 447  977
  21  747
 452  630
 316  534
 322  512
 499  925
 402  549
 278  707
 357  507
 360  879
 297  655
  65  662
 242  531
 463  584
 136  984
 192  884
 182  698
 151  591
 476  984
 429  639
 173  862
 209  624
 465  838
  76  814
 186  994
 415  583
 185  642
 113  679
 253  539
 346  732
  66  696
 432  503
 486  599
  23  722
 127  623
 421  627
 493  664
  71  744
 176  757
 145  846
 258  684
 470  651
 261  653
 263  537
 186  537
 329  723
  98  662
  79  708
 140  884
 441  814
 262  813
 210  716
 270  595
 201  854
 336  636
  71  726
 239  712
 120  735
 242  753
 439  582
 452  865
 224  742
 261  903
 467  722
 202  587
 406  881
 342  995
   7  606
 108  882
 243  662
 364  927
 337  636
 147  707
 319  521
 467  694
  42  983
 273  564
  99  796
 479  519
 274  977
 349 1000
  32  905
 210  516
 281  662
 376  884
 341  608
 118  885
 251  699
  42  678
 349  733
 390  964
 218  752
 151  713
 385  561
 420  903
 457  605
  76  569
 248  632
 252  641
 446  742
 255  936
  70  949
 404  729
 383  597
 215  898
 175  682
 396  717
 317  920
  78  631
 167  911
 125  635
 252  742
 329  615
  87  513
 424  953
 224  624
 328  850
 176  558
 421  797
  27  643
 136  824
 392  547
 143  731
 203  802
  80  658
 193  700
 321  534
 459  543
 194  997
  60  673
  86  913
 431  621
 275  633
 257  691
  48  611
 232  731
 420  794
 459  874
 108  786
 450  987
 488  882
  33  571
 282  931
  92  590
 282  911
 416  901
 438  906
 291  960
 376  780
 241  819
 275  866
  38  562
 328  818
  66  634
  96  924
  15  601
  36  545
 398  954
 451  816
 314  969
  15  500
 338  895
  82  862
 164  983
 204  535
 169  987
  59  868
  35  823
 198  774
 498  796
 328  779
 490  888
 471  757
 217  644
 211  739
 320  743
 453  659
 414  830
 342  895
  41  971
  79  971
 193  971
 193  800
 176  800
 176  568
 299  568
 170  568
 176  789
 457  800
 457  706
  61  789
  61  743
 130  743
 207  743
 207  853
 431  853
 431  560
  43  560
 463  853
 133  853
 133  509
 133  823
 193  777
 297  823
 297  843
 297  695
 140  695
  59  695
 133  917
 274  695
 140  699
 368  706
 368  597
 453  597
 453  524
 365  524
 365  709
 305  524
 453  822
 368  959
 368  654
 271  654
 422  654
 422  664
 312  654
 312  758
  62  822
 271  589
  62  974
 264  974
 264  723
 264  602
 257  723
 257  808
  59  603
 185  723
 185  884
 475  884
 463  941
 325  941
 292  853
 292  619
 162  619
 162  794
 162  798
 292  990
 330  990
 162  516
 136  516
 136  915
 345  915
 345  652
 294  652
 345  821
 136  502
 345  760
 190  502
 190  692
 109  692
 349  692
 190  832
 108  832
  98  832
 108  520
 481  760
 481  817
 253  652
 253  545
 172  545
 253  621
 426  621
 481  852
   9  852
  94  990
  98  919
 426  957
 108  708
 296  708
 296  869
 304  869
 304  633
 157  633
 356  869
 356  681
 356  726
 351  726
 351  660
 214  660
 228  660
 228  910
 228  577
 214  901
  81  660
  81  793
 165  726
 156  869
 156  868
 156  895
 143  895
 143  682
 289  682
 143  888
  65  888
  65  729
 490  729
 289  579
 289  707
 367  707
 367  604
 397  604
 367  646
 261  646
 261  590
 412  590
 412  940
 382  646
 412  553
 417  553
 180  553
 180  913
   4  604
 131  913
 417  749
 227  749
 412  697
  40  697
 209  940
 408  707
 408  929
 319  553
 417  674
 180  650
  60  650
 323  650
 323  666
 323  575
 144  575
 255  575
 255  861
 467  861
 125  575
 467  815
 187  861
 432  861
 467  916
 260  815
 144  691
 100  691
 100  810
 254  810
 254  740
 132  740
 254  880
 315  880
 315  561
 126  561
 126  613
 132  745
 315  533
 355  533
 355  511
 222  511
 222  834
 355  728
 273  511
 273  629
  24  728
 282  728
 282  689
  37  689
 309  689
 378  740
  60  744
 433  744
  10  744
  10  651
 377  575
 377  850
 377  703
 377  595
 151  595
 151  872
  44  872
 171  834
 101  650
 101  705
 113  705
  47  740
 110  595
 391  629
 391  518
 283  821
 294  513
 359  513
  10  505
 179  505
 179  923
 179  769
 472  923
 472  622
 364  923
 364  608
  86  608
  86  806
 278  806
 278  573
 415  608
 278  746
 329  608
 483  923
 483  960
 417  640
 151  985
 231  919
 160  726
 160  725
 185  567
 160  751
 162  669
 483  918
 223  918
 436  918
 436  647
 436  732
 132  939
 313  939
 451  939
 451  938
  46  971
  46  551
 361  800
 489  884
 489  563
  36  563
  36  875
 463  951
 316  951
 316  625
 385  579
 462  625
 462  735
 284  735
 465  735
 284  790
 434  735
 434  774
 424  774
 434  611
 210  611
 414  774
 434  966
 434  643
 461  643
 434  935
 360  774
 210  977
 414  655
 414  999
 462  994
  50  994
  15  994
  15  592
  15  630
  15  932
  15  527
  50  833
 124  833
 124  958
 124  538
  22  538
  95  833
  95  989
  53  527
 405  735
 405  679
 156  776
 357  640
 474  655
 474  750
 474  759
 246  759
 246  549
 321  549
 321  998
 300  549
 300  787
 446  998
 446  986
 350  986
 350  903
 400  998
 250  903
 246  879
 292  772
 341  989
 488  929
 311  901
 294  543
   3  543
   3  871
 268  871
   3  738
 178  738
 178  828
 277  524
 277  656
  77  745
  95  996
 137  996
 137  969
 202  969
 202  771
 386  771
 386  962
 202  615
 202  978
 202  922
 248  996
   7  615
   7  955
 119  955
   7  515
 137  677
  39  677
  39  811
 339  811
 339  796
 141  677
  34  677
 482  962
 482  593
 482  638
 339  639
  84  638
  84  721
 339  912
  71  912
 328  912
 328  835
 339  514
 370  811
 268  718
 167  718
 167  713
 121  718
 440  713
 440  965
 420  713
 420  534
 334  912
 334  714
 334  570
 439  570
 167  870
  58  870
 237  613
 211  910
 211  814
 211  698
 443  533
 443  973
  21  973
  21  600
  21  670
 118  670
 118  956
 106  600
 106  762
 383  762
 383  565
 383  842
 104  762
 324  600
 324  847
 324  931
 441  847
 251  847
 251  632
  78  632
 251  807
 324  711
 486  711
 114  711
 114  517
 114  945
 285  945
 114  618
 233  618
 441  844
 163  844
 163  722
  97  722
  97  816
  97  616
 469  722
 354  816
 241  616
 241  766
  18  722
  18  662
 233  748
 470  748
 470  970
 470  747
 496  747
 496  857
 373  769
 361  522
 298  522
 298  687
 229  687
 298  628
 123  628
 142  628
 123  783
 384  518
 384  588
  52  588
 484  588
 484  780
  57  588
  52  873
  52  587
 484  856
 344  978
   4  734
 191  734
 495  734
 166  957
 424  839
  25  839
   9  564
 331  613
 331  645
 111  645
 331  653
 338  662
  95  627
 460  627
 460  876
 326  876
 348  627
 340  627
 204  876
 204  859
 497  859
 288  627
 288  510
 343  510
 343  775
 265  510
 265  982
 288  893
 376  893
  87  876
  87  731
  93  859
  93  818
  96  818
 428  818
  90  818
 406  818
  93  991
 428  797
 135  818
 343  883
  93  897
 411  897
 411  665
 411  624
 206  624
 206  572
 122  624
 340  841
  66  841
  66  830
 466  830
 269  595
 269  770
 325  899
 194  899
 194  642
 205  642
  38  835
 450  793
 376  631
 412  739
 280  739
 280  928
 208  928
 129  928
 208  877
 374  877
 374  838
 418  838
 418  863
   2  838
   2  765
  20  765
  20  584
 280  672
 327  672
 287  863
 319  539
 220  682
 433  637
 224  513
 224  737
 366  737
 219  737
 491  830
 491  736
 491  724
 494  724
 337  736
 494  890
  46  937
 270  656
 270  997
  79  756
 242  756
  72  756
  33  790
 109  952
 232  630
 232  851
 232  782
 270  905
  73  989
  73  801
  73  889
 404  916
 240  941
 240  860
  14  860
 238  505
  33  887
 375  653
 375  715
  74  715
 300  576
  92  576
  92  546
 213  576
 319  501
 225  501
 100  921
  31  921
  31  804
  68  985
  68  968
  19  968
  19  882
 272  882
  19  720
 177  720
 358  945
 260  950
 266  560
 485  810
 175  622
 175  528
 216  565
 216  784
 152  784
 464  784
 464  733
 487  733
 487  846
 487  742
 476  637
  89  968
  89  644
 452  644
 452  659
 240  954
 236  954
 236  601
 247  650
 247  693
 247  936
 247  812
  85  936
 156  712
 199  889
 199  865
 398  865
 479  553
 479  849
 479  943
 479  555
 383  779
 347  779
 347  995
 115  995
 115  845
 447  922
 447  702
  64  816
  64  648
  64  896
 256  903
 256  582
 168  582
 168  878
 369  878
 423  582
 423  610
 283  813
 496  983
 402  983
 402  949
  88  949
 215  520
 215  946
 116  946
 429  946
 215  892
 429  607
 290  607
 262  607
 262  535
 331  874
 425  522
 425  521
 425  795
 308  795
 102  521
 194  717
 118  519
 465  785
 132  552
 489  673
 290  583
 318  583
 118  635
 393  960
 393  617
 499  958
 499  987
 235  987
 235  754
  93  866
   7  791
 402  685
   8  685
  19  585
  29  585
  29  719
 155  844
 155  927
 452  867
  38  678
 468  593
 245  603
 126  550
 195  777
 195  761
 362  631
 131  531
 212  531
 212  532
 437  545
 310  611
 310  788
 388  869
 154  619
  85  686
 288  500
 138  500
 138  668
 456  500
  23  776
  91  627
 371  721
 371  902
   1  902
   1  676
   1  612
 460  944
 103  987
 394  630
 394  826
 457  805
 180  930
  55  514
 477  501
 246  947
 246  700
 426  825
 320  650
 404  926
 311  819
 442  819
 150  819
 442  507
 266  599
 281  599
 114  688
 218  647
  82  754
 189  918
 189  836
 189  924
 189  993
  80  839
 105  737
 105  961
 128  646
 128  942
   5  939
 198  775
 238  512
 289  598
 354  767
 492  767
 253  591
 431  606
 230  847
 106  694
 302  694
 302  523
 380  724
 481  855
 338  701
  72  848
 267  957
  14  566
  40  837
 130  781
 458  781
 458  710
 458  671
 295  718
 292  504
 261  858
 146  858
 146  574
 458  609
 456  829
 455  829
  11  736
  11  933
  35  774
 449  848
 449  831
 136  757
 373  657
 409  657
 399  631
 399  792
 444  944
 342  935
 342  799
 303  857
 186  772
 168  824
   2  690
 430  579
 430  526
 174  526
 430  820
 174  778
  16  778
 217  879
 333  941
 333  586
 333  907
 445  896
 445  605
 336  577
 336  683
 173  725
 173  980
 379  980
 478  960
 478  972
 475  906
 145  906
 493  743
 493  636
 395  636
 250  623
 243  623
 182  623
 453  578
 381  694
 381  641
 381  540
 261  802
 285  984
  76  984
  76  763
 251  569
 221  941
 330  768
 164  637
 114  911
  12  622
 333  786
 363  706
 363  559
 261  730
 132  580
 389  580
 249  766
 390  836
 462  530
 127  530
 196  555
 143  900
 120  900
  32  969
  26  910
 375  862
 149  605
 133  547
 201  806
 201  548
 259  815
  54  522
  91  594
 416  966
 236  661
 181  771
 181  741
 322  748
 276  787
 234  900
 469  727
 188  780
 427  568
 119  963
 226  690
  30  771
 139  812
  26  925
 254  967
 291  759
  80  634
 473  634
 350  908
 319  537
  28  500
 158  736
 442  541
 396  549
 313  684
 261  934
 279  934
 486  696
 325  988
 241  663
 469  581
 307  745
 489  562
 421  676
 404  809
 498  809
 112  573
 137  536
 410  761
 410  914
 410  885
  59  667
 192  667
 192  704
 153  515
 153  840
 153  909
 153  854
 346  854
 229  680
 279  626
 387  719
 227  827
 184  697
 401  903
 346  658
 330  886
 159  515
 169  939
  56  646
   7  975
 194  964
 136  542
 459  785
  49  941
 412  753
 453  755
  70  755
 301  922
 424  649
 108  506
 148  513
   2 1000
  63  899
 142  571
 161  571
 161  544
 421  976
   6  539
 448  575
 376  716
 403  941
 260  557
  42  537
 413  729
 456  752
  75  619
 183  938
 244  572
 117  762
 106  920
 306  987
 392  625
 378  596
  99  596
 208  764
  67  764
 485  554
 263  554
 335  554
 353  554
 203  554
 418  881
  17  849
  77  675
 471  984
 197  912
 237  525
 344  992
 117  891
 239  650
  51  690
  51  556
 289  529
  69  667
 335  803
 314  650
 314  620
 134  620
 286  620
 169  503
 443  948
 454  667
 419  792
 275  524
 288  558
 158  981
 138  614
 317  888
 330  508
 332  508
 135  894
 480  997
 293  711
  45  990
  45  979
  27  776
 438  623
 435  672
 200  528
  13  819
 147  570
 469  773
 407  993
 407  904
  13  898
 342  864
 495  953
 107  646
  48  947
 352 1000
 258  811
 252  709
  83  686
 372  664
