 404  396    2000
 172  619
  98  534
  41  660
  48  428
 136  540
 377  508
 389  464
 323  729
  28  605
 100  767
 147  714
 255  711
 236  634
 342  541
 183  519
 328  434
  40  786
   2  512
 356  572
 156  420
 377  722
 386  749
 163  689
 170  503
 251  551
 153  762
 116  701
  78  409
 113  464
 259  555
 140  753
   5  735
  61  495
  46  496
 142  743
 154  592
 402  466
 363  674
  55  479
  10  793
 317  529
  92  623
 232  760
 204  503
 106  464
  21  697
 121  552
 360  645
   7  413
  17  494
 259  453
 155  421
  76  426
  15  409
  11  464
 221  671
 201  777
 150  655
 140  540
   6  574
  18  516
 327  659
 168  493
 385  442
  57  556
   3  445
 209  614
  89  438
 189  618
 125  514
  72  677
 212  762
 367  556
 147  670
 154  777
 202  643
 128  502
 211  413
 197  688
  25  516
  54  738
 181  683
 321  789
 223  440
 360  787
  57  546
 347  618
 140  518
 333  655
 313  416
 377  629
  45  702
 333  691
 349  454
 223  548
 216  735
 372  547
 300  790
 175  416
 236  438
 396  405
 381  457
 297  634
  98  582
 342  608
  28  693
  95  681
 228  490
 137  675
 181  531
 127  583
  19  560
 348  794
 180  726
 220  736
 275  510
 304  457
   9  502
 134  702
 211  599
 294  738
 375  516
 190  740
 378  681
 117  600
 285  434
  51  790
 183  784
  41  791
 154  473
 197  731
 149  654
 279  552
  83  647
 198  617
 244  588
 150  717
 233  452
 183  643
 150  523
 343  575
 404  407
  99  710
  41  754
 148  533
 114  443
 245  776
 315  471
 350  526
 149  551
 234  552
 181  740
 304  505
 400  581
  11  438
 278  748
 392  765
  66  484
 349  684
 265  561
 280  794
 345  542
 333  545
 309  559
  48  740
 351  735
 299  572
 234  768
  37  710
 275  796
  41  478
 193  688
  25  703
 320  522
 273  629
 256  591
 135  567
  13  533
 295  532
  73  671
 238  600
  66  733
 230  694
 201  575
 222  791
 124  782
  62  483
  77  517
  48  598
  41  721
 264  554
 328  423
  33  456
 160  562
 116  413
 323  627
 303  668
 188  651
 294  446
 197  556
 139  655
 271  622
  16  432
  89  685
 268  783
 280  539
  64  660
 172  471
 371  656
 299  763
 336  744
 396  784
 303  504
  43  755
 334  424
 224  733
  75  431
 358  512
   8  692
 338  713
 212  532
 204  607
   8  678
 154  726
  76  626
  67  446
 309  742
 141  707
 271  756
 102  523
 347  718
 311  548
 120  493
   8  561
 100  714
 375  776
 319  788
 350  682
  13  673
 276  683
 275  633
 285  547
 384  614
 331  686
 162  643
  70  520
  46  660
  20  573
 179  778
 323  740
 299  679
 129  800
 147  715
 274  408
 310  797
  24  496
 281  605
 267  666
  13  575
 322  488
  43  499
  31  518
 144  457
  96  565
 162  662
 329  757
 333  572
 316  435
  63  420
 343  743
 161  516
 263  494
 208  720
 281  589
 195  412
 176  754
 309  606
 208  734
 330  704
 303  411
  49  646
 357  509
 185  788
 299  554
 219  601
 324  709
 313  765
 144  619
 297  567
  38  715
 107  678
   5  675
  87  747
  53  549
  18  582
  93  665
 208  725
 248  619
 254  451
  12  641
 312  655
  74  579
 279  515
 397  585
 364  632
 175  792
 396  573
  84  704
   7  690
 129  527
 230  597
  19  473
 316  469
 242  616
 112  624
 377  526
  93  485
  70  580
 300  709
  52  629
 350  764
 116  556
 182  414
 151  515
 162  558
 243  557
 105  409
  56  593
 211  547
 209  462
 232  630
 108  732
 380  592
  98  511
 282  493
 238  716
 171  555
 333  774
 321  502
 233  715
 394  446
  29  425
 251  684
  60  474
 209  442
 112  524
 346  407
 258  619
 158  476
 150  674
  66  446
 184  704
  73  546
 292  737
 146  617
 307  652
   5  625
 386  556
 113  460
 121  414
 268  517
 283  627
 266  427
 261  767
 212  510
  42  517
 259  609
 163  713
 218  593
  42  774
 365  502
 126  737
 300  719
  22  630
 247  456
 268  449
  22  415
 132  677
  85  754
 111  652
  88  559
 185  751
 190  625
 101  660
 143  586
  98  505
   1  692
 285  666
  25  573
 291  494
 270  541
  29  413
  97  544
 280  693
 200  761
 125  591
 185  625
 200  766
  60  701
 316  444
  45  676
 242  610
 250  791
 232  414
 293  425
 342  576
 103  459
  79  587
  28  574
 176  620
 266  502
  34  730
 224  490
 386  720
 289  632
 346  445
 290  791
 174  455
  86  745
 377  482
  12  669
 164  406
 210  734
  70  792
  10  697
 117  417
 285  533
   2  523
 383  422
  95  525
  73  455
 143  764
  16  561
  43  556
  39  776
 223  491
 393  728
  20  788
 309  557
  76  776
 361  781
  18  747
 146  662
 304  526
 294  465
 231  602
 252  428
 205  586
 379  598
 279  624
   7  770
 200  409
 351  740
 385  758
 175  725
 144  542
 174  645
 168  647
 368  445
 331  537
 172  422
  68  511
  52  602
 191  490
 113  685
 288  743
  25  631
 225  777
 329  781
 162  494
 299  664
 381  736
 156  641
 252  721
 378  605
  59  558
 378  593
  88  473
 384  651
 400  455
  19  540
 232  439
 247  799
 192  582
 275  596
 371  771
 124  544
 152  792
 196  503
  33  482
 349  767
 191  617
 222  708
  51  567
 235  521
  60  529
  15  563
   1  794
 242  519
 160  651
 121  593
  91  775
 329  788
 299  454
  51  704
 385  668
 277  687
 234  683
 228  701
 349  780
 170  760
 233  485
 266  416
 287  784
  59  787
 404  752
 181  510
 266  787
  63  797
 237  550
 161  505
 110  770
  57  452
  41  473
 204  549
 229  419
 280  604
 308  648
 372  755
 319  466
 393  513
  91  453
 295  425
 209  457
 285  470
  17  524
 340  565
 293  452
 148  661
  27  413
 143  769
  98  566
   6  789
  20  431
 181  750
 211  487
 366  727
 294  485
 299  738
  60  692
  19  491
  56  462
  27  443
 166  555
 112  796
 292  668
  35  607
 358  660
 382  655
 290  587
 321  688
 232  580
 256  565
 160  618
 366  491
 259  655
 371  482
 286  727
 168  569
   9  436
 160  590
  63  478
 344  500
 213  509
  23  515
 191  593
 209  495
 188  484
 292  617
 121  648
 205  690
  89  464
  34  423
  11  480
 390  715
  46  730
 369  587
 355  739
 266  775
  31  799
 153  602
 152  690
 382  781
 402  681
 255  474
 159  712
 250  737
 345  537
 184  655
 296  619
 205  448
 377  599
  65  594
 135  769
 382  456
  80  545
 181  524
 317  523
 298  738
 256  615
 247  715
 281  659
 118  591
   4  614
 240  471
 134  507
 112  462
  23  737
 240  503
 281  445
 156  687
 320  446
 143  798
 174  530
 402  582
 183  584
 223  780
 136  496
 329  677
 245  490
 260  561
 101  570
 203  673
   7  665
 192  644
 329  762
  87  413
 109  545
 272  571
  22  593
 195  408
 309  686
 354  429
 265  706
  92  496
 374  509
 395  683
 253  744
 162  461
 137  772
 164  639
 381  462
 336  586
 279  415
 176  738
 111  452
 390  585
  83  531
 399  485
 172  769
 323  597
 227  535
 341  428
  57  593
 290  425
 191  426
  85  582
 367  731
 360  642
 163  422
 103  685
 130  611
 189  746
  20  511
 239  765
 353  502
  49  574
 263  482
  68  447
  75  542
  62  772
  79  684
 281  645
 197  657
 384  769
 317  710
  37  631
 257  422
 105  545
 320  423
  36  716
 391  748
  17  541
  74  491
  74  477
 158  728
  46  589
 334  626
 105  701
 204  439
 160  587
 347  707
 263  426
 161  457
 375  758
 276  612
 107  578
 266  734
 240  406
 214  684
 393  551
 375  422
 213  408
 180  616
 158  765
  80  538
 216  766
 402  641
  11  693
 307  571
  29  499
 212  585
 105  791
 206  480
 402  541
  13  515
  88  694
 309  431
  53  429
 380  421
  31  529
 230  659
 185  617
 334  429
 179  701
 116  523
 168  772
 153  467
 223  717
  15  702
 236  613
 231  411
 314  669
 235  527
 275  714
  41  527
 372  625
  22  417
 209  419
  33  476
  54  496
 158  791
  25  720
 249  591
  31  605
 304  646
 278  759
 260  785
 366  734
 191  485
 194  790
 400  714
   8  675
 345  502
 334  646
 249  623
 134  541
 312  539
 357  410
 314  530
  17  768
 299  630
 124  634
 326  663
  62  669
  90  537
 114  645
 318  686
  55  644
 340  571
 176  597
  62  678
 294  598
 304  751
 324  669
 187  504
   1  775
 343  499
 381  517
 247  486
 125  455
 399  611
  56  486
 102  663
 378  500
 103  716
 257  497
 235  636
 155  561
 305  714
  76  639
 218  635
 211  576
  22  418
 317  435
 324  749
 248  551
 163  777
  21  533
 142  646
 154  513
 253  773
  18  798
  73  710
  18  444
 292  598
 334  595
 267  524
 335  535
 121  495
   3  758
 268  664
 160  533
  93  534
 171  659
 348  763
 261  537
 253  682
 148  651
 169  577
 136  594
 101  607
 220  519
 367  680
 311  451
 289  415
  79  588
 401  609
 360  563
 227  524
   7  454
   4  522
 183  511
  98  574
  49  428
 227  639
 349  534
 378  689
 181  604
 365  428
 284  468
 271  747
 366  605
 278  522
 213  494
 123  578
 346  687
 388  430
  95  644
 300  684
  37  678
 165  613
 101  510
 394  720
 220  553
 320  421
 334  704
 170  462
 139  754
 276  687
  88  539
 236  700
 289  436
 196  527
 291  615
 233  779
 367  768
 386  492
  22  773
 362  574
  24  639
 191  482
  35  733
  88  579
  50  693
 396  675
  76  780
  36  618
 137  563
  34  595
 258  680
 237  601
 191  703
 143  422
  64  474
  96  405
 219  786
 233  706
  14  414
 123  759
  86  582
 290  730
 237  557
 319  507
 245  426
  27  739
 402  544
 346  457
 385  506
  43  597
  95  625
 183  552
  75  682
 196  698
 125  475
 304  747
 240  578
  13  640
 242  635
 328  573
 356  516
 379  467
 183  670
 386  797
 142  676
 190  608
 331  442
 383  624
 278  584
 385  600
 141  570
  60  427
   5  467
 112  637
 123  413
 253  571
  80  512
 200  459
 369  465
 123  702
  79  768
 116  459
 398  516
 340  645
 360  482
 325  716
 288  798
 388  624
 312  622
 399  777
  52  505
 175  700
 303  610
 247  787
 359  412
 211  467
  99  658
 135  703
 208  554
 219  797
 146  424
 163  483
  55  798
 286  659
 363  589
  46  685
  47  754
 254  799
 209  565
 149  438
 197  780
 290  513
  53  612
 268  765
 295  782
 144  748
 313  616
  13  606
 173  742
 225  792
 347  647
 100  506
  16  650
 330  406
  60  449
  19  797
 304  513
   5  704
 277  790
 375  588
 363  769
 126  551
 404  790
 331  771
   2  452
  33  740
 319  479
 392  749
  57  672
 135  430
  13  674
 397  411
 385  530
 369  493
  78  468
 200  576
 267  505
 252  758
 229  678
 170  501
 214  665
 276  571
  65  448
  41  785
 357  698
 125  521
 364  516
  69  455
  69  749
 385  579
 219  660
 309  456
 318  574
 152  735
 266  797
 356  759
 343  467
 334  482
  27  678
 327  506
  25  692
 305  486
 250  743
 286  774
 213  613
 197  517
  85  473
 393  791
 276  700
 373  503
 155  437
 209  589
 266  631
  49  689
 158  532
  42  665
 196  679
 223  526
 200  428
 207  704
  77  573
 169  448
 169  666
 317  522
 345  635
 143  761
 389  731
 288  644
  67  544
 181  461
 190  603
 402  705
 128  599
 287  682
  40  568
 243  495
 131  688
 101  409
 354  438
 107  632
 159  775
 105  694
 201  786
 278  783
 232  786
 174  462
 137  599
 187  529
 184  592
  98  447
 366  742
 259  469
  84  447
 266  621
  95  755
 201  754
  18  436
 277  526
 124  561
 225  537
 178  518
  20  641
 306  772
 224  499
 187  800
 107  646
 122  784
  14  721
  50  503
 282  498
  87  406
 245  442
  21  726
 310  500
 243  598
 234  764
  43  675
 313  461
 262  735
  40  629
  22  407
  29  690
 383  704
 275  524
  17  521
 346  726
 282  568
 334  767
 276  617
 399  654
 341  630
 277  467
 350  702
 351  528
 311  733
  92  676
  63  491
   6  687
 331  410
 340  735
 368  527
  77  623
  76  665
  10  470
 214  752
  41  464
 329  689
 206  660
  76  571
 242  758
 108  625
 136  778
 348  517
 319  550
  20  639
 123  694
 363  781
 243  741
 248  773
 337  661
 272  510
 339  438
 215  676
 228  575
 177  584
 110  609
 331  668
  96  773
 210  634
  49  784
 391  581
 306  520
 158  671
 307  658
 336  492
  10  517
  62  478
 404  717
  29  770
  41  429
 170  712
 275  682
 399  708
  77  523
 335  577
 323  510
 298  695
 209  712
 265  509
  86  570
 399  470
  93  795
 326  635
  47  451
 289  529
 273  495
  43  663
 391  450
  62  677
 306  536
 208  480
 111  763
 242  601
 141  556
 133  427
 305  675
 347  463
 203  687
 142  567
  73  711
 278  697
 197  607
 142  607
 142  789
 108  789
 216  789
 216  510
 352  510
 352  777
 303  777
 303  644
  61  644
 216  757
 102  777
 102  406
 396  406
 317  406
 317  727
 396  800
 172  800
 172  550
 317  631
 180  631
 180  528
 236  528
 236  463
  17  463
 388  528
 388  764
 388  484
 149  484
 149  613
 388  659
 211  484
 211  748
 236  750
 285  484
  64  750
  64  411
  18  411
  18  565
  18  625
  79  625
  18  619
  79  618
  18  431
 257  431
 364  431
  79  694
  52  411
  52  444
 134  444
 260  444
  52  702
  52  773
 232  773
  52  709
 135  773
 260  577
 342  773
 342  752
  40  752
  40  657
 404  657
 404  477
 404  739
 404  667
 219  709
 128  709
 128  580
 343  477
 343  594
 153  667
 289  594
 219  561
 134  506
 200  580
 200  421
  16  421
 135  568
 196  444
 196  464
 324  464
 324  683
 288  702
 288  425
 258  425
 258  500
  49  425
 258  624
 231  425
 203  624
 203  642
 283  642
  43  642
  43  503
 203  446
 138  446
 138  615
 258  661
 322  661
 322  468
 125  468
 125  629
 310  629
 310  534
 202  534
  63  534
  63  492
 121  492
  33  492
 121  543
  80  492
 121  478
 133  478
 133  668
 240  478
 240  608
 240  448
 186  448
 125  499
 186  559
 100  608
 215  543
 133  738
  92  499
 121  443
 203  476
 370  476
 370  523
 399  476
 399  441
  86  441
 325  523
 325  636
 106  702
 203  744
 387  744
  33  732
 314  732
 158  636
 158  612
 158  409
 371  409
 158  656
 365  528
 125  507
 257  557
 104  557
  62  443
  62  530
 379  789
 379  571
 381  789
 381  595
 240  535
 354  535
 354  676
 270  676
 270  469
 252  469
 252  482
 252  449
 252  601
 198  601
 358  601
 358  648
 249  648
 249  684
 249  542
  11  542
  11  695
  90  695
  90  471
 356  676
 158  665
  96  530
 374  744
 261  446
 128  788
 343  415
 186  714
 394  714
 394  599
 395  599
 211  414
 115  500
 387  475
 298  475
 298  515
 126  475
 298  793
 110  793
 110  774
 282  774
 235  793
 235  493
  36  493
 235  496
 237  496
 237  609
 111  609
 111  680
 237  538
 277  680
  97  609
 235  529
 210  529
  50  493
  50  719
 237  799
 210  598
   9  719
   9  452
 111  603
  81  603
  81  679
  36  570
 329  570
 329  669
 298  436
 322  632
 369  529
 369  767
 269  752
 269  674
 252  539
 113  539
 113  758
 147  539
 147  771
  67  771
  71  529
 147  541
 285  488
 188  488
 281  488
 281  546
 114  580
 114  742
 145  550
 145  722
 363  577
 363  536
 119  536
 157  536
 157  705
 194  705
 308  536
 119  602
 253  602
 217  602
 217  558
 217  581
 268  581
 194  567
 208  446
 388  470
 383  470
 383  474
 137  474
 227  474
   4  470
 383  578
   4  498
 227  660
 227  410
 302  410
 113  620
 250  620
 269  621
  48  621
  48  616
 161  616
 368  616
 368  540
 201  621
 201  698
 201  672
 295  698
 201  457
 368  617
 144  617
   5  457
   5  485
 357  485
 182  485
 357  745
  85  745
  85  790
 400  790
 350  790
 350  630
 265  630
 265  737
 265  412
 156  412
 156  585
 156  405
 224  405
 224  728
 183  728
 230  412
 230  505
  94  505
 333  505
 333  583
   8  583
   8  569
 333  563
 333  681
 333  480
  66  569
  66  587
 346  585
 346  552
 375  552
 346  486
  59  486
 315  486
 140  486
 346  547
 223  486
 346  512
 160  412
 191  569
 375  689
 191  428
 296  428
 309  428
 309  747
  36  775
 187  775
 151  507
 151  606
   7  728
 293  500
 210  494
 243  494
 243  450
  91  494
  91  461
 316  461
 316  456
 155  461
 287  695
 145  544
  65  773
  65  466
 328  466
 328  588
 389  588
 389  708
  78  708
 200  654
 149  462
 107  462
 107  555
 351  462
 348  546
 246  621
 392  581
   4  765
  29  618
 246  637
  45  637
  45  726
   3  637
 234  726
  17  491
 377  491
 134  759
  54  714
 391  431
 135  730
 312  730
 312  756
 312  691
 193  756
 245  771
 264  529
 382  642
  57  599
 206  577
 243  725
 154  725
  35  725
 246  701
  75  701
  28  462
  28  724
  91  650
 218  650
 353  800
 151  424
  52  445
 175  445
 175  735
  31  445
 120  464
  85  751
  42  505
  42  551
  22  551
  22  554
 174  554
 262  551
  39  551
 142  682
 101  682
 326  682
  91  513
 139  513
 139  623
 320  561
 320  663
 215  678
 159  678
  10  678
  39  433
  26  433
  55  433
  26  753
  87  623
 338  607
 338  508
 338  605
  34  605
  93  689
  93  562
  93  792
 190  792
 190  711
 190  454
 228  562
 292  711
 292  545
 190  639
 220  711
 190  553
  25  553
  25  473
  93  783
 279  783
 279  465
 189  465
 279  483
 386  483
 386  442
 299  442
  60  442
 299  723
 291  442
 259  442
 259  591
 209  669
 273  410
 273  686
 245  564
 313  564
 372  499
 372  509
 130  509
 130  596
 366  578
 366  634
 319  634
 319  566
 254  566
 254  766
 300  566
 300  584
 226  766
  84  634
 138  489
 109  436
 109  746
  94  408
 396  740
 333  787
   5  455
 360  455
  16  651
 266  651
 266  610
 178  610
 178  633
  75  522
 167  522
  53  522
 332  470
 289  731
 275  759
 275  770
 222  591
 222  519
 247  606
  68  406
  68  458
 390  709
  50  422
 380  559
 380  693
 148  693
 125  575
 403  575
 403  440
 403  527
 361  527
 361  592
 124  527
 402  492
 257  643
 267  643
 151  707
  99  707
  99  762
  30  707
  30  685
 340  762
 340  460
  38  557
  38  514
 255  496
  82  657
 345  527
 205  594
 321  411
 321  497
 379  628
  74  484
 221  499
 132  555
 177  756
 177  718
 112  718
 349  718
 235  481
 304  630
 163  752
 371  720
 151  495
 129  495
 129  521
 285  704
  84  435
 397  435
 393  718
 393  459
 109  733
  96  432
 118  432
 286  461
 286  755
 241  755
 286  416
 323  416
 323  703
 323  614
 323  736
  98  614
 286  593
  77  679
  77  626
 146  562
 146  761
 146  597
 239  597
 239  437
 274  499
 276  584
 143  595
  98  420
   3  785
 297  695
 270  600
 203  692
 364  712
 133  434
 213  434
 164  434
 213  438
 207  767
 207  754
 375  413
 318  413
 386  782
 152  782
 309  776
 114  524
 242  634
 242  706
 220  525
 248  614
 272  428
 272  687
 272  652
 150  732
  93  487
 200  658
  70  415
  70  784
 184  784
 401  597
 401  622
 384  622
 330  622
 179  491
 179  501
 166  656
 373  461
 373  713
  60  426
   4  699
  89  435
  83  512
  83  490
  83  797
  69  797
  69  611
  19  557
 106  532
 267  791
  51  791
   6  733
 256  437
 256  579
 269  673
 307  578
 307  741
 307  549
  48  647
 105  647
  59  677
 162  585
 162  548
 280  548
 141  552
 141  721
 204  721
 169  722
 169  786
 305  786
 169  407
 192  407
 263  737
 171  484
 171  696
 195  696
 195  560
 195  675
 233  761
 275  760
 199  784
 171  520
  23  520
  12  747
   2  437
   2  556
 374  417
  89  768
  59  427
  15  427
 292  635
 145  447
 396  429
 136  429
 136  646
 136  653
 205  576
  13  510
  13  645
 315  423
 176  553
 341  450
 246  526
 117  632
 359  705
 193  710
 339  661
  72  659
  56  676
 230  573
 367  765
 293  795
   1  786
   1  729
  20  696
  20  638
 227  537
 126  743
 333  781
  32  781
  32  666
 362  666
 362  451
 327  451
  18  716
 127  716
 315  504
 115  586
 335  678
 243  717
 278  650
 347  409
  76  658
 238  788
 354  715
  49  502
 307  798
 214  798
  24  798
 158  572
 168  572
 134  590
  73  590
  60  582
 398  462
 144  511
 173  556
 375  690
 120  772
 330  516
 376  685
 376  627
 376  453
 271  442
 311  776
  28  749
 337  606
 182  472
 162  418
  37  418
 153  778
  41  689
  41  430
  41  779
 170  430
 170  640
 344  702
 344  662
 251  538
 205  649
 301  649
 334  663
 354  531
  95  599
 212  491
 240  589
 231  780
 213  700
 123  503
 294  407
 165  524
 198  670
  27  748
 331  646
 122  752
  88  427
 290  603
 290  734
  14  734
 336  706
  21  570
 404  479
 131  479
 244  504
 301  769
 181  575
 149  574
  58  615
 185  416
   1  641
 401  664
 355  664
  46  746
  44  412
 378  581
  35  655
 139  763
 308  533
 116  659
  47  765
   8  796
 163  419
 225  419
 284  699
 229  664
 246  439
 215  467
 120  688
 233  794
 306  566
 103  452
 366  517
 166  697
  73  604
 325  518
 348  671
 385  699
