 239  261     750
 228  283
 180  243
  42  449
  13  487
  92  377
 217  482
 222  465
 222  248
  41  251
 218  330
  12  271
 136  298
 145  247
  46  330
 219  440
 109  269
 228  403
  30  288
  85  378
 213  271
 143  311
 207  303
  13  357
  85  318
 178  490
   3  379
 113  273
   4  453
 128  360
 181  343
 120  356
 134  361
 239  300
 151  308
 108  306
  64  277
 126  338
 149  381
 139  302
 217  437
 205  241
 133  275
  79  487
 212  422
 108  313
 128  283
 185  365
  73  430
 142  322
 235  375
 161  416
  38  254
  59  497
  64  479
 228  252
  18  303
 124  324
 112  306
 160  357
  51  339
  15  278
 163  415
  27  338
 123  493
 109  497
 189  411
 129  430
  34  376
  67  357
 113  424
  31  414
 130  447
 122  485
 131  472
  38  261
   2  377
  64  343
  24  304
 125  278
  86  425
 195  270
 189  439
  21  432
  67  306
 105  276
 180  336
  64  351
  14  463
  44  371
 233  336
   2  309
  95  349
 135  355
 193  311
 163  318
 179  380
  20  500
  35  324
 104  273
 112  330
 111  448
 156  394
 233  349
  47  439
  43  333
 150  394
 139  499
 237  248
 102  243
  94  299
  14  300
  36  377
  36  357
  57  484
  57  429
 209  349
 182  288
  72  392
  17  442
  33  379
 231  489
 153  261
 219  293
 101  287
 120  341
 140  326
 179  327
 131  339
  16  339
 140  361
 120  412
 222  456
 178  433
  31  474
 155  309
 193  348
 165  383
 106  275
 109  355
  68  343
 100  495
 178  327
 174  280
 213  490
 102  417
 102  257
 150  449
  95  477
 214  461
 180  245
 192  281
 187  449
  53  432
 108  307
  46  438
  81  311
 143  399
 188  258
  87  363
 190  404
  32  270
 109  407
  91  357
  50  459
  84  476
  70  288
  27  306
 195  469
 136  433
 183  383
  50  468
  47  459
 214  441
  29  328
   9  388
 152  250
  56  458
  41  359
 131  416
 212  285
 232  343
 227  318
 197  419
 157  323
 116  464
 184  480
  98  294
  47  415
 188  242
 112  397
 151  370
  25  439
  62  378
 127  378
  13  293
 234  273
 128  363
  36  249
  37  482
  89  249
 208  360
 218  339
  72  241
 158  262
 236  263
 138  348
  48  290
 198  423
   6  318
 213  335
 178  263
   5  286
 163  317
 140  352
 113  296
  87  353
 116  429
 193  377
  12  308
 162  465
  88  289
  13  300
 109  273
 222  455
 119  296
  68  479
 143  427
 152  430
  21  358
 167  412
  39  299
  92  468
 162  359
  18  385
 138  326
 102  314
 224  259
 171  429
  74  407
  11  434
  64  409
  72  311
 110  368
 175  293
 226  386
 143  297
  76  420
  55  301
  83  445
 175  353
 102  439
 105  351
 155  351
 155  419
 155  313
 106  313
 106  494
 181  351
 166  351
 106  434
  56  434
  56  473
 203  473
 203  456
 188  456
 188  406
 188  295
  56  475
 230  475
  63  475
  56  488
  11  488
 152  456
 152  463
 155  248
 151  248
 168  248
 151  430
  23  430
  23  448
 181  492
  87  295
 152  314
  56  485
  61  430
  63  326
  14  326
  14  333
  79  326
  60  333
  60  353
  19  353
 140  353
  11  422
 126  473
 188  497
 206  419
 206  433
 124  433
 124  249
  68  433
 124  283
  13  283
  13  362
  11  284
  87  443
  78  448
  88  456
  24  494
  24  377
  24  254
 117  475
 117  285
 117  380
 117  303
  49  303
 209  303
 209  312
 139  303
 139  304
  65  304
  65  464
  35  464
 232  304
 218  312
 218  300
 183  300
 183  291
 224  291
 224  452
  29  452
  24  263
 140  368
  24  365
 215  365
 215  453
 215  286
  54  453
  54  354
 193  286
  54  465
 215  266
 163  266
 178  266
 163  336
 178  309
  92  309
  92  251
  72  251
  72  447
  72  484
 195  484
  72  438
  48  438
 123  309
  81  365
  51  263
 218  241
  55  464
  92  413
  18  413
  18  436
 220  436
 157  497
 157  375
  22  488
  78  396
  91  473
  91  256
  91  275
  91  349
 158  349
 158  451
  34  256
 185  349
 185  339
 109  339
 109  398
 225  256
 225  483
  77  256
 185  292
 100  286
 100  401
  85  401
 100  316
  28  316
  28  388
  85  327
  66  327
  28  480
  69  480
  69  446
 196  446
 132  446
 132  289
 132  250
 239  250
 225  495
 153  349
  77  322
 138  322
 174  322
  96  322
  96  282
  96  467
 174  457
 173  457
 173  461
 129  457
 173  498
 129  425
 184  425
 234  461
 184  462
 137  462
 184  486
 234  408
  43  408
  43  240
  53  240
  40  240
 191  408
  80  240
  80  323
 228  494
 129  373
 125  248
 177  446
 177  439
 119  439
 133  439
 161  406
 161  272
 161  472
 161  247
 239  417
  88  264
 214  264
 214  276
  94  264
 134  291
 125  405
 136  405
  88  442
 182  276
  91  364
  30  430
 116  413
  49  337
 104  438
 104  411
 142  411
  45  411
  45  361
 165  361
 165  344
  20  361
  20  479
 127  479
 223  344
 223  454
   6  337
   6  383
 175  383
 170  383
   6  379
 175  328
   7  292
 125  330
 198  330
 198  280
 198  245
 162  245
   5  330
  39  314
  69  321
  77  267
 188  474
  47  248
  47  306
 115  306
 115  458
 112  458
 152  382
  33  248
  33  478
 168  421
  62  421
  22  440
 227  373
 199  349
 119  407
 118  373
 102  353
 102  277
 238  277
  81  342
  16  465
  16  487
 165  455
 160  474
 237  300
  98  483
  98  399
 129  287
  37  287
  37  252
 149  252
 149  466
 149  294
 207  294
 207  299
 186  406
   2  306
   2  338
 196  402
   3  402
  93  272
  93  315
 110  315
 222  315
 172  315
 123  441
  97  441
 175  340
  90  475
 188  334
 161  431
 236  349
 236  244
 140  424
  31  424
  76  383
  76  460
 180  460
 180  449
 180  358
 180  297
 108  358
 108  410
 201  410
  10  297
  10  265
  94  489
  57  489
  57  432
   9  432
 217  432
 209  381
 213  381
 193  435
  37  428
 103  379
 110  281
  77  324
 145  324
  86  324
 193  444
 101  444
 101  352
  12  352
 101  278
  12  288
  25  288
  25  301
 208  301
  50  443
  50  476
 120  265
  51  445
 147  483
 147  367
 147  335
  66  310
 200  406
 142  341
 233  341
 111  341
  18  261
 212  247
  16  418
  75  418
  75  271
 169  291
 201  356
 210  356
  81  357
 123  269
 181  345
  16  273
 140  404
  67  404
  67  376
 197  314
 197  331
 193  437
  17  297
  17  360
  17  246
  38  464
  38  242
  38  270
  87  359
 108  290
 156  290
 146  290
 229  290
 146  308
 172  392
 110  482
 102  496
 215  429
 105  317
  84  317
  84  329
 204  381
 190  498
 190  366
 190  459
  91  412
 159  412
 159  372
 159  319
  64  319
  82  498
  82  414
  82  468
 187  468
 187  255
  59  315
 197  387
  60  450
  27  487
  27  469
  73  469
 179  469
 211  358
 211  363
 144  288
 144  481
 143  481
  20  477
 122  344
 122  253
 150  253
 122  279
 231  284
  38  320
 220  426
 204  274
 171  274
  41  286
  41  415
  47  370
  18  243
 114  294
 133  490
 230  293
  95  293
 132  395
 200  347
  70  349
 235  336
  83  274
 150  374
   1  430
 142  390
 150  346
 229  258
  74  258
  87  307
 221  307
 192  441
 136  416
  99  247
  52  249
  59  491
 219  491
 121  491
 121  427
 226  427
 130  433
 130  400
 223  493
  26  245
  26  305
 164  305
 176  497
 229  262
 177  325
 204  348
 217  371
 151  471
 148  282
 135  319
 135  391
  89  354
 150  369
   8  369
   8  343
 154  250
  24  420
  15  483
  15  394
 167  394
 128  265
  36  498
 213  296
 205  296
 141  266
 149  385
  49  332
  44  461
 230  350
   3  393
 113  354
  53  318
  46  419
   4  451
 202  274
 229  423
  71  309
  58  277
 189  340
  79  257
  21  317
 139  268
 220  499
 174  389
 227  259
  97  384
 131  430
 131  470
  34  409
 138  302
  82  355
 194  491
  42  452
 157  397
 119  311
 197  260
  87  298
 216  308
  82  403
 107  443
 107  386
  21  500
  32  399
 157  378
