 344  356    3500
 128  376
  18  449
  54  412
  72  484
 325  515
 111  622
 148  590
 182  486
 310  437
 124  597
  88  425
 177  543
 268  575
 267  352
 204  679
  61  350
 235  401
  37  486
 313  522
 298  470
 326  623
 329  393
 244  520
 238  488
 138  524
 287  616
 100  675
 268  490
 291  678
 232  412
 323  511
 336  649
 297  628
 112  466
  41  492
 148  551
 289  639
 240  534
 112  409
 116  518
 306  431
 217  611
 179  383
  83  480
 169  583
 134  546
  20  380
 186  348
 303  521
 102  649
 178  488
 216  418
  46  481
 108  351
 198  508
  25  410
  10  409
 220  604
 321  526
 224  628
 177  687
 120  571
 315  463
 103  496
  23  640
 119  517
 185  347
  99  475
 194  616
 218  418
  83  635
  76  636
 172  473
 180  409
 178  698
  95  380
 254  639
 201  575
 268  607
 132  606
  63  460
 203  608
 218  602
 169  469
 126  548
 258  441
 253  693
  15  507
 170  680
 220  362
 165  594
  61  580
 105  402
  12  675
  48  524
 322  586
 288  459
 265  682
 265  386
 283  446
 270  673
   5  417
 219  653
 304  472
 258  598
 210  395
 261  521
 149  380
 171  348
  54  425
 257  643
  74  513
 121  689
 127  424
 276  399
  60  675
 130  470
 184  390
 115  546
  97  382
 129  641
  83  617
 170  416
 242  371
  87  643
 298  692
  68  428
 208  557
 310  680
 165  430
  36  555
 323  394
  34  689
 326  609
  71  653
 145  562
 343  363
 290  580
 149  654
 320  393
 140  552
 318  389
  69  617
 221  435
  37  538
  84  669
  50  529
 210  508
 155  384
 269  679
 218  639
 318  476
  79  607
  35  577
  11  679
 253  383
 190  618
 242  624
 331  478
 285  633
  52  394
  13  524
  97  356
  81  695
  31  643
  50  581
 126  583
 333  409
 279  570
  86  416
 203  345
 111  380
 100  409
  72  601
 269  515
  74  673
 275  594
 131  473
 144  417
 173  441
  86  397
 342  476
 178  363
 317  466
  99  560
 316  599
 214  396
 213  356
  65  407
 112  476
 269  549
 119  379
 269  655
 341  425
  28  454
 231  391
 250  442
  15  623
  28  455
 312  425
 265  636
 117  398
  71  536
  97  583
 326  667
  18  379
 217  443
  49  449
  76  576
  18  374
  16  526
  23  402
  17  639
 251  380
 199  674
  38  464
 107  454
 319  566
 217  370
 206  671
 287  492
 149  653
  13  694
 117  543
  15  649
 180  365
 107  471
 306  588
  50  513
  85  408
  82  638
  64  426
 197  521
 320  627
  43  408
 126  497
 280  454
 125  432
 336  569
   8  350
 244  579
  37  619
 181  450
 125  391
  80  570
 293  638
  19  663
 290  383
  74  505
 114  602
 201  464
 264  471
  76  626
 189  452
 258  693
 297  617
 198  554
 210  641
  23  645
 293  451
 234  669
  78  439
 129  397
  56  546
 118  591
 199  592
  27  655
 338  500
 154  653
  32  508
 305  409
 194  440
 207  357
 165  681
 285  639
 189  684
 287  505
 274  453
 226  484
 242  552
  53  496
  84  608
 319  453
 175  696
 318  532
 197  589
  26  689
 316  496
 190  440
 247  588
  27  489
  53  360
 244  589
 338  394
 154  385
 136  640
  32  615
 205  419
 337  513
 102  571
 153  383
 130  462
 311  471
 182  680
 257  493
  25  450
 260  458
 117  377
 331  671
 307  437
 250  568
  40  464
 310  684
  44  426
 139  529
  66  583
  92  605
 263  459
 152  631
 202  642
 279  392
 133  583
 344  622
 157  433
 308  678
   5  564
 300  621
  35  527
  72  359
 323  645
 341  657
 326  683
 102  478
 253  359
 248  579
 164  475
 166  395
 200  529
 194  396
   9  425
 100  580
 336  515
 137  391
 311  381
 164  623
 112  487
 214  356
 153  426
 218  396
 164  649
 187  359
 270  659
  93  380
 273  447
  72  463
 116  649
  66  436
  50  445
 159  593
 246  618
 335  453
   8  425
 153  546
  39  537
 137  404
 157  568
 250  697
 328  691
 189  592
 124  483
 261  536
 276  694
  12  490
  43  440
 217  371
 332  591
  38  649
 330  385
  14  418
 199  487
 227  699
 196  469
 331  698
 109  380
 234  378
 282  359
  97  647
 169  480
  30  371
 119  388
 200  605
  38  638
 272  454
 312  547
  63  465
 262  492
  91  668
 200  416
 166  649
 198  538
  71  579
  87  670
 264  603
  27  530
 241  607
  83  597
 179  685
 185  425
 188  546
 244  479
  63  445
  57  435
 166  543
  51  390
 281  693
 325  458
 284  451
 252  694
 114  689
 268  517
  64  466
  82  406
  25  358
 277  427
  80  478
 198  694
  12  622
 191  379
 206  512
 237  679
 201  582
  84  682
 208  586
 327  584
 225  417
  22  649
 167  492
 107  347
  41  635
 170  618
 271  422
  52  510
 198  645
   4  414
  42  436
 170  393
  89  617
 190  348
  47  454
 281  664
  82  670
 113  643
  11  663
  37  439
 117  576
  83  372
 190  525
 149  652
 322  450
 256  685
 106  468
 260  629
 230  687
  65  515
 287  473
 268  600
 275  380
  60  363
  66  580
  91  407
  36  435
 144  668
  67  628
  97  505
 199  656
   9  650
 216  645
 220  646
 135  633
 226  493
 240  603
 182  603
  86  528
  69  684
 340  512
 118  407
 132  624
 242  406
  81  580
 232  353
 178  349
  14  408
  97  518
 344  664
 225  406
  33  538
 240  508
 343  627
 162  683
  66  535
 217  655
 303  394
  83  393
 158  627
 250  475
 242  502
  88  459
 309  587
  34  496
 250  613
 252  351
  86  401
 194  363
 316  445
 188  591
 251  665
 302  669
 205  506
 121  550
 214  507
  93  481
 148  488
 303  473
  25  653
 301  377
  67  632
 292  477
  97  603
 138  391
   6  616
 321  623
  79  446
 343  598
 299  575
 132  433
  82  488
  42  674
 147  638
 291  698
 209  537
 173  584
  66  440
 164  463
 277  466
 181  657
 324  551
 202  383
 113  656
 181  575
  26  383
 213  624
  17  352
 338  407
 169  645
 165  669
  42  381
 274  625
 113  662
 168  464
 141  572
 203  698
  71  413
 157  582
 299  490
 254  668
 219  587
 291  370
 302  392
 300  492
 203  375
 167  612
 106  450
 256  531
 249  580
 231  373
 116  421
 218  483
 268  626
 247  402
 135  549
 187  505
 189  396
 146  485
 217  624
 163  376
  86  477
 222  646
 314  385
 286  389
 254  498
 340  673
 115  679
  70  452
 344  683
  74  545
 294  513
 154  671
 214  378
 128  417
 114  429
  37  647
 158  623
 124  358
 125  403
 258  506
 108  580
 252  424
  20  561
 339  538
 215  554
  82  579
 137  689
  10  389
 254  376
 327  634
 202  473
  82  408
 211  579
 150  558
 161  595
 236  471
  46  659
 249  658
 210  373
 302  699
 148  620
 183  412
 121  378
 334  368
 148  361
 114  397
   5  486
  86  553
 338  594
 227  453
 269  654
 112  696
  77  370
 211  566
 328  536
 179  521
 178  579
 283  396
 273  411
 323  668
  16  361
 138  583
 161  637
  18  648
 285  612
 248  466
 265  562
 287  558
  86  576
 278  354
 224  426
  42  560
 103  629
 230  620
 332  582
  80  620
 334  381
  74  451
  94  699
 228  638
 111  551
 225  510
 240  564
 148  613
 211  418
 165  345
  19  483
 254  594
 259  359
 189  488
 194  499
 316  428
 211  615
 320  385
  71  542
 343  360
 164  640
 283  374
  92  573
 134  368
 315  411
 124  662
  73  549
 119  558
 333  401
 170  645
 293  428
  59  441
 118  518
  41  622
 161  553
 257  531
 271  629
 244  675
 318  696
 168  625
 311  538
 198  532
  89  592
 123  631
 127  484
 179  515
 202  691
 233  632
  35  597
 125  585
 217  587
  20  352
 110  490
  33  433
  76  526
 326  431
 233  390
 169  552
  47  528
 266  595
 186  569
 272  657
 115  569
   7  539
 330  421
 107  641
 192  460
 237  618
 196  364
  28  624
 236  665
  86  536
 220  502
 138  654
  93  695
  95  363
 220  551
 120  405
 190  573
  34  686
 168  617
 336  369
 292  461
 130  467
 114  622
 177  464
 115  482
 179  425
 126  650
 188  545
 315  349
 310  495
 285  430
  75  505
 304  465
  15  419
  55  636
 106  420
  62  393
 114  448
 172  456
 262  610
 174  362
  26  346
 249  570
  73  671
 245  545
 224  697
 281  557
 281  555
  64  391
 153  484
 283  567
 248  384
 233  414
 212  406
 100  480
 322  508
  36  667
   5  413
  95  367
  82  619
 222  626
  30  623
 192  615
 275  624
  60  425
 289  437
 227  669
  85  514
 312  632
   6  663
  48  522
 191  438
  80  484
  22  625
 122  374
 262  593
  26  595
 170  348
 324  587
 309  575
 176  456
 110  624
 259  647
 309  444
 335  584
 127  677
 342  430
 144  383
 297  539
 344  594
 198  512
 305  606
 197  488
 189  426
 324  442
 187  660
  60  534
 166  647
 143  402
   3  602
  23  379
 296  422
 117  656
 217  544
  46  688
  92  423
  96  407
 243  537
  92  532
 146  670
 299  534
 327  438
 238  569
 107  384
 331  384
 244  672
 130  373
 107  594
 323  681
 317  684
  15  584
 233  442
 199  491
  87  420
 271  404
 297  370
   4  536
  34  498
 191  691
 105  582
 246  557
  97  502
  81  501
  42  562
 105  667
 197  411
 322  697
 157  537
 248  638
 208  630
 210  474
 281  680
 178  601
  93  656
 126  412
 272  470
  67  430
 265  661
 257  437
  21  469
  63  583
 126  515
 184  548
 180  490
 296  549
  80  555
 128  662
 104  406
 164  656
 301  498
  41  657
 201  570
 201  442
 173  377
 247  449
 207  502
 113  623
 134  477
 237  568
 342  463
 323  398
 321  527
  41  545
  39  360
 203  372
  78  430
 247  483
 117  517
  15  488
  63  411
 109  602
 105  612
 337  505
 139  482
 284  396
  93  423
 263  445
 116  402
 130  468
 302  436
 311  589
  15  522
  27  479
  83  392
  64  487
 128  543
 288  667
 277  669
 169  529
 146  508
 238  649
  25  523
 173  402
 177  653
 282  565
  93  490
 208  611
 183  397
 268  357
 186  422
 344  403
 275  630
 129  455
 325  409
 314  440
 219  460
 244  418
 279  496
 336  648
  18  561
 165  506
 275  440
 214  697
 340  620
 278  563
 158  644
 251  477
  40  579
  97  587
 309  678
 100  593
  33  588
 153  514
 199  404
   8  361
  95  356
  59  474
 184  699
 257  351
  77  434
 226  456
  79  421
 217  401
  52  461
 126  482
 148  668
 266  507
 191  632
  73  467
 318  453
  91  385
 284  435
 248  587
 120  598
 109  497
 240  640
 202  432
 142  597
 327  636
  22  375
 311  496
  87  676
 208  631
   4  431
  75  634
  78  547
 184  349
  96  561
 144  562
  80  619
 255  403
  88  698
 155  657
 192  427
 255  644
 177  364
 320  365
  47  487
  88  554
  48  362
 307  426
 202  500
 277  535
 116  683
  45  668
 196  390
   8  653
  18  572
  64  539
  68  413
 257  407
 222  434
  84  382
 246  585
 337  373
 150  447
 183  467
 228  697
 324  500
 341  693
 245  626
 127  429
 177  535
 325  548
 110  381
  62  402
 103  495
 115  404
 303  576
 297  388
 175  412
 259  631
 341  449
 149  544
 145  675
  49  620
 230  651
 293  459
 211  588
 240  411
 246  482
 311  430
 241  651
 329  444
 253  689
 239  684
 181  460
 210  674
  60  624
 270  571
 147  657
   5  652
 103  658
 210  365
 137  369
  82  495
 108  581
   1  541
 120  363
  50  663
 289  608
 244  564
 136  533
   7  652
 166  667
   5  466
 201  454
  96  369
 174  626
 262  562
 101  492
 293  491
 212  661
 328  400
 103  681
 320  488
 155  556
 217  679
 340  352
  66  525
  81  642
 312  688
 271  663
 259  542
 326  442
  46  641
  84  616
  26  381
  73  678
   2  499
 108  495
 252  484
   2  695
 247  498
 117  552
  22  573
 158  423
  66  367
  34  361
 263  584
 258  692
 328  439
 230  483
 124  549
 174  374
 178  450
 334  613
 273  498
 173  361
 281  688
 146  520
 258  652
 146  589
 205  516
 198  536
 234  687
 128  396
 110  443
  54  690
 213  563
  29  345
 164  421
 214  667
 295  360
  43  692
  97  503
 104  522
 234  588
 342  535
  32  525
 260  613
  64  654
  82  407
 211  547
 103  482
 111  463
 270  451
 277  404
 298  414
 195  569
 290  524
 293  646
  20  396
 270  699
 273  430
  69  625
  34  593
 142  495
 188  473
 278  675
   8  610
 190  629
 134  375
 322  400
 191  567
 291  504
 119  568
 248  481
 213  469
  66  349
  78  445
 342  689
  62  666
 125  487
  31  379
  77  618
 171  613
  90  579
  76  560
 240  503
 293  606
 302  347
 134  372
 116  424
 173  526
 312  475
  83  458
 281  631
  21  582
 111  388
 218  542
 175  359
 312  643
 151  648
 330  647
 330  608
  81  573
 143  360
  28  672
 228  409
 205  676
 328  688
 264  499
 171  512
 318  448
 242  389
 179  452
  30  506
  95  645
  60  631
 232  383
   8  612
 335  601
 287  465
 221  422
 229  412
 182  645
  27  493
 158  404
  39  374
 255  520
 186  654
 328  578
 329  624
 264  498
 227  594
  47  462
  85  416
 218  407
 315  616
 248  649
  88  611
  61  520
 114  682
 261  491
  57  377
 110  391
 269  418
 306  372
 267  477
 238  489
 277  578
 208  482
 324  475
  26  444
 294  553
  13  404
 253  412
 263  412
  20  389
   1  669
 111  353
 284  618
 112  533
 144  608
  82  434
 176  355
 276  445
  83  576
  64  438
 337  538
 124  592
 291  529
 307  522
 207  673
 284  604
 151  529
 235  685
 192  374
  62  550
  81  385
 195  503
 121  605
  96  494
 234  613
 226  506
  80  376
 273  511
 250  479
 168  476
  87  457
  58  515
  26  539
  85  429
 176  650
  17  478
 329  446
  47  388
 286  568
 243  467
  89  464
 155  423
 194  346
 235  571
 187  656
 200  361
 232  657
  39  400
 123  408
 198  677
 159  573
  64  357
 260  642
 146  697
   1  365
 260  559
 104  620
  75  542
 197  426
 213  545
 304  588
 109  666
 290  522
  79  532
  74  364
 221  370
  24  571
  28  452
  81  478
 189  449
 107  667
 195  450
  22  468
 185  439
 144  673
 316  582
 325  671
 314  503
 290  625
  69  540
  84  640
 189  506
 319  385
 269  477
 303  415
 173  541
  29  693
 291  568
 116  698
 172  673
 141  681
 148  513
 172  538
 158  656
 139  699
 182  697
  51  452
 304  481
 169  531
 161  432
 232  645
  28  508
  44  639
  98  676
 145  629
 213  531
 176  494
   1  521
 311  450
 111  535
 203  452
 222  589
 186  387
  61  515
 132  455
 234  655
 230  639
  48  537
 194  368
 189  667
  23  545
 265  451
 259  615
 116  423
 110  437
  59  546
  98  547
 333  553
  53  504
 249  635
 335  679
 151  471
 134  414
 284  417
 210  608
  29  598
 167  451
 184  642
 266  526
  96  667
 311  404
 287  693
 229  601
  48  691
 196  653
 302  511
  58  625
  32  565
 314  425
  34  605
 156  457
  49  522
  85  588
 299  527
 198  566
 261  637
 204  607
 287  374
  69  626
 210  539
 277  689
 221  608
 328  472
 141  446
  17  552
 111  379
 281  628
 119  574
 110  546
 231  433
 192  483
 234  492
 202  666
   6  535
  53  459
 315  477
 193  549
 254  521
 224  604
 136  496
  86  524
  78  536
  23  464
   3  564
 302  359
 271  557
 267  392
 233  492
 177  504
  89  531
 322  509
 296  346
 317  587
 314  537
 124  475
 299  375
 146  396
 103  354
  57  609
 198  422
 233  613
 182  407
 119  616
  41  458
  96  687
 295  684
 298  656
 273  583
 261  671
 285  598
 200  352
 217  415
 320  463
 273  676
  40  557
 190  397
 185  436
 215  435
 190  437
 259  595
 105  466
  26  418
  15  375
  37  384
 149  640
  36  387
  80  438
 211  518
 223  552
 226  360
 315  603
  60  414
 159  588
 240  372
  88  435
 334  361
  25  423
 141  647
 230  353
 236  349
 341  490
  31  683
 123  512
 230  414
 138  470
 151  410
  16  600
  55  352
  89  675
 127  584
 207  665
 193  694
 245  635
   5  560
   3  667
 168  431
 223  568
 278  672
  55  693
  85  598
 261  601
  76  612
  26  390
 115  553
  76  355
 323  489
 274  510
 269  429
 127  653
 122  639
 315  527
  29  578
 100  632
 341  566
 303  388
 177  649
 107  531
 177  356
 190  521
 235  473
 119  380
 236  376
 326  678
 223  549
 291  464
 100  536
 181  500
  29  623
 160  613
  35  508
 240  423
  94  690
 154  665
 334  400
  76  629
 185  457
 224  650
 179  442
 251  675
 337  578
  59  351
  20  348
 344  600
 258  367
  28  652
  67  436
  58  576
 274  506
 247  471
 105  504
 121  664
  99  508
 119  665
 118  449
 249  441
  54  395
 162  435
  89  393
  50  381
 229  695
 140  669
 310  658
 116  359
 266  693
 246  635
 247  574
 304  696
  92  559
 216  395
  35  632
 257  348
  24  514
 255  619
 340  553
 245  464
 288  499
  41  602
 311  557
  47  447
 264  456
 126  697
 322  399
 194  618
  60  410
 170  566
 127  468
 302  683
  25  532
  84  482
 303  632
 196  586
 314  622
 207  462
  39  643
  24  373
  82  562
  21  347
 178  491
 236  377
 211  533
 174  694
  56  422
 277  384
 144  569
 332  388
 314  374
 256  477
   2  653
 254  523
  16  612
  14  456
 168  547
  16  664
  70  551
   7  624
 256  534
 207  531
 337  594
  96  486
 145  423
 220  411
 177  470
 223  641
  56  607
  15  477
 255  651
  42  375
 222  653
 301  358
 198  699
  27  438
 166  661
 204  590
  33  374
 150  392
 298  577
 299  632
  24  437
  89  469
 149  529
 267  428
 129  484
 246  524
 257  637
 156  618
 191  698
  73  595
 299  408
 208  400
 230  383
  84  531
 185  440
 301  541
 223  392
 228  509
 174  498
 241  638
 302  394
 172  517
 206  536
 197  523
  76  441
  84  630
 129  350
 113  514
 148  423
 198  486
 340  546
 257  413
 327  424
 116  503
 276  429
 207  381
 242  665
 256  357
  24  679
 211  455
 275  700
 291  385
  95  576
  60  535
  81  461
 233  385
 205  442
 169  473
  72  494
  89  359
  50  458
 254  635
 216  546
 157  364
  86  487
 190  688
 330  411
  46  503
  23  519
 248  510
 316  494
 159  668
   7  478
 297  610
 296  692
 343  591
   1  441
  66  586
 204  394
 207  646
 331  433
 321  559
 100  470
 126  637
  61  471
  81  660
 344  435
 306  505
  67  605
 303  540
   2  492
 140  459
 118  616
 327  663
 330  470
 218  617
  22  620
   3  377
  45  568
 118  624
 185  382
  89  623
 159  528
  93  652
 221  428
  32  559
 121  486
 221  648
 275  394
 140  474
 234  610
 288  551
 182  574
 224  688
 190  355
 186  638
 265  463
 327  439
 303  488
  29  565
 308  501
 107  468
 120  359
 262  555
 229  380
 337  689
 218  525
  36  372
 301  380
 239  695
  89  418
  89  455
 231  399
 108  391
 119  358
 343  374
 109  463
 247  538
 327  668
   9  696
 296  538
   4  532
 285  528
  86  407
  29  461
 207  601
 290  456
  71  520
 197  567
   9  580
 266  684
  49  444
 109  586
 169  368
 113  588
 209  636
  74  482
 337  429
 223  426
 211  436
  80  693
 158  360
  69  695
 208  637
  18  480
 299  636
  40  506
  95  543
 121  421
 122  644
  10  552
 315  595
 174  375
  62  403
  13  551
 175  508
 153  687
 189  634
 108  666
 215  469
  33  681
 197  597
 215  417
  11  526
 121  671
 155  589
 317  454
 103  510
 225  405
  66  376
  35  385
  38  691
   2  688
  50  503
 194  410
 266  587
 339  618
 170  429
  61  630
 249  419
 328  611
 138  617
   8  672
 153  690
 333  590
 153  453
 333  692
  40  605
 266  530
  45  437
 226  492
 152  346
  44  555
 190  639
 330  687
 107  692
  52  379
 171  362
 108  657
 182  494
 257  383
 178  447
 233  547
 298  640
  58  662
 335  422
 207  619
 263  682
 150  430
 278  445
 344  551
 275  447
 290  439
 285  584
 192  499
 217  493
 221  596
 225  684
 234  587
 246  487
  67  559
 324  562
   5  459
  75  361
 173  700
 263  471
  63  382
 307  697
 334  680
 261  575
 323  658
  77  657
 143  506
 146  397
 324  677
 257  650
 301  462
  14  445
 132  638
 111  588
 147  666
  74  471
 282  547
 206  560
  70  496
 336  591
 240  387
 117  409
 203  584
 130  479
  23  459
 167  402
 265  592
  67  475
 312  515
 205  378
 253  659
 316  464
 130  394
   1  612
 304  487
  74  494
  10  656
 145  490
 163  357
 152  467
 285  362
 203  676
 106  522
  24  655
  97  571
 175  471
 185  501
 172  613
 116  462
 160  389
  15  512
 334  631
  32  412
   8  377
 333  362
 128  646
 229  645
 112  421
 202  616
  85  682
 339  590
  98  518
 239  493
 170  540
 308  461
 318  618
  77  678
  70  486
  52  691
  31  349
 181  566
 172  417
 275  558
 185  448
 120  533
  46  577
 264  423
 265  530
 288  358
  54  643
 294  677
 149  515
 323  357
 341  547
 193  555
 249  683
  22  538
 323  608
 194  504
 226  427
  80  443
 225  654
 142  644
 273  508
 117  528
 332  505
 324  395
 337  622
 339  494
 137  372
   6  373
 308  412
 308  562
  82  433
  18  360
 165  491
 196  647
 340  364
  13  617
 199  379
  45  687
 157  370
  43  589
 200  446
   5  444
  35  410
  69  431
 102  673
 142  596
 133  445
 214  601
 331  654
  66  501
  22  507
 168  584
   6  441
 247  604
 312  670
 137  655
 151  462
 238  653
  80  584
 316  667
 123  692
 284  480
  63  685
  35  693
  34  415
 331  410
 149  429
 258  449
  35  381
 128  504
 119  500
  89  451
 148  689
 139  384
   1  527
 297  574
 267  433
 171  509
 104  385
 189  637
  19  683
 126  470
 235  610
  98  386
 276  573
  88  604
  76  611
  56  568
 272  500
 171  469
 252  409
 251  432
 168  512
 135  368
  77  488
 226  611
 282  526
 101  546
 195  611
 264  521
 164  565
 221  506
 243  406
  94  689
 124  418
 324  452
 295  390
 113  399
 330  398
 195  361
 329  374
  78  531
 183  602
 153  446
 269  446
 205  606
 257  494
 317  377
 167  503
 137  573
 234  420
 175  575
 307  536
  41  661
 109  409
  65  606
 181  455
 197  490
 321  496
  64  511
 120  439
  18  630
  97  490
  11  639
 334  456
 246  599
 166  659
 251  656
 231  527
 324  601
 111  649
 180  634
 226  683
 128  453
 191  692
 105  608
 188  658
  18  378
 128  378
  38  641
 341  589
  48  614
 124  697
 275  665
  92  567
 101  466
 203  450
 324  689
  74  535
 100  690
 224  380
  89  403
 197  667
 171  681
  81  697
 341  679
 255  643
 117  527
 220  410
 337  571
 130  490
 248  626
  90  587
  98  512
  95  494
 178  393
 170  602
 238  580
 196  588
 128  644
 246  616
  43  396
 289  600
 184  373
 130  429
 318  497
 149  403
  42  580
 120  532
 259  406
 304  530
 309  644
  88  479
  62  506
 188  482
 169  449
 170  593
 309  511
  60  485
  48  583
 178  427
   7  571
  10  488
 116  456
 170  346
 322  633
 167  424
 274  451
 106  356
 328  682
 240  549
 287  365
 135  559
 143  691
 190  675
  67  470
 297  363
 193  595
 230  408
  82  696
 152  413
  44  481
 260  363
 165  509
 101  458
 172  458
 203  437
 143  476
  98  387
 186  561
  21  529
 136  629
 160  594
 174  639
  28  537
 140  530
 272  405
 249  515
 328  453
 245  372
 264  612
 222  490
  94  544
 197  630
 118  348
 307  582
 304  454
 264  671
 194  700
 219  478
 274  456
 182  629
 190  545
 146  358
 103  460
  72  395
  13  647
 311  651
  79  581
 302  368
  42  536
 125  462
 163  686
  52  562
   7  435
 138  437
 111  529
 301  422
 288  405
 178  555
  59  510
 311  400
 255  425
  45  412
 259  416
 170  454
 230  537
  41  560
 123  634
 287  380
 210  595
 251  472
 249  518
 225  663
 304  662
  98  680
  83  386
 158  471
 246  442
 301  658
 297  691
 299  480
  53  676
  46  445
  72  565
 115  685
 227  527
  34  444
 298  562
  51  614
 330  473
 248  463
  89  642
 331  539
 167  543
 286  663
 309  549
 201  585
 339  626
 342  550
 298  673
  20  411
  80  646
 125  491
  79  545
 201  583
   9  488
 106  667
  96  516
  83  680
 114  470
 110  421
 317  422
  54  399
  39  408
 171  592
 238  503
 133  393
 188  472
 332  503
   7  680
  80  495
 217  529
  78  516
  63  695
 341  412
 190  685
 267  381
 313  594
 179  399
 178  498
 237  561
  13  572
 292  557
 136  501
 153  345
  20  593
 109  646
   9  627
 331  358
 208  487
 104  541
  31  637
  73  508
 334  423
 290  626
 191  637
 272  521
 162  644
 324  534
 101  686
 286  382
 147  441
 266  528
  93  485
 270  353
 342  384
  82  372
 141  502
  19  573
 163  588
 289  404
 293  403
  41  491
  46  408
 250  405
 167  625
  12  638
 311  499
 311  656
  64  451
  41  678
  58  432
  51  457
 326  587
  73  497
 129  391
 250  370
 162  406
   9  625
  87  545
 119  469
  79  497
  69  572
  60  524
 203  596
 143  649
 132  528
 291  493
 226  648
 212  693
 110  583
 222  529
 253  458
 235  542
 112  640
 344  496
  39  635
 186  525
 238  642
  66  415
 192  698
 195  550
  35  347
 147  505
 295  689
 267  538
 193  663
  37  689
  33  617
  69  584
 107  351
 130  366
 106  449
  22  607
 231  398
  80  572
  36  655
 299  428
  48  467
   1  545
  62  486
 318  662
 222  424
 142  405
 276  665
  60  569
  45  356
 145  539
  82  587
  99  699
 123  382
 114  525
  17  462
 340  695
 250  586
  73  645
 166  652
 202  517
 221  605
  84  690
  63  530
 167  605
 257  353
  53  436
   4  391
  83  668
 261  397
 184  556
 132  486
 110  649
 292  695
 245  393
 201  527
 303  690
  24  444
 180  535
   1  456
 126  503
 263  442
 292  553
 142  431
 135  453
  77  609
 145  510
  73  444
 135  399
 172  569
  48  450
  65  494
 127  385
 184  653
 111  462
 288  363
 308  655
 262  695
 278  430
  53  629
 183  371
  75  490
  55  351
 179  644
  85  368
  91  549
 322  459
 301  671
 202  445
 239  554
 133  455
 267  602
  33  636
 129  663
 169  641
 276  557
 182  477
 330  439
 216  643
 122  430
 135  457
  77  471
 116  694
 237  439
 298  530
  73  563
 260  400
 111  638
 256  480
  15  616
   4  697
 173  543
 311  441
 220  575
  19  561
 126  521
 118  564
 187  599
 334  516
 214  687
 321  619
  69  454
 164  359
 311  384
 324  640
 147  415
 138  384
  13  633
 160  396
 257  526
 286  530
  96  652
 100  653
  81  487
 172  399
 187  572
  16  553
 300  622
 191  433
 249  454
 174  492
  13  504
  29  473
  42  422
 284  557
 191  481
  35  425
 277  490
 228  643
 181  629
 314  400
 109  449
 329  382
 225  531
  77  694
   1  510
 204  635
 197  699
  77  555
 238  645
 237  571
  58  562
 242  373
 308  452
 274  475
  27  657
 135  630
 321  676
 240  527
 202  556
 242  564
  36  522
 181  608
 261  530
 119  455
 272  364
 252  587
 232  349
 255  464
  53  601
   5  597
  43  462
  76  462
 239  663
  65  669
  90  581
 132  366
 120  387
 337  611
 158  560
  22  418
 321  627
 322  568
 151  459
 146  572
 143  450
 155  405
 335  663
  21  681
  76  650
 289  454
  56  362
 298  496
  41  357
 280  660
  52  371
 138  691
 210  440
 127  367
 169  530
 251  523
   4  484
 121  650
 150  397
 291  692
   2  429
  45  685
 229  563
 243  563
  33  665
 292  386
 176  587
 247  639
 121  406
  45  360
 278  448
  87  492
 322  524
 331  641
 236  358
 253  370
 168  470
 182  621
 143  578
 254  547
 133  437
  91  584
 184  411
 215  659
 229  678
 182  681
 114  452
 327  368
  36  394
 118  358
 268  596
  29  391
  21  664
  54  652
  14  457
 273  469
 108  450
 134  438
 296  580
  44  413
 212  687
 238  510
 228  631
  84  366
 304  349
 236  458
 318  462
 152  525
  73  348
  17  566
  60  690
 164  568
 262  643
  25  407
 249  355
  84  379
 228  572
 139  662
 269  498
 234  491
 213  635
 225  647
 287  472
   9  518
  78  394
 197  498
  52  650
  86  696
 312  555
   9  588
 283  405
 192  634
 204  390
 301  367
 238  386
 219  660
  47  369
 149  458
 304  542
 251  501
 280  675
   6  444
 176  562
  54  502
 195  662
 186  391
  20  528
  17  629
 269  376
 320  418
 110  399
 152  412
 228  390
   7  598
 149  674
  78  400
  44  492
  83  389
 231  485
 217  623
 281  602
  31  345
 192  653
  16  401
 163  425
 208  472
 117  562
  20  480
  31  556
 147  556
  95  375
 321  492
 191  534
 180  565
 100  457
  58  673
  47  690
 300  361
  65  501
  92  351
 193  598
  80  583
 177  398
  30  542
 266  495
 335  353
 237  694
 340  624
  72  415
  67  660
 227  518
 206  383
  97  621
  90  512
  46  592
 289  491
 337  351
 270  570
 121  384
 129  669
 116  644
 162  428
 123  391
 330  602
 238  518
 250  513
  32  415
 302  374
  49  549
 173  635
 241  600
 213  600
  35  356
 319  465
 249  486
 314  477
 260  418
  77  440
 214  592
 209  491
 229  610
 160  592
 293  485
 235  388
 203  403
 206  631
 269  586
  17  602
 315  345
  49  664
 339  474
  89  431
  82  400
  67  692
  97  451
  51  454
 197  406
 154  433
 195  578
 257  698
 248  474
   2  446
 190  601
 125  422
   6  565
 263  481
 137  700
  86  409
 307  378
 263  630
 187  370
 175  562
  13  427
 183  533
  40  641
 318  695
 128  698
  50  389
  78  604
  29  620
  97  420
 237  692
 146  401
 216  564
  37  685
 154  623
 295  354
 215  467
 129  373
  55  637
 344  693
  81  592
   6  595
 344  634
 227  643
 152  475
 114  453
  85  618
  47  417
  14  651
 299  654
 230  699
 114  650
 102  438
  88  581
  39  407
 248  663
 186  610
 321  630
 125  354
  40  354
  40  430
 125  539
 191  430
 191  577
 206  539
 206  457
 206  665
  78  665
  78  681
 133  681
 133  553
 133  625
 209  553
 209  435
 209  604
  19  604
  99  604
 196  604
  91  604
  91  629
 115  629
 115  346
 111  346
 288  346
 111  690
 120  629
 120  437
   3  437
 209  421
 249  421
 127  421
 113  346
 224  435
 209  634
 193  634
 193  588
  36  588
 200  634
 200  513
 209  375
 288  602
 158  602
 158  415
 158  369
 185  602
 185  502
 151  502
 116  502
 116  396
 151  402
 116  447
 195  447
 195  372
 195  498
 195  557
 290  557
 126  498
 195  432
 256  498
 106  432
 106  497
  43  497
 294  498
 294  585
 332  585
 332  521
 206  617
 219  435
 219  404
 109  404
 288  505
 202  415
 202  462
 294  475
 215  475
 127  456
 164  396
 164  560
 219  547
 310  547
 310  545
 310  700
  95  700
 272  545
 272  478
  14  478
 272  556
 310  514
 156  547
 156  579
  14  529
 166  547
 130  529
 101  447
 332  454
  17  454
  17  483
 207  483
 140  483
 207  411
  17  549
 194  483
 194  491
 285  483
 285  446
 137  446
 137  366
 285  684
 285  533
  22  533
  22  578
 307  446
 307  459
 285  386
 285  559
 326  559
 326  611
  94  559
 174  559
  94  622
 170  622
 174  387
  21  387
 269  559
 170  476
  44  387
  44  423
  22  412
 261  412
 261  589
  24  366
  24  451
  24  522
 292  451
 161  451
 161  384
 309  384
 309  434
 309  403
 150  434
 212  434
 212  391
 281  403
 281  473
 281  494
 262  494
 262  486
 338  486
 338  438
  16  486
 155  391
 155  367
  28  367
  28  643
  28  674
  16  503
 306  503
 323  384
 323  389
 323  603
 142  384
 161  381
 285  675
  75  578
  72  622
  22  425
 333  434
 176  434
 176  686
 176  345
 160  686
 103  686
 103  466
 176  583
 143  583
 251  386
 251  650
 295  650
 295  388
  97  388
  75  590
 265  590
 184  590
 184  492
 184  477
 104  492
 104  582
 238  582
 238  487
 308  389
 308  605
 308  660
 270  487
 270  493
 270  363
 240  493
 240  397
  92  397
  72  393
 190  393
 190  548
 124  589
 124  401
 124  368
  94  598
   9  598
   9  511
   9  656
 247  656
 190  623
 254  533
 254  485
 254  385
 159  385
 159  541
 117  385
 117  641
 299  541
 159  364
 204  364
 305  364
 305  400
 305  426
 154  426
 154  666
 299  479
 299  609
 188  426
 188  439
 286  439
 298  425
 298  463
 210  438
 210  377
 210  696
 213  696
 220  377
 271  578
 271  550
  90  550
 271  687
 225  550
 105  617
 105  663
 245  663
 245  661
 133  593
  10  593
 133  655
  26  655
  26  671
 318  364
 318  692
 318  621
 318  636
 337  636
 245  680
 152  680
 152  581
 138  581
 152  647
 152  657
 334  657
 334  449
 116  407
  58  407
 271  453
  11  453
  11  562
 279  514
  68  609
  68  464
 308  516
 278  516
 236  553
 236  695
  39  623
 181  578
 181  429
  53  429
 223  429
 269  572
   5  572
  62  572
  62  431
  62  546
 255  546
 255  635
 144  635
 144  359
   5  448
 302  572
 109  472
 242  472
 297  472
 174  347
 246  589
 197  605
 197  626
 145  626
 139  626
 139  658
 139  442
 118  442
 231  442
 231  471
  17  691
   2  462
  87  464
 344  471
 271  357
  84  357
 284  545
 284  673
 284  646
  13  646
  13  482
 183  482
 183  450
 311  646
 284  392
 129  673
 311  601
 271  569
  37  655
 294  408
  63  408
  63  376
  63  649
   7  649
 170  358
  57  358
  57  495
 218  495
  57  394
 217  394
 217  574
 163  394
 243  550
  35  435
  35  689
  76  689
  35  595
 110  689
 178  689
 178  600
  36  524
   1  524
   1  398
  49  398
   1  433
   1  383
 340  475
 340  639
  79  639
 239  514
 239  591
 143  489
 323  480
 152  348
 208  348
 177  348
 177  416
 293  416
 293  566
 293  382
 203  416
 112  601
 112  419
 128  419
 317  386
  83  382
  83  685
 140  567
 312  567
 312  370
 312  571
  65  370
 143  540
  75  693
  56  693
  56  570
 289  570
 220  676
 296  676
 127  555
 268  555
 268  500
 165  555
 179  500
  93  671
  93  452
 315  452
 108  438
 108  490
 114  490
 312  499
 112  628
 189  628
 167  628
 319  628
 319  677
 167  506
 131  454
 131  653
 131  427
 303  427
 170  365
 213  632
 136  398
 135  681
 135  530
  85  530
  85  561
 320  605
 320  527
  75  697
 178  355
 129  519
  61  519
 334  645
 221  500
 274  476
  29  435
 188  682
 119  582
 119  441
  48  441
  48  669
  86  441
 194  659
  70  659
  70  672
  70  371
 342  371
 275  672
 275  504
  23  504
 273  659
 273  470
 273  627
 325  682
 325  568
  52  568
  26  428
 149  428
 198  347
 174  378
  47  378
  47  520
  96  645
  96  610
 189  424
 237  424
 274  528
  99  551
 284  544
   6  375
 329  643
 225  353
 124  613
  81  613
  34  613
  38  613
  38  469
  38  443
 248  443
  81  484
 195  678
 180  472
 143  512
 175  378
  73  666
 342  496
  66  496
 168  590
 168  508
 168  597
 264  597
 201  516
 201  406
 192  406
 238  542
 241  689
 107  485
 263  446
  89  697
  89  461
 141  461
 141  575
 141  410
 211  410
 141  630
 252  464
 117  361
  88  361
 320  518
 329  510
  46  593
  46  637
   4  637
   4  360
 133  458
 282  441
 282  422
 282  670
 280  670
  49  379
 259  556
 267  376
 113  356
 331  356
  21  648
 247  444
  15  444
  15  558
  73  351
 258  351
  27  351
 108  414
 108  517
 250  517
 257  517
 250  688
  60  688
  32  688
  31  421
 216  365
 216  352
  54  622
  54  488
  54  543
  67  543
  67  501
  67  374
  67  586
  74  543
 169  438
  39  467
 123  530
 146  530
  25  495
 144  468
 234  568
 300  363
  33  353
  33  616
 312  455
 289  515
 263  642
 162  642
 162  362
 343  414
 343  615
 343  633
 173  352
 266  666
 102  374
 102  592
  59  592
  80  592
  33  607
 327  411
 329  481
 258  418
 141  698
  58  667
 143  683
  55  673
 147  374
 287  366
  77  473
  77  554
 341  554
 341  552
 321  552
   1  664
 283  677
 283  399
 222  354
 280  651
 151  538
 182  538
  82  527
  82  395
  82  509
  98  372
 331  474
   5  535
 106  679
 232  408
 232  587
 330  587
 253  548
 253  405
  50  405
 328  452
 121  424
 121  599
 121  465
 100  599
 121  654
 314  496
  96  460
  64  460
  64  638
 316  396
 316  606
 230  606
  58  525
 293  420
 318  580
  51  610
  80  564
 186  398
 186  573
 217  576
  92  565
 336  399
 322  479
 322  612
 308  537
  41  376
  97  507
 296  584
 132  582
 323  563
 205  355
  40  390
 214  579
 153  683
 308  624
  45  603
  45  349
 335  557
 291  381
 191  531
 297  373
  18  373
   8  395
 207  436
 297  350
 227  350
 339  433
 228  463
 161  668
  90  662
 171  662
   6  532
 277  572
  13  523
 229  472
 315  620
 226  421
 249  445
 324  445
 324  417
 202  631
 148  352
 148  640
 245  618
 313  618
  71  386
  68  619
 300  608
 304  401
 172  577
 276  688
  15  652
 102  536
 200  534
  30  618
 260  654
  20  629
  42  579
 235  407
  28  699
 244  538
 244  409
 301  409
 321  440
  72  380
 187  380
   4  644
 275  596
 144  594
 233  695
 277  694
  69  370
 199  622
 134  516
  34  413
  12  697
 285  526
 122  656
 157  643
 159  614
