 102   98     250
  95  106
  92  158
  36  140
  49  181
  67  137
 102  134
  74  162
  84  127
  42  120
  98  173
  98  127
  61  176
 101  187
  75  161
  87  141
  20  105
  74  148
  57  147
  23  174
   7  160
  69  167
  14  150
  35  142
  26  194
  62  137
  35  122
   9  192
  58  195
 100  187
   9  138
  79  186
  45  104
  64  114
   5  110
  55  151
 101  123
  63  126
  28  151
  26  145
  62  105
  99  161
  66  159
  41  127
  37  180
  44  112
  52  153
  94  106
  31  165
  89  129
  46  174
  65  112
  29  129
  20  129
  20  123
  20  122
  29  197
  81  197
  81  113
  52  113
   1  113
  81  157
  24  157
  24  145
  56  157
  56  105
  34  145
  34  176
 100  176
 100  117
  34  159
  98  117
  98  139
 102  139
 102  181
  95  181
  95  114
  95  156
  83  159
  98  179
  91  179
  83  165
  34  180
   8  180
  69  122
  69  140
  19  140
  69  144
  87  144
  87  199
  87  127
  57  144
  87  175
  57  143
  19  149
  93  149
  93  126
  28  126
  28  135
  39  135
  17  126
  17  109
  87  192
  99  109
  99  166
  33  166
  64  166
  64  160
  33  112
  33  198
  47  198
  47  153
  47  110
  94  110
  97  110
  97  196
  30  110
  64  158
  23  158
  26  175
  26  142
  50  198
  23  161
  89  161
  66  161
  18  161
  18  188
  41  139
  56  154
  95  185
  37  185
  37  184
  66  172
  78  192
  86  105
  86  103
  86  141
  75  141
  77  103
  77  173
  62  173
  62  130
  62  128
  62  118
  27  128
  91  169
  61  159
  61  134
  61  133
  36  133
  36  121
  36  147
   3  121
  11  147
  55  160
   1  125
  72  125
  72  120
  72  168
  72  107
  29  178
  35  199
  35  132
  45  132
  40  132
  40  162
   4  162
   4  186
   4  136
 101  136
 101  191
  25  191
  25  108
  59  191
  59  177
  67  108
  25  187
  76  187
  76  148
  42  148
  49  147
  13  187
  13  111
  13  138
  65  138
  13  170
  82  111
  82  124
   6  124
  88  138
   6  131
  82  194
  48  111
   1  190
  20  155
  51  154
  51  150
  10  150
 101  119
  73  119
  38  132
  38  174
  56  104
  43  136
   5  179
  96  169
  96  189
   2  189
   2  163
   7  177
  91  116
  12  116
  12  171
  12  167
  90  167
  74  167
  58  171
   9  113
  58  193
  85  193
  84  193
  84  146
  68  146
  30  106
  22  108
  32  122
  79  174
  17  195
  31  195
  60  116
   1  115
  53  115
  60  164
  70  149
  92  177
  85  152
  80  152
  15  197
  56  151
  14  151
  63  147
  97  183
  66  200
  16  200
  44  174
  91  182
  46  116
  71  158
  32  137
  54  143
  21  105
