 191  209    2000
 119  339
 168  214
  81  283
  54  373
  32  218
  47  219
  39  248
  45  349
 135  249
  51  389
 114  397
 103  224
 122  347
 133  336
  46  271
 128  341
  84  243
 147  330
  13  397
  75  298
  36  249
 184  263
  48  234
 124  323
 131  272
   2  215
   5  308
  56  364
 156  272
  86  311
 156  262
 132  231
 170  225
 175  399
 165  221
  15  373
 166  316
   3  345
   7  394
  64  222
 177  346
 178  226
  82  286
  80  351
  93  285
  10  287
  83  211
  54  208
  74  310
  35  316
 153  310
 145  254
  74  204
  37  360
  56  218
  37  340
 131  286
 189  386
   4  244
 120  264
 155  251
 158  288
  65  374
  71  220
 169  219
 155  363
 168  272
 181  276
 165  291
  47  202
  63  341
 148  388
  81  341
  32  369
 131  369
  24  360
 113  243
 123  356
 151  250
  13  226
  52  380
 186  221
  70  276
 116  269
  86  352
  54  351
  65  343
  53  355
  14  347
  75  278
  94  251
 107  250
  12  368
  54  387
 130  329
  25  340
  28  250
 104  353
  93  361
 121  242
  60  302
 189  379
  84  343
 172  381
  96  357
 143  391
 191  362
 132  210
  13  198
  98  351
  35  317
 102  326
  71  385
  71  208
 117  287
  39  204
 168  237
 125  350
  65  293
  37  273
 173  391
 164  192
 150  256
  93  389
 157  324
 174  307
  95  263
  23  351
  20  325
  48  193
 122  230
 123  374
  25  341
  93  316
  74  260
 103  390
  27  380
 185  260
  20  273
  81  339
   3  218
  93  196
 150  296
  59  205
 114  341
  39  369
 110  199
 113  352
  37  268
 110  380
 132  373
 179  193
 147  318
  68  283
 106  389
 142  297
  73  387
 100  240
  70  217
   8  326
  42  279
  53  198
  91  228
   2  198
 172  307
  28  327
  68  268
 160  353
  43  238
 122  239
  28  349
  97  225
  21  351
 159  365
  28  209
  67  221
  43  226
 138  363
  25  271
 165  301
 127  348
  29  259
 168  223
  23  260
  76  320
  13  240
 116  263
  76  245
 114  257
 135  336
  55  276
 166  247
 131  294
 154  384
 167  372
  97  380
  13  344
  61  241
 177  372
  51  239
 138  361
 145  223
 172  230
  90  196
  92  197
 107  348
  99  265
   1  276
 128  302
 169  397
  75  254
  23  271
 136  231
 146  387
  96  306
  86  246
  18  250
 168  270
  15  258
 139  220
  45  278
  12  324
  83  282
  87  388
  16  397
  16  366
 176  331
  73  360
  86  230
 126  214
  48  339
 151  254
 186  327
 170  367
  41  388
  21  195
 179  371
  22  293
  11  249
 175  339
  42  364
 143  349
 162  263
 128  326
 183  347
 160  238
 183  251
  97  232
  36  360
  51  215
 128  351
  18  287
  36  272
 145  381
  79  329
  20  218
  63  400
 161  209
 127  325
 185  234
 151  226
   7  198
  88  346
  42  273
 119  314
  78  286
  78  372
  25  351
 126  342
  14  315
 102  202
 131  208
 172  269
  19  208
  24  243
 133  367
 137  359
   1  320
 185  373
  33  314
  67  384
 103  227
 107  338
 128  321
 142  204
 151  279
  53  305
  57  300
 142  327
   7  337
 146  193
 170  281
   3  319
 105  354
 147  376
  85  347
  89  305
  50  233
  30  221
 140  282
 186  246
  85  215
 191  339
 122  369
  71  369
 188  262
 149  280
 131  391
 145  240
 184  229
  14  220
  56  240
  29  234
  24  381
 186  233
  17  228
  10  304
 150  236
   6  373
  82  327
  43  281
  65  321
  43  391
  43  239
  17  193
 137  289
 152  234
  12  236
  60  194
 183  269
 104  274
  22  270
   7  396
  22  223
 169  227
 142  398
 164  269
  82  339
 135  304
 137  250
 145  285
  33  388
 123  300
 102  343
  70  298
 136  243
 184  305
  64  306
 105  396
 100  387
  43  196
 122  350
  40  330
 121  210
  55  283
  95  211
  18  299
 181  224
  55  314
 114  386
  40  295
 138  213
   6  262
  36  312
 154  245
  12  257
  91  246
 104  265
 143  259
 177  257
 102  346
 115  195
 133  391
  18  321
 116  196
  57  228
 138  294
  43  257
 115  332
  20  295
   9  280
 109  342
  45  354
 170  345
  76  376
   2  374
  25  247
 155  231
  40  379
  58  396
   8  292
 190  330
  12  228
 114  235
  43  399
  84  287
 156  250
  28  363
  29  366
 121  287
 142  285
  55  211
  69  367
 180  260
 101  312
  42  291
  57  320
 129  398
  32  255
  48  225
 102  322
 125  257
 117  252
  92  325
  22  248
 190  214
 100  226
  93  397
  17  368
 160  390
   2  226
  92  363
 118  205
 175  290
  89  381
 122  286
 133  269
  19  276
  38  243
  89  194
 104  374
 147  246
 137  309
 122  296
  14  267
  62  362
 129  250
 124  325
  12  238
 191  344
  52  399
  38  237
  23  257
  27  385
  91  224
  18  213
  21  239
 126  374
 125  232
 151  248
 159  370
  85  253
 149  400
 106  228
 184  381
 117  325
  65  390
  33  311
  90  384
 157  234
 102  370
 138  227
  77  246
 169  332
   4  272
 174  372
 175  348
  72  268
  24  209
  68  277
 162  389
  92  358
  77  217
 147  361
  49  264
  95  286
  24  392
 138  396
  48  329
  92  269
 115  243
 191  238
  97  305
  47  267
  40  313
  35  346
 105  262
  88  258
  86  367
 121  288
 168  300
 154  354
 136  269
  40  209
  17  301
 133  329
  57  372
  67  381
 136  200
  66  294
 142  298
   3  376
  44  307
 147  358
 155  246
 109  312
  62  282
 142  279
 180  299
 108  351
  15  227
  47  356
  55  236
  64  324
 151  210
   9  212
  38  253
 121  292
 120  208
 122  205
  47  291
 162  324
 128  292
 180  354
   6  274
 191  200
 156  329
  34  372
 123  227
  65  378
 178  360
   1  325
  15  353
  11  293
  93  324
 155  291
 134  313
 154  270
 120  193
  35  314
 136  355
 166  293
 184  232
 117  309
 122  339
 177  388
  69  259
  38  355
  10  319
  98  329
  58  365
  16  288
 113  390
 138  369
   6  353
  23  195
  69  237
 174  342
  87  264
 136  375
  15  271
  23  192
 177  214
 189  378
 172  356
 191  292
 186  300
  45  225
  15  300
  70  313
  45  336
 152  358
 156  263
 170  380
 108  306
 180  333
 189  324
  23  214
 168  276
  92  214
 144  273
 189  310
 132  196
 143  287
  40  395
 125  389
 181  240
 125  196
 164  326
 102  278
 152  252
  96  298
 100  312
  79  378
 143  321
 114  380
  87  281
 116  361
   9  343
   1  295
 153  319
  13  390
  82  281
 109  396
 153  193
  57  197
  98  366
  82  341
  22  398
 182  231
  52  372
  64  312
  20  255
 171  368
  55  264
   9  400
 104  243
 183  307
 152  323
 123  364
 121  234
 173  307
  88  199
 168  217
   2  337
  76  359
  45  240
  47  203
  31  220
 169  205
  12  211
 148  258
  20  195
 174  222
  97  389
 182  266
 175  393
  21  253
  42  272
  28  331
 149  290
  64  203
 147  337
 120  303
  96  398
 141  258
   4  247
  61  388
  59  282
  84  210
  86  380
  94  363
 117  228
 101  295
  36  299
  88  247
 142  228
 155  314
 175  319
   4  263
   6  238
  31  346
 169  288
 160  336
 168  245
  25  346
  75  270
  86  372
  31  301
 111  201
 150  308
 103  206
  13  295
  49  200
  87  262
 152  220
 184  264
  89  370
 110  383
  73  203
  67  236
   7  265
 130  256
  88  319
   9  339
  80  240
 117  354
  59  335
  95  306
   5  258
  17  336
  29  323
   4  287
   4  353
 138  310
  25  246
   8  214
 163  354
  86  295
  52  327
  86  391
 189  384
 148  331
 150  199
  38  217
  65  198
 166  392
  42  333
 122  226
   4  254
  32  278
 187  274
 117  384
 190  370
 145  291
 141  213
 182  222
  64  398
 110  367
  86  273
 116  256
  93  281
 146  293
  40  206
  69  392
 178  383
 186  227
  30  308
  62  350
 151  384
   7  397
 133  372
  34  398
 191  241
  55  227
 187  254
 126  269
 109  386
 144  229
  69  376
  34  305
 143  329
  22  368
  77  239
 156  305
  23  194
 185  243
   2  313
  14  306
  37  222
 110  288
  70  339
  52  252
  98  267
  54  206
 112  248
   4  228
  15  323
  10  281
 151  294
  57  342
 113  314
 123  205
  42  397
 135  390
  27  390
  61  322
 168  304
  19  253
 102  243
 182  221
  34  292
 156  268
 175  368
  42  323
   7  205
  42  316
 157  349
 169  218
 151  253
 179  289
  60  371
  50  289
  46  236
  97  240
  43  326
  67  274
   2  287
 129  399
  66  282
  71  235
  82  256
  44  198
 108  204
  90  390
  45  357
  85  231
  61  291
 165  329
 162  256
  42  334
  69  372
 117  262
 181  371
  32  330
 175  273
 135  243
 101  274
 102  209
   1  260
  74  212
 138  228
  62  356
 140  199
 167  248
  58  358
 132  285
 123  278
  34  279
  49  285
 153  205
 110  293
  39  283
  95  220
  48  390
  63  250
  93  253
  75  248
 177  383
 165  276
  37  289
  64  195
 182  360
 179  287
  92  241
  89  239
  69  327
 110  300
  79  249
 163  228
 128  373
 163  382
 148  335
 159  279
   8  249
  30  318
  43  340
 114  344
  18  311
 168  313
  58  262
 110  236
  83  385
 183  224
  78  236
  27  221
  29  227
  43  221
  71  206
 162  231
 185  346
   8  327
 137  317
  31  292
  72  345
 130  307
  80  373
  62  348
  76  282
 161  234
 120  261
  57  301
 111  236
  83  366
  22  241
  59  326
  70  293
  73  361
  45  253
  80  389
  28  373
 136  212
  92  262
  56  264
 149  309
 141  247
  25  343
  61  239
 105  340
 100  245
 150  246
  45  200
  77  269
 189  347
 120  371
 189  240
 109  359
  81  393
 110  356
  27  228
 148  199
 145  269
 118  371
 128  400
 104  249
  47  379
  15  219
  51  200
 190  333
 117  267
  89  271
  43  320
 123  210
  12  281
  28  325
 170  360
  11  317
 144  324
  13  251
 170  355
 122  249
  42  352
 125  210
   8  361
  77  376
 176  239
  30  296
  12  360
 109  395
 130  388
 150  217
  41  330
 133  253
 135  398
 170  293
 135  294
 180  192
  77  384
 132  195
  53  269
 144  318
  25  375
  25  269
  59  349
  35  203
  45  387
 127  294
   6  361
 148  263
 150  393
  61  308
  44  285
 134  280
  95  370
  31  243
  74  373
  44  232
 189  199
 126  346
  48  194
  86  235
 159  202
 186  234
  43  365
 146  268
  44  398
 116  280
  32  306
  19  320
  84  397
  55  295
  37  308
 182  372
 152  304
 168  371
 129  295
 123  249
  12  267
 117  310
  79  343
 148  274
  56  206
 148  314
 174  394
  49  216
 132  197
 189  335
  59  239
  56  233
  21  397
   9  237
  40  193
 107  297
   7  268
   2  295
  20  293
  22  203
 170  396
  98  262
 188  242
  93  367
 131  254
  91  238
  63  311
  56  239
  17  395
  55  372
 155  336
   5  247
  96  264
   7  391
  13  196
  50  383
 133  345
 116  236
 174  389
 100  203
 141  265
  58  193
  30  369
 174  216
 129  240
  27  233
  23  362
  11  219
  12  226
   7  311
  98  284
  67  325
  17  387
  45  216
 175  336
 142  365
  27  368
 179  324
 142  349
 125  222
  49  371
 127  370
  96  263
 143  262
 163  276
 113  334
  17  385
  87  390
  90  281
 125  373
 151  386
 152  238
 116  387
 178  276
  17  337
  75  231
  34  193
 129  248
 108  342
 161  391
  34  265
  88  210
 126  231
 178  344
 112  370
 109  277
  13  348
 166  350
 117  338
 142  210
 126  400
  16  291
  59  197
  19  290
 107  291
 176  229
 157  239
  11  250
   5  287
 155  200
 153  267
  69  328
 105  368
 172  379
 172  373
  80  239
 166  272
 137  225
  13  194
 119  363
   6  307
  99  347
   2  334
 120  205
 127  280
   6  266
 191  272
  23  228
  89  312
 140  244
  33  363
 102  345
  68  379
 106  229
  73  227
 133  344
 129  385
 144  251
 172  320
  58  312
  94  262
 138  257
 136  305
   3  249
  94  279
  61  263
  49  192
  19  244
 155  369
 189  342
 152  344
 134  387
  89  200
   9  295
 143  338
  26  368
  53  379
  89  287
 115  303
   6  339
 137  338
  94  258
 174  360
  19  323
 122  349
  22  372
 164  212
 159  246
 189  356
 151  216
  30  385
  66  223
  43  311
 176  231
  68  329
 117  196
 157  258
   1  316
   6  223
 183  216
  89  353
 168  365
  73  366
  87  351
 129  355
  39  235
  29  298
 168  333
 132  333
  16  201
  50  244
 104  368
 191  192
  56  308
  78  197
  78  262
 113  372
 145  375
  78  299
 183  378
 102  200
 144  340
  27  299
 121  300
 125  277
 161  385
 174  206
   2  233
 155  208
  77  270
  84  306
 181  210
 118  196
 128  345
  70  352
 160  348
  50  341
  33  254
 170  280
 187  359
  86  239
 170  315
  60  204
 186  207
 152  392
  80  339
 111  198
 115  230
  57  323
 120  236
 107  259
 170  301
 121  202
 164  399
  90  351
  59  284
  53  347
  61  248
 120  399
  21  267
 136  342
 185  222
 115  318
 170  340
  59  274
 147  273
  34  244
 172  318
 132  368
 111  228
 170  198
  84  235
 158  315
  16  214
 123  276
  71  205
  21  230
  12  355
 137  397
 128  281
  61  209
  61  337
 136  300
  28  381
 132  237
  76  389
  31  202
  53  308
 149  211
 114  400
 181  386
 131  238
 150  289
   5  217
   5  212
  76  387
 124  229
 160  233
  38  291
  86  349
 103  272
 145  366
  16  292
 110  258
  20  271
  13  363
  24  370
  80  295
   5  329
 144  258
 189  290
  30  391
  30  325
 116  368
  71  251
  58  233
 162  375
  66  243
 169  225
  60  323
  31  372
   1  328
  40  207
  29  352
   3  222
 153  379
  82  223
 133  275
 155  360
 139  246
  56  211
  67  366
 136  222
 146  352
  31  208
  64  315
  68  317
  26  268
  51  264
 128  244
  33  238
  63  240
  83  356
 111  234
 135  286
  73  352
  99  279
 145  205
  22  251
 140  274
 137  283
 170  390
  95  258
  22  358
  27  249
  59  224
  31  204
  41  320
 191  250
 111  245
  28  343
 119  296
  53  378
 150  358
 185  382
 163  204
  73  285
  66  382
 136  284
  53  316
 160  363
  59  333
 186  389
  10  296
 151  337
  36  258
 146  203
 163  234
 147  208
  37  351
 147  384
  54  197
  13  195
  82  354
 144  297
  22  225
 184  359
 152  208
 149  387
  30  395
  33  273
  70  342
 137  288
  62  374
 100  322
  79  305
 105  353
 161  313
 171  380
 150  278
  88  356
 100  321
  19  311
  20  236
  22  244
 111  376
  65  234
  83  396
  94  320
  54  370
  34  224
  61  210
  64  309
  92  326
 175  350
 109  348
  13  299
  78  335
 162  237
  79  242
  98  305
 116  369
  45  356
  58  303
 178  379
  65  203
   8  358
 151  259
 133  211
  99  255
 181  217
  16  271
 136  319
 177  315
 110  320
 130  245
   2  315
  77  214
 159  261
  94  222
  82  290
 161  278
  32  199
  76  355
  65  320
 151  394
 178  194
  25  211
  56  195
  30  231
 111  389
 173  380
  72  273
 140  268
 161  213
  23  322
  50  222
  27  397
  34  339
 191  240
 146  350
 128  251
 170  219
 162  310
  29  292
  89  316
 157  353
 134  366
  26  349
  54  392
 156  259
 171  213
  27  375
   2  230
 135  292
   8  318
  25  205
  76  371
 155  240
  28  374
  15  317
  97  325
 189  255
  99  240
 154  308
 173  395
 128  220
 147  222
 137  200
   5  381
  29  286
   2  196
  34  313
  89  254
  44  241
  88  329
  73  289
  18  376
 145  248
  96  384
 117  201
 130  193
 133  217
  45  340
 176  342
 168  295
 108  354
 147  322
  92  240
 170  279
 137  236
  30  201
 190  248
  16  290
  89  229
  35  386
  37  277
 184  260
 144  194
 106  258
  98  322
  98  217
  65  391
 134  258
  42  204
 168  227
 191  323
 191  352
  85  376
 120  276
  64  386
 100  264
   5  330
  55  242
  80  324
 147  205
  60  279
  93  372
   3  266
 115  325
 142  344
  42  250
 155  327
  55  254
  70  241
  99  338
  41  192
  27  383
  33  356
  86  254
  64  394
 108  345
 168  292
  90  205
 138  324
  92  209
 190  357
 122  310
 189  236
 123  342
 144  272
  63  377
 156  194
  76  297
 108  300
  78  257
 183  356
  77  287
 120  273
 188  361
  82  301
  58  344
  31  249
 184  201
  31  269
 104  193
 145  318
  20  252
  24  285
  39  343
  75  393
 186  288
  85  381
  92  296
  58  215
  10  384
 101  311
 178  230
  43  225
 183  240
  99  282
  64  321
 121  325
 179  247
  60  224
  15  330
 131  276
 157  306
  97  318
 107  208
  43  232
  56  259
 148  380
  13  283
 169  361
 134  201
 109  248
 172  248
  21  353
 146  281
 176  256
  26  199
 164  388
   8  385
  50  389
 161  350
  99  340
 123  244
 120  383
  56  321
  75  196
   9  302
 163  328
  27  276
  64  199
  78  270
  31  385
 154  281
 167  257
  56  245
  60  284
  76  291
 116  347
  81  247
  84  213
 159  297
 184  278
 125  265
 107  377
  59  370
  65  310
  58  221
 158  397
  38  339
 101  271
  14  345
 116  312
  57  293
 165  238
  36  377
 152  341
  10  214
  58  259
  90  233
 182  218
 182  375
 186  218
 186  290
 171  290
 171  281
 186  376
  50  376
  50  272
  17  290
  17  351
  96  351
  96  390
  96  265
 136  265
  32  265
  32  310
   9  310
   9  288
 118  288
 118  331
  53  331
  53  354
  53  298
 155  298
  27  288
  27  273
 123  273
 108  273
 108  274
 142  274
 142  231
 128  274
 128  262
 149  262
 149  248
 149  220
 185  248
 147  220
 114  262
 114  296
 123  233
  41  231
  41  199
  41  244
 120  244
 120  255
 120  333
  35  333
  11  244
  11  325
  78  325
  78  353
  35  322
 120  337
 158  337
 138  337
  65  244
  65  207
  65  270
  65  370
  16  370
 167  207
 167  243
 143  270
 143  210
  78  280
  99  280
 107  280
  63  280
 138  307
  14  210
  78  241
  30  207
  35  373
  51  373
 168  298
 168  205
  16  399
 161  399
  14  196
  46  196
  46  249
  54  249
  78  344
 188  344
  98  344
  94  344
  85  344
  85  219
  98  356
  94  397
 188  323
 122  323
  94  195
 116  195
 116  293
 185  264
 181  264
  22  274
  22  235
 129  337
 129  234
  30  303
  58  207
  58  357
  58  276
  88  357
  88  330
 145  330
  88  260
 185  321
  66  321
  66  246
 141  246
  66  363
  66  347
  72  347
  72  327
  55  327
  72  361
 111  321
  66  242
  84  242
   8  274
 186  287
 187  373
  87  248
  87  263
  53  395
 165  395
  64  210
  64  388
  36  388
 151  354
 151  237
 174  351
 175  351
 175  349
 175  379
 119  347
 182  328
  62  207
  92  255
  92  222
  92  317
  28  222
   1  222
  65  254
  38  254
  38  391
  26  290
  26  226
  69  226
  69  221
  41  200
  62  201
  16  355
 167  297
 149  277
  80  277
  80  267
  77  267
  80  261
 110  261
  80  358
 110  228
 102  228
  58  224
 157  224
 157  283
 157  311
 178  311
 178  236
  10  283
  10  392
 178  341
  39  392
 157  285
 139  285
  66  385
  53  299
  17  197
 141  324
  91  324
 144  347
 144  208
 187  269
 169  269
 169  308
  60  308
  60  301
  37  301
 179  301
  89  262
  89  342
  40  342
  40  329
  40  227
  83  227
  40  253
 167  239
 128  306
 185  286
  28  216
 126  216
 126  371
 135  216
 135  202
 137  202
 135  350
 105  350
 105  204
  23  204
 171  381
 150  381
 150  213
 183  213
 150  343
  59  343
   5  343
   5  268
   5  240
 157  252
 140  252
 140  251
 190  322
  34  239
 133  202
 113  196
 113  225
 113  377
 113  336
  74  377
 132  323
  84  257
   9  294
 184  294
 148  283
   1  318
  72  383
  84  245
 115  245
 115  284
 112  284
 131  236
 131  229
  82  358
 153  274
 153  369
  16  232
 117  251
   3  251
  81  221
  81  223
  48  223
  86  343
 102  250
  15  250
  15  366
  43  250
  43  368
  44  368
  13  368
  43  203
  31  203
 106  203
 106  279
 191  279
  13  382
 103  382
 121  199
 149  300
 159  300
 159  372
 160  372
  56  372
 135  396
  87  302
 166  246
 166  313
  61  260
 173  254
 182  291
  41  193
  93  193
  12  327
 158  335
 156  207
 149  282
   4  282
  71  282
  71  384
 100  263
 101  296
  97  197
  71  378
 164  378
 177  291
 170  341
 170  266
 185  206
 180  280
  18  243
  18  320
 124  195
 124  304
 124  314
 189  368
 189  389
  89  400
 154  279
   3  380
  57  380
  57  332
  49  332
  21  332
 177  345
 166  319
 146  319
 118  211
   2  302
 175  271
 152  271
 152  315
  19  315
 152  352
 112  334
   5  367
  42  367
  68  367
  68  360
  68  292
  52  304
  19  194
  17  364
  62  217
  76  195
 164  259
 181  295
 118  339
  38  230
 143  212
   7  212
  25  349
  67  371
  45  294
  48  192
 180  312
 122  340
 104  192
  94  316
 159  387
  39  214
  75  214
 103  386
  41  258
   4  365
  24  271
 122  256
 163  300
 163  305
  70  254
 166  393
   6  308
  33  372
 116  394
  95  321
 120  309
  73  309
  73  209
  97  359
  33  247
  29  356
  40  289
  73  362
  57  275
 162  275
  80  374
  85  346
  70  215
  79  202
  20  244
 184  398
 127  262
 109  298
  17  278
 125  219
 176  365
  47  269
  75  238
 190  198
 134  336
  14  338
  90  358
 130  216
 136  348
  78  326
 172  228
