 141  159     450
  56  217
  21  156
  28  176
  13  294
 112  210
 110  270
  89  168
  58  184
  41  206
  57  221
  13  206
  79  218
  80  293
  13  291
 112  153
  88  192
  40  250
  33  280
 139  272
  58  285
 104  239
 122  252
 100  168
  45  245
  98  171
 128  166
  75  157
  79  292
  19  227
  60  259
  92  202
  24  185
 108  255
  15  253
  93  292
  19  162
  55  274
  11  259
  93  277
  28  225
  56  184
 115  297
  17  259
  29  161
  98  172
  11  191
  96  287
  32  295
  89  209
  99  249
  89  148
 125  202
  55  156
   7  189
  81  165
 116  201
   2  288
  86  212
 107  151
  72  272
  36  173
  79  264
  84  237
  74  256
 120  227
  18  276
 117  300
  44  297
 121  170
   3  270
 120  298
  32  151
  34  209
  70  162
  62  158
 110  176
  32  210
 128  184
  31  177
  37  236
  28  192
 104  177
   9  300
  39  181
  27  232
   7  161
 117  217
  25  217
  31  293
  37  219
 110  254
   6  221
  91  228
  75  148
 128  221
  78  299
  73  230
  99  236
  54  292
  64  189
  81  241
  77  254
  34  298
  35  288
  58  253
 108  226
 136  278
  87  223
  65  184
  52  253
  79  269
  38  255
 131  247
  64  143
  82  240
  13  195
  11  228
  56  172
 107  257
  61  183
  23  297
  40  211
  19  215
  56  233
 122  161
  61  182
 116  173
  11  170
  81  288
  97  169
  86  294
 103  215
  49  285
 103  180
  59  184
  72  182
  54  266
  69  216
 105  165
  97  256
   5  188
 123  283
  56  273
  83  250
 131  199
 120  238
  41  281
  65  193
  64  242
 135  173
  26  287
  92  175
  92  255
  18  255
  18  207
  54  207
  54  282
  88  207
  18  266
  90  266
 100  266
  90  176
 137  282
  90  145
   5  145
   5  214
  45  176
  45  273
  44  273
 109  273
  45  253
  40  253
  40  269
  30  273
 106  253
 106  292
 106  154
 117  154
  66  292
  66  183
  97  183
  34  269
  34  148
 119  148
  28  148
  28  270
  37  270
  37  300
 112  300
  37  177
  32  300
  34  158
  32  223
  78  223
  78  233
  96  233
  50  233
  50  276
  50  164
  96  232
 120  232
 120  210
 120  153
  20  232
 120  191
 110  191
  28  259
  56  259
  56  187
  56  289
  15  289
  56  194
  38  194
  10  276
  20  162
 125  162
 125  200
 130  200
  98  200
  28  151
  57  151
  57  257
  14  151
  57  265
  75  151
  69  265
 112  243
 114  151
  75  213
   1  213
   1  238
   1  189
  98  291
  88  215
  44  287
  41  287
  41  284
 107  284
 107  246
  33  287
  33  254
  33  165
  33  203
  42  203
  42  235
  42  198
  29  198
 127  198
 127  234
 139  234
  63  203
  26  158
  28  211
  89  211
  89  271
  61  271
  61  296
 111  296
 121  296
 121  251
  64  251
 121  285
 111  152
 121  217
  49  217
  89  197
  62  285
  49  279
  68  279
  77  271
  78  143
  59  143
  87  143
  87  159
 104  159
 104  216
  19  216
  19  290
 103  290
 135  290
 103  286
  19  155
 108  285
 118  265
 118  242
  83  242
  16  242
  83  172
  16  277
  21  172
  21  240
  21  293
 125  258
 136  253
 136  186
   8  186
   8  157
 136  193
  84  193
  84  230
  76  203
  61  250
 134  250
 134  202
 124  202
  17  202
 124  182
 134  196
 124  288
  86  288
  86  283
   4  288
  86  241
   4  262
   4  252
 122  262
 122  237
  31  237
   2  237
 115  291
  63  205
  51  205
  51  204
  51  229
  52  258
   2  173
  42  267
  70  191
  50  199
  40  247
  12  270
 106  264
  74  283
  74  147
  51  174
 119  222
  67  216
  67  245
  65  296
  31  268
  63  167
  94  167
  62  256
  43  282
  43  239
 132  239
  43  236
 107  219
 115  226
  13  226
  26  201
  28  299
 128  299
  95  299
  95  161
  67  166
  60  288
  60  228
  93  228
 133  228
 133  281
 133  170
  90  179
  73  155
  73  156
 104  185
 116  217
 116  278
  55  278
  55  260
  55  192
   6  260
  23  192
  23  221
  58  252
  58  225
  25  174
 104  244
 138  244
 138  190
  85  277
  85  248
  85  184
 120  208
  72  232
   3  158
  32  171
  62  188
  97  249
  34  206
  24  182
 118  212
  82  212
 131  212
 131  209
   9  209
 131  263
  79  291
  40  231
  11  234
  22  288
  27  248
  27  180
  81  180
  81  218
  71  285
  95  274
 140  270
 140  168
 126  185
  21  169
 101  169
 123  188
 123  163
 105  289
 105  220
 134  142
  71  224
  36  224
  46  208
   4  195
  33  144
 130  149
  39  149
  23  160
 109  261
 129  251
 127  227
  47  232
   7  277
  75  146
  78  272
  91  242
 113  242
  53  188
   5  181
 108  294
  99  263
  79  297
  80  144
  70  150
  35  150
 110  280
  48  244
  27  298
  13  295
 141  291
 102  269
 116  275
  89  178
