 359  341    1750
 104  445
 264  469
 186  366
 147  628
 153  566
  43  534
 194  693
 320  412
 282  406
  20  666
 243  684
   3  488
 210  526
 251  453
 207  690
 141  421
 354  516
 317  686
 254  604
 112  607
 150  592
  38  650
 143  533
 358  611
 136  662
 239  496
 109  461
 299  465
 352  415
 138  641
 132  557
 291  409
  89  660
 157  446
  54  689
 111  489
 182  443
 161  531
 205  539
 102  519
  94  569
 337  601
 285  658
 142  447
 138  366
 308  521
  68  656
  91  396
 339  667
 299  586
  76  488
 151  579
 303  523
 209  533
  89  376
 327  386
 153  641
 169  664
  77  498
 359  442
 285  523
 118  530
 196  679
  19  387
 108  656
 287  586
 242  662
 128  369
 353  580
 117  578
  30  575
  43  689
  35  578
 263  618
 179  539
 215  675
 297  522
 217  660
 225  626
 269  515
 201  486
  10  409
 130  602
  76  455
 352  631
 334  404
 241  684
 293  555
 204  693
 133  619
 264  386
 296  561
 330  561
 187  562
 206  407
  36  556
 306  621
  70  632
 165  661
 260  665
 289  366
 250  665
 346  456
  39  459
  81  628
 257  668
 188  539
 122  532
 155  612
  52  538
 230  404
 112  700
 218  617
 247  376
 212  404
 246  539
 337  629
 306  553
 228  491
 267  398
  94  374
 189  524
 243  695
 173  381
  78  637
 188  671
 286  697
 358  696
 293  493
  29  428
 291  365
 299  663
 313  453
 116  642
 124  516
 162  581
  20  362
 328  640
 155  686
 243  525
 345  360
 134  506
 152  451
  69  491
  53  433
 151  463
 355  627
  73  496
 273  493
 282  486
  54  419
 271  459
  27  540
 177  627
 350  384
 347  399
 200  368
 337  420
 355  373
 284  568
  10  484
 297  541
 299  468
   9  391
 209  630
 342  637
 120  375
 315  451
 296  600
  53  546
 242  474
  34  461
 235  461
   2  454
 305  482
 105  366
 184  608
 339  650
  58  615
 161  535
  98  620
 217  619
 336  384
  60  565
 208  512
 243  693
 291  676
  75  405
 129  401
  10  424
 114  579
  78  497
 139  437
 141  517
 180  415
   2  488
 351  619
 250  407
  82  472
 323  514
 200  508
 285  659
  36  364
 102  556
 358  665
 279  510
 168  662
   7  462
  86  427
  65  496
 300  414
 237  587
 162  493
 345  665
 344  406
 145  421
 335  483
 284  518
 133  644
  59  422
 153  568
 335  553
 312  375
 112  497
  37  594
 145  446
  72  371
 110  688
  35  414
 293  404
 166  529
 202  449
 354  584
 128  486
 100  655
  30  370
  60  413
  60  569
  64  376
 294  513
 270  501
 128  527
 336  422
 179  387
 130  459
   4  570
  33  426
 247  392
 174  681
 213  592
 217  562
 312  483
 150  547
 305  534
  32  505
 308  579
 139  649
  33  477
  55  445
  86  373
  71  401
 190  417
 169  561
  98  368
 307  525
 285  388
  30  645
 131  516
 185  555
 358  504
  51  547
 139  655
 195  592
 199  604
 206  416
 228  621
  69  609
  65  625
 196  633
   2  597
  83  427
  30  406
 337  653
 302  503
 107  575
 176  668
  79  528
  91  573
 170  421
 347  480
 256  436
 190  460
  70  610
 149  410
 328  463
  92  648
 347  580
 343  661
  47  381
 306  458
 359  437
 249  523
 279  532
  91  587
 162  520
 156  426
  87  479
 275  434
  60  656
 103  577
 271  495
  13  461
 338  680
 135  479
 256  440
 291  586
  83  508
 177  565
 344  622
 172  501
 233  431
 332  632
 237  599
 165  539
  68  378
 344  531
 279  479
  90  681
  52  623
   8  472
  70  557
 214  527
 131  452
 232  520
 296  466
 218  472
 176  499
 333  650
 319  544
   2  541
 270  483
 228  465
 358  589
 224  632
 261  430
 122  662
  97  388
 157  438
 194  676
 306  595
 236  389
 320  593
 340  632
 162  549
 324  504
 317  518
 243  588
 166  668
  80  442
 103  454
  82  566
 312  690
 241  665
 191  575
 311  387
  31  458
  32  632
 291  483
 320  687
  91  433
 278  398
 266  463
 141  361
 304  609
 115  526
 203  448
  53  487
  30  497
 227  639
 174  674
  65  557
 120  592
   6  670
 341  411
 293  443
 306  475
 218  574
   2  640
 234  537
 140  386
 265  497
 241  407
  11  376
 316  391
 214  646
 171  377
 351  496
 190  622
 267  373
  72  496
  40  604
  36  640
 318  623
 261  472
 209  684
 108  428
 349  621
 236  505
 140  502
  38  534
  13  628
 131  488
 209  555
  54  516
 106  467
 152  604
  73  443
 349  450
  10  665
 311  560
  72  397
 294  568
   7  398
 115  533
  43  360
 113  552
 209  477
 314  683
 356  690
 207  633
 210  544
 190  627
  47  561
 202  425
 276  377
 172  377
  38  360
 336  485
  64  623
  60  677
  24  487
 261  383
 287  569
 173  683
 194  575
 180  443
 160  643
 256  382
  14  452
  91  689
  10  623
 138  396
  83  504
  73  649
 343  597
 333  500
 114  565
  75  569
 150  483
  70  547
 246  552
 245  599
 264  501
 315  656
 345  397
  70  456
  36  549
 340  475
 116  568
  28  481
 101  672
  37  652
 104  376
  88  480
   5  604
 177  503
 332  691
 316  429
  48  617
 141  649
 133  681
 293  576
 187  465
 182  431
 100  630
 308  545
 228  595
  39  692
   4  688
 112  387
  69  530
 324  426
 147  419
 139  403
 169  645
 235  507
 187  447
  44  538
 237  635
  88  665
  81  464
  74  585
 305  692
  16  484
 278  362
 157  617
 165  546
 290  520
 152  456
 191  429
 335  400
 213  364
  90  647
  43  380
   9  510
 255  392
  51  621
 356  664
 243  369
 341  612
  33  664
 232  476
  24  651
 318  613
 338  475
 353  542
 319  679
 305  431
 124  496
 235  435
 140  577
 338  626
 231  387
  40  657
 293  682
 107  669
 123  439
 309  676
 210  622
  19  364
  42  436
 342  434
  18  470
 100  366
 196  622
 284  687
 274  632
 207  421
  38  585
  53  635
 300  533
  97  374
 286  382
 207  417
 337  489
  74  426
 305  540
 181  388
  66  541
 245  475
  46  390
 285  521
 265  547
 164  411
 333  642
 226  530
 274  521
 113  409
 320  493
  43  425
 301  664
 289  623
 201  692
 161  392
 230  532
  95  415
 326  441
 120  577
  78  523
 106  578
 137  628
  28  670
 202  504
 236  478
  97  415
  95  477
 211  645
 132  398
 235  511
 137  699
 155  487
 281  584
 290  412
 191  393
 327  469
 305  455
 308  699
 118  573
 316  699
 141  413
  26  496
  17  569
 152  476
  82  626
 192  547
 308  454
 166  526
 251  620
  45  386
  19  593
  32  496
 142  416
 295  521
  33  644
  50  479
 161  417
 324  681
 233  606
 327  643
  46  398
 157  396
  18  414
 120  456
 113  379
 102  382
 157  625
 354  486
  47  667
 133  481
 177  631
 190  560
  60  523
 205  472
 294  649
 112  471
 195  669
 270  604
 172  381
  41  601
  10  395
 356  619
 287  660
 290  685
  27  367
 216  568
 252  552
 103  481
 188  390
 311  396
 272  371
 116  629
 321  531
  36  526
 357  661
 326  381
 289  533
 274  561
 216  409
 248  482
 157  626
  58  380
  26  647
 277  546
 193  448
  51  475
  94  396
  27  429
 206  573
  17  599
 241  594
  25  444
 350  651
 337  615
  81  654
 299  570
 129  383
   5  630
 217  681
 204  597
  67  501
   4  529
 136  495
 260  692
  67  505
 231  470
 158  611
 335  467
 344  480
 177  394
 223  647
 295  399
 210  642
 293  506
 300  392
 115  420
 297  586
  79  420
 108  606
 247  573
 148  537
 320  585
 128  477
  92  453
 102  522
 330  531
 111  520
 316  573
  37  555
 337  439
 288  395
 175  419
  15  642
  62  661
 232  459
  99  460
 349  638
  92  683
 324  688
   9  532
 259  567
 304  403
 276  640
 186  472
  24  475
  12  572
 296  446
 229  426
 315  517
 115  493
  54  405
  21  382
 111  448
 173  552
 150  530
 272  394
 309  501
 272  557
 144  486
 258  476
 254  699
 308  528
 212  497
 131  641
 344  607
 258  517
 114  496
 324  599
 169  607
 124  380
 329  671
 315  487
 346  506
  60  537
 112  659
 243  430
 334  498
 317  574
  95  375
  95  467
 133  605
 258  679
  78  565
 121  456
  94  548
 299  643
 330  496
 109  485
  50  490
 130  638
 271  577
 357  389
 320  529
 351  502
 258  382
 196  506
  61  594
 110  555
 249  545
 270  580
 272  408
  87  598
 301  422
  58  538
 339  374
 272  617
 192  609
 107  372
 235  424
 352  627
 316  653
  48  428
 281  618
 104  686
  15  504
 315  480
  52  550
 216  655
 251  372
 330  557
 268  580
  35  539
 156  655
   8  391
 246  403
 144  561
  30  472
 151  489
 178  527
   1  384
 257  387
  46  585
 342  486
 105  540
 304  623
 229  540
 282  530
  12  561
  59  666
 142  665
 351  462
 173  461
 229  556
 331  528
 132  459
 254  589
 175  569
 106  534
  55  439
  75  582
 108  666
 288  601
 285  654
  59  689
  41  614
 244  363
 116  677
 228  567
 318  643
  28  511
 140  641
 133  399
 200  549
 200  668
  52  570
  55  659
 214  538
 300  559
 243  618
 165  518
 113  378
  86  486
 160  481
  19  543
 351  403
 230  637
  39  631
  92  538
  43  414
 166  432
 182  606
 245  620
 159  641
 353  676
 107  415
 336  690
 348  442
  37  400
  80  695
 301  592
 355  626
   5  443
 305  641
 128  463
  62  514
 230  365
 348  618
 133  690
 184  567
 302  650
 317  495
  72  375
 188  572
 206  686
 232  498
 197  606
 312  602
 225  493
 145  399
 242  639
 335  665
 344  559
 318  523
  88  638
 159  523
 109  468
 308  373
 184  436
 267  427
  24  511
 347  649
  33  525
 172  591
 215  562
 172  400
 154  502
   4  545
 304  472
  88  471
 310  578
 165  508
 119  570
 339  683
 255  697
 144  494
 257  639
 279  542
 145  540
 321  575
  68  440
 194  442
 351  691
 328  586
 271  529
  12  698
   4  364
 264  684
 294  548
  49  519
 345  500
  19  442
  72  523
  65  518
 219  486
 335  580
 291  621
 157  443
 344  684
  57  481
  51  646
 347  526
 243  372
 325  380
 324  552
  11  695
 326  436
 167  400
 227  502
 217  411
 254  643
 107  678
 132  599
 243  592
  88  626
 103  401
  71  503
 231  604
  51  373
 312  557
 332  645
 169  641
 313  526
  79  471
 172  361
 330  457
 139  675
  93  399
 239  596
 322  678
 254  642
  72  535
 135  681
 295  462
 219  651
 247  681
 140  373
 257  516
  72  553
 324  519
 325  383
 358  658
 154  402
  85  581
 303  578
 298  433
 210  520
  35  435
  30  567
 128  648
 309  558
  45  570
  24  614
 129  628
  33  601
 355  640
 165  484
  71  536
 105  494
 316  671
 340  669
 256  439
 117  693
 248  493
 344  663
  71  582
 154  491
  67  439
 284  625
 251  572
 217  495
 208  466
  32  492
 250  573
 278  408
 157  595
 134  372
  46  657
 239  671
 316  460
  12  390
 284  580
 169  642
 102  657
 179  572
 309  686
 216  495
 112  628
  15  385
 327  360
 266  543
 315  404
  85  403
 152  569
 171  481
 218  598
 359  503
 240  529
 208  387
  53  567
 142  414
 338  551
 185  387
  95  659
 146  625
 321  651
 165  572
 291  675
 182  371
 228  481
 272  517
 160  547
 122  663
 168  383
 240  383
 240  608
 240  425
 355  608
 333  608
 333  480
 333  391
 240  432
  99  432
  99  699
 280  699
 280  642
 112  699
 112  535
 221  432
 221  551
 345  551
 296  551
 296  677
 296  449
  99  518
 259  535
 112  680
 112  459
  34  459
  34  609
 353  459
 353  573
 297  573
 329  573
 201  573
 201  497
  17  497
  17  360
 300  609
 300  485
 300  653
  34  489
 199  489
 199  564
 144  489
 199  502
  24  502
  24  407
 259  393
 296  473
   9  473
 109  473
 114  502
 114  519
 357  519
 266  407
 266  633
  29  633
  29  509
 138  509
 138  670
 138  660
 237  670
 272  660
 272  427
 269  427
  60  427
  81  427
 279  427
  60  676
  81  388
 279  554
  47  427
  47  420
 279  419
 153  554
 272  500
 315  676
  75  427
 279  549
 180  670
 180  442
  13  442
  13  672
  13  483
  73  483
 180  544
 192  554
 192  542
   5  542
  48  542
  48  635
   5  530
  48  552
 305  552
 305  474
 224  474
 224  370
 148  370
 244  530
 244  526
 200  526
 350  526
 350  382
 154  526
 224  514
 186  635
 156  442
 156  622
 166  382
 166  457
 166  562
  55  676
  55  614
 169  614
 169  395
 178  442
 256  676
  55  508
 137  508
 137  698
 287  698
 124  698
 124  477
 270  477
   3  698
  54  698
 287  453
 287  410
 135  410
 135  366
 304  366
 346  366
 304  580
  56  580
 258  580
 258  584
 249  366
 249  513
 249  363
 332  363
 310  513
 107  554
 107  541
 305  377
 285  377
 304  607
 177  607
 177  516
 229  516
 229  601
 282  601
  45  607
  45  641
 229  565
  28  565
 321  601
 321  468
 329  411
 227  411
 227  493
  98  493
  98  545
 103  493
 257  427
 257  534
 337  534
 114  448
 165  448
 355  700
   3  566
 185  566
 185  582
 238  582
 238  478
  80  582
 238  638
 106  638
 106  440
  36  440
  36  629
 202  566
 185  694
  36  430
 351  430
 301  430
 301  623
 301  675
 141  641
   9  625
  26  625
  26  503
  26  585
 290  625
  56  451
 241  451
 347  451
 241  671
 119  671
 119  454
 183  454
 119  435
 183  374
  84  454
  84  389
  44  389
  66  389
 285  568
 221  664
  18  382
  11  545
 268  629
 278  449
 278  571
 295  571
 278  416
 295  595
  52  530
 186  375
 327  375
 327  667
 327  378
 308  378
  28  594
 263  594
 342  573
 332  597
  40  597
 323  519
 323  406
 326  406
 326  417
 182  417
 182  630
 180  615
 118  552
 249  589
  89  589
  89  418
 230  589
 335  641
 335  678
  42  678
  42  456
 195  456
 195  404
 231  404
  42  445
 349  445
 349  634
 309  678
  42  369
 348  369
 348  428
 289  428
 289  525
 198  525
 319  445
  96  440
  96  586
 359  586
 222  586
 222  462
 313  462
 286  462
  61  473
 326  362
 355  482
 246  493
  46  457
  36  673
  24  652
 196  652
 196  511
  62  652
 284  571
 284  645
  53  645
 284  665
 341  645
  53  693
 191  693
 191  458
 163  645
  53  575
  70  575
  86  575
  70  686
   2  686
 231  663
 174  663
 174  558
 161  558
 246  612
 183  361
 173  361
  30  361
  35  361
  35  618
   1  618
  30  588
   1  647
 234  618
 179  483
 253  500
 253  491
 206  491
  55  396
 253  412
   9  422
 255  518
 278  413
  91  413
 293  671
 293  467
 352  467
 352  438
 352  596
 145  467
 145  691
 352  576
 244  381
 344  381
 344  397
 344  401
 305  460
 264  680
   9  674
 122  378
 122  490
 352  505
 274  505
 275  505
 274  367
 274  447
  65  447
  65  532
   8  532
   8  598
  93  598
  93  479
 226  479
 151  568
 187  460
 280  648
  88  648
  66  692
 311  692
 223  692
 223  405
  83  405
 311  455
  70  639
  90  639
 216  639
  90  434
 215  434
  32  434
 215  506
 292  434
 292  392
 136  526
 136  394
 121  394
 109  371
 290  429
 265  429
 265  561
 265  581
 172  561
 172  668
  39  668
  39  640
 172  624
 197  668
 197  604
 217  630
 162  477
 321  643
  18  543
 299  543
 299  437
 314  437
  20  437
 314  523
 314  469
 314  600
 132  600
 165  557
 143  500
 209  645
 209  547
 209  695
 134  695
 134  683
 100  683
 254  683
 146  695
 127  695
 254  492
 134  494
 190  494
 190  522
  85  492
 127  443
 254  441
 141  579
 356  579
 356  373
 356  372
 262  458
  98  464
   6  464
   6  649
 164  649
 164  481
 164  390
  95  390
 164  379
 133  379
 133  400
 340  400
 133  507
  68  464
 285  636
 216  486
  69  486
 126  582
 126  650
 126  539
 218  650
 218  409
 203  409
 203  540
 203  697
 113  697
 312  428
 312  484
 312  538
 116  623
 116  423
 116  414
  79  414
  79  529
  40  376
 339  376
 243  376
 243  385
  49  505
  49  495
 179  399
  88  563
 237  669
 211  660
 211  611
  64  611
 342  439
 200  578
 273  578
 273  599
  78  599
 161  465
  41  465
  78  387
 306  387
 306  656
 111  656
 322  387
  72  513
  72  364
  72  626
 150  691
 248  442
 248  610
 294  610
 239  648
 141  472
 159  451
 159  528
 117  528
 159  654
  21  654
 225  528
 128  669
 202  632
 234  684
 104  684
  77  430
  77  431
 280  553
  60  679
  59  679
  23  679
 264  368
  67  500
 271  534
 271  450
 101  450
 134  550
  14  550
  14  536
 149  536
 149  619
  19  619
 120  536
 120  498
 245  648
 245  590
 147  590
 250  429
 167  369
 188  412
 188  690
 108  690
 252  690
 252  515
 130  515
 130  527
  78  621
  16  621
 102  377
 318  516
 318  504
   4  504
   4  583
 199  531
 171  581
 154  444
 358  444
 110  444
 110  637
 110  512
  12  512
  33  444
  58  444
 358  682
  58  592
 139  592
 354  660
 354  488
 276  488
 276  408
 276  555
 298  408
 354  471
  98  628
 148  644
  15  644
 208  644
 208  365
 150  658
 303  658
 303  593
  25  593
  94  417
  63  582
  63  402
  34  569
  87  460
 343  441
 343  587
 175  587
 175  572
 328  572
 219  587
  96  548
  71  434
 309  537
 327  521
   5  384
 111  476
 283  476
 283  685
 115  685
 298  415
 177  470
 125  412
 329  517
 274  510
 207  510
 245  688
  67  496
  99  655
 220  655
 220  436
 140  436
 140  398
 175  567
 176  567
  68  574
 177  646
 131  646
  44  591
 278  403
 215  605
 160  605
 155  611
 242  412
 235  437
 235  556
 239  662
 323  487
 277  487
 211  616
 334  576
 232  674
  92  585
  51  435
  88  627
  78  386
 142  526
 142  613
 316  613
  76  454
  25  651
 105  397
 338  628
 310  606
 261  481
 119  524
  82  495
 212  548
  50  455
 350  475
 298  421
 214  421
 140  446
 284  433
 310  466
 247  466
 229  659
 251  659
 228  455
 194  624
 157  672
 129  692
 306  577
 317  604
  57  554
   4  657
 118  501
 324  551
  27  551
 184  682
   5  452
 181  638
  43  612
 312  499
 236  406
 331  679
 331  533
   7  533
 189  521
 308  546
 193  655
 204  565
 204  617
  37  617
  37  696
  37  380
 204  681
 291  696
 307  522
  22  662
 303  661
 338  666
 267  442
 158  651
 214  620
  38  418
 180  602
 193  520
 209  461
  97  683
 288  637
 160  687
 210  687
 330  610
 205  524
 213  564
 281  621
 233  635
 260  504
 222  463
 134  689
 290  631
 123  631
 152  698
 325  637
   3  603
 166  424
 252  559
 336  377
 302  544
 180  560
 170  444
 320  683
  31  479
  74  468
  10  603
 349  426
 159  570
