  69   81     750
  64   79
  33  147
  48  125
  51  124
  63  138
  27  122
  16   79
  54  149
  38   78
  27  126
   1  115
  61   89
  17   70
  66  132
  27  116
  14  136
  67  129
  68   71
  43  105
  23   72
  23  109
   9   91
  29   74
   9   76
   8  103
  19  127
   7  101
  57   76
  68   82
  34  134
   1  130
  23   83
  16   81
  44   88
   9   80
   1  105
  66  115
  12  129
  18   95
  50  127
  42   91
  21  104
   3   96
  51  113
  16   80
   8  130
  18  144
  42  127
  32  124
  16  125
  46  120
  44   78
  39  146
  49  147
  51  145
  48  113
  59   72
   4  122
  26  119
  63   95
  49  148
  51   86
  54  138
  14  127
  17  110
  29  139
  31  125
  69  144
  48   79
  23  110
  25  100
  38   89
  12  134
  11  110
  37   74
   9  120
  49   93
  53   80
  65  140
  66   96
  24   99
   8   88
  39  111
  37  134
  63  107
  19  129
  28   80
   8   95
  52   94
  61  126
  22   83
  65  112
  57  128
  68  118
  22   97
  39  108
   7  135
  10  146
  18  120
  39  127
  23   99
  28  113
  62  128
  60   96
   5  111
  66  150
  38  126
  13  126
  43  102
  34  138
  53   93
  65  142
  25   75
  64   94
  42   72
  51   82
  18  108
  41  148
  21  146
  46  140
  64  149
  31   81
  51   79
  13  144
   1  133
  52  146
  18   89
  16  127
   9   82
  30  127
  61   92
   6   70
  11   84
  62   80
  48   82
  55   89
  26   73
  47   98
  69   74
  60  101
  45  150
  38   76
  49   96
  58   77
  59  100
  27   88
  35   75
   5  116
  56  132
  55   71
  11  124
   5  136
   4   96
  12  114
  55  116
  42   79
  45   71
  27   93
  56   88
  64   81
  38   82
  51   83
   1  119
   9  135
  68  130
  29   94
  42   87
  51  127
  41  149
  60  100
  38  111
  57   78
  12  136
  49  140
  64  120
  33  102
  59   85
  20  103
  50  142
  22   81
  17  107
   5  112
  60   80
  45   81
  51   91
  51   87
  32   99
  61  132
  59  142
  46   94
  45  133
   7  118
  37   77
  28  127
  32  104
  42  131
   4  102
  31  141
  34  140
  14   80
   2  106
  43   87
  63   70
  23  116
  15  118
  23  149
  23  107
  60  114
  65   99
  13   83
  44  119
  29   72
   3  150
  18  135
  39   99
  64  141
  24  149
  32   74
   9   74
  50  141
  15  147
  29  114
  38  105
  39   90
  26   97
  42  145
  17  111
  61   99
  38   70
  38   91
  47  147
  33  145
  21  106
  67  143
  27   84
   3  130
   2  112
  16   86
  54  146
  61   84
  43  139
  37  103
  49  129
   6   99
  44  117
  67   99
  22  112
   6   96
  35  140
  26  118
  37  150
  56  121
  31   76
  34   96
  47   76
  64  150
  38  134
  45   92
  59   93
  41   90
  39  148
  49  125
  15   72
  48  137
  11   77
  33   92
  57   79
  47   95
   6  132
  47  124
   4  112
  45   78
  41  126
  66  126
  21  128
  21  100
  26   72
  27   95
  26  148
  38  147
  50   72
  31   71
  24  120
  16  119
  51   73
  37   97
   9  110
  32  135
  33  139
  13  140
  53  104
  26  105
  69   99
  44   89
  33  112
  14  119
  26   99
  64  109
  39  130
  22  101
  28  138
  10   87
  64   96
  61  111
   4  123
  22  116
  49  110
  65   81
  36  133
  31  140
  36  107
  33   85
  42  137
  25   80
  39   74
  60  142
  14  140
  64  107
  41   80
  52  138
  19   89
  11  106
  65  105
  26  102
  24  131
   3   97
  41  115
  26  123
  44  147
  50  131
  36  149
  36  137
  66   92
  62  105
  20  139
  35   93
  19  123
  57   84
   7   80
  35   73
  19  110
   3   89
  43  144
  16  122
  63  131
   9  150
  29  107
  58  112
  58  139
  62  134
   9  119
  67  140
  22  134
  20  133
  63  149
  10  139
  11  147
  53  102
  25   88
  45   70
  55   72
  39   95
  45   72
  29  120
   3   76
  65  127
  36   72
  12  138
  30   72
  29  145
  20   76
  26  126
  46  119
   4   71
  26   95
  38  112
  28  119
  34  105
  21  140
  60  147
  53  108
  38  133
  34  150
  17  125
  13  143
  34  115
  69  105
  18  145
  34  103
  18   84
  45   74
   6  131
  54  136
  19  102
  25  107
   7  128
   8  111
  63   78
  47   78
  41  109
  51  101
  29  129
  47  112
  21   78
  53   90
  65   96
  50  143
  46   88
  46   86
  22  150
  36   73
  22  142
  39  145
   8  134
  33   91
   8   74
  26  117
  17   88
  56  108
  22  143
  55  119
  54   97
  43   79
  32  149
  45  105
  62   87
  55  106
  13   75
  59  134
   9  100
  19   84
  10  148
  66  100
  44  149
  43   70
   9  106
  23   75
  68   96
   6  129
  60  146
  51   98
  18  102
  44  123
   8   75
  44  122
  18   87
  63   72
  69  126
  60   76
  64  142
  46  114
  28  134
  22  106
   9   86
   8  105
  64  117
  22   73
  14  107
   5  139
  51   85
  68  142
  48   76
  43   86
  29   88
  48   72
  22  149
  14   87
   2  150
   3  114
  46  144
  22   98
   1  146
  32  148
  42  132
  44  143
   1  128
  42   99
  33  144
  26   98
  58  145
  53  126
  25   89
  41   96
  64  145
  13  132
  54  131
   9  108
  37   79
  41   83
  53   96
  23  101
  24  108
   9  107
  35  122
  37  126
  28  109
  35  145
  59   98
   1  121
  37  147
  45   87
  67  135
  12  116
  62  125
   4  130
  38   74
  61  147
  13   78
  29  149
  54   99
   2  142
  19  145
  46  102
  62   99
  26  127
  55   99
  55  110
  20   75
  49  142
  21  121
  52  121
   3   84
  67  102
  30   91
  28  108
  39  150
   1  143
  55   82
  45   90
  24  137
  29   91
  19  131
  64  143
  18   92
  27  142
  26   81
  63  133
  10  118
  57  133
  54  112
   4   87
  12   77
  64  148
  65   71
   6  116
  50  124
  41   98
  46  106
   8  149
  63   82
  60   70
  16   83
  59  131
   7   90
  50  102
  15  103
  45  122
  58  108
  20  120
  42   98
  54  135
  11  141
   4  129
  34  148
  33   90
  67  144
  60   87
   6  100
  22  114
  11  126
  48  100
  53   91
  20  131
  46   89
  46   71
  33  110
  58   82
  53  136
  43   78
  46   81
  42  114
  11  149
  41  123
  40  133
  45  108
  49  111
  40  108
  63   73
  53  148
  10  132
  13  135
  57  135
  20  141
   8   94
   2   99
  40  103
  20  109
  42  105
   5  105
  25  142
  20  123
  29  101
  69  101
  69  122
  41  122
  41  103
  68  122
  68   74
  30   74
  30   81
  13   81
  51   81
   6   81
   6   73
  13  111
  13  150
   6  134
  37   81
   5  150
   5  131
  60  131
   9  131
  60  129
  46  129
   9   85
  36  129
  58  150
  54   73
  54  130
  46  121
  38  121
   6   79
  19   79
  56   85
  56  102
  40  102
  40  112
  26  131
  26   89
  66   89
  63  150
  63   94
  57   74
  66   71
  52   71
  52   95
  42   95
  42   83
  27   74
  30  110
  46  127
   9  148
  45  148
  11  148
  15  148
  15  116
  61  116
  50  116
  15  138
  11  139
   3  139
   3  109
   3   75
  48  109
  48  143
  65  143
  48   99
  34   99
  34  107
  65  104
  34   82
  12   82
  12  117
  12   90
  16   90
  44   82
  44  100
  64   90
  64   97
  64  126
   7  126
   7  115
   8  115
   8  147
  23  147
  23  123
  23  118
  55  115
   7  145
  49   97
  55  113
  20  113
  20   70
  23  114
   1  114
  24  145
  24   72
  24   76
  24  140
  24   96
  28  126
   3  128
  35  128
  35   84
  62   84
  62  133
  25  133
  25   91
  39  133
  53   84
  62   78
  25   77
  17   74
  12  135
  10  135
  18  103
  13   88
  30   92
  17  119
  22  119
  22   86
  22   87
  57  144
   4  144
   4  108
   1  149
  32   95
  58  137
   4  125
  43  125
  43   98
  67  125
  67  124
  33   71
  23  146
  59  145
  59  141
  59  105
  44  136
  31   89
  63  132
  40  120
  21  141
   2   83
  56  142
  38  106
  63   93
  48   80
  14   99
  47  101
