 299  301     900
 110  303
 118  416
 212  574
  92  442
 237  516
 271  539
 123  538
  15  555
 166  475
  51  556
 232  565
  89  309
  66  494
 145  582
 109  440
 138  571
 181  313
 163  481
 236  488
 161  475
 176  455
  80  329
  18  417
  19  342
 272  380
 280  506
 229  425
  91  510
 107  398
 206  465
 248  540
 172  504
 285  389
  38  395
 147  372
  18  533
 130  325
 276  449
  54  485
 199  483
 222  580
 121  416
 272  392
  66  360
   1  520
 110  522
 174  386
 222  572
 249  572
  75  327
 204  463
 109  433
 292  522
 284  522
   9  514
 266  318
  99  375
 243  303
 276  527
  92  570
 237  424
  54  389
 215  370
 203  340
  15  418
 146  411
  62  486
  97  512
  64  588
 156  489
  21  453
  47  553
 229  426
 297  308
 115  428
 285  514
  67  363
 124  582
 146  418
 254  352
  68  389
 173  312
  22  596
  35  446
  41  471
 114  451
 106  352
  80  412
 166  595
 270  339
 135  517
  43  379
  67  354
  67  379
 200  372
 184  582
 287  552
 247  551
 200  480
 132  587
 251  428
 268  532
 167  332
  76  446
  88  325
 289  421
 179  426
  39  521
  62  578
 108  588
 161  366
  31  339
 116  426
  14  490
  64  423
 125  518
 127  503
  21  493
 143  536
 197  371
 165  408
 114  551
  65  598
 277  422
 212  418
 201  597
 287  592
  92  533
  86  441
  88  316
 221  509
  12  461
 154  456
 130  339
 241  382
 115  508
 198  397
   8  347
 206  552
 168  568
 176  524
  38  365
 260  526
  94  385
 150  355
  30  517
  36  563
  55  353
   4  558
 144  563
 116  538
 108  500
 172  311
 258  426
  46  520
 169  324
 255  391
   5  418
 149  431
 290  422
 192  595
   3  332
  61  475
  64  434
 107  523
 110  451
 247  598
  42  310
  93  506
 149  594
  29  448
 282  326
  27  581
 122  355
  76  544
 158  372
  96  357
   1  354
  74  303
  60  523
 194  416
 273  489
 203  402
 192  367
 183  337
 133  569
 113  480
 153  480
 268  372
  90  376
  48  316
 218  578
 149  586
 142  508
  65  547
 270  409
 193  521
 276  301
 121  506
 166  596
 144  463
 112  466
 283  422
 139  328
 151  575
  24  346
 174  329
  51  349
 279  421
 200  444
  27  580
 110  344
 174  551
 159  405
  94  319
 268  330
 277  398
 218  328
 153  447
 241  472
 109  585
 139  553
 201  382
  20  509
  61  485
 115  352
  17  399
  88  470
  67  514
 141  414
 118  379
  76  505
 239  392
 295  389
  71  304
 104  596
 152  461
  69  464
 257  371
 125  429
 105  460
  67  490
  27  473
 219  369
 215  423
 288  592
 203  445
  85  399
 249  331
 193  448
 163  304
 202  349
 120  413
  49  443
  77  359
 173  394
  50  483
 169  311
 267  315
 255  315
 256  600
 102  449
 225  394
 299  567
 213  539
  57  527
 122  351
 202  446
 288  556
  19  413
 224  443
 215  495
 256  300
 231  592
  67  453
  58  313
 218  515
  34  481
 240  523
 121  567
 284  554
  38  596
 287  333
 268  420
 129  355
 147  472
 272  305
  38  388
 221  502
 190  377
 257  512
 142  511
  60  401
 199  511
 222  499
 268  535
 134  474
 224  515
 250  425
 175  519
 246  499
  84  521
 256  521
 256  511
 136  511
 136  456
 136  534
 288  456
 288  421
  35  421
  35  464
 288  496
  77  496
  77  330
  78  330
  35  306
  77  560
 190  560
 190  573
 190  444
 190  342
  20  342
  32  342
  32  435
 153  435
  20  304
 181  304
  57  304
  57  441
  57  490
 298  441
  34  306
  34  424
  38  424
 135  330
  20  597
 114  597
 114  473
 114  341
  72  341
  72  478
 114  344
  72  343
 126  444
 126  371
 126  567
 240  567
 240  512
 198  371
 126  575
 126  308
 240  566
 182  566
 240  488
 129  488
 129  499
 223  342
  43  473
  43  363
  37  363
  37  576
 138  576
  37  427
 272  427
 124  427
 124  375
 107  375
 107  409
  43  469
 144  469
 144  539
  42  539
 107  361
 283  361
 131  363
  77  394
 247  394
 247  434
 255  394
  35  328
 198  419
 160  419
 160  492
  75  492
  75  486
 263  486
 263  525
 232  419
 232  518
 232  454
 232  347
 151  347
  44  343
  21  342
  21  524
 259  524
 259  598
  56  524
 259  337
 156  337
 156  351
   7  337
   7  589
  76  589
 125  589
 125  470
  41  470
  14  589
  14  418
  14  368
 170  368
  56  583
 208  524
 208  396
 157  396
  96  478
  96  401
 236  512
 236  482
  78  376
  17  583
 186  444
 114  528
  26  528
  26  545
 158  545
 158  477
 169  477
 169  455
 169  325
  22  477
 197  545
  29  325
  22  358
 118  358
 205  478
  22  571
   7  480
  70  480
 108  343
 108  430
  49  430
  49  514
  49  517
 224  518
  59  482
  49  301
  64  301
  64  438
  39  486
 237  342
 237  540
  98  540
 167  419
 167  475
  92  518
  32  317
  97  317
  97  550
 100  550
 100  565
 133  565
 185  565
 185  449
 113  565
 113  578
 113  324
 185  494
  13  550
  13  570
  87  570
 133  544
 250  544
 250  557
 250  323
  15  323
 235  557
 235  349
  15  382
 119  323
 119  300
  55  300
 194  300
 194  345
 154  300
 154  318
   1  318
   1  549
 154  393
  46  393
 273  393
 273  436
 102  549
 164  544
 164  596
 259  354
 176  578
  15  537
 271  537
 132  537
   1  491
 204  491
 273  331
 125  600
 111  600
 111  383
 184  383
  14  386
 262  386
 168  518
 168  302
 207  302
 207  579
 115  579
 115  322
  66  302
  66  463
 143  463
 168  465
  89  465
  89  380
  65  465
  65  493
 284  579
 284  360
 207  374
 207  552
  94  491
 177  545
 177  448
 108  415
  32  556
 224  433
 153  305
   2  305
   2  529
  98  338
 171  490
 104  434
 104  586
  71  586
 120  300
 120  381
  53  456
 231  322
 231  564
  38  428
  19  475
  19  440
  37  522
 224  462
 105  477
 272  348
 117  482
 117  452
 273  582
 203  462
 158  373
 233  373
 233  392
  52  373
 180  392
 233  402
  96  442
 292  442
  73  383
  73  595
 218  595
 218  474
 122  474
 122  555
 170  569
 238  569
 274  578
 274  510
  81  510
 220  550
  96  422
 150  524
 150  562
  50  331
  50  391
  80  391
 161  391
 161  498
   9  348
   9  580
 195  580
 287  544
  30  308
  16  579
  80  590
 299  590
 240  310
  32  390
 189  390
 189  405
 173  405
 173  506
  27  506
 189  587
  80  472
  61  440
  61  527
  61  507
 221  507
 221  519
 101  519
 212  306
 140  496
 140  508
   3  508
   3  336
 137  508
 137  489
   3  457
 191  489
 267  457
 170  307
 209  307
  13  533
 196  533
 196  389
 100  403
 241  403
  73  546
 173  460
  10  460
   4  318
  30  461
 188  522
 188  445
 244  445
 244  584
 285  584
 286  445
 199  584
 286  536
 286  548
 254  569
 254  523
 242  523
  74  523
   5  523
 261  371
 154  326
  69  326
 163  326
 284  572
 294  572
 294  404
 192  404
 294  377
  54  377
  36  377
  36  585
  36  312
  99  312
 294  551
 133  431
 141  431
 141  439
  51  439
  51  378
  76  414
 264  414
 187  510
  31  449
  67  461
  67  333
 217  519
 217  568
 289  568
   1  500
 282  380
 282  538
 152  415
 152  594
 152  530
  63  530
  91  496
 215  361
 215  319
 215  504
 280  504
 280  495
  85  319
 280  526
 295  526
 295  588
 295  413
 149  392
 124  398
 206  398
 206  362
 249  362
 184  599
  12  599
  12  412
  86  556
 193  304
 255  385
 230  385
 227  449
 227  447
 227  384
 128  447
 148  448
 148  388
 123  388
  88  343
  48  583
  64  340
 296  340
 245  340
 245  346
 245  303
  62  303
 153  541
 147  541
 184  423
 170  313
 276  583
 276  471
 243  471
 276  429
  25  300
  25  468
  25  432
 173  481
 116  481
 116  593
 295  416
 270  585
 199  311
 219  311
  54  369
  79  369
 140  314
 228  465
 228  520
 213  520
 201  527
 201  577
 275  564
 275  339
 278  301
 248  311
  20  426
 211  445
 285  425
 197  350
 172  350
 216  350
 216  451
 298  513
  24  490
 182  335
  83  335
  23  596
 258  590
 258  417
 109  417
 139  417
 246  596
 246  359
 246  484
 101  332
 179  368
 111  502
 123  505
 210  505
 210  592
 240  563
  50  487
 124  400
   6  400
   6  411
  16  387
  47  306
 177  559
 200  559
 200  581
 257  565
 226  528
 195  501
 107  509
 223  558
 260  558
 143  352
 202  352
 178  544
   8  565
  68  385
 116  379
 123  357
 269  357
 185  320
  22  497
 276  356
  40  356
 228  407
 155  507
  13  315
 239  494
 214  557
 266  361
 167  561
 191  553
 252  553
 268  368
 104  458
 170  437
 230  515
  33  527
  53  327
  15  395
  22  446
 106  458
 106  406
 267  535
 279  535
  28  535
 234  561
  56  321
 110  587
 294  316
 145  316
  11  338
  85  479
  95  442
  95  547
 130  595
 265  563
 294  542
  37  503
 216  591
 134  591
 134  467
 134  543
 134  397
  93  543
 134  574
 225  379
 146  591
 277  574
 253  349
  77  355
  18  355
 103  594
  58  579
 116  532
  90  424
 251  600
 251  353
 251  329
  45  329
  99  516
  24  476
 174  476
 229  544
 181  531
 227  370
  47  485
 293  485
  82  587
  41  372
 159  416
 287  399
 266  483
 182  410
 112  410
   8  459
 121  436
 222  596
  16  466
  91  366
 162  598
 297  589
 142  434
 165  497
  96  364
 166  417
  39  334
 175  362
 154  420
 281  341
  44  554
 127  386
 199  309
  60  309
 183  461
 131  365
 290  416
 291  384
 138  450
 266  453
 121  443
 197  408
 234  367
