 502  498    5000
 239  575
 139  901
 371  831
 188  593
  76  804
 211  835
  99  505
 477  726
 318  963
  11  694
 267  547
  87  523
 200  945
 283  776
  15  528
 370  650
 502  572
 461  880
 147  553
 384  751
  44  791
  76  538
 304  999
  43  868
 262  506
  37  973
 188  927
 124  966
 128  579
 354  675
 191  815
 362  865
 150  920
 251  843
 499  571
  83  906
 358  582
  51  846
 277  875
 502  973
 248  741
 373  917
 175  640
 299  985
 440  842
 309  840
  36  767
 495  939
 449  995
 374  748
  29  609
  18  583
 323  859
 356  674
 127  525
 142  620
 423  759
 336  604
 330  565
 284  917
 360  588
 193  597
 148  820
 240  844
 146  686
  44  597
 362  981
 244  539
 408  925
  52  808
  60  727
 219  596
  24  982
 101  762
  59  687
 279  857
 312  578
 337  876
 455  541
 324  506
 211  921
  83  877
   8  953
  86  593
  58  658
 370  792
 263  605
 188  734
 316  961
 498  777
 339  742
 149  967
 290  883
  17  956
  46  506
 346  637
 498  594
 212  590
 306  887
 390  527
 266  607
 229  663
 277  964
 175  767
 106  864
  67  609
 359  625
 258  643
 368  753
  48  972
 200  590
 370  599
 208  818
  11  802
 410  834
 362  634
 459  901
 338  724
 254  710
 421  856
   3  983
 312  649
 180  604
 372  882
  19  505
 243  741
 418  770
 417  855
 135  543
 360  818
 462  531
 215  831
  96  897
  16  671
  28  686
 155  817
  94  893
 394  715
 391  518
 313  928
 392  737
 236  816
 198  873
 383  788
 333  528
 438  925
 183  576
 496  713
  20  569
 124  635
 221  867
 213  715
 255  682
 340  628
 284  768
 321  735
 226  513
 108  692
 444  796
 299  784
  90  861
 330  549
 123  610
 442  810
  19  626
 352  751
  43  845
 381  758
 297  932
 254  924
 404  864
 177  771
 359  781
  27  929
  66  584
  98  669
 134  712
 451  901
 160  739
  22  874
 178  747
 183  964
 206  892
 445  566
 280  740
 405  840
 123  924
 131  583
 163  980
  59  904
 320  652
 374  975
  18  745
 353  728
 452  857
  80  967
 290  770
 459  751
 424  966
   9  559
 174  927
 286  546
 101  517
 226  936
 123  883
 235  621
 217  883
 148  630
 106  981
 150  816
 307  518
 358  935
 288  914
 258  950
 361  883
 196  666
 173  630
 453  546
  78  970
 186  932
 336  554
 182  589
 133  537
  75  734
  96  603
 249  912
 365  932
 252  558
 343  646
  88  800
 220  635
 464  957
 319  674
  52  855
 427  509
 399  505
 428  651
 412  990
 208  562
 167  685
 402  987
  93  895
 447  900
 129  613
  68  833
 289  739
 287  512
 143  827
 226  979
 122  957
 453  782
 240  951
  45  917
 374  790
 330  708
  11  965
 378  512
  89  877
 454  716
 286  770
 210  776
 351  931
 214  976
 195  602
 147  708
  99  781
 159  632
  31  541
 340  869
 310  783
 121  522
 470  787
 354  654
 194  638
 217  977
 238  901
 306  932
 216  949
  71  740
 113  568
 382  680
 260  931
 228  512
 414  821
 170  919
  57  870
 262  740
 261  824
 320  756
 326  629
 241  601
 345  696
 166  847
 241  509
 473  676
 260  919
  87  859
 177  576
  12  908
  38  892
 133  844
 315  880
 281  913
 365  957
  61  645
 254  964
 279  895
 393  987
 317  507
 260  727
 252  716
 446  789
 281  560
 258  715
 182  969
  93  783
 204  870
 304  520
 355  835
 112  768
 335  515
  13  935
 359  987
 403  727
 463  509
 455  632
  64  505
 244  987
  21  984
 469  578
 157  585
 440  735
 251  940
 263  787
 168  687
 401  829
 312  900
 351  537
 453  945
 241  767
 254  927
 381  880
 224  904
 175  874
 133  937
 474  960
  65  764
  58  933
 471  987
 200  927
  25  711
 442  947
 256  713
  42  719
 473  918
 438  877
  20  945
 168  871
 369  790
 468  926
 198  554
 333  591
 402  705
  19  680
 418  819
 396  593
 129  978
 129  968
 401  708
 115  584
 244  955
 208  897
 342  556
 189  656
 399  613
 261  878
  92  600
  37  676
 190  958
  92  778
 266  566
 218  994
 362  727
 100  623
 130  886
 104  756
 388  891
 184  817
 381  846
 430  772
 354  992
  26  555
 157  902
 227  731
   5  895
  80  841
 155  654
  34  656
 341  936
  30  701
  48  766
  66  825
 350  602
  61  625
 398  819
  59  619
 273  547
 426  855
   3  762
  73  723
  72  625
 160  897
  23  740
 238  804
 364  651
 395  504
 321  812
  80  837
 339  788
 479  909
  56  758
 466  576
 480  692
 169  954
 307  611
 477  636
 138  746
   4  642
 149  516
 147  669
 202  542
 186  546
 399  746
 344  529
 285  646
 280  583
 181  894
  12  579
 425  954
 499  806
 270  933
 200  782
 409  889
  97  985
 375  536
 125  617
 438  929
 262  708
   7  597
  67  959
 173  534
  73  968
  29  668
 399  606
 424  804
 443  563
  95  953
 199  839
 374  637
 385  959
 195  785
  42  793
  30  716
 135  996
 316  726
 231  675
 502  847
  25  718
 198  583
 226  992
 134  769
  89  510
 443  976
 112  921
 203  591
 246  854
 483  561
 131  581
 125  706
 408  780
 313  552
 241  952
 447  538
 460  835
 409  870
 204  530
 242  888
 333  931
 329  609
 115  594
 458  783
 344  807
  33  855
  45  540
 355  718
 411  993
 202  716
 213  636
  66  958
   6  776
 255  938
 491  627
 160  740
  73  810
 180  658
 462  923
 199  939
 475  871
 188  929
 413  666
  99  694
 114  605
 189  734
 300  891
  54  985
 459  950
 493  739
 341  734
 185  852
 299  569
  57  610
 149  557
  12  765
  74 1000
 224  681
 446  605
 303  779
 120  968
   5  786
 183  505
 267  951
 199  922
 308  960
 290  644
 144  682
 495  540
 489  788
 487  752
 299  816
 429  845
 481  583
 168  806
 255  523
 429  914
 457  740
 397  619
  56  812
 108  738
 281  532
   7  994
 150  695
 296  780
 459  606
  54  858
  47  999
 489  690
 350  909
 432  580
 208  772
 336  707
 186  693
 218  600
  77  519
 456  978
 108  676
 489  542
 430  961
 388  765
 490  857
 150  967
 363  645
 191  738
 412  508
  54  509
 292  954
 118  872
 482  859
 426  786
 159  834
 264  560
 276  930
 163  665
 368  530
 109  946
  58  714
 391  776
 105  843
 246  940
 176  951
   6  896
 487  924
 203  839
  21  853
 171  991
 228  917
 270  888
  35  853
 399  632
  42  969
 387  767
  59  534
 314  729
 346  784
 478  511
 407  683
 502  864
 449  893
 248  548
 499  950
 188  604
 415  563
 115  855
  86  707
 435  742
 248  581
 116  981
 248  975
 197  772
 126  724
 473  601
 434  620
  62  833
  73  910
  90  858
 247  969
 183  652
  84  720
 417  646
 448  994
 472  572
 494  923
  25  895
  52  635
 129  670
 417  699
 287  511
 252  693
  77  975
 370  757
 267  828
 316  813
 186  605
 421  953
  50  577
 393  666
 395  714
 186  833
 238  904
 376  527
 232  884
  79  839
  38  931
  28  948
  80  732
 226  839
 428  823
 373  718
 313  635
 264  984
 456  790
 374  741
 189  712
 287  965
  63  904
 461  846
 125  800
  75  798
 326  615
 389  751
 492  520
 156  690
  89  929
 362  801
 421  925
 160  589
 447  792
  52  822
 175  799
  13  767
  44  717
  40  703
 368  944
  56  732
 299  703
 411  547
 333  945
 496  963
  48  656
 263  633
   6  585
 102  558
 254  949
 177  910
 197  891
 481  538
 314  750
 449  906
 195  903
 198  919
 124  658
 109  883
 355  709
  88  950
  98  688
 482  951
  81  848
 409  620
 361  700
 141  719
 228  878
 180  742
 199  971
  23  746
  26  923
  57  877
 235  653
  77  529
  14  714
 239  924
 202  875
 319  602
 416  623
 398  712
  92  741
 192  914
 243  702
  65  857
 219  522
 248  638
  33  548
  57  594
  89  711
 305  918
 368  653
  22  621
  16  826
 413  818
 239  726
  90  804
  71  533
 108  968
  32  938
 148  857
 382  594
 163  591
 181  753
  39  591
 324  557
 316  555
 302  723
 244  942
 177  780
 284  567
 334 1000
 293  863
 215  858
 456  867
 134  590
 233  760
 193  516
 279  557
 331  927
 329  768
 229  582
 266  829
 175  701
 411  782
 172  974
  42  533
 221  764
 311  878
 290  743
 502  961
 457  819
 214  590
 357  896
 217  970
 166  780
 306  851
 404  518
 316  997
 215  643
 156  708
 299  924
  30  692
 328  774
 184  655
 376  739
  63  524
 276  852
 173  939
   1  724
 244  847
 483  654
 331  762
 267  620
   9  972
 262  956
 402  749
 452  724
 222  721
  80  583
  94  984
 295  616
  48  726
 361  764
 106  991
 466  980
 234  540
 489  770
 335  993
 172  674
 281  981
  68  834
 472  938
 218  895
  63  902
 102  637
 123  999
 266  782
 424  690
 462  924
 382  626
 240  630
  65  930
 367  974
  62  743
 116  630
  89  508
 123  573
 426  989
 198  509
 476  875
 252  787
 132  655
  97  744
 336  722
 201  825
 439  906
  96  777
 428  690
 222  559
  88  902
 474  990
 270  755
 296  824
 238  870
 372  554
 399  992
  51  537
  24  992
 475  927
  40  968
 418  864
 261  964
  33  856
 158  914
 238  961
 138  516
 106  782
 285  693
  39  540
 225  701
  77  804
 359  828
 224  896
 435  521
 150  737
  49  757
 453  516
 497  548
  25  747
  40  510
 421  645
 457  930
  48  957
 277  845
 338  931
   2  895
  21  907
 274  867
 374  674
 107  970
  82  727
  75  523
 450  746
 205  934
 160  663
 230  930
 170  576
  18  775
 199  645
  53  849
 274  920
 251  607
  83  717
 502  716
 472  889
 362  505
 247  984
  61  966
  91  759
   5  780
 237  887
 265  831
  52  911
 103  804
 153  933
 446  781
 330  584
 184  551
 297  777
 202  510
 147  868
 413  522
 368  595
 123  615
  92  718
 466  506
 469  751
 284  700
 383  605
 210  754
 357  693
 397  663
 226  971
 212  509
  77  654
 428  580
 458  838
 387  516
 373  914
 357  514
 440  707
 403  924
 444  526
 208  814
 289  927
 108  579
 498  899
 226  755
 502  732
 453  846
 376  677
 281  868
 250  981
  28  558
  16  593
 444  639
 279  617
  89  684
 279  661
 480  646
 182  896
  80  534
 349  697
 286  805
 312  622
 107  976
  23  972
 394  935
 134  550
  94  601
 316  739
 257  583
 134  767
 299  956
 249  898
 453  998
 219  652
  64  847
  93  615
 142  543
 127  544
 327  619
 277  544
 366  641
 217  893
  74  686
 414  866
 266  928
 336  737
 431  570
  84  694
 413  692
 466  733
 478  558
 243  529
 465  768
 495  740
 196  745
 105  559
  93  662
 264  838
 229  694
 405  753
 187  512
 329  612
 118  987
  52  671
 197  982
 253  987
 452  738
 268  925
 130  945
 406  738
 430  643
 107  897
  65  523
 227  649
 447  568
 229  661
 359  884
 328  800
  97  800
 487  697
 175  611
 229  761
  23  725
 455  907
 287  567
 101  599
 282  756
  91  964
 120  913
 264  885
 178  762
 312  558
 436  911
 452  812
  97  816
 272  740
 409  513
 418  533
 284  581
  27  750
 258  779
 336  576
 479  847
 105  712
 493  565
 365  884
 472  879
 381  980
 311  823
  62  608
 126  696
  30  574
 405  967
 361  903
 388  673
 400  994
 226  547
 169  733
 400  990
 281  819
 488  744
 302  591
 309  780
 220  520
  55  911
 365  524
 393  995
 185  914
 344  517
 488  816
  20  907
 304  711
 216  561
 265  770
 489  568
 457  543
 467  553
 375  981
 455  653
 200  646
 292  836
 452  540
  64  708
 359  551
 440  991
  94  870
 470  614
 342  683
 156  684
  90  590
 380  700
  67  939
 392  889
 106  891
 344  950
 495  766
  17  803
 276  775
  90  673
 191  959
 303  735
 117  752
  16  765
 298  802
  98  566
 375  654
 298  677
 253  909
 452  545
 441  837
 479  570
 481  534
 352  795
 373  623
 335  531
  44  710
 130  577
  88  913
  37  566
 446  824
 390  607
 360  688
 423  646
 179  932
 485  578
   4  745
 111  917
 317  579
 269  663
 199  636
  48  703
 219  875
 314  617
 319  880
 146  838
 282  722
 182  882
 368  961
 321  752
 184  955
 246  657
  46  590
 146  521
 142  725
 322  806
 485  793
 443  818
 161  576
 380  614
 332  761
 191  981
 459  895
 406  905
 192  570
 266  805
  44  528
 373  611
 200  716
 374  644
  68  585
 221  722
  97  850
 288  877
 477  647
 249  924
 108  742
  64  878
 235  786
 296  558
 389  570
 489  704
  58  635
 337  561
 278  936
 502  877
 196  695
 374  527
   9  687
 265  558
  65  553
 331  698
 312  978
 476  929
 158  658
 305  547
 154  980
 175  514
 489  904
  47  815
 101  601
 231  773
 454  553
   4  936
 112  950
 103  705
 200  603
 155  942
 116  793
 364  710
 412  636
 495  553
  57  601
   8  732
 222  697
  50  883
 142 1000
 462  852
 205  616
 116  640
 103  652
 470  558
 143  746
 126  588
 331  853
 133  623
  62  861
  81  560
 331  565
 451  877
  43  779
 396  896
 189  675
 451  669
 377  968
  25  919
 408  786
 285  868
 388  922
 424  835
  10  816
   8  737
 336  578
 284  709
 210  710
  66  518
 298  953
 386  912
 377  919
 107  937
 325  656
  84  721
 258  843
 187  772
 366  561
 295  670
 196  800
 138  661
 176  861
  87  573
 163  961
 376  719
 163  848
 250  696
 376  768
 133  538
 242  865
 492  513
  36  503
 453  669
 497  906
 163  898
 346  884
 193  575
  12  772
 397  607
 128  837
  57  882
 370  626
 302  869
 417  765
  86  521
 150  889
 484  906
 294  862
 476  624
  18  705
 126  968
 137  863
  66  902
 203  901
 251  837
 218  980
 322  505
 382  957
  39  687
 304  998
  92  669
 484  856
  92  941
  33  915
 298  613
   7  767
 305  689
 104  517
  33  888
 489  765
 282  621
 485  909
 361  590
 488  520
 207  630
 125  764
 121  885
 340  630
 131  871
 161  858
 300  982
 317  610
 121  918
 346  948
 122  603
 414  889
 464  818
 268  714
  97  938
 118  779
 228  847
 450  671
 375  858
  48  840
 348  597
  79  764
 465  532
 173  828
 288  777
 209  909
 245  622
 436  924
 313  571
 254  866
 489  537
 250  940
 490  985
  98  560
 130  558
 237  505
 187  558
 372  556
 418  785
 381  995
 172  671
 304  907
 363  792
  73  707
 454  594
  97  771
 215  975
 379  789
 224  693
  63  555
 382  657
 471  721
 346  944
 164  992
 483  928
 351  702
 434  907
 320  689
 233  747
 365  861
 484  746
 260  720
 270  784
  71  519
 394  949
 172  604
 488  505
 353  882
 461  657
 424  974
 333  894
 449  712
  65  752
 376  540
 499  617
  43  898
 234  884
  48  960
 259  546
 268  751
 187  954
 185  760
 235  957
 359  806
 215  833
  61  520
 440  575
 159  688
 325  817
 261  937
 499  620
 433  867
 440  586
 280  837
 296  518
 212  883
 303  690
 237  674
 376  519
 125  529
 364  660
 273  924
 361  667
 140  779
 501  995
  40  656
  79  923
  71  597
 313  586
 481  757
 413  859
 166  862
  39  509
 110  578
 300  803
 448  850
 409  550
 448  642
  75  736
 474  515
  89  606
 245  997
  10  572
  49  772
 137  854
 253  774
 192  521
   6  829
 240  731
 402  892
 222  509
 377  768
 108  573
  87  504
 412  536
 400  688
 439  835
 254  560
 481  789
 450  630
 262  515
 249  832
 388  733
 348  777
 297  746
 263  519
 271  761
 147  568
 304  818
 259  897
  88  759
  72  673
 471  520
 281  552
  23  840
  49  826
 105  705
 343 1000
 170  529
 331  802
 422  716
  14  605
 248  687
 358  976
 226  824
 290  776
 441  726
 313  880
 151  803
 415  594
 167  720
 368  918
 143  789
 134  532
 219  704
 141  925
 445  646
 148  749
 383  886
 344  891
 326  725
 236  605
 166  983
 341  823
 256  887
 385  705
 467  822
 411  804
  19  973
  63  631
 134  950
 434  859
 446  849
 176  813
 135  910
  63  565
 193  586
  14  955
 454  635
 465  748
 438  626
  41  963
 298  738
 357  936
 284  724
 276  764
 124  609
  52  597
 428  821
 482  617
 305  516
  92  546
 352  652
 409  999
 129  565
  42  628
 159  848
 396  742
 218  902
 321  716
 169  650
  16  980
 153  911
 407  723
 155  993
  72  551
  99  964
 118  884
 256  656
 367  871
  48  880
 479  751
  65  600
 336  929
 120  523
 122  890
 234  573
 344  977
 258  961
 395  959
 272  532
 347  935
 172  956
 345  552
 326  913
 466  584
 175  997
 479  718
 241  567
 417  570
  24  506
 109  507
 147  723
 192  923
 202  564
 382  653
 381  829
 416  567
 119  878
 473  853
 371  766
 494  732
 175  542
 390  795
 197  562
 282  821
 346  932
 445  674
  45  878
  14  778
  35  822
  62  781
 193  854
 282  634
 313  988
 428  549
 186  708
 316  663
 496  624
 425  866
 419  989
  96  859
 134  656
 268  726
 142  962
 392  800
 277  547
 199  694
  55  609
 115  507
 375  917
  68  607
 323  755
 497  592
 201  643
 440  724
 227  816
  79  762
 491  778
  49  865
 208  778
 349  813
  63  572
 232  978
 141  794
 341  697
 400  540
 303  512
  58  710
 380  951
 274  544
  78  586
 446  720
  52  607
 441  864
 152  551
 189  995
 207  776
 464  668
 345  767
  66  642
 377  837
 374  603
 308  876
 147  816
 393  529
 209  809
 364  522
  10  975
  95  704
 215  809
 489  718
 239  728
 146  875
 247  801
 382  751
 212  858
  42  529
 358  823
  39  811
 303  865
 265  932
 445  816
 441  532
 408  587
 223  815
 378  932
 383  775
  44  576
 267  915
 105  555
 424  832
 132  844
 116  835
 102  541
 328  588
 435  626
  59  858
 132  741
  51  572
  80  777
 393  909
 318  643
  18  537
  33  688
 378  825
 372  846
 311  864
 311  587
 413  942
  57  950
 384  892
 465  888
 277  510
 476  526
 218  664
 200  597
 432  945
 221  962
  34  633
 372  886
   3  839
 455  621
 326  820
 229  767
 453  793
 374  952
 125  704
 257  692
 416  732
 370  897
 151  633
 207  876
  46  554
 127  991
 364  662
 196  860
 228  713
  67  974
 474  551
 168  810
 410  900
 342  752
  97  889
 228  997
 276  551
 102  838
 263  609
  93  681
 333  667
 233  861
 137  610
 476  739
 425  868
   6  639
 187  669
  89  771
 366  694
 436  958
 184  586
 184  937
 378  548
 324  812
 309  656
  66  713
 241  506
 418  941
 346  873
 151  857
 156  705
 121  566
 360  673
 122  722
 175  700
  64  519
 464  515
 361  604
 291  601
 481  840
 163  716
  10  789
 237  757
 393  841
 347  612
 494  641
 304  651
 178  943
 376  567
 380  549
 445  740
 463  677
 104  768
 113  784
 324  684
 132  845
 116  819
  32  598
  36  707
 143  968
 331  909
 484  908
 448  823
 143  988
 365  563
 280  942
 195  805
 148  522
  31  505
 369  919
 427  708
 315  916
 433  521
 198  652
 227  734
 262  937
  96  931
 366  621
 428  957
 151  714
 120  725
 154  750
  48  652
 384  507
 454  549
 358  539
 123  994
 434  802
 335  686
   7  697
 289  634
 393  602
  65  721
 362  805
 105  512
 217  918
 296  972
 445  681
  44  688
 357  994
 307  548
 250  666
  74  856
 190  841
 284  526
  48  936
 401  954
 190  795
  22  647
 407  533
 409  797
 486  787
 403  985
 173  787
 356  618
 138  656
 447  806
   7  567
  95  540
  10  864
  97  585
 142  938
 477  541
 381  875
  29  806
 161  978
 460  915
 497  514
 156  781
 213  564
 176  608
 293  845
 428  839
 297  726
 354  813
 218  597
 234  675
  58  884
 489  872
 444  644
 141  616
  19  661
 347  677
 375  968
 253  654
 275  659
 117  994
 301  963
 421  915
 106  985
  30  620
 266  955
 308  750
 183  669
  35  724
 239  556
  85  872
 308  642
 448  695
  32  776
  64  979
 140  989
  74  763
 134  682
  10  938
 303  656
 256  799
 193  951
 420  603
 322  836
 161  725
 428  935
 166  943
 266  693
 472  897
 465  598
 380  712
 115  548
 279  860
 439  586
 206  778
 175  723
 496  795
 317  892
 232  576
 483  974
 363  521
 464  744
 357  555
  93  806
  79  790
 377  996
  81  768
 173  932
 493  895
 360  582
 497  749
 303  556
 336  681
 133  591
 305  681
 317  706
 437  577
  31  642
 311  619
 259  881
 392  729
  62  679
   1  777
 426  527
 121  791
  46  719
 171  655
 354  788
  91  505
 331  812
  84  693
 349  896
 457  618
 379  696
 478  680
 488  580
 107  614
 381  929
 411  509
 234  721
  16  930
 437  602
 129  560
  28  847
 336  848
 243  922
  53  611
  68  939
 246  984
 166  584
 376  983
 473  789
 463  654
 177  727
 238  876
 225  552
 322  986
   1  710
 122  550
 376  995
 201  522
 159  858
 287  644
 489  597
 109  644
   4  544
 490  743
 137  894
  39  513
 105  874
 204  954
 488  551
 137  606
 139  989
 314  693
 450  507
 264  539
 323  817
 338  981
 272  762
 344  592
 325  766
 113  551
 168  890
  26  985
   1  808
  62  530
  56  746
 483  855
 198  744
 118  660
 358  862
 491  680
 144  507
 446  694
  27  974
 268  792
 361  552
  63  639
 155  918
 304  821
 100  548
 118  709
 426  967
 422  647
 296  580
 187  609
 359  808
 252  745
   7  721
 146  639
 270  764
 436  938
 485  651
 107  616
 133  560
  43  725
 465  556
 263  918
 446  645
 314  638
  31  911
 294  678
 132  547
 159  865
 252  864
  38  516
  25  662
 199  641
 185  802
 254  835
  15  589
 108  604
 416  660
  88  550
 477  575
  98  873
 184  568
 444  544
  14  993
 175  637
 455  573
  81  905
 471  646
 474  918
  61  627
 183  722
 490  538
 432  693
  14  655
 425  509
 330  885
 453  904
 375  503
  55  707
 289  688
  79  864
 209  608
 130  591
 158  666
  69  644
  74  884
 198  625
 415  991
 203  503
 372  826
 348  928
 287  640
 153  931
 125  935
 206  877
   7  911
  52  900
 222  946
 407  865
  26  832
 162  997
 221  853
 234  937
  15  852
  67  799
 261  858
 354  793
 497  776
 422  756
 399  910
 465  857
  83  776
  81  804
 414  880
 317  919
 444  837
 444  564
  92  912
 271  539
 132  595
 274  982
 333  926
  64  843
 410  877
 221  692
 286  520
 165  551
 139  792
  43  759
 284  804
 103  683
 123  847
  36  722
 153  640
  66  717
 378  561
 363  934
 258  587
  72  943
  95  722
 158  660
 440  625
 269  917
 247  915
 286  873
 409  877
  51  879
 380  863
  64  755
 113  916
  90  953
  68  643
 340  927
  73  550
 170  558
 466  905
  66  600
 479  561
 337  727
 217  512
 152  979
  88  587
 114  756
  71  769
 330  610
 302  505
 325  754
 324  771
 296  939
  48  848
  21  886
  31  680
 184  968
 192  591
 457  551
 239  522
 371  889
 210  805
 480  539
 438  860
 433  553
 193  711
 300  969
  15  747
 257  736
 291  955
 323  557
  55  882
 443  995
 162  767
 383  595
 119  787
 468  744
 224  724
  66  683
 126  604
  38  627
 418  844
 203  822
 435  875
 389  838
 137  841
 201  642
 278  683
 438  658
 212  809
 137  886
   7  524
 100  742
 382  998
 354  687
 413  912
 473  554
 277  609
 361  767
 342  649
 245  974
  27  520
 136  646
 130  506
   5  681
  75  548
 124  707
 157  908
 365  536
 283  757
 222  696
 112  887
 304  605
  75  936
 123  735
 165  664
 281  859
 234  746
  65  803
 399  726
 450  721
  37  877
 195  813
  48  984
 470  591
 357  829
   6  676
 363  952
   5  573
 432  548
 437  867
 285  901
 136  643
 292  533
 294  792
 417  950
 395  801
  80  960
 464  555
 422  620
  30  815
 254  925
 394  964
 345  839
  74  713
  43  511
 142  856
   9  663
  99  536
 111  528
 287  774
 312  514
 114  641
 389  979
 501  617
 144  556
 419  662
  12  758
 411  512
 300  587
 229  720
  73  795
 475  717
 243  740
 276  754
  61  688
  96  716
 166  824
  31  988
 330  797
 405  953
 274  565
 364  720
 315  837
 387  750
 102  776
  51  608
 371  855
 425  836
 384  661
 308  921
 225  529
 222  575
 147  580
 355  578
 424  547
 400  702
 159  633
  94  989
 191  645
 184  915
 238  972
  47  891
 304  524
  45  597
 475  643
 402  921
 296  522
 414  551
  78  705
 295  509
 367  888
 218  672
 117  527
 231  955
   4  584
  89  674
 432  654
 127  573
 119  542
 326  916
 429  663
 488  576
 102  888
 123  821
  87  861
 444  765
 301 1000
 491  737
   8  898
 370  614
 119  811
 204  617
 267  771
  16  614
  94  748
  93  704
  64  754
 217  673
 385  799
  70  691
 180  772
 192  944
  25  749
 431  882
 443  594
 494  675
 395  622
 177  817
 310  989
 338  655
 121  857
 120  533
 118  622
 312  918
 171  896
  34  640
 454  566
 478  629
 346  532
 322  706
 355  994
 206  908
  39  649
 150  745
 197  841
 174  596
 496  860
 441  952
 233  783
  54  577
 250  646
 486  763
 487  938
 130  538
 473  895
 327  756
 438  789
  58  745
 369  671
 160  738
 153  992
 452  903
 431  716
 369  704
 331  831
 432  712
  59  799
 245  568
 296  668
 220  778
 493  527
 492  957
 397  838
  63  986
 144  771
 275  737
 201  889
 327  663
 412  753
 283  823
 357  881
 216  654
 459  893
  69  931
 468  663
 129  737
 485  627
 385  645
 206  542
 421  529
  55  957
 150  974
 464  815
 460  634
  86  911
  59  868
 204  919
 497  519
 138  772
 172  919
 108  734
 324  668
  37  962
 212  959
 377  914
 166  532
 245  606
  20  626
 107  619
 371  577
 219  509
  59  961
 198  624
 319  828
 142  610
 114  897
 334  876
 213  988
 306  810
 175  649
 262  828
 192  538
 418  868
 502  653
 333  517
 329  517
 175  970
 219  876
 479  673
  91  640
 292  577
 382  693
 127  824
  78  778
 341  515
 115  830
 160  637
  59  670
 368  641
 146  752
 199  957
  81  733
 492  637
  84  652
 277  842
 220  953
  65  818
 164  751
 348  634
 228  704
 452  605
  68  788
 281  960
 355  982
 134  820
 322  671
 219  528
 445  856
 259  561
 164  727
 425  562
 341  614
  93  693
 268  564
  49  690
 440  624
 490  534
 172  538
 462  773
 185  863
 381  989
 350  609
 416  892
   3  651
 162  913
 460  900
 212  793
 486  600
 125  953
 403  851
 338  638
 224  930
 500  569
  84  714
 194  962
 141  943
 490  637
  85  992
 305  740
 165  684
 154  665
 290  791
 480  630
 321  905
 482  532
 431  848
  21  618
   6  792
  35  730
 284  816
  11  958
 124  679
 247  778
 355  786
 332  530
 234  799
 371  892
 461  775
 365  636
 265  874
 223  887
 165  965
 259  993
 258  753
  10  976
 210  822
 107  693
 479  844
 371  556
 211  572
  71  904
 323  505
  85  969
 478  815
 269  543
 263  801
 212  961
  92  561
 102  835
 180  783
 288  976
  52  890
 346  632
  53  722
 157  881
 356  786
 272  816
 435  819
 306  721
 439  922
 196  698
 451  717
 122  673
 335  937
 350  800
 383  774
 146  885
  38  503
  45  710
  34  549
 491  607
 267  916
 256  601
 305  510
 250  763
 257  686
 167  790
 166  902
 339  525
 309  983
 308  670
 393  980
 101  642
 473  772
 122  939
 466  944
 499  808
  91  634
 452  768
 232  826
 195  692
 289  536
 188  856
 429  834
 317  757
 124  708
   1  811
 464  823
 331  651
 432  736
  19  583
 350  617
 275  975
   5  718
 201  539
 420  659
 265  869
 341  748
 234  928
 118  978
 343  665
 143  653
 378  920
 499  562
  96  902
 165  546
 370  557
 384  602
 502  537
 285  862
 220  903
 351  515
 475  572
 110  825
 247  733
 105  905
 469  548
  47  935
 500  632
 160  962
  23  738
 453  581
 245  951
 191  955
 365  620
 386  713
 437  947
 339  779
 299  511
 452  510
 248  691
 354  538
 236  672
 331  859
  91  963
 364  949
 362  605
 374  548
 320  906
 440  847
 354  633
 103  739
 393  737
 331  893
 153  657
  96  822
 323  888
 496  565
 236  961
  56  621
 252  800
 186  767
  56  682
  81  781
 489  889
 449  954
 238  982
 412  798
 368  811
 186  881
 421  997
  71  633
 421  973
 301  734
  56  671
  73  844
 493  650
 276  991
 149  753
 232  738
 293  593
 143  821
 288  631
 116  974
 456  731
 206  943
 101  751
 362  689
 319  993
 445  691
 439  698
 463  549
 357  711
 155  735
 292  851
 466  588
 158  547
 117  841
 471  903
  24  794
 360  829
 362  717
 125  927
 363  788
 314  966
 274  743
  99  659
 324  780
  94  534
  54  938
 490  503
 316  988
 195  994
 216  896
 451  731
 259  768
 478  757
 222  695
 367  926
 375  930
 194  521
 182  748
 491  588
   1  524
 120  659
 212  668
  93  660
 465  594
 270  829
 466  888
 486  874
 134  619
  81  701
 358  750
 403  533
 205  961
 387  982
 258  553
 108  883
 411  559
 196  527
 342  794
 311  852
 472  953
 353  917
  63  713
 116  608
 201  779
  30  973
  54  861
 224  528
  93  672
 337  686
 501  901
  15  804
  64  703
 379  948
 301  767
 211  854
 170  908
 100  546
 194  673
 289  687
 408  980
 376  985
   5  948
 362  941
 320  572
 176  781
 339  654
   4  888
 322  903
 471  852
 438  890
  13  918
 173  629
 299  802
 200  789
 209  640
 482  755
 188  710
 244  933
 204  560
 463  567
 352  790
 182  645
  61  670
  43  545
 326  667
   8  708
 190  727
  97  588
 421  906
  48  685
 140  960
 103  672
 405  961
 445  949
  12  903
 207  879
 427  814
 497  964
  23  716
 223  977
 176  681
 175  913
 148  516
 218  608
 301  990
 385  751
 258  925
 246  784
 296  969
 200  666
 470  763
 250  655
 247  914
 384  584
  92  755
 170  854
 221  809
   1  904
 365  982
 304  686
 109  756
 306  910
 128  819
 196  846
 275  840
 345  957
 417  632
 261  928
 471  552
 206  725
 485  710
 283  637
 266  815
  89  641
 468  783
 128  886
 284  882
 435  933
 425  530
 290  773
 374  725
 489  540
  77  936
 268  652
  47  806
 306  886
 489  532
  99  881
 178  588
 491  714
 120  991
 469  795
 295  584
  97  528
 160  946
 248  689
 222  845
  57  908
 276  834
  75  912
 346  863
 443  603
 258  987
  39  884
  40  854
 439  514
 212  575
   5  556
 186  587
   9  946
 431  540
  43  802
 370  521
 346  529
 428  766
 194  853
 428  855
 242  646
 171  972
 303  646
 253  575
  24  598
  78  860
 155  847
 494  636
 245  923
 376  915
 285  846
 275  897
 429  746
 346  628
  67  735
 264  509
 220  682
 368  962
 483  598
  20  628
 332  507
 262  634
  90  695
 502  874
 431  512
 186  935
 428  654
 477  729
 204  915
 256  653
 436  709
 297  524
 406  925
 209  642
 150  607
 490  648
  14  981
 382  655
 244  537
 412  691
 191  523
 132  898
  99  534
 418  897
 207  817
  89  852
 269  960
 162  695
  99  813
 182  780
  90  617
 189  649
 470  638
  46  943
 165  666
 493  998
 266  592
 374  932
  86  616
  15  543
 257  595
 305  854
 251  707
 262  731
 333  509
 388  816
 495  561
 373  592
 247  894
 483  814
 470  689
 189  646
 281  611
 277  716
 345  573
 472  991
 240  646
  58  874
 209  986
 194  922
 351  570
 477  748
  55  662
 367  882
 346  760
 427  893
 390  944
 256  627
 391  731
  93  864
 456  966
 259  794
 387  778
 108  876
 190  688
 430  788
  48  847
  37  961
 168  655
 184  765
  66  736
 407  840
 498  622
 260  932
 180  593
 448  976
 491  797
 106  877
 113  684
 287  736
 271  864
 325  536
 405  923
  85  612
 430  736
 345  983
 291  541
 220  746
 475  958
 140  517
  79  749
 148  629
  27  599
 151  827
 253  557
  61  809
 298  574
 304  797
 327  996
 478  728
 220  830
 131  991
  54  714
 412  611
 194  597
 349  841
 269  634
 240  938
 213  841
 300  989
 392  918
 316  819
  23  956
 172  805
 250  939
 382  542
  58  929
 445  882
 308  724
 155  887
 492  790
 217  614
 102  691
   3  728
 380  908
 195  656
 398  603
 120  706
  92  726
 472  779
 164  907
 234  792
 245  795
 434  799
 281  509
 274  918
 149  843
 450  633
 399  579
  17  562
  49  992
 300  668
 180  551
 475  588
 375  911
 406  756
  62  678
  34  930
  69  918
 175  643
 417  718
 416  990
 493  616
  47  560
 152  735
  28  584
  50  576
 238  816
 480  542
 327  988
  66  896
  90  696
 445  775
  72  640
 399  747
 332  703
 290  765
  96  700
 399  705
  36  668
 457  933
   1  930
  35  947
 457  724
 152  829
 436  793
  91  860
 368  765
 428  553
 455  545
 260  573
 341  834
  19  721
  57  692
 189  597
 495  768
 292  948
 266  839
  33  525
 361  620
  30  765
 378  584
 393  767
  24  507
 323  742
 492  523
  18  669
 174  709
 334  872
  37  579
 467  683
  29  601
 217  620
  24  862
 198  683
  42  888
  39  670
 284  643
 189  578
 178  574
  42  857
 347  699
 497  618
 386  678
 216  579
 414  969
  41  643
  35  860
 262  585
 337  943
 116  765
 298  967
 339  734
 337  645
 473  666
  62  592
 359  574
 113  552
  79  721
 246  873
 171  929
 171  571
 116  950
 109  602
  85  952
 469  980
 219  634
 170  808
 240  816
 340  695
 446  731
 189  503
 354  940
 441  777
  48  786
 303  940
 409  814
  95  554
 449  617
 115  519
 127  875
  57  747
 205  579
  52  909
 306  989
  51  702
  24  735
 433  727
 461  966
 444  503
 471  724
 305  974
 484  645
 191  793
 285  857
 399  944
 211  876
 486  827
 228  962
 140  600
 411  729
 272  900
 399  818
 290  837
  49  712
 340  691
 241  637
 268  624
 430  885
 249  786
 162  712
 187  849
  50  520
 227  711
 204  608
 142  965
 181  752
 274  715
 309  769
 307  591
 385  605
 404  884
 430  902
 469  884
  15  638
  45  815
 188  700
  71  807
 193  947
 264  952
 482  511
 166  865
 399  610
 338  824
 408  734
 450  702
 398  816
 349  616
  34  778
 318  689
 294  926
 182  729
 117  867
 145  771
   1  921
 447  871
 388  905
  28  999
   7  622
 376  939
 282  960
 176  743
 127  909
 433  559
 176  845
  44  703
 288  978
 390  652
 142  792
 371  503
 422  967
 326  679
  27  912
  73  902
 191  843
 216  600
 291  868
 181  580
 154  753
 501  999
 405  814
 306  543
 279  926
 360  670
 354  506
 456  925
 128  890
  54  557
  29  864
 378  853
  26  958
 416  823
 114  732
 358  581
 470  671
 119  649
 377  962
 495  697
 392  806
 496  531
 124  940
  82  873
 238  671
 141  783
 368  626
 464  918
  28  716
 307  797
 281  548
 276  909
 295  913
 501  595
 231  931
 302  551
  66  861
 164  939
 500  656
 380  817
 218  780
 428  594
 379  539
  10  741
  51  867
 153  540
  55  739
 365  628
 268  633
 485  645
 136  821
  47  831
 498  949
 326  770
  94  801
 267  818
 153  541
 203  914
 381  573
 160  555
 133  734
  86  546
   4  703
 474  567
 179 1000
  86  591
  82  545
 424  863
 416  801
 256  891
 198  835
  45  599
 205  585
 366  636
 142  841
 291  796
 116  737
 421  989
 357  768
  57  695
 135  835
 363  742
 148  996
  79  835
   3  689
 335  684
 500  861
 180  623
  70  796
 251  628
 393  783
 419  687
 497  794
 328  521
  50  678
 400  739
 103  915
 453  740
  32  650
  36  564
 222  770
 469  902
 456  582
 289  674
 141  690
 326  842
 266  978
 396  719
 225  602
 461  537
 301  635
 125  955
 411  591
  77  846
 326  863
  36  604
 205  744
 244  609
 316  553
 370  860
  24  938
 469  638
 248  613
 182  764
 194  801
 309  861
 446  771
  80  958
 226  572
 439  686
 337  720
 197  511
 457  828
 147  853
 108  709
 130  573
 168  541
 364  945
 169  556
  34  603
 326  979
  85  767
 285  798
 493  636
 267  788
 273  562
 255  825
 295  668
  70  826
 281  585
  91  699
 117  801
 361  647
 149  813
  76  793
 231  691
  33  890
 320  978
 490  673
 132  689
  43  885
 443  613
 275  513
 148  718
 374  556
 350  701
  77  835
 409  582
 144  832
 345  613
 295  993
 357  543
  55  603
 302  508
 131  936
 191  875
 452  915
  63  893
 354  893
 283  536
 453  895
 330  533
 423  513
 463  632
  95  891
 391  662
  12  635
 364  888
 495  936
   2  552
 250  854
 256  705
 209  583
 170  814
 153  618
 459  646
 375  670
 182  710
 249  644
 298  860
 122  785
 268  688
 163  845
 208  998
 372  829
 224  733
 258  597
  80  717
 352  685
 167  902
 185  903
 453  806
 117  644
 193  533
  23  677
  17  984
  63  921
  81  979
 350  960
 170  983
  90  917
 467  716
  77  774
  88  967
  33  757
 155  647
  40  897
 399  961
 426  587
 178  788
  84  537
 305  823
 354  786
 100  803
 393  511
 282  791
 386  777
 327  839
 360  990
 342  513
  18  808
  88  507
 121  709
  50  560
 111  654
 106  655
 340  562
  53  601
 446  936
  52  821
 316  643
  85  892
 426  503
  41  841
 489  530
 405  871
 249  941
 142  515
 249  627
 410  878
 328  538
  55  912
 267  754
 123  534
  21  922
  56  858
 133  511
  94  509
 313  592
 107  557
 311  797
 135  613
  78  768
 367  581
 379  603
 335  610
 153  620
 500  607
 315  797
 306  581
 308  820
 115  737
 372  572
 317  600
 343  949
 471  759
  71  590
 429  677
 490  843
  48  981
 167  550
 356  770
 466  531
 251  698
  41  570
  35  734
 348  802
 354  700
 421  760
 147  641
  70  600
 289  780
 338  610
 184  553
 406  977
 173  509
 432  994
 465  675
 423  792
 467  639
 269  861
 240  732
 289  928
  91  934
 304  897
 259  872
 476  942
  48  547
  57  763
 473  579
 303  737
  53  698
 349  719
 289  939
 245  823
 307  567
 172  703
 113  701
 427  759
 223  781
 167  988
 405  606
 321  849
  45  858
 453  573
 277  789
 334  822
 222  786
  99  513
 146  842
 358  634
 288  737
 433  894
 238  936
  98 1000
 367  763
 243  769
 228  684
 294  712
 175  604
 387  579
 124  671
 264  547
  55  861
 309  904
 291  869
 132  637
 147  526
 105  926
 459  734
 268  528
  64  671
   4  558
  73  970
  14  854
 367  825
 425  892
 490  598
   3  885
 415  583
 467  556
 393  926
 220  956
 374  788
 103  610
 183  821
 447  935
 264  540
 219  560
  64  995
 487  785
 422  854
 373  817
 174  769
 340  529
 353  918
 268  720
 360  552
  47  817
 485  690
 282  827
 299  651
  21  985
  37  598
 159  711
 412  892
 362  878
 289  938
 259  994
 250  641
 250  799
 106  965
 300  609
 165  892
 152  762
  22  847
 245  694
 406  869
  70  778
 425  980
 325  677
  38  771
 113  983
 205  791
  86  950
 376  746
 110  558
 183  892
 163  736
 297  728
 152  887
 447  883
 371  677
 296  532
 236  623
 184  673
 492  977
  42  736
 289  620
 291  508
  95  573
 323  752
 258  960
 476  551
 338  667
 405  524
 232  805
 494  902
  10  608
 261  946
  80  834
 396  623
 252  944
  59  635
  57  952
 473  880
 220  737
 318  710
 265  751
 380  623
  26  867
  33  600
 256  535
 166  843
 113  914
 404  981
 244  647
 260  687
 247  549
 409  833
 502  776
 491  558
  45  569
 362  769
 434  930
 137  703
 423  698
 301  780
   3  915
 495  753
 174  513
 374  946
 444  919
 363  917
 391  991
 159  569
 193  814
 211  556
 428  740
 171  554
 416  506
 420  619
 117  939
 314  690
 386  860
  67  977
 397  750
  44  869
  85  786
 104  796
 274  723
 429  854
 343  625
 452  846
  60  648
 139  741
  22  768
 104  661
 127  517
 123  997
 502  972
 136  621
  18  531
 294  776
 105  655
 424  764
 156  529
  32  703
 170  763
 256  514
 139  671
 167  937
  90  626
 493  993
  21  641
  77  779
 145  797
 119  538
 309  808
 424  583
 150  714
 449  665
 396  866
   1  643
 403  875
   3  864
  28  559
 211  544
 214  875
  45  677
 302  756
 279  823
  25  626
 406  523
 455  722
 154  904
 409  795
 164  966
 428  864
 441  766
  70  516
 415  692
 476  674
 495  640
  65  551
 451  517
  55  814
 218  628
  31  692
 169  791
  40  887
 112  953
  39  930
 111  512
 187  651
 344  699
 294  780
 382  559
 323  840
 482  758
 406  627
 255  874
  62  692
 357  532
 190  636
 139  680
  47  910
 212  747
 481  836
 176  526
 172  630
 180  908
 226  602
  95  923
 156  770
  34  762
 288  629
 343  881
 452  750
 441  799
 153  951
  97  783
  11  838
 257  989
 257  658
 193  595
 423  916
 291  861
 462  591
 142  523
  82  897
  25  918
  27  833
  14  875
 265  816
  54  845
 443  831
 484  733
 180  600
 140  841
 494  846
 315  518
 463  515
  79  949
  11  526
 288  547
 434  794
 288  583
 472  806
 297  628
 232  871
  61  574
  90  531
 105  749
 257  936
 233  945
 127  781
 179  864
 118  762
  53  669
 150  931
 207  610
 407  729
 476  904
 110  563
 444  735
  90  961
 164  738
  73  515
 118  697
 231  731
 406  812
 382  860
 452  951
 257  593
 465  511
 342  596
 163  955
 458  616
 418  717
 328  637
 219  712
 209  712
 272  846
 136  995
  24  656
  63  837
 301  739
 384  813
  96  669
 349  858
 218  698
 309  600
 445  951
 172  879
 251  645
 322  789
 435  831
 497  960
 447  914
 371  816
  98  760
 239  695
   5  582
 391  511
 427  715
 281  984
 118  919
 122  825
 152  621
 190  635
 233  719
 169  937
 168  646
 278  812
 126  626
 297  944
 282  574
 113  756
  91  659
 376  838
 215  601
 305  798
 222  950
 228  671
   5  836
 139  761
 430  881
 372  550
 356  980
 458  818
 439  599
 210  991
  48  891
 350  722
 179  738
 206  928
 477  640
  47  554
 424  736
  55  598
 474  594
 107  800
 447  833
  97  680
 151  571
  28  589
 460  522
 242  505
 238  654
 296  862
 210  914
 426  862
 423  758
 451  618
  41  904
 285  690
 201  963
 338  761
  83  932
  72  983
 307  654
  85  974
 499  974
 247  690
 300  897
 397  676
 362  823
 299  716
  24  972
 363  600
 392  665
 305  612
 496  625
  69  659
 383  813
  93  798
 484  628
 493  701
 318  839
 330  925
 291  934
 323  863
 429  894
 251  692
 472  777
 196  873
   3  840
 169  782
 333  568
 456  825
   9  801
  47  674
 251  592
 196  655
 452  938
  54  907
 142  819
 124  543
  76  859
 349  796
 224  924
 170  906
 121  509
 491  614
 290  874
 256  585
 228  815
 425  987
 379  782
  96  663
 201  804
 495  783
  91  594
 190  619
 414  515
 322  704
   1  951
 444  528
 272  595
 301  924
 452  682
 186  674
 116  592
 485  758
 205  516
  87  553
 444  918
 211  980
 247  980
 401  980
 401  744
 309  744
 309  638
  82  638
  82  919
 358  919
 358  562
 464  562
 464  729
 255  729
 464  796
 464  771
 255  741
 209  741
   1  741
 209  752
 382  752
 196  752
 196  728
 443  728
 443  567
  96  567
 198  741
 198  808
 500  808
 248  808
 248  948
 410  948
 410  936
 139  948
 139  879
 248  512
 500  863
 248  939
  72  939
 236  939
 236  814
 290  814
 449  814
 449  856
  11  856
  11  858
 386  858
 413  858
 294  879
 410  659
 115  659
  12  659
 115  965
 343  965
 325  965
 325  831
 200  831
 200  904
 492  904
 444  831
 444  613
 102  613
 444  731
 325  855
 139  624
 495  731
 495  857
 143  857
 492  885
 292  885
 292  516
 292  770
 336  770
   1  983
 438  965
 438  689
 438  933
 162  933
 162  789
 171  933
 171  995
 260  995
 171  792
 488  792
  81  995
  81  559
  81  971
 315  792
 162  610
 315  648
  81  861
 177  861
 177  550
 286  861
 286  736
 190  736
 286  791
  67  791
 281  791
 281  506
  67  931
  37  550
  37  565
 490  506
 490  790
 177  538
 379  538
 281  890
 299  971
  81  662
 274  662
 249  808
 392  971
 392  684
 376  684
 376  793
  53  793
 159  793
 376  847
 376  544
 418  544
 135  684
 135  597
 316  597
 346  597
 394  597
 394  654
 374  654
 374  868
 373  868
 378  868
 485  868
 485  683
 497  683
 378  838
 374  619
  20  619
  20  642
 290  663
 138  663
 222  663
 222  545
 222  520
 324  520
 324  810
 379  563
 199  904
 360  597
 360  696
 429  696
 429  883
 493  883
 493  769
 271  769
 271  581
 360  899
 474  899
 136  899
 136  906
 136  548
 112  696
  11  530
 385  696
 385  590
 385  650
 216  590
 216  616
 116  616
 116  514
 185  514
 116  685
 195  590
 185  608
 453  608
 453  660
 197  650
 197  614
 166  971
 256  741
 298  752
 115  701
 478  701
 478  604
 107  604
 107  505
  88  505
  88  842
 162  798
 177  872
 134  793
 134  688
 134  627
 156  890
 156  938
 308  793
 308  735
 284  904
 317  939
 317  586
 368  741
 218  796
 218  705
  68  705
 316  848
 318  848
 199  802
 404  802
 404  753
 342  753
 221  753
 464  626
 107  580
 420  580
  99  506
  99  973
  99  993
  57  993
 148  993
 148  603
 148  756
 252  756
  57  955
 278  993
 161  603
 161  708
 161  910
 257  910
 257  964
 278  840
 363  993
  52  708
  52  817
  74  817
  74  832
  74  860
 176  860
 176  560
 176  866
   6  866
 279  866
 279  725
 279  589
 279  864
  73  589
  73  557
  73  697
 411  557
  97  589
 411  846
 165  864
 165  954
 361  954
 361  680
  73  677
 475  677
 475  692
 475  539
 235  539
 129  539
 301  539
 235  612
 129  892
 122  892
 301  639
 445  639
 445  870
 445  517
 250  517
 250  540
 475  534
 219  534
 219  513
 270  513
 100  513
 412  560
 412  596
 402  596
 402  531
 130  531
 130  504
 402  976
 257  569
 419  660
 320  753
 320  598
 195  914
 101  866
 101  775
  87  775
  87  750
  87  675
 269  750
 395  775
 395  957
 317  849
 360  653
 331  653
  43  548
  43  765
  39  789
  54  752
  54  835
 267  835
 193  753
 193  889
 114  889
 114  818
 243  849
 243  806
 243  542
 144  559
 144  691
 448  691
 276  691
 276  928
 214  928
 448  874
 125  874
 399  874
 399  799
 321  799
 321  969
 214  986
 448  987
 498  986
 172  986
 433  969
 433  681
 140  681
 448  628
 464  869
 393  869
 274  717
 421  717
 421  761
 450  761
 421  998
 421  778
 450  543
 291  543
 291  962
 481  717
 184  778
 383  543
   7  998
 297  778
 381  962
 291  742
  69  742
  69  900
 382  990
 152  990
 272  688
 272  878
 199  785
 169  785
 263  691
 263  546
 268  546
 326  546
 268  797
 431  797
 431  518
 357  518
 314  518
  80  546
 116  803
 456  803
  42  803
  42  944
 233  803
  25  944
  79  944
  25  757
   9  513
   9  873
 283  873
 283  829
 283  533
 283  815
 152  704
 253  704
 253  996
 273  996
 367  996
 468  996
 253  739
 145  996
 145  730
 145  521
 285  521
 416  521
 416  827
 145  760
  62  704
 464  927
 304  847
  38  864
 464  525
 148  958
 381  721
  95  517
  13  791
 144  716
 288  716
 288  727
 245  727
 245  932
  27  932
  27  977
 111  977
  21  559
 296  954
 296  782
 467  563
 491  590
  69  722
 381  574
 322  574
 360  664
 218  776
 208  776
 330  776
 208  726
 219  695
 456  553
   9  737
 228  737
 228  807
 425  807
 188  807
 425  527
 366  527
 366  733
 328  527
 149  733
 149  665
 201  665
  90  733
  90  670
 354  527
 149  602
 149  952
 425  661
 366  618
 149  672
  61  672
 328  570
 302  737
 178  665
 436  618
 436  630
 105  630
 105  645
 105  711
 412  764
 137  764
 142  739
 142  658
 362  879
 432  559
 409  672
 468  636
 240  636
 496  868
 154  785
 154  509
 337  509
 337  897
 312  509
 439  691
 483  874
 483  523
 483  549
 153  549
 132  549
 132  678
 206  678
 206  887
 313  678
 153  997
 415  997
 313  620
  66  620
 483  528
 153  524
 466  524
 466  503
 398  524
 398  715
 329  715
 254  524
 254  669
 254  566
 398  915
  76  566
  91  523
  76  837
 206  508
  47  508
 146  508
 206  916
  32  916
  32  768
  71  768
 126  768
 406  509
 221  816
 350  816
 350  972
 146  813
 223  813
  55  813
  55  985
 223  594
   2  594
   2  867
 129  895
 292  576
 154  929
 489  866
 489  734
 442  734
 489  607
 442  843
 261  843
 261  635
 261  991
 262  843
 489  823
  84  823
  84  702
 222  880
 356  520
 328  901
 294  713
 203  713
 203  561
 282  713
 174  883
 151  521
 151  921
 151  828
 348  503
 348  747
 348  552
 277  552
 277  666
 277  667
 482  666
 377  552
 377  591
  75  591
 477  666
 477  605
 486  552
 173  591
 486  571
 417  605
  24  727
 484  971
 417  579
 355  579
 179  579
 355  668
 455  692
 234  789
 481  511
  77  511
 141  731
 141  784
 141  625
  70  625
 323  625
 282  893
  36  893
 220  731
  85  818
  85  578
 127  578
 110  914
 178  924
 209  767
 238  767
 359  767
 341  638
 182  630
 182  554
  83  760
 334  843
 335  543
 134  674
  10  674
  10  577
 192  674
 387  674
 387  699
 387  640
 226  640
 323  945
 186  645
 186  786
 221  898
 396  898
 199  981
  43  551
 315  657
 385  811
  75  801
 434  801
 434  961
 397  567
 191  789
 191  930
 191  568
 388  930
 278  532
 412  573
 116  826
 275  508
  17  998
  17  979
 251  979
 251  706
 351  954
 351  693
  16  693
 150  693
 150  575
 351  935
  16  690
  56  511
  56  909
 146  918
 408  971
 429  788
 131  788
 131  584
 131  920
 128  505
 467  779
 339  811
 339  822
 246  822
 246  830
 181  822
 121  614
 206  537
 141  755
 215  755
 215  572
 215  687
 319  687
 319  719
 147  719
 319  694
 147  606
 390  606
  71  763
 300  763
  79  963
  28  963
  28  844
 111  637
 157  765
 157  758
 452  758
  63  872
  63  656
   1  825
 243  809
 470  809
 490  841
  14  512
  14  795
 270  913
 323  934
 345  934
 433  621
 431  740
  44  740
 369  681
 369 1000
 369  712
 440  712
  21  923
 340  923
 340  833
  23  833
 282  917
 326  852
 334  623
 117  846
 117  718
 117  738
 210  738
  29  738
 423  768
  50  713
  45  767
 470  881
 215  686
 258  686
 230  614
 230  912
 230  984
 230  851
 156  622
 287  897
 259  868
 118  849
 118  564
 200  582
 502  952
 371  786
 378  994
 435  994
 103  995
 384  637
 468  978
  26  561
 189  829
 229  892
 136  759
 418  926
 118  959
  89  959
 333  807
 333  515
 170  914
 145  850
 480  608
 313  679
 204  679
 204  891
 133  891
 204  633
 424  633
 424  970
 424  821
 155  821
 450  911
 412  988
 123  764
 462  527
 462  644
 347  521
 380  636
 388  745
 381  781
  58  857
 246  749
  19  749
  19  805
 344  805
  19  951
  19  558
 417  507
 349  507
 358  766
 364  666
 375  870
  19  888
 359  875
 307  875
 307  876
 288  703
 237  644
  87  968
  37  536
 365  835
 167  753
 463  675
 463  615
 472  615
 447  726
   3  518
 150  922
  48  851
  48  588
 403  588
 158  775
 158  529
 311  938
 457  577
 457  649
 335  631
  93  631
   4  631
   4  700
 242  700
 461  700
 461  777
 164  683
  13  950
 120  950
 120  905
 280  661
 164  836
 428  836
 257  709
 486  556
 155  587
 264  844
 264  925
  86  843
 446  843
 306  739
 178  907
 426  923
 426  510
  81  989
  15  735
  94  836
  94  732
  31  792
  31  894
  34  894
  34  967
   5  976
   5  698
 327  698
 129  710
 409  751
 205  550
 391  521
 332  528
 248  877
 166  526
 396  854
  99  601
 479  976
 479  783
 206  585
 499  585
 456  903
  67  819
 473  603
 473  724
 372  631
 372  634
  30  869
 207  514
 465  904
 131  908
  91  943
 400  603
 228  949
 454  949
  98  949
  49  700
  49  609
 244  885
  86  853
   6  599
 265  903
 265  820
  69  629
 154  824
 231  824
 231  946
 422  946
 324  902
 364  940
 305  829
 305  762
 224  762
 451  762
 451  655
  35  655
 224  723
  55  547
 183  553
 183  643
 183  555
 168  643
 135  886
 225  560
  59  669
 241  978
 241  982
 182  953
 389  778
 398  754
 140  794
 106  747
 106  871
 441  711
 108  908
 389  522
 303  522
 303  682
 458  724
 119  657
 434  839
  98  595
 293  895
 124  789
 454  647
 501  991
 182  671
  64  724
 390  862
 352  928
 352  774
 476  774
 476  707
 299  834
 109  834
 109  845
  46  833
 177  632
 469  512
 469  966
 385  583
 187  517
 332  746
 121  541
 163  695
 427  705
 342  748
 194  748
  41  536
  41  535
 375  600
 310  713
  51  782
  51  673
 459  673
 105  743
  22  834
  77  937
 479  999
 365  787
 232  637
  79  956
 460  966
  65  810
  40  830
 480  865
 414  815
 365  942
 407  942
 239  572
 239  714
 332  772
  50  859
 319  611
 494  579
 353  693
 353  941
   8  686
 338  860
 369  651
 275  720
 394  884
 430  884
 125  592
 217  803
 113  778
 289  827
 289  947
 471  510
  63  812
 180  982
  76  974
 175  603
 339  896
  22  519
 134  593
 438  800
 213  800
  64  617
  78  531
  78  646
 212  504
 405  765
  33  679
 202  577
  19  641
 160  694
  92  869
 256  882
  60  778
 437  673
 223  992
 109  804
 266  649
 320  975
 227  997
  46  652
 295  955
 179  773
 325  780
 370  506
 104  642
 183  676
  30  960
 487  531
  18  885
