  53   47     500
  47   78
  18   77
  22   77
  52   79
   1   94
   7   70
  28  100
  43   82
  25   77
   6   61
  13   55
  19   59
  52   82
  31   54
  16   66
  34   78
  38   55
  37   95
  15   95
  51   89
  27   96
  17   56
  33   65
  27   82
  23   91
  24   98
  38   86
  12   82
  31   71
  29   56
  34   92
  50   76
   4   87
  30   85
  21   81
   6   60
  28   67
  20   81
   6   59
  29   94
  44   98
  52   67
  52   63
  39   79
  43  100
   5   69
   5   91
  48   64
  21   60
  44   54
  35   80
  32   79
  33   62
  45   70
  23   83
  50   75
  49   86
   8   71
  36   98
  39   55
  33   97
  44   77
  33   82
  50   59
  10   58
  45   96
   7   74
  53   62
  45   81
   4   67
  43   60
  30   64
  44   76
  40   98
  31   97
  29   96
  11   59
   8   61
  17   67
  11   83
  36   88
  26   94
  53   90
  49   82
   1   63
  20   67
  45   85
  28   64
  34   70
   3   57
  46   58
  39   63
  24   92
  10   98
   9   95
  32   97
  23   64
  33   75
   2   69
   5   56
  31   57
  36   99
  49   55
  16   62
  39   86
  12   56
  12   93
  30   95
  13   98
  46   75
  19   90
  36   91
  39   62
  37  100
  46   59
   3   74
  52   60
  16   92
  21   82
  29   92
  51   68
   3   71
  10   73
  11   87
   4   94
  23   70
  50   98
  50   90
  23   56
  21   78
  23   63
  46   72
  40   57
  42   87
  37   54
   8   63
  23   58
  52   71
  40   55
  30   66
  40   68
  47   93
  14   72
  46   55
  46   91
  14   95
  30   97
  45   78
  28   58
   1   98
  47   66
  52   91
  30   98
   7   63
  24   56
  20   92
  40   76
  39   67
  17   97
  48   94
  18   67
  40   56
   4   98
   2   80
  29   79
   9   93
  13   58
  28   68
  16   65
  49   90
  42   64
  10  100
  47   71
  22   60
  53   88
   9   68
  35   63
  26   66
  19   92
  22   70
  40   72
  53   97
  51   58
  33   67
  16   95
  10   72
  12   69
  37   79
   9   87
  21   88
  50   58
  16   63
   2   95
  14   55
   1   99
  14   58
  50   99
  49   72
  21   68
   8   85
  10   91
  34   71
   4   90
  26   85
  51   61
  26   89
  46   69
  33   89
  20   84
   1   74
  52   62
  30   91
  10   56
  23   74
  40   91
  30   86
  53   65
  20   58
  19   68
   7   61
   9   58
  41   99
  19   99
  34   66
  36   73
  51   83
  33   58
  22   95
  49   84
  45   63
   6   55
  38   69
  53   95
  30   58
   6   93
  31   82
  28   88
  16   99
  42   92
  23   69
  39   72
  11   95
  25   88
  46   79
  16   59
  35   73
  36   69
   2   79
  35   72
   6   92
  38   59
  10   93
   3   85
  30   94
  32   57
   7   59
   2   76
  51   87
  11   55
  50   70
   2   71
   9   73
  18   87
  42   90
  20   59
  21  100
  35   61
  38   70
  30   72
   1   93
  14   92
  28   87
  18   78
  19   66
  42   77
  22   89
  22   57
  34   72
  51   63
  41   64
   5   63
  25   63
   5   78
  10   67
   4   97
  23   60
  34   94
  15   92
  44   90
  52   75
  35   59
  39   64
  32   68
   7   84
  13   90
  46  100
  43   58
  21   74
  26   54
  10   99
  26   88
  11   74
  28   65
  53   77
  37   99
  32   62
  24   93
   5   73
  50   96
  30   59
  24   70
  44   65
  51   91
   9   92
  50  100
  22   69
  50   83
  42   89
  26   80
  38   93
  29   68
  19   89
  36   79
  16   86
  40   77
  18   98
  31   64
   9   60
  43   92
  32   87
  43   88
  33   64
   4   63
  45   93
  42   85
  43   70
  53   87
  53   57
  36   57
  24   83
  38   77
   1   65
  29   73
  16   57
  41   80
  21   75
  29   82
  23   68
  19   81
  36   61
  43   90
  18   71
   4   64
   4   55
  44   82
  12   91
  48   95
  25   76
  37   77
  33   69
  44   96
  46   63
  30   74
  11   76
  28   82
  53   63
  17   60
  12   57
  14   65
  42   73
  22   98
  32   54
  23   57
  43   77
  37   67
  18   83
  11   75
  22   66
  10   90
  44   73
  18   95
  41   77
  34   76
  32   90
  41   98
  45   76
   5   88
  24  100
  50   71
  50   66
  53   55
  27   67
   2   74
  53   70
  28   77
  34   65
  17   57
  22   58
  23  100
  15   90
  27   76
  36   54
  45   54
  45   83
  15   83
  15   69
  47   69
  47   90
  24   90
  24   67
  24   96
  24   76
  40   96
  24   80
  28   80
  24   94
  25   80
  28   63
  46   96
  46   86
   7   86
   7   65
  48   65
  48   87
  49   65
  49   56
  19   56
  26   63
  25   66
   5   67
  47   57
  42   57
  43   57
  43   81
  43   55
   1   55
  29   81
  29   85
  44   55
  19   91
   1   59
  35   76
   1   73
  40   82
  44   74
  12   74
  12   75
  18   75
  12   97
   3   75
   6   97
  52   65
  34   67
  49   77
  34   60
  41   56
  41   62
  13   62
  23   62
  23   89
  17   89
  17   79
  16   79
  17   99
  20   99
  17   88
  33   88
  33   70
   4   99
  17   92
   2   99
  37   92
  34   58
  41   68
  31   68
  50   54
  11   99
  14   57
  14   84
  10   84
  36   72
  51   72
  51   64
  51  100
  27   83
  22   63
  13   95
  32   81
  32   71
  32   93
  21   93
   9   71
   9   78
  53   78
  41   61
   8   72
  39   75
  28   98
  30   75
  38  100
