 392  408    1000
 277  761
 277  794
 210  791
 178  570
 122  788
 100  442
  96  398
 102  515
 169  436
 261  724
   4  773
 233  431
 379  581
  44  619
  87  723
 161  786
 286  680
  60  686
  92  773
 352  730
  53  775
 229  407
 234  465
  73  417
  91  726
 341  715
 264  667
  73  587
  42  430
 261  570
 258  576
  21  657
 271  460
 149  540
 100  610
 102  709
 111  727
 305  559
 248  765
  30  437
 262  483
 246  496
 116  702
  77  790
  60  521
 305  606
 331  480
 101  709
 118  725
  84  653
  50  474
 382  567
 152  487
 203  443
 280  688
 197  528
 392  660
 354  607
 369  503
 160  644
 351  792
 197  411
 130  782
 141  464
 178  625
  56  577
  86  480
 344  702
   2  764
 381  422
 362  796
 108  403
 272  644
 381  632
 271  699
 189  556
 146  785
 298  645
 207  794
 304  750
 132  740
 272  683
  25  661
 357  612
 171  492
  50  676
 340  427
 139  491
 380  625
 112  644
 336  475
 189  563
 308  610
  21  484
 123  474
 197  601
 237  661
  56  481
 382  559
  19  798
 263  747
  38  463
 107  488
 253  722
 103  606
 157  784
 262  420
 376  772
 348  772
 117  580
 229  514
 392  603
 315  698
 381  503
 106  607
 351  449
  24  558
 249  653
  20  770
 317  748
 164  410
  51  749
 277  771
 313  702
 269  486
 257  513
  47  511
  61  753
  17  795
 191  717
 352  621
 101  394
 179  748
 230  708
 297  646
 276  690
 164  740
  64  459
  79  632
 382  734
 169  482
 283  584
 376  401
  98  424
 260  499
  77  781
  75  562
 160  646
   9  669
 176  687
 177  778
 304  648
 205  465
 356  738
  82  642
 371  534
  48  753
 358  607
 360  680
 377  405
 318  652
 202  593
  58  526
 337  561
  44  709
 321  579
 285  632
 284  566
 318  586
  14  426
 276  653
 246  411
 359  779
 223  543
 214  469
 190  507
  63  520
 137  753
  88  474
 141  438
  23  575
  24  639
 247  658
 245  698
 302  692
 373  636
 101  609
 270  505
  60  401
 174  720
 389  692
 302  532
  45  475
  82  479
 154  650
 118  496
  96  695
 290  655
 261  771
 359  583
 335  398
 157  462
 255  462
 255  601
 255  634
 347  634
 347  707
 226  601
 226  678
 265  634
 265  434
  73  434
 265  717
 133  717
 133  623
  94  623
 117  623
 299  434
 299  720
 299  723
 387  723
 260  723
 299  468
 108  723
 117  595
  81  462
  81  751
 108  736
 117  792
  50  623
  50  453
  50  748
 100  748
  50  700
 267  700
 267  417
 207  453
  73  611
 282  707
  22  468
 387  574
  50  548
 263  611
 263  653
 263  555
 207  418
 303  595
 303  531
 200  531
 155  595
  57  723
  57  556
  87  556
  87  722
  57  738
 244  738
 244  600
 177  556
 177  399
 145  399
 160  399
 177  397
 160  534
 177  799
 268  397
 166  722
  83  534
  83  695
  57  618
 258  722
 131  556
 131  472
 209  472
 177  731
 131  677
 177  607
  87  565
 169  472
  30  607
  30  763
  30  541
 156  397
 156  706
 339  534
 339  621
 156  790
 297  790
 200  647
 144  647
 144  421
 390  421
 341  647
 101  647
 319  421
 319  549
 319  561
 144  666
 165  666
 136  666
 228  421
 358  666
 358  756
 358  481
 169  396
 326  736
 326  551
 263  667
 329  667
 149  574
 149  744
 149  762
 315  744
 315  711
 124  711
 315  464
 254  744
 283  464
 205  549
 269  666
 269  544
  43  544
 269  457
 269  734
 196  734
 244  610
 197  610
 197  424
  89  424
  89  535
 247  535
  89  587
 334  587
 335  587
 334  645
 335  615
 327  615
 327  466
 301  466
 335  648
 206  648
 206  785
 151  648
  12  648
 151  791
 380  648
 377  791
 377  461
 380  516
 327  519
 343  791
 343  754
 301  782
 288  782
 303  682
 186  595
 186  564
 186  766
  90  766
 213  766
 213  593
  64  593
  64  458
  41  593
  40  458
 105  785
  41  699
 338  678
 300  549
 213  781
 177  475
  12  703
 154  703
 154  589
 249  589
 249  690
 331  690
 331  435
 154  596
  93  596
  77  596
 382  596
  77  630
  93  696
 331  483
  66  483
 185  483
  66  504
  93  470
 182  470
 182  465
 182  641
 227  465
 227  482
  78  482
  78  770
 294  770
 294  586
 294  501
 164  770
 389  586
 389  495
 121  470
  78  755
  17  755
  17  412
 371  412
 236  412
 227  562
 177  665
  25  665
  25  681
 384  630
 384  716
 202  782
 202  557
 143  557
 362  557
 362  452
 143  659
 143  416
 202  507
 266  507
 270  507
 270  741
 270  430
 270  426
  23  426
 112  426
 112  660
 266  513
 246  513
 246  599
 385  513
 202  758
 235  758
 235  686
  28  623
  28  605
 348  605
 348  784
 328  472
  58  723
  58  655
 209  680
  62  680
  62  577
  62  651
  59  577
  59  425
  92  577
  92  404
  92  705
  62  604
 193  604
 193  747
 193  571
 256  747
 223  747
  18  747
 223  583
 196  543
 206  743
 314  743
 314  503
 322  503
 314  582
   3  582
  74  743
  74  663
 204  663
 204  662
 202  413
 357  555
 357  614
  46  614
 281  614
 281  456
 357  485
 280  485
 159  485
 366  614
 293  456
 293  708
 210  708
 383  485
 383  492
 275  492
  69  485
  69  498
 262  498
 262  522
 210  536
 293  474
 140  522
 140  710
 284  710
 293  409
   6  409
 140  521
 293  400
   9  400
   9  422
 353  422
  13  400
  13  726
  42  456
  11  422
  11  487
 122  487
 122  579
  11  732
 386  732
  48  732
  48  415
  53  614
  53  771
  53  542
  53  742
 308  544
 308  449
  51  449
  51  393
 364  393
 364  671
 388  671
 234  671
 234  420
 308  702
 295  702
 130  702
 195  702
 295  539
 378  682
 378  545
 213  658
 373  658
 153  412
 383  401
 139  621
  77  750
 183  750
 361  750
 361  616
 125  616
 125  629
 125  427
 330  616
 330  626
 125  515
  74  661
 142  680
 142  467
 300  739
 151  526
 276  526
 276  606
  72  606
  46  438
 163  438
 163  603
   8  603
 284  794
 327  552
 143  636
 250  636
 250  473
 250  769
 278  473
 278  581
 171  581
 278  406
 298  406
  20  548
  20  511
 290  511
 296  511
 296  506
 240  506
 128  511
 128  528
 292  528
 128  757
 292  777
 129  511
 129  683
  36  683
  36  395
  37  683
   7  395
  37  617
 296  740
 279  740
  86  740
   7  633
 274  662
 236  563
 237  563
 237  491
 349  601
 349  570
  42  448
  61  448
 187  448
 333  706
 333  486
 232  486
 232  527
 232  646
 232  559
 234  446
  71  446
 124  622
 190  622
 190  478
 321  478
 321  715
  91  715
 123  715
 123  709
  52  709
  52  442
 141  709
  75  442
  52  669
 135  709
 320  442
 135  479
 215  479
 102  479
 102  585
  74  692
 100  484
 259  484
 245  557
 245  569
 218  569
 218  525
 212  525
  14  525
  14  471
  14  735
 150  735
 150  405
 210  460
 251  658
 251  580
 260  432
 325  651
 325  407
 305  542
 305  656
  63  656
 126  656
 126  441
  39  441
 202  477
 323  527
 323  718
 323  767
 161  767
 243  585
 212  797
 114  797
  57  573
 137  573
 137  778
 158  522
 158  650
  70  650
 166  719
 304  719
 304  673
 191  666
 191  625
 328  759
  32  744
  32  664
 205  476
 374  476
 270  433
 143  440
  95  440
  95  398
 154  410
 103  410
 103  454
 261  454
 261  591
 261  451
 320  613
 163  566
  47  718
  47  414
  24  414
  47  670
  24  499
  67  682
  67  598
 253  598
 253  674
 241  674
 241  749
 211  598
 110  598
 264  674
 222  749
 264  729
 253  775
 111  775
 287  573
 287  635
 178  635
 178  774
  97  774
  97  394
 221  394
 194  774
 194  403
  84  403
 280  496
 213  459
 364  512
 310  512
 310  786
 385  590
 337  590
 265  444
 269  730
 132  501
 132  761
 132  713
 341  780
  56  483
 345  476
 345  694
  44  694
  44  575
 229  570
  61  447
  35  708
 363  452
 363  428
 343  553
  59  753
 332  753
 130  540
 257  540
 344  540
 375  635
 147  561
 119  474
 164  500
 252  456
 252  765
 263  684
 392  684
 114  768
 180  398
 180  642
 123  639
  71  668
  16  668
 320  619
 118  619
 220  574
 311  711
 376  557
 242  708
 242  697
 273  697
 273  612
 198  612
 176  612
 273  490
  55  780
 388  795
 189  795
 189  423
 189  592
 368  592
  27  592
 224  467
 224  745
 377  518
  97  588
 230  588
 230  538
  57  714
 355  714
 362  631
 391  756
 391  687
 391  480
 175  468
 328  733
 134  774
 253  493
 120  493
 167  622
 167  537
 116  537
 106  537
 151  560
  50  728
  10  771
  10  654
  22  704
 369  704
 369  546
 306  704
 324  438
 324  800
 170  800
 170  796
 170  776
   5  776
   5  679
 318  449
 318  450
 203  450
 203  764
 203  693
 359  692
  67  760
 176  787
 208  787
 208  443
 360  443
 277  787
 360  793
  68  793
 352  793
 352  489
 352  455
  54  496
 327  431
 340  431
 340  445
 209  701
 181  701
 289  713
  15  709
 351  633
 351  685
 172  661
 172  783
 373  494
 302  650
 302  727
 225  727
  41  637
   2  763
   2  672
 219  734
 125  524
 291  524
  80  415
 231  518
 277  533
  99  533
  34  716
  60  577
 176  502
 174  502
 346  672
 346  689
 239  689
 239  437
 384  517
 175  640
 343  568
 217  568
 251  529
  26  529
 162  522
 162  628
 162  439
 162  497
 127  546
 382  773
 286  773
  92  547
 179  547
 271  547
  38  596
  38  594
  38  737
  98  660
  45  665
 313  708
 317  605
 198  649
 260  676
 381  676
 381  554
 289  463
 222  712
 248  712
 148  600
  97  436
   1  489
  81  419
 373  638
 229  411
 109  411
 321  675
   8  402
 173  402
 307  402
 173  584
 367  584
  63  514
  49  555
 201  451
 233  403
 233  627
  20  624
  37  567
 251  725
 216  628
 113  651
 203  772
 354  772
 370  599
 370  632
  21  632
  21  558
 312  600
  88  668
 268  505
  82  527
 208  608
  79  714
 325  509
 143  550
 316  749
 316  609
 310  408
 350  408
 372  408
 336  415
 136  530
  65  448
  65  469
 365  731
 365  523
 365  643
  95  652
 319  691
  33  744
 329  532
  96  532
  96  572
  31  586
 104  680
 214  795
 214  789
  29  789
 214  788
  85  522
   8  698
 388  657
 214  644
 309  644
 290  721
 192  732
 146  739
  19  787
  76  564
  76  429
 272  429
 115  789
 270  576
 108  510
 184  510
  12  798
 356  769
 356  688
 354  488
 163  620
 285  519
 188  784
  18  578
 152  643
  49  508
 279  746
 107  641
 238  762
 138  461
 168  405
 366  779
 342  608
  34  752
 379  557
 364  724
 199  724
 221  602
   4  676
 337  520
 262  597
