 392  408    4000
 308  762
 147  641
 138  666
 301  699
 239  545
 152  466
  47  628
 160  601
 315  798
 251  677
 360  571
 233  659
  40  555
 151  541
  46  502
 177  475
 183  675
 250  673
  79  576
 212  644
  87  580
 295  655
 286  660
 225  649
 148  573
 156  704
 281  762
 195  481
  12  517
  50  406
 337  519
 286  480
  53  553
 377  511
 334  763
 378  658
 231  754
 210  561
 266  426
  91  496
 133  421
  97  785
 120  500
 180  598
 291  404
 139  439
 224  592
 106  487
  34  524
 210  748
 142  689
 390  417
 318  550
 235  547
 237  597
 129  407
  74  781
 191  763
   9  466
 262  666
  35  496
 290  412
 263  784
 205  734
  17  734
  40  466
 282  602
  14  575
 287  458
 160  732
 265  743
 267  646
 227  743
 147  719
  62  645
  16  405
 154  736
 372  530
  49  695
 199  542
   7  541
 341  643
 204  663
  25  639
 299  460
 307  662
  95  744
 268  657
 337  465
 134  634
 136  700
  41  706
 237  479
 139  742
 117  641
 117  637
 282  776
 237  785
 343  446
   7  397
 169  766
 163  707
 165  471
  94  709
   2  756
 155  472
 172  561
  41  733
 113  508
 236  416
 308  584
 386  394
 243  447
  14  500
  74  505
 363  429
 318  685
 311  488
 373  693
  18  525
 142  436
 209  520
 191  552
 131  631
 114  662
 209  416
  82  563
  46  793
  79  468
 371  540
 390  730
 130  410
 116  729
 223  647
 103  496
 230  688
 289  662
 242  570
 186  468
 179  547
 356  714
  68  441
  59  481
 188  477
 278  525
 222  412
 194  774
 239  800
 357  736
 206  499
  56  676
 220  403
 279  655
 101  523
 149  646
  55  431
 293  395
 240  480
   8  439
 164  493
 322  557
 169  767
   1  706
 161  577
 142  570
 156  607
 106  426
 102  401
 269  757
 231  483
 246  634
  51  751
 350  561
  58  458
   3  634
 190  679
 351  399
 329  724
  65  545
 228  614
 173  751
 307  460
 175  547
 177  597
 371  530
 116  480
 230  483
 156  675
  31  544
 282  605
 206  507
 367  706
 192  739
 280  511
 277  432
  32  568
 136  728
 207  486
 276  417
  63  691
  57  432
 224  563
 209  749
 225  777
 159  484
 173  771
 280  669
 147  798
   1  425
 305  758
  66  568
 266  497
 204  613
 385  481
 290  579
 110  766
  95  689
  32  426
  40  751
  74  479
 200  678
 203  440
 315  420
 228  767
 156  485
 183  733
 377  569
 249  676
 240  459
 101  697
 195  680
 111  571
 124  788
 366  698
 243  524
 342  658
 120  499
 151  540
 129  537
  71  557
 325  481
 284  699
 158  431
 304  738
 205  536
  96  647
  68  697
 239  674
  41  512
 392  586
  66  414
 319  720
 327  656
 305  438
 107  473
 187  563
  28  723
 200  704
  14  615
 140  565
 253  774
 250  694
 211  582
  37  547
 106  480
  96  755
   4  697
 349  554
 159  790
 279  633
 294  797
 107  619
 164  515
 313  482
 232  649
 390  483
 214  497
  21  413
 341  495
 384  475
 168  759
 285  575
 370  727
  45  417
 222  609
  11  450
 291  486
 262  782
  41  552
 143  456
 173  558
  42  637
 107  434
 178  411
 268  689
 275  494
 370  788
 261  466
  70  686
 262  442
  73  548
 190  492
 341  563
  57  471
 272  641
 331  397
 200  586
 194  685
 258  465
 363  657
 339  411
 240  797
 102  603
 357  730
 139  672
 349  575
 307  520
 198  427
 186  738
 384  439
 113  758
 274  431
 305  710
 124  572
 156  731
 238  766
 132  493
  92  427
 202  768
 124  650
 329  604
  34  702
 307  633
 199  798
  37  444
  30  511
  99  668
  15  687
 322  773
 267  449
 275  783
 160  642
 362  750
   3  437
 259  580
 312  412
 169  532
 345  451
  34  471
 237  436
 159  461
 341  550
 364  739
 312  461
 128  646
 102  564
  36  458
 345  424
  16  454
 360  729
 315  418
  68  616
  40  609
 143  461
 206  557
  45  569
 169  795
 222  550
 344  429
 277  413
 244  676
  17  640
 365  605
 104  680
 173  789
 299  521
 380  664
 353  413
 289  526
 174  700
 212  597
 221  781
 253  773
  45  475
 262  764
 391  432
  87  636
 318  637
 359  719
 273  652
 338  740
 200  685
 128  445
 268  592
  43  419
  81  508
 224  725
 219  760
 168  542
 300  502
   9  394
 104  748
 177  723
  31  538
 387  783
 299  612
 239  423
 117  595
 128  397
  60  608
 146  762
  12  721
 187  665
 366  597
 250  654
 218  726
 355  537
 142  548
 150  639
  80  532
 212  515
  84  617
  81  648
  27  668
 315  534
  94  532
 175  478
 350  654
 168  673
 115  612
 239  761
 299  718
 262  581
 172  754
  38  771
 282  653
 276  732
 389  464
 334  727
 327  697
 215  548
  78  794
 304  662
 188  417
 380  797
 282  722
 325  482
  73  506
 285  632
  88  519
 214  646
 272  537
  71  607
 191  673
 159  448
 328  750
 101  542
 155  726
 365  710
 156  522
 178  549
  96  526
 131  674
 264  796
 269  562
 115  498
 369  504
 301  512
 146  775
 273  420
 315  635
 134  741
 259  534
  88  436
  82  760
 304  709
 222  411
 140  609
  11  403
 192  586
 343  549
 381  409
 197  631
 315  780
 342  664
 154  397
 202  734
 392  767
 253  760
  28  587
 270  702
 238  742
 240  787
 163  588
 151  697
 212  425
  60  621
 122  697
   9  610
  13  680
 122  784
 223  616
 261  683
 193  520
 351  451
   8  646
  44  430
 217  628
 227  692
 112  601
 228  637
  94  602
 313  652
  35  789
 340  422
   1  748
 129  558
 254  393
 305  777
 382  395
 374  720
  96  591
 103  777
 240  658
 194  733
 316  634
 356  436
 378  411
  61  639
 230  561
  16  754
 365  482
 374  451
  52  475
 156  467
  79  394
 345  717
 187  443
 302  421
 124  494
 197  470
 268  787
 358  549
 228  674
  55  536
 125  513
 107  490
 134  655
 133  691
 141  562
 223  641
 180  528
 263  732
 129  676
 243  507
  19  482
 187  577
  66  706
 138  799
 214  490
 270  780
 374  698
 202  675
 117  457
 270  663
 249  658
  10  636
   6  486
 305  722
 325  525
 141  734
 354  434
 250  697
 355  624
 131  408
 300  710
  21  691
 169  557
  87  691
  93  762
 205  758
 275  521
 295  744
 324  542
  30  530
 112  796
 230  578
  50  723
 290  479
 299  673
  21  415
 325  559
 238  789
 171  468
 237  691
  90  664
 255  502
  91  623
  18  492
 328  569
  56  799
 189  671
 321  783
 259  787
 164  673
  24  516
 286  393
 108  507
 280  513
 294  587
 142  479
   7  670
 352  598
 193  505
 386  655
 205  677
 345  745
 138  611
 191  681
  49  732
 320  522
 157  738
  23  432
 316  552
 353  472
   4  635
 360  456
 215  778
 119  445
 213  640
 138  544
 374  522
 114  658
 391  431
 368  479
  97  694
  27  667
 314  644
 342  480
 110  508
 269  786
 328  559
 307  393
   5  455
 319  458
 140  581
 193  431
  33  689
  36  477
 382  615
 307  399
  45  778
  22  706
 162  527
 118  483
 310  544
 232  476
  67  468
  28  725
 318  729
 259  398
   3  597
 135  524
 121  531
 359  569
 271  669
 349  755
 211  413
 242  460
 111  662
 310  543
 246  614
 250  782
 171  589
 335  629
 391  482
 281  781
 177  440
 351  613
 374  680
 290  526
  40  608
  63  629
 119  683
 158  477
 231  536
 206  717
  71  406
  27  590
 202  482
 245  709
 352  626
 198  662
 125  732
 186  790
 255  430
 306  781
 164  756
  71  419
 199  781
 318  484
 291  651
  50  410
 107  671
 375  456
 333  788
 353  439
 266  707
 279  543
 387  645
  90  721
 192  582
 151  582
 230  596
 331  414
  11  492
  73  629
 136  790
  45  529
 180  750
 156  666
  87  442
 113  652
  58  751
  60  543
 198  654
 187  768
   5  633
  43  508
 236  419
 294  533
 307  760
  23  690
 372  707
 266  477
 174  446
  58  686
 275  611
 139  612
 100  735
 274  749
 340  421
 189  799
 248  656
 165  563
 175  721
 344  795
 170  681
 301  777
 283  399
 294  769
 200  479
  29  503
 272  517
  27  604
 312  501
 133  491
  32  429
  95  654
  67  483
 150  773
 200  734
 174  544
 166  424
 161  551
 364  699
 220  769
 314  459
 363  676
 215  753
  77  475
 231  541
 326  630
 281  598
 104  552
 192  491
  74  792
 196  647
  49  748
 235  557
  36  703
  73  634
 390  714
  81  409
 246  644
 204  414
   3  668
 192  605
 265  434
 209  524
  74  757
 186  439
 118  628
 321  661
   8  717
  82  577
 152  709
 258  581
  22  644
  78  429
 318  639
 131  445
  22  595
 142  534
 315  411
 381  787
  47  585
  77  471
  55  754
 263  627
 125  685
 128  408
 239  756
 294  568
 181  426
 165  768
 362  667
 137  788
 247  660
 178  739
  67  480
 128  394
  32  595
  67  440
 149  503
 181  407
 217  486
  52  759
 245  717
 237  643
  59  790
  19  462
 321  547
 367  740
 386  529
 361  741
  27  795
 143  413
 222  400
 386  736
 192  496
 175  595
 337  575
 234  546
  69  417
 248  667
  20  791
 273  705
 115  575
  63  545
  45  522
 347  781
 225  477
 287  617
 269  782
  29  399
 163  485
 203  677
 322  719
 266  407
  61  633
  86  536
  71  732
  73  466
 288  508
 349  608
 284  407
 305  628
 157  538
  64  548
 203  757
 334  427
 173  743
 124  636
 248  406
 286  759
 109  657
 305  533
 191  454
 389  539
 127  589
 106  567
 229  742
 105  442
 198  722
 226  597
 266  529
  76  430
   7  475
 114  772
 378  465
 384  594
  52  432
 351  569
  85  638
 286  424
 200  608
 360  436
  42  495
 362  670
 324  724
 389  501
  32  741
  47  627
  14  714
 175  796
 390  763
 120  798
 248  733
 327  487
 196  497
 146  650
  38  526
  81  748
  84  730
 380  742
 199  753
  88  490
 354  683
 208  402
 370  536
 277  596
  63  565
 170  577
  68  659
  86  681
  86  759
  32  535
 332  629
 227  625
 259  778
 388  606
 363  695
  59  595
 125  706
 296  404
 207  689
  75  407
 264  767
 329  406
 351  722
 195  630
  93  559
 276  765
 252  724
  30  721
 267  798
  13  544
 244  593
 353  652
 262  754
 279  483
 164  485
 249  703
  82  429
 337  761
  47  733
 276  663
 138  683
 270  698
 292  393
  52  778
  80  635
 365  420
 158  789
  39  487
 296  664
  29  443
 247  646
 323  686
  24  468
  60  404
 310  532
 357  747
 346  734
 289  413
 175  412
  96  512
  70  548
 254  743
 352  798
 358  494
 235  498
 274  518
 145  445
  68  711
 209  625
 154  762
 269  500
  15  699
  41  444
 167  530
  92  657
 266  760
 222  421
 135  433
 187  482
 233  457
 261  405
 184  500
 125  519
 242  777
 232  525
 351  731
 148  603
 152  461
 376  526
 228  697
 175  732
 311  418
 157  514
 157  739
 188  476
 127  739
 336  405
 254  573
  47  594
 228  457
 121  725
 119  437
 215  509
 190  561
 102  737
  51  693
 171  639
 291  697
  75  654
  61  672
 259  571
 287  727
 165  513
 316  773
 184  655
 182  541
 310  535
 342  468
 204  728
  38  599
  79  499
  69  788
 304  538
  64  749
 113  512
 195  435
  92  735
 151  544
 149  576
 237  504
 383  572
 183  499
  12  756
 385  780
 215  607
 359  678
 245  547
 113  608
 158  513
 308  521
 324  424
  25  637
 249  756
 204  714
 289  497
 304  665
  69  401
 376  494
 346  726
 338  635
  82  600
  41  560
  64  499
 189  425
 288  418
 253  476
  98  494
 231  589
 263  625
 151  400
 258  613
  59  694
 127  655
 111  657
 208  554
  42  398
 155  666
  30  592
 223  409
 249  542
 332  548
 176  563
 276  774
 302  478
 103  631
 363  692
  34  651
 135  753
 263  590
 289  679
 317  465
 388  731
 366  639
 353  469
  59  702
 148  400
  72  475
 101  520
 187  477
  29  393
 267  782
  64  546
 246  749
  34  587
 391  455
  80  620
 323  491
 375  779
 146  448
  57  393
 136  524
  88  670
 223  792
  71  591
 388  539
 345  443
 291  799
 186  508
 366  577
 336  645
 185  732
 382  570
   6  683
 147  568
  81  727
  40  746
 300  789
 325  643
 256  549
   6  503
 245  499
 242  794
 258  497
 348  742
 269  798
 347  776
 172  542
 176  505
 343  551
 223  643
  30  477
  48  446
 300  517
 182  780
 185  433
 268  475
  93  655
 376  484
 136  393
  33  780
 382  746
 273  626
 160  560
 210  598
  43  735
 156  586
 230  711
 310  762
 374  777
 323  781
 314  402
  95  555
 358  711
 258  704
 260  408
 168  684
 112  699
 145  761
 224  472
 280  441
   7  409
  45  600
  53  797
 236  540
 160  736
 265  403
 313  706
 222  445
 331  670
 297  699
 300  572
  20  717
 324  762
 280  496
 202  623
   8  727
  68  493
 298  587
  67  654
 191  682
  93  527
 325  398
 113  701
 203  543
 149  747
 153  442
 201  624
 186  779
 233  590
 348  495
 194  763
 144  441
 357  544
  51  487
 313  643
 255  534
 384  626
 240  519
 307  521
 212  714
 119  775
 142  597
 328  506
  68  415
 172  445
 101  586
 273  400
  84  502
  42  560
   4  612
 370  638
  24  729
 225  757
  14  533
 158  544
 315  751
 102  398
 111  569
  51  506
 167  641
  52  720
 267  772
 258  677
  54  629
 225  450
  36  607
 370  672
 309  427
 218  745
 330  797
 323  596
 121  508
 274  461
 346  639
 355  640
  57  418
 372  577
 330  438
 183  534
 237  417
 313  466
 142  466
  12  406
 200  433
 383  735
 182  552
  33  781
 342  800
 329  555
 362  694
 384  628
 131  564
  29  620
 257  528
 292  635
 255  725
 129  776
 358  592
 329  609
 172  398
  24  481
 216  469
   7  630
  53  515
 161  578
 368  495
 168  528
 145  413
 372  426
 214  422
  11  643
 116  610
  35  456
 303  485
 336  636
  36  697
 180  660
 105  782
  65  508
 223  569
   4  451
 285  510
 113  684
 299  478
 307  465
  64  517
  13  556
  63  541
 197  770
 172  780
 137  658
 154  472
 352  480
 267  583
 221  409
 348  754
 161  698
 327  668
  75  603
 302  518
  99  520
 121  545
  20  468
  47  665
  41  754
 267  766
 212  682
 218  482
 128  584
  55  581
  56  489
 301  559
  57  610
 352  745
 161  512
 386  727
 130  489
 245  493
 113  408
 355  488
 237  680
 382  443
 282  572
 149  440
 224  409
 367  630
 141  654
 201  673
 226  504
 137  551
 181  458
 364  780
 154  500
  52  592
 361  487
 339  587
 172  686
 284  588
 223  579
  71  645
 108  573
 282  489
  43  571
  47  395
  37  533
 358  709
 235  573
 271  709
  47  734
 125  714
 193  393
  44  511
 381  446
 349  735
  51  739
  48  586
  94  566
 212  679
 133  717
 190  517
  62  480
 183  508
 359  474
 204  535
 210  429
 174  620
 341  660
 309  433
 168  652
 338  769
 240  572
 237  438
 197  667
  16  426
 142  697
 228  560
 240  501
 175  760
 387  792
 233  580
   6  416
 364  784
 193  578
 205  715
 276  419
 375  788
  23  711
  32  710
 289  435
 242  484
 119  646
 291  749
  16  614
 365  402
 378  593
 376  562
 348  468
   4  512
  87  714
 110  595
 204  506
 249  775
 304  650
 224  444
 204  598
 291  509
 386  546
 192  409
 230  625
   9  668
 124  536
 311  578
 188  672
 207  492
  84  596
 207  765
 342  523
 305  536
 218  674
 106  510
 245  496
 179  451
 266  535
 367  409
 207  767
 248  735
 203  514
 344  719
 127  605
 205  469
 263  401
  11  507
  15  651
 123  432
 281  734
 329  543
 358  544
 143  540
 283  737
  32  527
 134  486
 339  445
 241  613
 246  445
  90  637
 199  496
 139  756
  30  585
 200  458
 325  537
 192  563
 392  499
 254  658
 161  558
 174  423
 211  609
 384  400
 125  734
 297  716
 244  782
 344  714
 345  624
 109  505
  52  601
  30  783
 119  531
 327  517
 187  725
 108  586
 354  405
 107  574
 185  583
 135  548
  59  797
 173  636
  10  671
 385  537
 254  542
 108  457
  63  614
 257  770
  68  577
 179  624
 329  449
 123  607
  78  587
  45  726
 221  448
  31  689
 111  579
 385  492
 268  640
 101  429
 168  562
  71  742
  99  795
 331  442
 349  399
 358  695
 215  507
 278  475
 102  510
 105  416
 159  619
 305  659
 119  608
 360  735
 286  723
 376  681
 190  437
  48  536
 186  719
 179  566
 272  422
 354  662
 154  559
 311  567
  37  641
 111  481
 231  576
 387  565
 124  606
 253  717
 289  561
 279  414
  96  563
  72  409
 342  663
 275  734
 297  422
 383  557
 348  395
  75  612
 381  462
 148  409
 191  559
 144  733
 279  711
 313  705
  91  525
  21  489
 158  763
 300  762
  24  450
 378  481
  15  656
 275  501
  68  600
 177  694
 154  610
 111  433
  74  540
 344  786
 176  443
  47  698
 345  683
 309  729
 246  717
 287  736
 373  611
 116  563
 107  644
  15  664
 117  455
 315  576
 271  762
 272  400
 308  782
 196  711
  37  518
 147  575
 196  644
 295  646
  29  688
 345  534
 222  393
 255  565
 324  397
  19  724
  87  703
  89  650
  67  666
 258  620
 268  728
 230  601
 109  439
 118  553
 387  552
 133  492
  10  703
 376  762
 121  592
 358  431
  86  575
  77  588
  74  577
 353  665
 235  475
 336  642
 197  424
 204  553
 270  531
 173  596
  78  760
  35  534
 190  673
  36  568
 310  738
 127  742
 277  443
  25  479
 102  545
  12  407
 220  501
 304  618
 343  659
 224  634
 334  591
 200  757
 190  683
 372  748
 319  562
 194  569
 373  498
 177  698
 248  511
 215  405
 136  656
 134  453
 366  660
 309  637
 108  504
 330  569
 106  462
  55  676
 151  560
 237  794
 246  712
 186  724
 202  625
  68  668
 206  735
 184  435
 231  525
 303  678
 305  477
 168  747
 128  662
 343  407
  42  426
  65  445
 222  659
 318  411
 152  764
 202  452
 158  581
  83  504
   3  486
 331  633
 288  737
 104  498
 253  548
 227  737
 193  703
 220  753
 128  762
 245  665
 183  442
 266  423
 269  708
 389  571
 380  798
 229  526
 359  442
 367  398
  67  719
  14  743
 335  642
 204  430
  12  706
 293  670
 389  645
 270  566
 310  405
 239  466
 381  650
 216  536
 265  675
 198  610
 127  514
 166  648
 273  706
  98  743
  97  413
  68  800
  18  433
  96  428
 325  456
 334  743
 240  560
 144  442
  82  679
  76  476
 307  544
 344  668
 173  723
  60  579
 169  569
 355  696
  19  678
 207  483
 150  470
  68  490
  97  599
 196  799
 259  473
 238  609
 258  744
 306  663
  86  641
 337  424
 204  498
 233  564
 295  668
 168  512
 143  500
 299  725
 350  731
 112  655
 389  500
 362  754
 228  444
 296  771
 377  660
 355  480
  72  501
  88  544
 308  419
 316  600
  68  572
 179  618
  14  411
 391  412
  79  528
 316  759
 191  416
  72  411
 163  492
 167  558
 137  464
 237  419
 186  470
  26  689
 201  697
  53  612
 198  418
 177  567
 153  710
  50  405
 347  527
 200  548
  75  406
 345  610
 241  512
 279  659
 322  643
 353  765
  62  467
 225  635
 290  631
  37  511
 157  471
  34  613
 325  586
  83  460
 252  465
  42  796
 307  485
 286  485
 344  552
 217  707
 244  686
 200  779
 314  581
 313  414
 149  548
 285  731
 190  788
 237  594
 192  796
  28  782
 203  612
 369  611
 287  652
 246  543
 132  405
 298  450
 125  662
 183  430
 268  544
   2  765
 327  506
  43  754
 103  555
  34  777
  88  688
  44  542
  24  490
  14  716
 126  641
  27  662
 348  532
 380  492
  23  512
 337  552
  31  473
 303  447
  26  473
 231  578
 235  671
 366  765
 209  428
 243  542
 252  699
 278  673
 262  790
 159  681
  94  795
  89  444
  69  769
 341  617
 104  420
  39  488
 379  421
 334  715
 254  567
 126  651
 360  393
  44  567
 318  635
 264  642
 198  465
 361  563
 210  553
 107  417
 389  406
 342  788
 246  508
  22  458
  33  556
 143  530
 362  451
 307  629
 189  396
 230  652
  52  425
 129  583
 196  402
  28  588
  18  777
  64  783
 180  485
 374  395
 336  724
 108  720
 392  486
  55  772
  32  420
 262  638
 255  554
 355  649
 223  631
  26  598
 336  553
  18  642
 109  538
  56  786
 184  674
   9  467
 271  477
 339  444
 228  651
  33  754
 254  427
 383  653
  47  483
  43  636
  49  734
 205  743
 294  515
 311  536
 232  726
  93  743
 262  455
 161  659
  63  523
  53  650
  95  418
 187  659
  35  713
 195  409
 381  445
 108  746
 175  500
 359  473
 140  480
 218  530
  56  545
  93  532
 282  556
 220  528
  20  408
 166  679
 244  744
 286  752
 117  760
 317  580
 290  728
 255  578
 149  697
  31  479
  75  408
  21  410
 358  772
 139  759
 214  656
  58  581
 385  609
 294  501
 118  535
 203  525
 202  585
 357  794
 226  444
 350  597
 179  617
 107  753
  10  470
 337  664
 175  411
 128  620
  67  506
 247  725
  56  698
 103  683
 281  527
 214  455
 229  510
 196  431
 137  562
  53  492
 318  582
 228  605
 211  548
 265  772
 130  586
 266  436
 259  504
  47  743
 283  607
 374  728
 311  664
 191  648
 191  714
 197  409
 288  791
 119  469
 302  697
 384  769
 146  729
 121  579
 171  546
 260  653
  96  562
 122  592
 321  620
 155  609
 323  679
 140  659
 146  578
 101  762
 252  446
 179  469
 352  404
 138  480
 245  700
 260  612
  66  433
 116  419
 391  461
  34  676
 313  765
 387  479
 263  400
 338  458
 158  610
 321  709
 268  450
 173  415
  26  489
 222  579
 194  707
 306  731
 222  729
  43  423
  99  727
 338  724
 227  772
 264  625
  79  522
 357  670
  49  496
 358  799
 362  429
  60  716
 334  596
 240  422
 190  655
 194  677
 185  423
  44  481
 180  624
 132  468
 276  547
 131  558
 260  415
 151  546
  92  564
 128  481
 261  574
 121  624
 274  683
 320  558
 373  397
 363  439
 302  575
 357  474
 100  530
 381  711
 332  416
 216  405
  17  565
 223  668
 157  696
 313  623
  76  413
 277  726
 170  741
 345  744
 127  546
 116  471
 389  609
 290  580
  64  416
  81  612
 224  705
 300  527
  76  728
  90  782
   1  720
  38  621
 354  669
 232  597
 261  499
 161  569
 224  583
 173  748
 245  738
 207  480
 169  476
  80  579
 186  542
  46  545
 278  776
 226  713
 223  744
 328  415
 309  735
 107  451
 314  741
  72  600
  63  622
 323  650
 185  684
  11  751
 169  583
 366  650
 178  469
 277  433
 212  501
  83  796
 179  797
 392  542
 207  434
 309  758
 171  596
  20  686
 140  633
 166  556
 361  514
 345  492
 358  786
  67  595
 284  466
  88  401
 391  670
 318  497
 350  395
 254  533
 267  784
 166  460
  35  545
 193  536
 186  557
 321  497
 271  688
 348  738
 266  446
 279  488
 349  441
 173  469
 311  627
  61  791
 246  396
 219  461
  49  699
  19  743
  36  471
 305  760
 119  712
 128  438
 228  496
  28  426
 260  678
 298  473
 291  559
 267  496
 259  738
 258  418
 372  796
  52  529
  14  656
 229  794
 187  793
 203  484
 100  466
 293  765
  79  765
 271  618
 237  544
 378  710
 380  785
 152  467
  56  404
  60  432
  55  518
 292  603
 263  501
 303  458
 202  492
 111  545
 283  772
 296  659
 371  571
 145  493
 330  606
  14  589
 360  653
 253  718
 121  398
  86  713
 350  457
 287  778
  87  487
 127  404
 209  545
  39  556
 152  703
 242  585
  21  671
 217  651
  92  532
 178  398
 229  536
 302  573
 336  460
 250  568
 347  710
  62  763
  68  786
 361  399
  54  729
 122  633
  38  562
 213  438
   4  535
  19  412
 199  465
  91  775
 152  640
 119  595
 263  513
 187  657
   5  729
 193  631
 244  730
 295  567
 125  393
 342  767
 337  682
 392  766
 131  482
 213  419
 135  715
  10  491
 150  718
  11  641
  43  433
 322  605
 345  705
   8  542
 333  647
 334  534
 249  712
 300  494
  45  665
  76  754
 251  401
 331  753
 280  487
  98  631
 240  703
 295  471
 287  763
 357  554
 151  449
 364  645
  60  553
 164  477
 228  707
 175  635
 245  689
  51  774
  67  657
 158  445
 193  423
  61  777
 166  508
 352  672
 341  756
 146  630
  59  589
 324  578
 209  501
 272  424
 249  736
 192  759
 285  670
   6  774
  76  495
 392  708
  49  784
 156  523
 206  731
 152  409
 192  429
 373  671
 301  646
 367  717
  17  726
  51  698
 113  631
 207  761
  34  639
 296  689
 373  663
 154  432
 143  605
 360  745
  61  607
  89  743
 170  524
 193  424
 354  547
  72  398
 244  561
 367  798
 246  438
 202  651
 341  761
 165  554
 377  752
 338  524
  93  545
 199  619
 294  678
 219  749
  49  559
  78  427
 276  441
 194  556
 373  500
 162  612
  99  496
 160  436
 205  752
  67  585
 357  486
 272  442
   7  451
 259  406
 158  482
  32  663
 235  763
 370  570
  77  602
 163  411
  96  664
 272  491
 354  705
 351  617
 194  570
 118  451
 103  444
   7  663
 146  763
 123  637
 347  549
  74  791
  85  482
 319  594
 160  606
  21  499
 290  529
 124  670
 251  634
 105  588
 148  432
 174  545
 381  508
  83  631
  93  774
  63  787
 234  642
 355  756
 341  559
 190  465
 177  604
 388  740
 200  613
  91  574
 265  771
  53  538
  32  437
 329  456
 280  738
  94  727
 385  779
 129  528
 111  428
 115  610
 384  678
 177  771
  74  726
 163  597
 391  663
 341  522
 135  732
 319  539
  57  736
 138  708
 151  639
 349  746
 143  797
 210  446
 100  680
 129  568
 119  643
 372  781
  11  745
  72  403
 318  451
 185  615
 344  458
 376  492
 373  422
 277  620
 142  691
 195  676
 335  614
 106  687
 274  771
 334  663
 377  652
 247  753
 197  448
 369  596
 263  633
 155  563
 215  568
 343  696
 122  762
 322  571
 159  559
 290  727
 362  791
 116  432
 107  715
 380  680
 116  718
 309  619
  90  713
 276  581
  45  490
 131  521
 173  709
 261  785
 160  412
 345  657
 312  661
 140  735
 142  465
 315  610
 228  494
 226  789
 183  753
 220  411
  54  722
 238  508
 163  580
   8  791
 269  746
 297  755
 222  442
 120  716
  49  777
 285  793
 337  496
  44  529
  49  487
 168  423
 281  416
 179  420
 128  690
   9  666
 380  519
 296  580
 112  722
 354  418
 243  441
 391  795
 155  468
  57  428
  42  759
 176  433
 115  491
 153  646
 278  508
  26  565
 273  395
  62  609
 204  547
  89  738
 339  744
 391  539
 339  515
 186  578
 318  787
 123  596
   8  463
 389  508
 265  693
 169  699
 369  506
  72  585
 374  447
 326  559
 101  776
 122  700
 214  623
 365  413
 154  434
  16  800
  10  658
 157  580
 225  434
  95  728
 268  571
 377  421
  46  400
 173  524
  20  615
 178  495
 242  758
 332  457
  96  509
 252  502
 361  780
 113  683
 345  436
 170  760
 184  757
 253  530
  41  704
 268  552
  66  728
 274  411
 316  426
 160  717
  70  623
 115  594
  26  694
  68  405
  61  455
 104  611
 264  740
 135  786
 373  727
 244  598
  79  660
  22  554
 268  400
 375  718
 162  626
 165  528
  51  760
 125  746
  10  458
 114  595
 287  619
 386  560
 163  429
  50  441
  89  554
  28  657
  90  593
  67  578
  88  580
   2  572
 313  772
 265  739
  85  759
 391  529
 140  517
  33  456
 209  502
 141  796
  80  755
  28  700
  10  701
 332  578
 249  670
 135  624
 201  776
 206  758
 209  789
 382  566
 347  638
 169  494
 239  490
 224  674
  56  447
 117  400
 206  419
 207  722
  83  748
 303  731
  64  400
 171  541
 196  474
  31  468
 203  395
  99  513
  60  627
 370  467
 126  617
 295  428
  91  538
 199  467
 329  598
 271  522
 290  528
  99  577
 240  466
 236  630
  19  721
 109  433
 352  693
 107  562
 222  487
 383  592
 269  553
 311  781
  69  651
 219  695
 293  711
  83  689
 342  581
 195  621
 128  501
 168  604
 350  572
 194  393
 325  705
 191  631
 239  771
  78  771
 330  761
  84  658
 164  588
 332  751
 144  543
 391  615
  96  423
 342  641
 309  768
  57  482
 126  560
 155  633
 264  741
  66  397
 133  510
 375  433
 208  659
 276  406
 105  436
 304  573
  81  629
 178  530
 184  659
 179  522
 200  449
 144  614
  79  705
 198  616
 371  466
 357  434
 151  551
  74  504
 363  730
 240  773
 247  522
 169  582
 381  710
 217  578
 267  597
  79  557
 181  747
 345  429
 265  740
  15  425
  60  658
  27  790
 189  429
 125  418
 219  537
  62  571
  27  446
 218  756
  90  668
  64  617
 146  444
 378  785
  96  419
 211  551
  76  531
 320  464
 184  611
 184  715
 144  495
 278  766
 162  472
 106  427
 130  632
 392  709
 327  659
 313  681
  17  556
 347  644
 316  588
 198  730
 148  527
 126  483
 363  401
 273  629
 210  627
  67  485
  92  687
 391  491
 132  456
  53  681
 122  674
 288  448
 298  431
 160  521
 204  778
 112  597
 241  547
 124  776
 302  764
  51  555
 172  595
 354  798
 252  568
 284  790
 299  731
   6  654
 248  699
  78  475
  66  629
 386  411
 231  595
 226  730
 352  530
 347  406
  46  463
 278  631
 238  621
 153  541
 340  688
 279  594
 358  584
  37  406
   4  437
 317  773
 331  572
 108  437
 150  530
  64  686
 165  443
 350  420
 162  696
  79  730
  22  597
  72  459
 258  721
 244  435
 157  490
 220  438
 276  537
   9  489
 208  427
  72  441
 192  627
 385  461
 138  638
 161  798
  43  452
 327  655
 237  773
  76  799
 106  446
 106  430
 370  422
 339  570
 316  594
 347  393
  82  733
  70  458
 112  457
 297  541
 374  583
 154  709
 325  588
 181  645
 246  736
 168  776
  61  501
 384  635
 197  772
 161  428
 312  435
  56  418
 306  505
 214  600
 315  689
 345  788
  98  758
 105  451
  41  503
 359  685
  48  398
   3  608
  16  630
  79  653
 380  731
 320  440
  15  555
 290  695
 122  431
 310  638
 288  572
 300  755
 104  707
  29  502
  47  709
 239  583
 148  601
 335  542
 275  530
  25  667
  75  495
 117  454
 133  577
  77  421
  95  613
  30  507
 210  522
 151  655
 295  601
 209  442
  86  642
 314  546
 249  590
 212  475
 302  613
 111  417
 316  779
 194  777
  98  559
 128  547
 121  737
 261  667
 285  489
  70  589
 273  666
 268  398
  99  480
  78  408
 184  799
 274  790
 314  465
  21  746
 191  554
 141  554
 172  508
 126  489
 257  425
 133  581
 340  680
 283  635
  78  786
  43  404
  42  704
 166  403
 352  729
 198  548
 240  396
 286  605
 237  795
 168  513
  92  416
  29  728
 202  764
 130  566
 241  741
 185  445
  33  740
 150  695
 209  563
 279  598
 101  597
  43  682
 193  619
 138  726
 276  525
 146  568
  13  511
  68  450
 280  781
 259  425
 269  583
 386  558
 380  543
  92  557
 161  610
 359  645
 267  487
 310  456
 262  559
 363  572
  14  431
 143  452
 310  798
  48  746
 158  468
 306  723
 188  678
  33  499
  99  507
  11  674
 358  572
 162  476
 313  761
  50  558
 254  711
 349  407
 157  661
 312  405
 328  422
 243  505
  73  538
 295  682
 310  442
 349  657
 270  411
 109  431
  79  662
  43  796
 123  469
  21  675
 327  739
  27  580
 266  763
 191  598
 286  430
  60  669
 158  773
 288  450
  22  609
 368  768
 150  422
  78  662
 288  575
 366  521
 219  457
  65  469
  76  673
 332  436
 294  594
 275  457
 206  501
 302  547
 243  713
 315  410
  23  549
 181  740
 141  463
 240  740
 255  661
 255  607
 356  467
 136  561
 161  651
 342  791
  52  580
 201  680
   8  602
 215  638
 198  530
 214  403
 258  688
 340  639
 368  535
  87  561
  53  666
 233  449
 170  647
 139  792
  33  748
 211  672
 204  550
 200  498
 317  795
 272  736
 247  722
 104  742
 319  477
  74  551
  70  396
 103  798
 158  491
 347  662
 104  614
  74  660
 156  646
 287  726
   6  461
 291  436
 285  723
 188  701
 355  565
  50  417
 149  456
 164  545
 101  709
 168  612
 293  673
  86  727
 390  460
 331  519
 259  480
 358  438
 388  751
 148  500
 389  434
  85  616
 286  655
 122  627
 250  499
  57  725
 307  565
  86  464
 116  459
 218  699
 112  526
 154  538
  64  636
 366  737
 191  753
 362  747
 271  587
  53  768
  77  729
 358  777
 232  713
 278  777
  11  433
 309  489
 130  776
 225  706
 231  421
  75  501
  60  595
 190  771
  43  699
 135  477
 198  500
  58  595
  63  437
 211  740
 107  731
  22  544
 206  504
 168  557
  40  637
 325  787
  26  795
 130  405
 260  490
 318  761
 314  733
 299  566
  86  645
 118  737
 168  680
 385  543
 173  706
  61  531
 232  771
 353  748
 209  667
 229  764
 281  733
 239  692
 267  435
 206  772
  61  666
  62  443
 173  428
 331  501
 171  687
  33  736
 290  654
 256  618
 160  480
   3  622
 338  448
 259  694
 353  619
 241  774
  80  619
 199  444
  83  683
  40  607
  77  766
 173  488
  43  516
 159  578
 142  708
  36  628
 249  400
  89  556
 332  550
  40  564
 181  501
 158  525
 308  676
 319  792
 172  795
 348  689
 342  712
  93  608
 330  525
 143  745
 208  735
  16  683
 264  717
  63  736
  11  527
 156  720
  48  444
 112  793
 355  669
  50  659
 378  451
 108  650
 179  493
 374  431
 342  691
  76  551
 235  636
 191  724
 264  532
  29  764
 254  768
 135  431
 119  676
  37  605
 111  460
 225  711
 269  625
 104  756
 191  749
 110  647
 365  656
 326  798
 292  474
 277  527
 312  576
  18  738
 273  689
 392  647
   2  542
 318  684
 170  752
 390  414
 239  754
 200  725
 162  447
 329  764
 139  687
 284  702
 291  423
 278  701
 226  758
 313  528
 196  403
 248  551
 104  406
 123  468
 146  525
 342  765
  80  445
  56  716
 302  728
 177  718
 323  631
 385  745
 289  493
 190  463
 296  582
 226  776
 236  494
 178  445
 164  552
 157  437
 222  766
 204  771
 248  539
  47  690
   3  760
 291  588
  29  526
  73  442
 282  566
  40  620
  66  734
 184  745
 366  620
  80  716
 238  538
 372  459
 228  477
 379  477
 153  477
 153  491
 153  670
  64  670
  64  505
  64  623
 259  623
 259  517
 153  760
  64  509
 153  636
 340  517
 340  482
 340  800
  25  482
  25  417
 357  482
 357  540
 152  636
 152  767
 220  767
 220  642
 220  709
 152  471
  50  471
  96  767
  96  667
  96  749
  96  592
 306  592
 306  426
 306  732
 174  732
 174  487
 323  487
 323  655
 323  685
 245  487
 249  487
  75  592
 240  592
  49  655
 174  705
 240  796
 336  796
 190  796
 190  666
 377  666
 190  710
 323  693
 267  693
 267  507
 298  507
 298  514
 298  529
  19  529
 298  624
  33  529
  33  494
  33  498
  33  659
 222  494
 222  595
  76  595
 222  447
 222  541
  76  724
 290  541
  33  439
 278  514
 278  518
 272  518
 278  570
   7  570
 272  792
 136  570
 136  708
  11  624
  11  692
 193  732
 193  476
 198  476
 307  476
 312  749
 312  582
  49  590
 174  691
 106  691
  31  724
 106  548
  37  548
  37  455
 331  455
  36  548
 304  455
 252  548
 267  560
 335  560
 335  616
  39  616
  39  504
 323  591
  19  407
 375  407
 375  546
 351  407
 279  546
 279  771
 277  771
 277  759
 386  759
 386  612
  65  612
  65  630
 253  630
 253  677
 253  461
 253  776
 104  461
 343  612
 277  456
 158  776
 158  766
 207  766
 241  612
 241  736
  30  736
 173  407
 253  618
 165  461
 343  681
 329  681
  34  771
 165  574
  67  407
  67  452
 351  512
 163  452
 163  490
   8  574
   8  466
 310  736
 310  615
 128  507
 131  796
 131  718
 348  710
 150  592
 150  488
 193  515
  34  401
 156  476
 156  744
 238  685
  67  593
 118  593
 118  731
 118  500
  41  731
  41  572
  58  593
 321  401
 245  553
 191  553
 107  553
 107  743
  80  743
  80  422
 344  422
 339  743
 339  742
 276  743
 276  734
 276  519
  80  420
 235  420
 235  702
 384  702
 384  657
 196  702
 196  627
  79  420
  79  496
 275  496
 275  542
  15  542
 359  496
 359  497
 299  497
 359  459
 378  542
 378  640
 389  640
 389  653
 281  653
 196  449
  15  697
  73  697
 337  627
 337  450
 337  763
 337  495
 378  414
  54  763
 386  530
 193  614
 328  614
 328  396
 294  396
 294  537
 365  537
 330  614
 330  470
 292  470
 328  395
 391  395
 160  470
 160  721
 246  721
 251  721
 251  682
 112  682
 251  683
 251  794
 353  794
 353  790
 376  790
 353  694
 322  694
  90  694
  90  689
 366  689
 251  429
 273  429
 376  678
  33  577
  24  577
  24  432
  61  570
 240  451
 232  451
 232  532
 139  451
  52  451
  52  403
 232  672
 339  499
  67  733
 242  733
 242  793
 242  473
 367  473
 367  554
 367  454
 367  613
 223  473
  96  633
 353  598
  69  593
  69  632
  13  632
  13  778
 289  778
 190  527
 154  439
  15  578
 236  578
 236  727
  72  727
 360  727
 360  671
 124  671
 124  405
 147  727
 147  481
  81  481
 124  746
 291  746
 291  782
 226  782
 250  577
 250  424
 178  424
 178  457
 151  457
 177  457
 177  467
 227  467
 151  409
 177  406
 177  566
  93  566
  93  410
  92  410
 188  410
 226  646
 205  646
 205  723
  55  495
  55  492
 371  396
  80  688
 224  495
 224  489
 224  610
 278  568
 133  467
  44  568
  44  446
 272  557
  93  753
 356  753
 356  567
 284  567
 284  453
 294  699
 141  699
 337  483
 114  627
 344  399
 292  669
 260  669
 260  798
 175  669
 316  798
 316  738
 377  464
  28  464
  28  549
 283  549
 283  680
  28  511
  28  484
 233  718
  39  404
 169  404
 127  618
  24  730
  17  730
 328  619
 358  619
 279  629
 271  733
 246  739
  86  739
  55  725
  17  419
 108  537
 108  789
  57  789
 216  789
 216  748
 180  789
 180  534
 352  748
 352  599
 180  460
 113  460
 223  469
 152  506
 389  712
 286  527
 199  567
 300  748
 300  714
   6  714
   6  740
 319  740
   6  596
 319  524
 187  740
 385  596
 385  622
 334  618
 334  442
 248  442
  98  512
  25  427
 103  733
 136  445
  73  645
 119  506
 119  644
 119  510
  56  510
 287  510
 206  510
 138  710
  38  792
 313  691
 265  636
  11  769
 194  769
  38  408
 233  720
 257  720
 134  511
 134  423
 134  552
 162  423
 341  423
 341  605
 341  525
 144  525
 341  402
 152  774
 176  774
 183  683
 183  634
 125  634
 139  434
 124  597
 109  592
 109  533
 175  463
 113  443
 221  443
 221  503
 145  503
 145  656
  41  690
  64  663
 260  674
 157  736
 157  486
  67  563
  47  563
  47  431
 255  431
  47  501
  85  501
  85  418
  85  579
  47  526
   3  526
  74  526
 192  681
 192  555
 313  561
 387  561
 387  650
   5  561
   5  440
   5  479
 235  594
  83  594
  83  547
  20  547
  20  651
 368  651
 112  535
 184  672
 147  762
  67  686
 370  686
 182  500
 182  668
 269  668
 188  777
 194  745
 239  745
 239  704
 210  461
 210  795
 197  795
 217  795
 332  795
  99  514
  99  607
  99  787
 314  787
 314  415
 186  787
  51  787
  51  485
  60  485
 134  539
  79  558
 122  558
 122  480
 350  558
 122  474
 200  558
 129  439
 201  734
 201  647
 263  574
 326  507
  43  420
 172  690
 172  551
 185  551
 260  675
 301  407
   1  477
   1  621
 372  621
 315  621
 110  621
 110  687
 237  621
 256  744
 120  488
 120  545
 120  788
 288  788
   5  786
 148  786
 148  635
 142  635
 142  781
  29  781
 347  767
 218  771
 296  473
 296  437
 311  437
 304  735
 361  796
 379  448
 276  729
 170  729
  50  412
 135  776
 158  397
   9  397
  42  554
  50  416
  71  541
  71  620
 324  491
 379  701
  12  701
 390  578
 390  695
 146  695
 146  641
 295  667
 279  639
 107  617
  40  617
  40  770
 155  770
 155  602
 354  787
 354  684
 130  684
 207  757
 303  432
 247  647
  89  507
 115  442
 115  772
 270  734
 171  532
 136  458
 105  458
 105  625
 253  585
 142  584
 340  608
 266  749
 380  510
 140  431
 140  478
 166  478
 166  559
 140  430
 116  616
  32  674
 117  552
 377  703
 161  703
 161  493
 382  493
 327  620
 256  556
 355  619
  26  745
 297  481
 297  413
 214  675
 214  722
 240  513
 294  536
  45  536
  45  441
 317  441
 271  662
 215  585
 188  628
 261  628
 293  449
 184  580
  30  444
  15  521
 391  462
 177  719
 149  553
 149  468
 149  741
  87  653
 100  636
 216  728
  55  394
 364  693
 364  711
 363  678
 119  573
 279  638
 184  791
  20  664
 383  453
 383  758
 274  758
 274  575
  53  758
  53  785
  14  758
  14  626
  14  773
 113  717
 373  674
 281  755
 333  518
  84  423
  84  648
 212  629
 212  643
  40  611
 143  611
 197  589
 151  600
 284  715
 195  717
  41  571
 225  571
 225  436
  62  771
 300  465
 230  415
 230  751
 121  751
 127  609
 280  609
  86  660
 204  660
  19  588
 181  614
  82  591
  14  679
 199  435
 325  435
 143  475
 164  475
 231  475
 103  528
  16  572
  16  637
  16  421
 179  753
 179  713
 391  601
 260  752
 262  614
 160  583
 132  667
  60  411
 234  411
 167  577
  33  502
 124  562
  53  716
 126  405
 202  439
 202  398
  78  398
 147  581
 333  696
 374  696
 285  554
 285  747
 189  462
 200  508
 328  603
 208  403
 208  707
 369  707
 208  516
 338  516
 212  658
  27  672
  27  676
   5  654
 254  654
 159  431
 305  396
  68  714
 294  764
 342  764
 342  587
  23  587
  46  704
  46  652
 338  631
 308  631
 383  754
 123  754
 123  523
 219  663
 318  479
 318  393
 248  544
 203  715
 203  649
 244  477
 244  737
  70  441
 229  785
 229  564
 320  597
 349  466
 258  458
 258  586
 258  706
 299  576
   4  654
  18  477
 302  680
  63  594
 295  550
  81  661
 327  765
   6  783
  83  726
   2  726
 264  622
 272  756
  66  542
  97  640
 282  760
  19  428
 101  583
  95  770
 316  425
 199  531
 279  569
 309  655
  94  555
  59  612
 211  504
 268  740
 362  742
  53  606
  88  606
 235  797
 232  543
 334  520
 381  467
 381  565
  35  565
 257  799
 389  761
 353  673
 243  754
 148  779
 392  688
 392  665
 382  604
  21  604
 111  486
  91  713
 168  558
 379  700
 317  780
 213  445
 248  538
 157  400
 231  522
  10  782
 209  627
 388  586
 102  630
 266  768
  77  399
 147  472
 137  393
  22  742
  22  784
 141  698
  76  750
 316  438
  48  521
 346  572
 345  753
 342  433
  24  775
