 294  306    1500
 148  390
  57  364
 163  595
   3  465
 130  530
 222  334
  82  421
  57  427
  92  473
 101  593
 294  534
 219  588
 268  391
  69  368
 232  512
 211  597
  73  545
 243  421
 102  517
 148  448
 256  362
 138  358
 257  435
  23  487
 133  330
  68  486
 169  302
 195  558
  20  550
 238  325
  12  428
  93  401
  96  388
 218  462
 233  314
 155  385
 285  489
 278  534
 201  531
 149  314
 208  448
 188  428
 197  433
 145  337
 173  325
  72  559
 256  365
 184  366
 121  367
 271  326
  76  353
  55  336
  31  519
   5  319
   2  296
 139  386
 158  557
  16  556
  83  495
 261  320
 112  506
  54  452
  42  374
  12  572
 242  354
  16  511
  66  439
  23  404
 231  548
 236  357
 149  567
  63  416
 201  465
  56  347
  88  409
  10  405
  69  331
 250  598
 216  430
 286  394
  54  393
 199  550
  59  295
 273  350
 187  470
  24  330
 100  495
 218  512
 132  299
  10  588
 177  464
 289  414
 173  468
 240  469
  71  505
 236  414
 253  357
 248  493
 180  530
 245  532
  32  383
  35  377
 216  384
 246  458
 238  412
 124  310
  83  600
 246  308
 122  509
  95  418
 187  355
 189  324
  72  353
  12  440
  52  585
   2  569
  81  384
 169  306
 256  588
 288  500
  93  464
 173  358
 256  494
 185  452
   8  370
  23  540
 149  418
 194  519
  11  548
   9  380
 211  302
   3  311
 184  308
 121  581
  89  514
 151  544
 101  334
 245  473
  76  501
  42  326
 198  295
  38  320
 241  530
 214  394
  26  374
 100  481
 124  592
  51  361
 173  529
 289  555
 216  488
 287  424
  70  356
  87  394
 144  583
 215  544
 171  576
 173  579
   1  383
  47  412
 268  512
 294  362
 276  334
  23  323
 292  343
 105  437
 270  474
 154  552
  26  431
  19  391
  43  317
 259  329
  25  382
 219  548
 178  493
 138  520
 225  506
  49  587
 215  502
  98  408
 123  365
 228  339
 242  339
 141  352
 207  557
 129  327
  11  464
 231  341
 259  521
 106  332
 201  424
 278  508
  32  481
 192  329
 136  509
 203  566
 133  552
 286  297
  75  531
 159  408
  78  373
  43  477
  65  488
  43  486
 292  516
 151  314
  60  493
 164  562
  56  529
 112  377
 218  396
 283  353
 104  433
 129  457
  89  339
 129  472
  82  371
   7  416
 259  500
 274  363
 226  453
  51  572
  24  418
  89  311
  50  440
 165  384
 284  331
 169  598
 112  347
 286  542
 157  534
 168  500
 268  356
  36  598
 106  326
  11  403
 164  573
 110  319
  95  471
 124  419
 230  460
 286  582
 160  467
  13  459
 144  366
 233  354
  46  403
 187  517
 214  499
  85  372
  13  581
  38  512
  35  543
  58  335
 206  499
 219  573
  61  552
 146  362
  90  337
 139  473
 210  586
 133  446
  78  446
  61  495
  44  301
   3  414
  53  555
 167  345
 213  441
  75  570
 175  383
  25  592
 274  430
 224  479
 273  508
 221  542
 181  314
 154  480
   7  478
  74  584
   5  394
  66  319
 169  334
 282  303
  79  360
 193  444
 247  340
 199  452
 261  366
 151  468
 280  536
 127  569
 182  464
 163  458
 219  592
 232  446
 229  507
 263  467
  54  311
 113  440
 197  312
 198  533
 205  488
 225  498
  59  389
  66  432
 154  587
  24  538
 268  597
  57  522
  30  386
  88  324
 224  314
  13  487
 126  583
 115  564
  72  584
 159  379
 266  420
 119  572
 265  356
 286  379
 223  392
 164  600
   7  532
 160  568
 245  377
 172  379
  78  375
  23  453
  54  330
  36  438
  75  334
 223  376
 189  450
  79  421
 156  440
 275  441
  31  520
 275  373
 196  549
 267  544
 255  424
 156  310
 271  365
   5  507
 248  552
   4  435
 154  419
  75  302
  61  533
 104  549
 242  425
  93  395
 257  413
  83  297
 283  540
 105  512
   3  296
 109  415
 171  453
 123  468
 288  487
  40  459
  28  394
 150  593
 196  442
 101  444
  52  396
  56  587
  58  354
 213  405
 250  337
  97  428
  21  476
 130  550
  48  304
 243  551
 252  302
 276  502
 197  424
 245  479
 220  359
   6  570
 162  576
  23  409
 245  357
 271  344
 203  338
 149  590
 100  442
 210  466
  79  460
 253  392
 265  335
 146  382
 138  360
  56  561
 135  549
 179  567
  41  488
 172  584
 255  442
 135  316
 177  548
  55  435
  47  421
 157  432
 283  349
 199  575
 119  346
 259  505
  79  540
  87  396
 250  452
  49  556
  10  429
 219  344
  89  351
 234  370
 150  594
 293  463
 162  331
  44  425
 187  335
  72  597
  94  486
 221  413
  77  347
 243  301
 280  509
 166  334
 275  538
 265  558
 153  549
 112  332
 285  500
 198  447
  11  448
  16  402
 152  350
 253  534
 117  466
  56  408
 137  369
  49  330
 189  504
 195  340
  31  463
 261  595
 161  442
 223  402
 125  352
 197  397
 102  364
 214  448
  67  370
  98  585
 194  564
 282  429
 277  470
 124  491
  38  506
 232  448
 276  338
  97  463
  29  370
 182  415
 293  480
 151  436
 280  338
 108  508
   2  509
 149  428
 106  594
  20  337
 271  507
 107  466
 197  493
  34  534
 181  515
 285  455
  95  582
 253  418
  46  401
  66  596
 145  576
 126  438
 118  314
 250  395
 239  435
  11  567
 215  309
 193  577
 209  489
 165  392
 210  435
  26  316
  79  392
 248  482
 294  347
 266  413
 218  485
 128  538
  59  591
 152  328
 245  510
 249  441
  39  499
 161  360
 156  528
 216  574
 104  326
  87  372
 137  354
  18  400
 166  560
 284  559
  97  585
 218  529
 119  451
 138  314
  29  401
 216  343
   1  442
 194  314
 293  519
  73  368
 244  455
 167  341
  20  301
 238  499
  86  506
 262  538
 283  490
 125  423
  11  579
 235  431
 241  385
   7  334
 218  445
 208  366
 193  442
 130  544
 209  403
 184  357
 102  460
 258  448
 209  488
  87  571
  63  310
 116  373
 193  570
 103  460
 253  448
 136  530
  90  296
 171  329
  86  396
  26  392
  84  297
 255  363
 247  416
 131  397
 289  372
 154  594
 252  490
 213  364
 279  418
  53  406
 210  596
 166  551
 252  508
 215  467
 249  391
 244  364
 205  496
  72  321
 135  346
 254  594
  39  462
 282  403
 247  345
 129  471
 144  298
  24  502
 122  406
  20  295
 106  518
 199  561
 223  313
 133  545
 120  444
 226  495
  12  492
  23  360
 245  439
 149  458
 189  348
 255  368
  64  434
  74  392
 241  418
 125  558
 109  386
  58  324
  97  304
 180  313
 183  546
  45  466
 247  586
  71  555
 229  404
 172  454
 106  537
  77  470
  92  499
 286  458
 111  453
 172  560
 193  330
  97  339
  96  368
 127  509
 237  394
  92  378
 287  489
 112  404
  81  593
  90  356
 277  526
 141  304
   9  332
 161  440
  76  379
 116  383
   2  566
 289  579
 141  581
 260  344
 272  527
 234  510
 248  491
 112  501
 241  459
 148  557
  52  547
 236  458
 272  482
 104  491
 258  502
 186  514
  11  299
  88  580
 238  434
 272  503
  30  520
 278  551
  55  346
 251  350
  47  500
 269  488
  81  583
  84  459
 179  556
 106  451
 289  366
  27  528
 232  588
 231  314
 126  564
 287  504
 268  318
 289  493
 214  433
  72  433
  29  429
  10  407
  17  378
 105  379
 145  507
 133  435
 165  379
 169  401
 215  554
 208  526
  85  491
  39  551
 111  371
 204  593
 243  550
 132  444
 115  308
  14  546
 151  592
 254  304
 123  427
 239  468
 185  377
  56  380
 271  483
  58  537
 241  353
 260  372
 121  437
 117  569
 177  551
 257  446
  54  500
 132  369
 107  568
 290  550
  78  533
 261  484
 287  563
  82  534
  18  304
 104  372
 192  301
 228  599
  51  467
 165  412
 248  313
  79  371
  42  448
 145  352
 282  594
  83  423
 230  303
 218  360
  38  565
 167  515
 294  297
 216  476
 101  478
 179  565
  53  317
 202  312
  57  372
 175  431
 197  389
 163  537
  22  389
 200  386
   7  297
 163  456
 113  424
 256  318
 269  513
 249  420
 169  365
 205  554
 291  340
  50  352
 172  378
  88  416
  58  352
 258  366
 158  456
  90  401
  22  431
 259  541
 273  446
 219  450
 265  383
 234  356
  40  479
 178  309
 182  418
 274  451
 179  588
 224  295
 104  337
  78  555
 103  324
 280  438
  90  494
 275  585
 277  489
 150  338
   6  328
 274  490
 211  421
 107  357
 218  452
  98  454
  58  501
 100  309
 210  520
 286  314
 282  297
 149  589
 265  481
  99  327
 222  508
  42  416
 121  589
 227  593
  49  306
 121  566
 203  539
 267  492
 177  311
  54  410
 175  452
  87  549
 111  576
  75  598
  84  439
 104  409
 166  389
  82  347
  15  391
   8  552
 227  514
  13  441
 260  386
 104  570
  43  558
  97  413
 114  321
 226  376
 253  306
 242  516
 192  456
 231  520
 280  362
 148  415
 249  470
  54  349
  66  493
  18  473
  98  510
 159  394
 198  567
 194  585
  39  298
 151  590
  37  354
 182  528
 275  476
  10  457
 125  481
 234  420
 161  592
  61  542
 165  363
  69  429
  52  382
 284  405
  52  403
 195  410
 142  321
  93  551
  35  515
 169  448
 177  419
 208  315
  22  330
 239  409
 101  464
 208  297
 111  366
  99  372
   8  404
 155  531
 288  481
 232  554
  76  309
  44  549
 220  358
 262  513
  38  590
 171  494
 285  584
 293  397
  10  452
  10  562
  14  427
   6  348
  80  520
  84  381
 149  559
 264  394
  42  578
 223  412
 114  487
 211  510
 268  409
 201  451
  59  354
 287  593
 200  562
 186  428
 230  407
  80  566
 239  552
  92  451
 150  350
 107  414
 121  416
 284  480
 147  480
 147  325
 158  325
   8  480
 147  315
 135  315
   8  337
  54  337
  54  577
  54  578
 159  577
 159  392
  54  555
  37  577
  37  529
  37  360
 209  360
  29  360
 229  529
 229  431
 241  431
 169  555
 285  529
 229  433
   1  433
   8  369
 285  426
 204  426
 135  477
 175  477
 175  443
  10  443
 175  534
 116  534
 116  406
 161  406
 161  339
 161  386
 161  322
 184  322
  65  322
  65  460
   7  460
  40  460
  40  331
  54  540
 142  540
 149  540
 149  557
  16  386
  16  491
 105  491
 255  369
 255  413
 192  413
 192  328
  32  328
 192  404
 205  404
  47  413
  47  539
  31  539
  31  344
 156  325
 156  535
 133  535
 133  405
 207  405
 133  393
 133  561
 289  561
 191  561
 191  496
 240  496
 207  354
  94  535
  88  496
  88  531
 137  531
  88  599
  88  501
 191  513
 288  513
 288  492
 266  492
 266  483
 293  492
 208  483
 293  524
  42  524
  42  295
 125  295
 274  295
 125  453
 125  589
  57  589
  11  589
 266  467
 125  468
  70  295
  70  472
 270  472
  70  451
  36  451
  52  451
  52  314
  70  391
  49  391
  49  498
  42  447
  72  589
 216  531
 266  518
 243  518
 243  399
  94  571
   5  571
 277  393
 268  498
 268  376
  81  376
 268  397
 160  397
 160  415
 280  468
 167  443
 167  396
 157  396
 157  494
 167  522
  77  396
  77  355
 179  396
 179  484
 179  440
 179  340
 107  340
 107  562
 148  340
   3  562
   3  586
 183  586
 183  370
  61  370
  61  408
 244  408
 148  568
 190  568
 190  307
 223  307
  21  355
  21  536
 141  536
 141  554
 141  520
 141  309
 242  309
 141  538
 172  554
 172  437
 172  473
  18  484
 154  309
 154  305
  76  305
 126  305
 188  305
 188  482
   3  461
 234  562
 167  486
 281  486
 281  347
  34  347
 249  347
 249  587
 202  587
  34  456
 202  311
 187  494
 280  551
 145  551
 145  333
 145  330
 145  297
  29  336
  94  516
 126  346
 292  346
 292  475
  92  475
  92  591
  30  591
  92  564
  92  387
  31  515
 231  515
 231  500
  28  494
  57  474
 289  512
  68  433
  68  341
  68  334
  56  341
  56  452
 225  452
  56  565
 195  341
 195  384
  89  384
  89  597
  14  384
  14  556
  14  511
  89  532
 225  385
 120  385
 213  494
 213  446
 104  446
 104  363
 213  459
 234  503
 110  503
 110  427
  81  362
 206  362
 206  487
  51  587
 179  342
 165  342
 238  408
 173  522
 139  534
 219  474
 219  359
 124  487
 124  455
 237  455
 150  455
 150  582
  61  366
  74  366
  74  507
 294  507
 294  312
  13  507
 268  432
  20  347
  20  419
 146  577
 190  424
   4  424
 212  424
 212  550
 224  550
 224  598
 122  598
 224  490
 122  429
 118  429
 122  364
 118  590
 155  590
 167  569
 107  572
 222  456
 222  465
 222  390
 134  390
 282  465
 282  537
 265  537
 265  417
 276  417
 203  537
 203  423
  39  390
  39  506
  39  546
 279  506
 251  424
  90  456
 233  578
 233  441
 233  329
  99  329
  99  422
 163  329
 163  485
 255  523
 156  298
 149  445
  19  384
  19  400
 278  400
   3  593
 149  505
 182  391
 182  407
  41  334
  24  440
  24  410
 169  530
  66  530
  66  521
  34  299
  91  422
  91  378
 103  378
  91  504
 220  504
  80  483
  80  348
 120  449
  81  409
 167  383
 291  383
 291  517
 291  394
 118  543
 245  543
  72  389
  23  389
  23  388
  23  436
  93  436
  64  436
 226  436
  93  303
  38  303
 246  436
  17  446
  17  525
  63  525
 271  597
 156  545
   6  314
   6  566
 142  548
 183  428
 287  422
 287  343
 197  343
 287  357
 260  360
 151  340
 210  417
  58  456
 115  431
 128  590
 128  395
  35  395
 279  319
 253  530
 115  450
 271  583
 264  583
 145  567
 230  567
 230  438
 149  425
  25  425
 172  478
 129  478
 180  478
 180  580
 178  449
 232  354
 232  464
  22  475
  73  599
  73  358
  62  358
 109  325
 275  507
 123  498
 206  488
  83  488
 144  488
 144  351
 212  418
 176  459
 176  462
 272  462
 272  454
 162  454
 200  454
 192  519
 140  519
 140  510
 140  502
  97  510
 214  390
 214  576
 199  576
  96  576
 214  439
 114  576
  18  361
 231  528
 290  528
 254  528
 254  327
 111  528
 111  375
 111  596
  43  596
 283  596
  43  398
  53  398
 101  398
  53  321
 235  485
 235  574
 189  574
 189  349
 256  349
 201  582
 152  450
 239  437
 240  481
  71  481
 273  438
 227  478
 227  373
  10  317
  35  306
 276  466
  21  403
 121  403
 139  585
 196  585
  39  382
 208  313
 198  313
   2  486
   2  374
  85  374
  85  308
  85  379
 220  470
 138  470
 241  380
  43  323
 252  323
 171  382
 171  588
 125  300
 198  584
   5  338
 263  379
 263  326
 138  526
  17  509
  45  571
 269  329
 269  335
 233  458
  48  531
 249  412
 132  535
 132  497
 190  560
  87  417
  87  434
  79  434
  79  435
  84  361
 106  545
 136  535
  26  393
  26  444
 250  342
 112  455
  44  306
  44  381
 205  581
 113  381
  94  558
  90  310
  95  310
 108  357
 108  457
 286  334
 113  353
 257  353
  82  381
 286  595
  23  479
 193  479
 193  401
 193  600
 164  401
  50  600
  10  402
 130  537
 117  540
 143  347
 118  350
 141  495
  69  495
 273  552
  59  407
 261  311
 261  414
 188  352
 230  332
  67  332
  67  442
 262  332
 209  301
 181  569
  76  508
 236  442
 236  544
 128  316
  24  356
 248  356
  33  356
 270  476
  61  296
 100  314
 194  380
 146  469
 282  367
 221  367
 170  325
 217  386
 217  573
  21  368
 132  493
 267  493
 267  302
  60  348
  60  463
  93  304
  46  543
 131  490
 153  327
 153  420
 189  563
 204  421
   8  594
 156  549
  46  553
 211  531
 135  448
  12  467
  98  469
 127  306
 166  523
 194  575
 258  575
 228  560
  83  527
 210  541
 186  368
  71  471
  47  579
 174  579
 247  598
 130  514
 271  430
 168  475
  26  489
 185  356
 239  377
 213  345
  86  465
  94  318
  75  362
  55  355
 250  371
  39  592
 215  486
 218  299
 218  542
 260  547
 124  365
  27  365
  61  570
 102  454
 113  416
   9  416
 184  499
  37  324
 119  600
 173  411
  15  357
 124  533
 166  372
 177  480
 259  554
  33  320
  78  387
 145  559
