  77   73     187
  75  124
   5   89
  50  144
  33   95
   4  116
  24   98
  55  117
  39   88
  31  148
  60  106
  46   96
  57   81
  11  128
  71  124
  25   95
   1  139
  68  131
  41  146
   5   85
  30  100
  50  147
  77  102
  17  113
  28   92
  49  110
   1  110
  58  138
  25   81
  17  115
  28  133
   7  148
   9  120
  18  146
  30  117
   2  131
  39  134
  25   79
   8   80
  27   98
   2   98
   2   94
  27  110
  77  110
  77   84
  77  128
  77   85
  56   85
  77  122
  25  122
  48  128
  30  122
  48  141
   7  141
  33   85
  33  137
   8  137
  67  110
  33   83
  69   83
  65  110
  54  110
  54  126
  43  126
  55  126
  55  147
  71  147
  26  110
  26  149
  22  149
  44  149
  33  143
   3  137
   3  134
  24  134
  22   92
  62  149
  54  123
  54  104
  60  104
  53  143
  53  112
  55   90
  52   90
  52   99
  50   94
  60  118
  64  118
  22   97
   7  109
  57  109
  57  148
  11  148
  61  148
   9  134
  76   94
  19  118
   8  130
  66  149
  66  106
  19   96
  28   96
  28  100
  45  100
  13  100
  18  100
  18  103
  45  136
  39  100
  28  150
  72  150
  75   98
  75   89
  75   86
  41  130
  41   79
  13  135
  58   79
  58   81
   7  142
  68  134
  68  120
  34  120
  34  115
  20  115
  37  149
  31   92
  14  110
  65   91
  17   91
   2  102
  16  142
  36  141
  36  124
   4  124
   4   82
  12  143
  33  111
  15  111
  15  131
  15  144
  40  144
  24  107
  70  124
  70   80
   6   80
   3  139
   1  118
  57   95
  65  114
  14  113
  64  121
  49  121
  37  119
  21  118
  64   93
  11  129
  42  129
  42  105
  74  105
  74  146
  42  101
  73  131
  77   88
  59   88
  35  129
  50  145
  32  145
  29  145
  32   87
  53  116
  23  116
  23  108
  68  125
  47  125
   5   99
   5  127
  38  127
  38   78
  46   78
  63  127
  10   79
  10  138
   7  140
  21  117
  18  133
  51  133
  43  132
