 352  348     875
 164  666
 258  527
  77  661
 103  688
 258  560
 342  399
 260  599
  19  460
 169  441
 159  672
 145  387
 156  489
 128  490
 183  660
 183  379
 272  393
 139  527
  39  377
 321  487
  13  512
 331  405
 190  655
 116  454
 272  634
 108  396
  64  469
  60  615
 196  530
 223  620
 264  454
 142  594
 276  371
  43  636
 163  592
  28  434
 217  591
  30  402
  46  619
  22  699
 261  620
  31  411
 352  615
 226  663
 167  514
  70  558
  70  624
   4  628
 190  633
 187  648
 211  577
  55  387
  90  577
 305  565
 114  459
 292  690
 218  524
 294  433
 352  411
 102  485
 271  528
  36  453
 304  444
 208  537
  90  394
  75  648
 151  699
  30  604
 191  353
   9  596
 143  556
  31  607
 343  397
 331  586
 316  525
 210  411
  24  400
 161  499
 241  471
 274  690
 225  616
  60  391
 299  502
 104  438
 137  676
 139  562
 217  689
 141  426
 127  478
 228  654
 105  400
 181  668
 166  360
 170  602
 126  385
 214  593
 149  670
 229  412
  23  600
 296  649
  42  591
 228  640
 233  664
 243  641
 293  392
  82  415
 339  425
  15  366
 253  698
 246  684
  72  677
  16  476
 348  545
 149  608
 109  501
 318  508
  66  573
   9  367
  43  525
 315  512
 216  673
 164  482
  50  482
  33  670
 346  651
  29  353
 226  569
 291  617
  12  553
 127  651
  56  417
 144  372
  58  546
  33  389
  36  504
 349  454
 297  542
  85  610
 125  488
  35  438
 181  499
 343  666
  60  696
 144  653
 186  377
 189  539
 209  547
 326  438
 206  665
   2  658
 236  543
 151  695
 286  538
 304  510
 303  620
  92  691
 195  481
  74  514
 223  525
 282  419
  39  471
  90  417
 284  570
 329  526
 173  489
 147  653
 264  639
 153  415
 289  689
  19  532
  81  440
 305  697
 196  529
 281  377
 295  467
  54  550
 306  631
 343  373
 343  417
 348  417
 348  671
 348  511
 279  511
 279  664
 317  664
 259  664
 317  445
 339  417
 339  558
 339  551
 208  373
 208  647
 208  507
 288  507
 185  507
 185  572
 265  572
 265  696
  30  507
  30  512
 159  512
 131  572
  30  364
 114  364
 114  434
 296  434
  97  434
  97  621
 114  395
  97  404
 290  404
 157  404
 170  404
 170  495
  97  599
  96  395
  96  530
  13  364
  13  372
  13  455
  13  451
 310  451
 209  455
 310  699
 166  455
 166  568
  13  616
 209  406
 150  406
  63  599
  63  655
  63  485
   8  485
 258  485
 258  563
 258  661
  32  661
  23  563
  32  506
 344  506
 223  506
 223  596
 314  596
 344  411
 225  506
 225  357
 225  531
 140  531
 140  431
 132  431
 132  492
  53  492
 132  360
 215  360
  95  492
  53  606
 168  606
 168  514
 318  514
 264  514
 140  562
 269  562
 269  499
 144  562
 147  499
 291  531
 291  539
 351  539
  95  446
 318  454
 291  574
 264  678
 318  587
  23  556
  18  587
  18  684
 215  369
 171  369
 171  413
 171  683
  35  413
  35  654
 248  654
 140  652
 174  652
 174  493
 174  443
 142  443
 174  673
 328  673
 328  693
  14  693
  14  635
 328  365
 289  365
 289  520
   2  520
 285  520
 285  623
 285  604
  49  604
  49  582
 213  604
 213  642
 213  627
 155  627
 174  398
  73  398
   2  686
  73  679
 164  679
  73  620
  73  697
 273  697
 141  697
 261  697
 167  365
 167  622
 308  622
 308  700
 308  628
  17  628
 347  628
 347  529
 347  361
 340  529
  93  628
  93  363
 201  363
 261  603
  89  622
  89  367
 250  697
  35  384
  19  384
  19  687
 162  687
 162  577
  36  577
 162  524
 179  687
  94  524
 179  389
 107  389
  19  433
 298  433
 298  438
 320  389
  94  554
 320  498
 299  498
 299  479
 299  583
 297  583
 119  583
  75  384
  75  462
 286  462
 286  561
 324  561
 324  414
  98  583
  98  600
  77  600
  77  412
  77  521
 320  518
 107  689
  88  689
  88  564
 163  564
 163  473
 216  473
 293  473
 216  371
 152  371
 152  631
 152  672
  28  631
 152  594
 293  659
 152  571
 336  672
 336  548
 336  675
 163  358
 352  358
  54  672
 129  493
 135  587
 160  675
 336  629
 258  605
 246  605
 262  360
 184  562
  94  660
  74  596
  74  465
 307  465
 307  523
  74  538
 116  538
 313  538
 347  444
  40  444
  40  653
 326  653
 326  391
 326  388
 301  653
 301  612
  40  469
  40  641
 219  620
 219  407
  44  407
  44  482
  44  557
 180  596
 333  498
 333  543
  29  543
 296  467
 122  467
 122  408
 112  408
 112  515
 118  515
 112  569
 345  515
 197  515
 122  677
 118  403
  10  653
  10  669
 178  669
 178  517
  10  541
 191  541
  45  517
 237  669
 237  560
 237  483
 237  540
 315  540
 309  371
 309  487
 272  487
 272  632
 272  552
   1  632
   1  508
 332  552
  78  508
  78  370
  78  503
   1  607
 253  607
  26  517
 165  508
  47  660
  47  614
  76  600
  76  590
  24  590
  24  575
  76  667
 304  667
 148  667
 148  510
 257  510
 257  544
 300  544
 300  459
  65  544
  65  481
  99  481
  65  685
  60  685
 200  685
 200  435
  46  435
 321  435
 200  573
  76  694
 268  694
 185  458
 342  363
 342  579
   5  579
   5  494
  14  645
  58  645
  91  645
  91  602
 210  602
 210  356
 331  356
  21  356
  21  595
  69  595
 305  411
 305  405
 305  695
  15  405
 286  692
 159  542
  67  542
  67  419
 231  696
 238  384
 296  608
  91  593
 192  593
 101  373
 101  547
 101  449
 252  449
 252  625
 207  625
 124  625
 254  625
 323  458
 260  562
 260  682
 276  434
 121  631
 316  682
 137  562
 326  636
 172  669
 172  549
 214  549
 214  598
 312  598
 312  526
 312  453
  57  453
 172  527
 145  499
 228  596
 235  590
 235  359
 242  359
 242  430
  50  407
  50  452
  55  452
 252  576
 203  576
 270  367
 270  397
 227  647
 227  666
 149  666
 237  422
 236  695
 236  638
 258  460
 106  460
 106  624
 244  460
 280  624
 106  681
 212  681
  79  624
 280  476
  79  509
  48  509
  48  461
 133  461
 138  460
 138  396
 257  533
   4  533
 142  394
  84  458
 124  448
 126  661
 126  392
  45  668
 141  580
 306  511
 306  609
 306  658
 156  627
  54  698
 151  698
   3  698
   3  409
 312  457
 222  457
 229  506
 229  491
  52  491
  82  695
 340  639
 242  383
 241  438
 103  639
 103  418
  83  418
  83  505
 186  418
 330  418
 103  637
   6  452
 288  513
 143  513
 161  513
 161  355
 161  651
   8  497
  97  586
  22  586
  22  428
  22  393
 273  426
 202  426
 202  589
 271  589
 130  589
 130  475
 130  581
 207  656
   9  656
   9  657
  62  657
 198  498
 314  463
 146  406
 146  376
 109  376
 109  535
 255  535
  56  535
 134  376
 134  588
 134  674
 249  674
 249  436
 322  436
 249  496
 249  676
 294  676
 329  676
 294  486
 329  399
 182  676
 175  676
 175  597
 196  597
 146  634
 243  634
 287  530
 233  698
  41  627
  41  613
  41  464
 118  500
 319  500
 325  629
 297  633
 168  442
 187  384
 286  619
 204  619
 230  513
 186  362
 151  525
  81  656
 256  645
 200  429
 189  429
  84  567
 281  567
 281  592
  90  592
  90  640
 125  457
  99  626
   7  627
   7  650
 278  650
 136  650
 177  384
 177  366
  70  366
  70  545
 144  615
  40  441
 333  570
 338  523
 288  578
 218  694
 218  466
 126  478
 188  678
 232  438
 291  400
 346  400
 217  615
  72  391
  72  424
 181  424
 181  502
 349  502
 266  502
 266  528
 274  424
  80  502
  80  617
 176  418
 176  477
 222  378
 124  680
  23  437
  64  437
 238  402
 221  402
 270  450
 316  648
  86  473
 305  401
 308  646
 211  561
 224  392
 123  365
 123  468
  93  644
 321  354
 105  354
  81  536
 183  629
 104  687
 194  664
 194  555
 213  368
  96  534
  66  694
  66  601
 282  579
 282  618
  92  618
  25  618
 234  618
 234  504
 111  622
   4  611
 220  611
 102  611
 108  355
 227  591
 139  450
 193  642
 193  585
  46  501
 169  501
 181  688
  56  416
  34  416
 247  416
 127  625
  14  663
  71  395
 176  670
 204  427
 206  427
 332  566
 195  403
   1  386
 221  522
 341  522
  42  522
  39  670
  39  447
 120  485
  99  565
  85  626
 275  579
 117  574
 327  354
 153  389
 222  385
 162  584
 284  695
 154  551
 195  353
  12  514
 295  634
 295  382
  63  553
  43  542
  33  414
 128  372
 335  678
 223  480
  27  606
 181  421
 267  577
 123  472
 277  472
 279  377
 279  375
 239  375
 239  662
 334  552
 334  374
 226  525
 352  420
  40  559
  11  559
  11  649
 334  439
 205  439
  64  440
 173  440
 113  531
 245  677
 236  474
  98  643
 292  426
 100  503
 288  425
  61  425
 303  425
 152  484
 350  658
 190  603
  20  455
 208  415
 199  415
 199  690
 188  456
 330  470
  20  379
 229  550
  31  493
 308  489
 233  381
 158  381
 238  390
 115  390
 311  648
 337  506
 157  432
 112  546
 251  357
  46  516
 263  516
   5  490
 296  665
 114  410
 283  410
  37  419
 114  387
  16  647
  51  451
 194  532
  68  624
 243  380
 302  532
 110  407
 130  691
 152  488
  87  605
  38  454
 285  423
 352  630
  59  681
 166  610
 280  519
  43  537
  13  471
 240  651
