  76   74     225
  42  140
   3  131
  50  146
  57   92
   2   80
   7  141
  39  104
  75  145
  64  144
  22   88
  28   88
   5  113
  54  108
  26  112
  75   99
  44  112
  56   99
  62  103
  14   87
  30  103
   2   78
  38  149
  52  144
  73  150
  76  121
  18  121
  62   92
  31   88
  58  119
  21  117
  60  140
  76  103
  62   77
  24  119
  44   80
  59  149
  63   90
  34  107
  48   92
  21   94
  36  111
  56  101
  53   87
  42   87
  34  139
  57   81
   8   97
  62   99
  71   77
  76   94
  69  139
  64  117
  73  100
  51  140
  17  132
  56  136
  72  101
  29  109
  30  115
  68  136
   8   85
  59  124
   7  104
  51  111
  70  135
  26  109
  74   97
  21  147
  64  115
  30   87
  13   93
  52  140
  27   79
  64  127
  28  142
  15  149
   4  132
   7  132
   4   88
  12   88
  12   83
   7  120
   7   93
  60   93
  75   93
  75  117
  51  117
  65  117
  65  119
  22   93
  22  124
  36  124
  36  136
  30  136
  30  149
  21  149
  32  149
  32  114
  22  110
  57  110
  68  110
  65   99
  41   99
  10  149
  10  138
  48  138
  48  122
  63  122
  73  122
  70  122
  70  121
  63   77
  63  107
  76  107
  76  111
  73  126
   1  126
  54  122
  54  101
  14  101
  45  107
  45   94
  52   94
  27  111
  10  140
  73   98
  25   98
  25  108
  48  116
  72  122
  72  135
  64  135
  64  125
  67  125
  72   92
  64   80
  35   80
  18   80
  18   82
  42   82
  42  134
  56  134
  13  134
  56  104
  49  104
  49  112
  56  128
  33  128
  33   90
  37   90
  33  131
  67   89
  22   86
  71   86
  18  145
  48   96
  19   96
  72  144
  33   84
  17   84
   5   84
  48  109
  38  109
  49   81
  14  146
  42  102
  26  102
  26  148
  50  102
  50  133
  15  133
  63  115
  30  113
  28  113
  40  148
  40   91
  39   91
  39  123
  47  123
  47  142
  20  142
  43  142
  47  100
  44  149
  44  129
  24  102
  24  118
  24  139
  29  122
  33  143
   2  143
   2   95
  55  100
  58  110
  46   92
  46   87
  33  150
  26  147
  36   79
  74  101
  31   93
  27  137
  23  137
  53   89
  53  130
  74  103
  66  103
  34   96
   9  121
  11  103
  69  108
  17  127
  33  106
   8  106
  54   78
  61  130
  59  120
   3  119
  16  121
   2  141
  26   97
  43  105
   6  145
  62   91
  37   85
