 296  304     750
 262  465
  26  376
 279  587
 136  519
  15  390
 235  404
 272  374
  78  580
  85  317
  87  448
  13  463
 286  371
 164  415
 111  460
 266  555
  25  469
 168  449
 295  576
 234  342
   6  316
 101  570
  79  502
 165  453
  71  302
 102  407
 171  466
 172  513
  94  302
 146  405
 219  598
 156  566
 139  396
 162  492
  61  366
 131  410
  31  447
  90  431
  45  521
 196  312
 226  374
 232  342
  85  597
 121  526
   4  570
 165  402
  62  528
 125  485
 239  513
  58  515
  45  400
  16  442
 146  362
 202  299
 187  584
 129  513
 224  592
 287  463
  63  387
  78  347
  34  442
 242  494
  85  360
  22  521
 161  536
 233  357
  78  435
  56  524
  79  576
 128  480
  50  363
 161  365
  70  461
 270  351
 218  594
 273  309
 140  457
  22  534
  21  301
  82  514
  58  434
 238  366
 101  475
  89  406
 250  414
 194  317
 219  449
  31  537
 258  573
 233  415
  24  517
 276  366
 266  321
  58  570
 227  482
 202  480
 281  341
 157  402
 139  435
 296  522
 209  379
 281  516
  20  584
 123  456
  69  317
 284  468
 185  396
  69  487
 252  380
  41  511
 276  520
  18  547
 145  466
   7  539
  44  410
  47  322
  91  369
  96  533
 151  448
 206  480
 202  317
 153  503
 224  401
 280  574
 265  459
  86  355
  43  384
  67  434
 272  499
 175  534
 186  443
 275  545
 272  473
 273  434
  62  491
 274  324
 283  594
  39  354
 250  566
  42  594
  92  581
  62  553
 215  363
 217  474
 285  482
  73  466
 168  333
  98  455
 221  491
 149  481
 276  580
 154  431
 149  531
  23  531
  23  595
 239  595
  23  558
 116  558
 116  355
 116  461
 169  355
 206  558
 206  565
  85  565
  85  437
 291  437
  85  309
   8  309
   8  339
  88  339
  67  309
 291  443
 125  309
 144  309
 144  509
  53  509
  39  509
  39  332
 213  509
 213  572
   3  437
   3  486
  88  380
  66  380
  85  587
 263  565
 263  452
 263  481
 236  481
 236  386
 165  386
  88  590
 272  590
 272  469
 233  339
  85  438
  81  438
  81  526
 132  438
 132  550
 121  550
  34  550
 191  526
 191  341
  31  341
 211  341
 211  487
  80  487
 168  487
 191  566
  80  516
  81  567
  86  438
 191  351
  41  351
 207  351
 187  438
 132  338
 175  338
 175  515
 123  338
 123  335
 123  471
  32  335
 126  335
 126  374
 126  476
  80  494
 228  494
 138  526
  76  487
  76  506
 166  506
 128  506
 205  506
 205  362
 205  564
  79  564
  58  506
  58  519
 166  556
 102  362
 102  370
 102  354
  89  354
  89  584
 181  354
  19  584
 102  416
 154  416
 154  372
 154  589
 154  342
 205  546
  89  514
 295  514
 295  365
  22  514
  22  358
  63  564
  63  535
  63  534
 270  534
 270  538
 264  538
  33  534
  33  434
 255  434
  33  456
 249  434
 215  456
 215  568
 184  568
  33  340
 255  407
 161  407
  16  340
  24  556
  24  436
 240  436
  24  569
  24  367
  83  367
  83  401
 188  401
 188  307
 188  366
  83  312
 220  366
  83  548
 220  570
 287  312
 287  542
 170  542
 101  542
 112  542
 112  575
  37  575
 105  365
 105  426
 161  373
 237  373
 237  381
 209  381
 209  376
  47  515
 112  524
 280  381
 237  421
 205  485
 281  485
 281  343
  35  343
 132  513
 226  513
 226  533
 226  336
 226  403
 226  547
 294  336
 294  465
 120  465
 120  313
 294  511
  50  465
  50  505
 216  505
 120  317
  17  317
 216  424
  36  424
  36  441
 167  547
 167  385
 216  324
 243  324
  64  505
  14  533
 283  465
 283  439
 283  334
  79  303
 183  303
 183  299
 172  299
 172  512
 245  512
 183  480
 189  299
 189  457
 214  457
 214  413
  97  413
 196  413
 196  383
 196  496
 196  520
 214  563
 189  554
 164  496
 214  451
 106  451
 133  383
 183  479
 129  413
 129  460
  49  457
 129  346
 109  346
 109  371
  28  570
 197  534
 186  534
 186  379
 112  523
 243  444
 100  444
 285  421
 285  541
 182  541
 281  510
  91  510
 241  510
  88  553
  61  553
 216  359
 163  359
 161  500
 227  465
 126  459
 180  335
 180  301
 232  303
 232  458
 202  458
 235  458
 202  536
  40  340
 283  462
 238  462
 238  470
 238  314
 140  314
 140  425
 140  375
  90  375
  90  347
  90  549
  90  298
  20  347
  20  323
  20  368
 136  368
  44  368
  44  377
  20  402
 277  402
 140  540
  26  540
 199  540
 180  328
  30  328
 244  328
 244  297
  68  328
  68  582
 248  582
 248  329
 257  340
  30  580
  62  580
  62  321
 242  321
 242  300
 242  560
 242  599
   5  599
   5  302
 118  302
 290  599
 290  579
 242  326
 140  435
 247  435
 205  333
 128  450
 104  534
 104  432
 104  578
 237  363
  10  363
 279  346
  84  313
 271  549
 108  334
 108  446
  93  446
 111  446
 173  446
 194  446
  93  482
 152  482
  93  429
 152  576
  63  322
  18  469
  88  422
 136  518
 189  489
 253  385
 253  504
 228  320
   6  320
   6  600
 286  600
 286  502
 268  502
 268  559
 268  573
 234  573
 292  573
 292  411
  98  573
  98  396
 254  573
  90  455
 117  455
 117  344
  34  350
  12  350
 206  593
  65  593
  65  585
  65  517
 193  517
  60  585
  60  356
  60  508
  13  356
 141  508
 127  366
  34  454
 276  454
   2  322
   2  349
 228  319
 218  523
 218  398
  21  398
  21  447
 218  503
  21  530
  71  546
 146  511
 146  552
 146  498
   4  498
  99  498
  51  498
   4  597
 115  597
  17  404
 113  404
 113  463
 125  445
 267  445
 267  406
 267  433
 207  431
 266  431
 266  369
  77  369
  77  591
 156  591
 156  427
  27  427
 156  304
 162  304
 162  414
 296  304
 296  391
 296  442
  44  484
 247  353
 251  353
   1  312
 176  576
 198  548
 198  364
  56  446
  56  493
  89  545
  75  545
  75  348
 273  348
 295  311
 124  590
 124  397
  42  373
  24  318
 142  318
 279  532
 145  532
  72  580
  78  517
 178  303
  88  464
 197  410
 157  443
 157  468
 157  594
  73  594
  73  475
 217  512
  97  537
 256  537
 169  543
  95  496
 258  584
 132  428
 103  428
 288  431
 288  492
 100  592
   7  592
  77  394
 278  298
 246  594
 185  504
  47  527
  76  393
 179  393
 143  393
 197  491
  94  491
  94  557
  98  596
  27  409
 195  297
 195  477
 153  477
 201  487
 201  306
 171  306
 234  415
 203  415
 203  473
  46  415
 150  415
  95  574
 239  539
  58  420
 131  420
 109  561
 147  561
 224  511
 224  384
  69  384
 224  497
 149  395
 253  507
 119  507
 119  316
 207  408
 165  331
 266  544
 151  323
 151  495
 280  586
 200  586
 159  590
 262  543
 220  440
 219  335
 219  400
  52  400
 219  357
 280  310
 231  310
   9  381
 247  472
 184  555
  70  426
 148  574
 148  521
  59  560
  80  551
 114  526
 142  588
  92  594
  92  360
 265  360
  54  560
 192  370
 192  483
 111  389
  99  418
 191  361
 139  361
 137  361
 137  387
  16  305
  43  305
  11  364
 229  481
 177  309
 225  597
 204  537
 132  501
 244  466
 210  297
 210  417
 155  417
 284  483
 284  529
 282  529
 212  429
 223  414
 179  337
 293  588
 105  430
  48  513
  15  484
  15  488
 260  464
  47  478
  63  345
 250  337
  63  467
 268  571
 122  434
 146  327
  56  315
  38  331
 135  519
 221  331
 175  392
 269  392
 110  364
 123  499
 246  598
  77  423
  25  423
  75  330
 183  453
 252  471
 259  351
  29  552
 208  327
  82  316
 269  378
 129  562
 118  522
 274  522
  27  325
  83  474
  19  388
 261  388
 251  577
  34  419
 174  569
  55  590
 120  399
  57  465
  57  581
 265  525
  26  382
 204  308
 212  583
 107  594
  82  490
  87  490
  74  385
 158  446
 190  586
  45  475
 230  410
 243  390
 289  404
  96  343
 134  417
 160  337
 283  448
 215  412
 275  547
  15  352
 130  493
 222  336
 133  528
 193  449
 227  405
