  50   50     125
  50   97
  24   76
  11   71
   2   65
  19   94
   8   52
  23   94
  31   99
  17   69
  12   96
  48   65
  11   54
  21  100
  20   75
  26   87
  13   66
  23   63
  10   85
   7   90
   1   66
  43   57
  12   70
  38   82
  23   72
  13   63
  50   68
  49   71
  32   71
  32   78
  16   78
  16   52
  16   98
  39   71
  39   66
  34   78
  46   78
  46   61
  46   97
   1   61
   1   51
   5   51
   5   93
  45   93
  15   51
  15   80
  15   60
  38   60
  41   60
  21   60
  21   79
  50   79
  21   54
  25   79
  25   67
  25   95
  10   95
  10   56
  20   79
   5  100
  27   67
  38   86
   7   86
   7   55
   1   92
  28   92
  28   70
  18   70
  11   51
  31   79
  31   85
   9   85
   9   75
   9   83
  31   58
  17   75
  17   94
   5   73
  38   99
   5   62
  11   82
  42   82
  42   74
  24   74
  47   82
  42   68
  24   63
  42   88
  45   77
  37   77
   6   63
   5   57
   8   57
   8   69
  12   69
  12   87
  13   87
  13   76
  13   81
  29   81
  40   76
  13   65
  13   59
  48   87
  19   92
  19   72
  28   89
  30   87
  33   89
  17   90
  43   51
   2   88
   2   96
   3   92
  35   98
   6   84
  34   64
  22   64
  36   64
  26   64
   4   67
   4   91
  14   80
  44   55
   1   53
  23   52
