 300  300    3000
  54  365
 294  540
 256  590
 252  476
 208  427
  92  473
  26  453
 229  377
 288  353
  28  556
 112  418
  53  330
  49  516
 169  409
 143  453
 288  344
  46  600
 164  514
 123  307
 291  405
 154  315
  77  390
 272  433
  91  442
 292  510
 215  429
 118  594
  75  424
 145  509
  89  530
  22  318
 290  397
 208  519
 179  593
 199  419
 205  307
  33  511
 210  386
 147  485
  34  479
 256  381
  44  360
  90  410
 167  583
 231  516
  89  513
  64  578
 190  475
  38  542
 225  402
 280  343
 271  473
  43  342
 244  383
 186  545
 289  387
 139  576
 174  378
  15  565
  20  464
 276  428
 125  474
 271  592
 165  438
 298  460
 288  566
 143  308
  87  326
 107  596
  84  482
 100  493
 126  421
  41  531
 172  489
 171  515
 144  450
  70  303
 110  409
 293  569
 175  442
 162  571
  98  438
  71  492
  69  387
  88  304
   3  342
  72  475
 242  537
  32  557
 178  369
 198  434
 279  412
 185  499
 114  345
 183  581
  59  512
  68  528
 200  572
 210  546
 271  413
 205  333
 297  331
 259  518
 173  474
 275  354
 132  473
  44  420
 250  426
 143  593
 162  373
  32  330
  57  492
 186  409
  45  402
 235  550
 147  341
  78  506
 190  388
   8  430
  59  397
  25  404
 217  423
 131  455
 175  600
  68  504
 293  570
  25  474
 169  310
 150  426
 226  326
 196  468
 134  389
 163  487
  22  333
  95  410
  56  498
  75  407
 297  543
 123  543
  10  418
 243  395
 216  316
  41  466
 146  318
  33  392
  37  311
 255  419
  50  324
 127  320
 118  586
 192  472
 182  359
  15  508
  73  461
 235  450
 271  318
 255  512
 187  389
 273  305
 248  406
  86  413
  22  364
  16  523
 191  425
  52  312
 187  354
  76  531
 174  480
 132  459
  18  426
   9  329
  31  546
  89  494
 242  318
 112  507
  34  366
  41  518
 106  536
 258  566
 130  475
 145  448
   6  524
  92  456
 177  482
 224  315
 171  594
  79  480
 213  577
 186  429
 105  370
 259  429
  70  304
  64  427
  24  448
 249  339
 261  488
 200  328
  90  392
  56  376
 128  547
 242  369
  48  500
 115  339
 236  513
  55  389
 219  574
 219  366
 214  455
 151  520
 143  369
  80  529
   2  360
   3  357
  94  513
 264  349
 289  353
  15  312
 165  546
 218  561
 244  322
 271  536
 168  478
 170  582
  56  363
 103  450
 218  435
  85  355
  33  340
 130  498
   8  356
 187  309
  85  460
 262  366
  31  394
  84  360
 118  332
  39  390
 262  384
  36  526
 294  478
 112  358
 224  537
 106  586
 134  324
 190  422
  92  352
 291  357
  79  363
 185  438
  84  521
  24  307
 170  491
 187  402
  23  504
 213  345
  65  480
  76  538
 205  412
  59  509
 234  527
 247  567
 113  387
  24  478
 181  505
 224  571
 195  398
 133  453
 108  324
   6  324
 203  558
  58  500
 187  404
 139  406
 159  465
 169  563
 110  398
 236  569
 284  525
 121  477
 204  464
 176  544
 181  352
 274  313
 139  466
 268  559
 187  459
 256  361
  50  312
 284  530
  13  308
 286  459
 106  375
 260  474
 146  352
  21  441
 283  405
 265  324
 251  571
 102  522
 192  545
 245  585
 152  491
 237  547
 213  469
  10  590
 156  379
 242  568
 179  513
  47  386
  31  431
 167  551
 159  490
 105  318
 202  512
  69  509
 245  521
 271  315
 251  474
 241  311
  15  448
 256  514
 249  436
 153  417
 137  316
  56  460
  44  598
  61  447
  22  412
 106  438
 107  469
 138  466
 210  575
 262  510
 177  389
 165  490
 237  376
 122  553
 165  311
 146  360
 171  358
 180  437
 182  529
 192  426
 109  587
 114  532
   1  348
  13  559
 152  379
 238  342
 118  538
 182  541
 206  576
 166  384
  60  324
 242  593
 253  534
  78  585
 250  496
  87  342
 193  563
 218  316
  49  307
 295  405
 291  508
 132  461
  73  383
  46  367
 192  556
 218  451
  26  398
 138  345
 112  436
 238  531
 118  507
 227  562
 214  484
 193  490
 253  363
 156  528
  16  363
  25  333
 143  424
 138  494
  94  309
 269  461
  66  424
  27  580
  22  439
  55  318
 269  346
   1  310
 226  484
  67  554
 121  413
 180  327
 139  571
 265  356
   7  374
 104  350
 123  405
  98  546
 262  410
 132  531
 262  365
 126  366
 215  316
 128  393
  86  573
 186  402
  52  545
 129  327
  87  466
 192  433
 190  319
 154  454
  38  413
 281  565
 201  375
  49  405
  77  536
 262  546
  98  453
   4  457
  61  367
  86  527
  16  457
 103  521
 204  506
 212  539
  26  568
   7  485
  35  538
 134  598
 231  478
  86  458
 299  341
  86  392
 109  598
 192  404
 217  505
 147  322
  67  507
 122  453
 257  302
   6  429
   6  543
   4  483
 251  413
 225  565
  30  599
 272  532
 244  345
 162  341
 137  378
  44  376
  15  412
 189  504
 213  439
 187  461
 153  521
 218  599
 212  556
  37  445
  15  310
   1  408
  39  526
 264  557
  99  399
 142  549
  63  479
 279  354
  95  579
 217  488
 159  418
 122  420
  12  376
 164  419
 167  541
 198  534
 172  427
 130  546
 137  360
  51  417
  28  400
 242  370
 128  411
 135  389
  47  521
 300  570
 211  423
  39  393
 252  331
 243  554
  11  403
 190  461
 102  483
  60  520
  81  441
  98  489
 125  439
 191  473
 287  535
 226  389
 193  432
 162  358
  31  334
 237  318
 248  370
  59  417
 226  428
  39  484
 142  410
  55  400
 243  356
  81  337
  75  449
   7  367
 116  598
 193  498
 182  525
 112  476
  39  348
  30  555
  11  483
  93  313
 107  342
 259  500
 233  482
  87  572
  36  305
 111  504
  28  524
 282  468
 172  453
 169  450
  17  321
 276  564
 158  309
 213  481
 192  567
 188  382
 181  363
   4  352
 256  306
  18  594
 210  596
  29  397
 135  365
 300  534
  55  599
 240  549
  47  450
  45  546
 266  470
  45  350
 247  493
  58  451
  97  314
 205  340
 225  571
 226  359
 134  399
 275  599
   2  352
 221  441
   3  314
 191  599
 124  568
 148  478
 185  414
 254  390
  77  470
  35  510
 105  473
 197  468
  17  541
  12  412
 134  517
 253  349
  21  438
 226  425
 286  513
 145  348
 130  365
 220  549
 243  549
 255  390
 136  415
 291  350
 267  340
  95  409
 223  540
  65  467
  85  549
  88  451
  65  482
  31  353
 129  557
  96  371
 119  533
 122  435
 172  475
 192  418
 167  402
 164  334
 170  565
 278  366
 108  421
 118  399
 229  347
  29  340
  45  329
 106  554
 203  587
  18  418
  34  560
 261  568
 128  327
 123  406
 253  433
 285  567
  21  454
  96  329
 263  487
 286  331
  21  585
 156  550
 182  409
 153  411
 123  318
  75  406
 266  488
  37  431
 266  497
  93  532
  17  387
 132  569
  39  416
  54  321
  59  517
 203  425
 278  498
 109  349
 166  506
 171  357
 226  553
  34  352
 114  327
 232  401
 160  572
 259  397
 193  374
  42  455
 118  325
 277  484
 296  542
 295  436
 111  394
  54  484
  72  305
 234  371
   8  530
 145  494
 159  344
 203  578
 269  529
  37  508
  52  460
  24  506
 134  461
 186  499
 180  533
 139  413
 135  358
  87  358
  15  318
 129  453
 129  409
  75  396
 141  579
  94  507
  96  309
 189  483
 104  578
 254  329
 102  305
  99  410
 209  331
  43  378
 279  317
  44  403
 248  437
 199  531
 216  523
 227  432
 165  512
 192  461
 172  302
 225  550
 160  457
 144  483
  24  301
 288  379
 134  413
 219  396
 138  529
 264  432
 196  411
 257  411
 195  307
  31  467
  54  432
 230  583
 106  583
 110  513
 299  450
   2  558
 205  470
 255  450
 210  479
 163  409
  14  458
 295  350
  65  427
  36  303
  62  441
  53  535
  68  487
  63  477
 264  457
 189  346
 217  312
 282  409
 159  476
 186  550
 235  419
 156  468
 134  424
   6  456
  61  338
 268  398
 132  453
  97  595
 256  579
  18  334
  28  462
 186  563
 186  425
  79  323
 253  414
 217  588
  67  345
  72  389
 228  470
 102  575
 275  441
  19  556
 130  340
 257  438
 293  492
 255  445
 149  449
 137  553
 155  564
 104  371
   3  427
 217  509
 244  351
 138  435
 116  494
  39  531
  38  552
 245  448
 228  515
  65  340
  85  582
  65  425
  28  460
 234  336
 265  543
 142  459
 210  462
 195  380
 210  421
  50  544
 124  348
 187  361
 160  459
  15  441
 293  567
  81  394
 234  581
 232  457
  64  567
 258  595
 112  431
 135  543
 226  557
 161  441
 273  558
  40  432
  64  384
 121  481
 102  302
 245  493
 135  431
  55  555
 135  530
  92  337
  41  440
 291  335
 162  567
 130  485
 297  517
 128  368
 220  368
 194  558
 254  327
  50  502
  85  500
  91  533
  54  599
 245  442
 222  362
 240  412
 125  321
 141  586
 256  528
 152  453
   2  528
 214  496
  79  591
 195  514
 124  499
  45  411
  40  504
  15  357
 113  327
 176  484
  35  332
  20  419
 140  512
 155  377
 209  479
 191  546
 240  431
 124  458
 271  569
 283  574
 200  583
 181  503
 128  452
 237  438
  35  536
  42  554
  99  372
 174  453
 274  304
  67  564
 259  585
  21  479
 203  376
 209  464
  58  556
  58  566
 247  415
 282  367
  79  422
  76  483
 290  414
   7  436
 153  584
 267  408
  16  471
 253  594
 146  362
 220  532
 158  368
 140  572
 212  417
 248  510
 296  497
 242  309
  65  591
 231  428
 251  499
  54  586
 176  529
 173  370
 181  390
 245  475
 297  464
  46  558
  30  539
 250  517
 246  556
 214  576
 168  418
  86  523
 242  419
  49  536
 215  368
 209  528
  63  523
 249  368
  82  524
 171  525
 245  472
 195  545
 151  351
  22  438
 143  516
  69  573
  48  454
 238  577
  18  519
 178  584
 279  575
   3  438
  42  538
  90  540
 196  524
  73  571
  26  445
  19  392
 225  360
 177  600
 286  348
  71  427
  27  455
 282  517
  28  539
 187  370
 124  507
 272  441
  96  330
  70  441
 192  384
 106  528
 282  488
  25  542
 296  337
 211  514
 205  564
 218  376
 147  522
  56  325
 128  479
 297  381
  89  414
 256  303
 207  389
 273  586
 211  434
 207  341
 250  310
 270  392
 203  497
  16  544
 196  448
  35  362
  49  421
  57  397
 254  373
 109  399
 254  568
  31  433
 244  419
  81  319
 171  327
 252  404
 284  479
 102  394
   4  460
  76  556
 292  412
 261  567
 202  568
  38  578
 268  549
 276  470
 240  425
 274  469
 233  329
 109  383
  19  577
  50  593
 209  441
 124  533
 237  576
 104  572
  88  301
 154  501
 147  324
  26  458
 219  374
 230  425
  42  562
  31  485
 111  316
 220  572
  13  513
  14  390
 198  585
 248  475
  73  522
 256  447
 172  560
  24  377
 155  395
 157  550
 192  354
  19  314
 274  435
  93  323
  24  532
 262  339
  59  580
 227  575
 129  352
 250  502
   9  440
 259  468
 268  464
 247  416
 207  539
  40  357
 274  453
 100  531
  55  301
 299  518
 232  391
 269  484
  37  487
 284  467
 131  599
 161  523
 107  394
 152  590
 128  486
 292  371
 269  380
 206  499
 229  392
  96  479
 113  442
 142  341
 210  450
 220  427
 287  518
 234  599
 220  552
 294  496
 194  567
  44  535
  39  305
 217  428
 283  573
 191  398
 177  441
  28  318
 188  544
  10  495
 181  472
 108  497
 224  497
  97  382
 231  381
 242  594
  67  363
  63  460
 104  504
  91  537
 112  555
 137  433
 209  359
 192  361
 190  346
 202  398
 155  528
 105  431
 252  570
 160  337
  82  437
 129  559
 240  591
 241  570
  48  373
 294  360
 261  434
  99  315
 297  522
  87  525
 148  592
 109  462
 183  360
 179  405
 171  447
 117  314
 191  593
 198  470
 155  404
 258  350
 232  389
 269  365
 142  531
  82  550
 277  567
 196  569
 183  385
 114  309
 292  423
  62  540
 129  600
 235  323
 275  312
 256  365
 247  577
 291  410
 109  408
 208  509
 225  359
 277  413
 286  560
 100  534
 298  488
 177  489
 274  538
 290  422
 295  459
  15  405
 110  462
  22  537
 205  560
 252  398
 186  477
 178  588
  50  530
  66  372
 282  318
 120  498
 254  572
  89  335
  86  559
 171  423
  59  526
 107  390
 118  395
 150  534
 250  504
  41  470
 270  374
  23  503
  26  435
 300  466
 257  575
 165  323
  51  405
 228  334
 166  353
 216  320
 297  380
 192  403
  52  358
 279  526
 219  570
 102  569
 289  313
 137  457
 197  565
 164  317
  13  547
 260  344
 273  345
 273  415
  44  326
  53  411
  54  356
 127  382
  84  481
  54  589
  26  498
   3  462
 282  584
 209  499
  62  542
  17  445
 135  305
 272  523
  56  410
 292  347
 171  350
 216  312
 233  559
  61  303
 180  542
 227  445
  30  318
  61  516
   4  447
 157  555
 226  478
 150  570
 241  509
 257  530
 275  411
 111  588
  71  397
 288  315
 129  455
  71  559
 178  348
 250  368
 167  331
 228  549
  97  519
 278  337
  81  408
 151  538
 269  439
  56  329
  35  486
  45  462
  14  357
  89  385
  68  312
 237  559
 209  526
 285  358
 213  320
  14  581
 262  403
 260  451
 145  501
 205  547
  11  307
 259  434
 264  556
 105  583
 219  442
 286  397
 204  356
 224  349
 235  438
 269  362
 180  321
  78  560
 279  536
 176  564
 134  510
 251  586
  11  412
 246  557
 170  408
 144  515
 280  511
 298  329
 214  553
 256  362
 260  475
 122  354
 190  589
 147  433
 197  510
 183  434
 187  575
  22  349
 181  346
 242  476
 238  471
  78  586
  24  541
 171  540
 281  325
  66  498
  73  351
  74  366
 151  567
 184  362
 274  340
 166  520
 219  392
  18  383
 157  399
  11  418
  85  495
 209  518
 201  586
  90  582
 132  330
  23  494
 164  574
  80  356
 195  391
   9  415
  57  301
 226  490
 190  544
 124  476
 133  337
  61  556
 219  372
 194  373
 203  446
 279  371
  27  567
 255  352
 118  367
  32  528
  20  456
 158  347
 228  314
 209  309
 110  549
 194  459
 262  357
  46  430
  45  391
 149  547
 225  367
  33  445
 262  369
 114  408
 259  414
  30  320
  45  557
 140  303
 298  592
 209  332
 118  320
 172  563
 243  492
  90  579
 209  382
 265  525
 110  385
  10  497
 261  451
 204  327
  60  368
 103  366
 293  451
  12  403
 103  462
  71  342
 283  533
  82  320
 124  360
 128  444
 174  563
 255  591
 146  435
 192  406
  45  545
 251  582
  62  429
  36  539
 223  407
  80  350
 223  328
 200  475
 234  451
  82  474
 144  562
 178  527
 110  599
  19  322
   5  551
  80  361
 263  302
 295  353
  68  410
 211  520
  80  531
   6  523
 275  308
 165  309
 122  368
  74  337
 120  370
  43  509
  62  384
 113  411
 101  511
  63  470
 103  584
 222  537
 196  427
  86  327
 294  511
  43  371
 131  350
  32  369
 200  431
 114  391
 287  523
  42  422
  12  409
 186  451
 245  304
 175  523
 216  531
 240  597
  51  597
 262  523
 212  327
 248  521
 295  493
 232  361
 136  430
 297  551
 178  312
  25  362
 154  535
 194  304
  44  423
  72  591
 269  436
 260  422
 275  324
  24  342
 218  411
  22  600
   8  413
 136  571
  41  517
 127  413
 229  343
 196  494
  79  568
  97  522
 203  426
 138  575
 199  374
 218  373
 251  579
  24  508
 235  497
 208  498
 164  432
 293  408
  15  600
  93  547
 254  316
 255  473
 165  472
  96  451
 251  382
  56  486
 148  418
 137  600
 195  327
 202  589
  93  497
 276  362
  38  494
 185  510
   3  315
 255  374
  34  477
 233  342
 223  348
 108  565
 217  522
 298  403
 245  570
   8  374
 162  470
  52  371
  86  380
 252  583
  43  493
 126  342
 300  480
  59  435
  61  390
 175  531
 151  532
 179  423
  96  563
  50  525
 121  392
  28  491
 278  495
  59  469
 271  430
  97  371
  61  414
 168  394
 277  352
  20  475
 112  334
 297  365
  18  534
 101  519
 278  320
 267  555
 105  429
   5  472
   2  597
 279  541
  51  520
   1  324
  62  321
  25  320
 279  559
 284  368
 223  565
  12  507
  89  497
 183  304
  85  545
  10  510
  86  309
 286  438
 194  303
  89  570
  82  590
   6  452
 184  504
 120  362
 150  582
 229  365
 252  405
 268  380
  17  473
  45  540
 235  305
 205  596
 186  599
 131  381
 185  362
 169  384
  65  377
 150  399
 152  378
 275  466
 182  472
 203  438
 108  597
  22  393
 190  322
 118  333
 285  533
  35  371
  28  577
 270  365
  17  593
 240  499
 149  329
  76  466
 218  497
  89  547
 122  502
 264  328
 183  402
 176  469
 175  312
  15  403
 211  440
 153  363
 282  347
 205  326
  99  409
 104  474
 195  305
  86  322
   6  575
 198  319
 104  515
 180  571
  30  483
 132  377
 105  437
 210  536
   6  372
 161  431
  15  341
 190  356
 138  304
 160  535
 255  378
 255  361
 178  485
 163  543
 265  427
  83  336
   6  570
 299  373
 154  482
 144  520
 247  441
  22  329
   1  385
 272  440
 178  469
  91  342
 103  448
  72  555
 179  527
  12  575
 298  437
 264  527
 102  337
 103  390
 203  588
 250  592
 280  559
 113  417
 268  543
  64  564
 289  573
 178  544
 289  388
  44  554
 267  442
 149  524
   9  402
 243  435
 281  368
 121  446
 241  484
   9  403
 112  452
 242  416
 240  344
 264  598
  43  522
  56  571
 239  420
  32  426
 114  556
 282  369
 229  548
 168  389
 220  349
  16  405
 162  412
 277  576
 279  323
 196  361
 287  316
 280  314
 283  541
 115  453
 257  343
 111  547
  89  349
 114  503
 176  319
 150  363
  82  481
 124  587
 116  584
 219  360
  46  425
  93  315
 106  564
  44  407
  24  373
 248  344
  15  453
  65  473
  44  311
  25  447
 234  551
  96  359
 182  516
  87  368
 282  456
 265  316
 201  473
  23  482
 278  343
   2  590
  23  464
 158  405
 211  591
 286  574
 246  471
   9  457
  98  404
 176  396
  87  409
  27  507
 221  568
 280  407
  68  370
 153  558
  41  321
  68  366
 232  522
 117  331
 253  474
 153  374
  28  380
 139  314
  25  400
 206  553
 136  421
  38  470
 255  432
 116  454
 243  371
 280  368
 179  378
   6  511
 107  304
 269  442
 154  408
 239  505
  45  600
 141  580
 115  510
 231  391
 281  418
  64  324
 232  525
 119  325
 100  331
  66  532
 126  582
 199  410
 230  493
  80  428
   5  434
 229  552
 216  525
  17  503
  45  392
 133  561
  65  353
 152  444
 104  556
  69  302
 125  414
 294  567
 203  319
 248  379
 285  476
 152  346
  39  426
 274  498
 183  411
  21  363
 283  455
 210  353
  27  370
 101  393
  62  342
 252  439
 159  403
 152  370
 104  397
 127  584
 200  420
  53  537
  11  520
 238  331
 122  512
 123  354
  95  589
 185  432
 173  402
 180  560
 142  530
  27  405
 108  325
 263  360
 257  452
 187  513
 110  467
 212  474
 151  541
 245  550
  88  396
 188  467
  60  451
  85  366
 128  497
 242  553
  58  510
 191  303
 291  582
 202  378
 209  576
 141  521
 105  395
 197  473
 125  358
 166  499
 163  417
 251  324
 286  353
 225  461
 129  399
 178  580
 282  329
 228  457
 142  437
 112  589
 125  368
 184  429
 235  397
 205  561
 101  481
  21  403
  93  314
 197  590
 198  339
 181  521
  26  520
 282  455
 222  330
  19  498
  50  343
 110  574
 179  559
 108  397
 190  311
 248  316
 135  352
  89  380
  19  411
 169  519
  96  334
 133  591
 255  438
 198  429
  59  579
 251  517
 192  330
  14  487
   7  496
 209  472
  47  517
  63  451
 182  547
 202  536
 141  310
 295  323
 115  303
  63  585
  87  355
 229  540
 149  583
  89  410
  54  528
   3  386
 214  412
 244  445
  62  316
 300  495
 149  488
 245  576
  93  590
  44  406
 149  455
 256  499
 124  527
 149  483
   7  534
  88  522
 145  472
  44  448
 256  343
 279  596
 195  548
 147  560
  78  510
 261  377
 180  525
 177  304
 111  592
  49  504
 207  477
  54  494
 187  421
 213  475
  61  407
 218  402
  87  533
 282  592
 236  398
 241  347
  48  459
 251  344
 223  305
 295  471
 137  445
  37  307
 133  567
 125  385
 101  522
 179  349
  98  468
  79  392
 279  302
 268  378
 164  395
  30  530
 234  505
  34  414
 175  451
 298  311
 295  573
 144  322
 259  579
 116  414
 114  469
 148  302
 140  469
 155  540
 244  368
  43  381
  58  400
 139  427
   9  400
 273  322
 182  374
 288  442
 224  401
 150  396
  28  357
 138  411
  92  549
  33  382
 120  524
  34  516
 255  326
 187  496
 259  497
 259  317
  42  539
  22  521
  84  465
  49  597
  26  540
 279  349
 271  478
  20  497
  20  519
  96  582
 234  346
 276  303
 182  402
 185  477
 231  321
 193  560
  51  471
  18  548
  35  499
 250  336
  73  375
 288  548
 109  341
 138  314
 282  527
 135  564
 239  567
 294  309
 103  360
 247  482
  97  453
 143  323
 283  365
 152  401
 159  517
 104  543
  96  416
  22  433
 205  446
 238  309
 225  436
 210  588
 204  454
  63  354
 137  492
 255  547
 283  500
 139  386
  48  485
 200  533
 126  474
 230  568
  37  322
  13  562
 113  303
  31  383
  82  339
 177  410
 109  510
  28  572
   1  349
 216  324
  67  569
 111  531
 286  414
 218  501
 224  403
 122  518
 162  305
 160  360
  85  430
 221  507
 114  328
 194  550
 209  483
  73  335
 254  524
  48  389
 216  439
 229  341
 255  532
 286  589
  73  413
 170  352
 270  447
  73  394
 196  530
 163  387
  60  409
 175  421
  44  580
 232  405
 159  507
 240  508
 211  490
 119  565
 156  302
  48  395
 293  561
  16  516
 260  403
  70  345
 271  382
 222  461
 210  393
  94  422
 117  553
  20  408
 251  339
 239  366
 162  389
 182  467
  14  427
 188  470
  21  500
 115  391
 213  408
 155  422
 169  327
 173  529
 263  518
 257  542
 281  599
  84  462
  52  353
 174  522
 113  405
  65  350
 156  495
 204  453
 111  515
 119  516
 114  476
 179  588
 248  396
 168  581
  27  371
 135  314
 258  442
  15  579
 189  537
  94  518
 156  454
  61  562
  92  361
 150  336
 279  475
 102  367
 220  334
 186  362
 202  460
 101  330
 179  313
  63  498
 226  593
 144  359
  20  412
  57  482
  29  354
 171  472
 201  319
 244  341
 237  322
 240  424
 201  377
  80  546
  79  469
 231  303
 138  421
 134  573
 124  481
 229  444
 191  419
 262  388
 133  383
 257  433
 161  472
 206  542
 154  575
 239  598
 190  524
  33  446
 199  440
 108  540
 229  549
 239  451
 267  462
 239  560
 176  464
 285  359
 214  331
  23  405
 191  561
  35  418
 274  382
 217  362
 205  499
 123  583
 184  447
  53  433
 250  441
  94  377
 245  468
  72  486
  32  570
 185  365
  36  513
 117  400
   2  409
  24  548
 260  428
  93  560
  17  460
 225  395
 130  424
  35  334
 223  471
 280  475
  59  537
 157  587
  64  571
  66  314
  77  457
  45  538
 190  512
  43  494
  55  493
 174  379
  65  326
 277  389
 128  423
   7  530
  87  537
 231  565
 148  344
 226  373
 277  533
 255  538
 199  523
 250  467
  61  552
  45  536
 221  515
 163  588
  83  493
 213  458
  69  510
  15  496
 225  537
 236  410
 122  484
 273  549
  38  319
  63  508
 166  305
 274  583
 150  379
 216  594
 259  409
 115  431
 114  430
  30  588
 299  335
  14  567
  18  318
  44  309
 288  521
 130  318
 203  561
 204  531
 226  338
 155  579
  65  492
 171  437
 103  388
  98  472
  55  353
  19  306
 117  318
 185  388
  53  519
 175  547
 239  359
  83  470
 259  437
 197  407
 206  350
 101  549
  26  589
  53  517
 223  478
  24  484
 296  419
  89  478
 205  306
 236  547
 263  552
 115  596
  67  379
 258  356
 175  575
 102  496
 299  585
  51  304
 166  496
   5  400
 121  487
 296  485
  70  327
 274  472
 299  430
 109  456
  12  387
 240  361
 237  404
  94  373
  48  555
 109  455
 240  350
  27  417
 193  338
  40  462
 125  577
 128  495
 156  380
 100  327
 236  512
  57  453
  88  510
 184  477
 207  568
  38  376
 129  489
  72  401
 285  390
  91  315
 236  469
  24  367
 102  404
  49  388
 204  339
 283  557
 184  478
  32  490
  66  581
 139  438
 216  590
  76  581
 252  380
   2  378
   5  453
  25  412
  55  450
  81  481
  13  449
  16  313
  67  341
 291  327
 233  325
 241  379
   3  437
  57  600
 144  336
 243  461
  95  458
  73  587
 118  597
 216  503
 268  349
  20  521
 265  428
  99  403
 257  499
 121  379
  47  361
 198  579
 221  530
 227  480
 101  375
   4  535
 100  421
 267  592
  33  451
  22  572
  49  486
 181  329
 208  327
   6  345
 143  353
 286  582
 154  473
 147  586
  85  388
  27  566
 124  403
  98  487
 287  405
 133  413
 155  472
  78  441
 153  519
 298  448
 225  322
 257  304
 275  313
 260  543
 199  564
 229  496
 178  371
  51  526
 140  582
   3  487
  39  505
 233  514
 288  532
  24  461
 176  406
 237  477
  27  335
 134  418
 113  465
 107  482
   7  414
 188  328
 173  321
 221  421
  82  452
 202  503
   9  507
 156  523
 176  566
 138  574
 206  449
 121  349
  31  481
 119  510
  28  463
 263  502
 211  355
 199  352
 238  559
  31  446
 133  319
 135  420
 139  364
 278  481
  87  592
 267  525
  33  595
  50  313
 287  498
 126  546
 108  431
  78  539
 177  331
 102  501
 244  505
 143  590
  47  322
  13  453
 120  350
  47  488
  43  472
  89  496
   2  382
 267  450
 187  412
 127  500
 112  404
   8  404
   8  523
 209  523
 209  434
 233  434
 233  600
 283  434
 139  523
 139  512
 139  408
  98  408
  98  569
  98  405
 101  569
 101  397
 263  569
 263  346
 263  531
 292  346
 292  369
 237  369
 237  494
 210  346
 101  374
 228  374
 228  378
 161  378
 228  506
 127  378
 228  507
 101  414
 143  507
 143  475
 143  325
 143  310
  77  531
  77  341
 283  428
 237  389
 296  389
 240  389
  15  389
  15  558
  15  398
  78  558
  78  542
  13  542
 240  538
 148  558
 148  493
  13  347
 211  347
 211  596
 278  596
 278  579
 278  380
 258  380
 258  364
 258  345
 242  364
 242  340
 258  324
 242  467
 225  467
 225  391
 225  595
  44  467
 279  324
 279  418
 168  380
 168  504
  22  504
 168  461
 202  461
 136  461
 136  556
  22  560
 168  588
 276  579
 276  363
 296  412
  75  523
 136  578
  10  578
 281  578
 149  578
 149  585
  78  511
  30  511
  30  510
  52  511
  52  401
 270  511
 287  369
 287  356
 230  356
 215  356
 223  579
   1  428
 113  397
  14  391
 103  507
 103  431
 126  431
 126  359
  27  418
 213  560
 213  598
 158  598
 158  427
 296  535
 155  535
 155  484
 293  484
 293  355
 293  394
  11  394
 187  535
 155  438
  11  513
 119  513
 271  355
 271  498
  27  517
 169  517
 169  396
 127  375
 260  375
 260  555
 194  325
 194  436
 194  302
 224  359
 279  384
  46  384
 223  351
 251  351
 251  539
  64  539
  16  596
 250  558
 211  388
 172  388
 203  388
 203  509
 203  515
   1  590
 271  574
 220  574
 220  342
 196  588
  79  494
  44  541
  75  583
  62  588
  62  330
  62  318
 250  352
 234  352
  87  352
  87  315
  41  315
  87  455
  29  455
  29  406
 144  455
 144  451
 144  387
 205  451
 144  381
  91  381
 153  381
  72  381
  29  309
  71  309
  71  421
 216  421
 216  411
  72  382
 186  309
 186  593
 216  479
 160  479
 150  479
 150  435
 160  313
 150  304
 259  304
  16  306
 228  566
 243  566
  97  566
  97  534
  97  524
 166  566
 166  466
 210  549
 164  549
 164  307
 290  307
  84  549
  84  423
 131  423
 131  472
 285  307
 285  457
  37  457
  37  376
  42  376
  35  376
  35  442
  35  468
 156  442
 156  456
 156  426
 256  456
  35  584
 256  317
 257  574
  84  354
 102  354
 206  354
 206  485
  69  485
 102  303
  69  321
 100  321
  32  485
 294  306
  50  531
  50  425
  66  425
 109  538
 109  338
 282  338
  52  575
  30  335
 204  335
  60  335
 174  335
 271  499
 235  499
 235  505
  57  505
 243  543
 288  307
 202  528
 286  528
 286  403
 217  403
  45  425
  45  551
  20  551
  45  328
   3  328
   3  377
  45  586
 115  586
 115  417
 249  417
 249  550
 249  571
 115  357
 115  416
  17  416
 111  416
 115  500
  31  586
  31  527
 269  527
  49  527
  49  462
  19  462
 280  550
 176  531
 176  492
   4  492
  29  432
  99  500
  99  422
 244  422
  99  536
 173  422
 173  383
  43  383
  43  385
 173  365
 254  365
 254  503
 221  365
  56  578
  33  411
  33  314
 219  314
 275  314
 165  584
  82  513
 270  463
 123  342
 123  445
 250  353
 253  353
 253  489
 142  489
 142  589
 125  589
 125  407
 291  407
 125  444
 180  444
 255  513
 255  476
 255  336
  95  398
  95  392
 214  392
  34  392
 214  437
  59  437
 146  375
 146  415
 262  589
 262  449
 264  449
 205  368
 223  327
 134  327
 134  393
 134  349
 279  311
 124  426
  62  570
 273  570
  72  599
 170  321
 168  497
  15  348
 238  348
  52  573
 107  374
 107  443
 159  443
 297  443
 157  352
 258  552
 125  331
  54  331
 207  331
  94  338
  94  594
   2  594
   2  477
   2  547
 236  477
 236  334
 295  334
 295  402
 191  402
 295  478
  73  477
  73  568
 184  568
 104  568
 226  402
 262  597
  18  505
 145  431
 145  469
 195  469
 195  424
 108  424
 152  469
 152  532
 130  532
 130  529
  93  423
  93  366
 163  375
 163  525
 114  525
  24  531
  24  452
 118  452
  24  372
  67  452
  71  546
  53  546
  53  502
 147  502
 147  323
 300  323
  81  502
 183  364
 159  312
 273  501
 135  501
 117  388
 117  344
   2  533
 198  314
 190  509
  96  438
  96  562
   7  562
  96  572
   9  572
   9  508
 232  508
 232  591
 151  417
 151  482
 151  332
 272  332
  80  332
 261  332
 261  322
  80  430
   5  430
 261  454
  38  513
  38  439
  48  583
  48  537
 150  429
  65  347
 231  412
 231  518
 175  539
 175  464
 175  465
  83  465
  86  465
 167  589
 167  540
 193  540
  11  544
 298  544
 298  496
 208  496
 298  516
 121  516
 299  516
 208  483
 239  512
 239  587
 227  587
 227  487
 252  487
 252  526
 247  526
 179  526
 179  561
 179  491
 267  491
 184  481
 231  495
 111  308
 276  577
  51  352
  51  488
 218  302
 261  370
 173  530
 265  530
  87  453
 210  458
 182  458
 105  458
 168  559
   6  425
 195  433
 283  565
 177  572
 177  399
 138  399
 111  563
  23  563
 245  563
 103  446
  61  446
 187  447
  40  447
  74  393
  43  557
  63  557
  12  442
  68  502
  68  564
 274  564
 299  329
 120  469
  55  588
  55  567
 239  301
  36  328
 289  472
 264  337
  25  429
 149  339
 120  326
  15  480
 216  361
 251  360
  57  486
 212  572
   1  471
 277  370
  66  395
 171  503
 144  319
 128  385
 223  333
  98  316
 266  316
 266  514
 146  553
 222  588
 132  583
 132  582
 116  437
  57  581
  90  581
  58  564
 200  314
 246  553
 177  576
  85  370
 284  482
  89  574
  89  520
 154  520
 280  470
 195  350
  83  400
  57  419
  30  459
 129  459
 199  433
  37  548
  21  364
  26  574
 201  452
 122  403
 122  409
 295  450
 185  517
  76  523
 268  500
 268  522
 229  522
 229  420
 297  305
 111  490
 197  490
  68  580
  35  390
  92  305
  92  448
  23  386
 248  501
  39  403
 219  362
 241  447
 177  460
  33  371
  10  441
 131  413
 162  593
  33  320
  88  387
 110  575
 192  302
 118  343
 101  521
 237  473
  47  473
 189  597
  28  473
 234  367
  98  440
 106  485
 196  519
 123  554
  70  339
  70  545
 275  373
 133  373
 178  563
 188  369
  47  410
 252  358
 141  362
 109  474
 137  474
 140  496
  94  592
  88  379
 181  468
