  49   51     150
  33   92
  24   78
  20   70
  10   78
  43   52
  35   98
   2   86
   2   58
  18   99
  42   52
  24   74
  39   54
   9   98
   2   55
   9   74
  44   88
  25   91
  39   72
  19   54
  27   55
  16   82
  40   68
  22   85
  28   85
  14   79
  41   63
   7   79
  18   89
  10   64
   7   89
  30   98
  38   82
   7   65
  13  100
  22   71
  27   95
  14   91
  37   79
   5   82
  15   72
  18   71
   2   75
  47   64
  17   88
  24   59
  40   87
   6   55
  10   58
  32   53
   7   96
  27   52
  11  100
   4  100
   4   63
  34   63
  30   63
  34   83
   4   88
  33   63
  33   57
  45   57
  45   61
  45   90
   3   90
  33   81
  30   70
  34   67
  33   97
  39   97
  39   51
  39   76
  39   73
   3   66
  24   66
  24   89
  23   89
  23   60
  17   60
  17   99
  17   85
   1   99
   1   50
  17   93
  10   93
  19   93
  19   72
  48   72
  44   72
  44   54
  44   75
  17   96
   6   96
  19   71
  37   71
  37   58
   7   71
  29   50
  48   92
  15   92
  15   95
   5   95
   5   87
  31   87
  41   99
  35   54
  23   79
  27   79
  49   93
  26   93
  26   91
  42   60
  39   64
   9   64
   6   74
  23   53
   8   53
  21   53
  10   62
  38   62
   5   98
  13   98
  13   52
  13   56
  13   84
  14   84
  13   65
  18   58
  18   86
  22   86
  16   86
  18   94
   2   94
   2   80
   2   59
  43   72
  20   63
  30   55
  36   96
  46   55
  46   78
  25   78
   6   68
  21   69
  32   79
  28   88
  12   52
  40   51
  47   60
  37   82
  33   77
