 508  492    1500
  62  934
 377  833
  68  715
 477  632
 119  562
 297  747
 161  616
 301  743
 301  617
 425  824
 139  810
 357  579
 137  917
 320  611
  81  973
 407  940
 258  988
 438  790
 235  797
 428  534
 114  679
 428  851
 164  976
   7  865
 200  926
 172  861
 382  567
  92  612
 232  743
 367  943
 331  934
 361  673
 186  749
 371  847
 424  984
  41  893
 354  981
 167  799
 420  916
 415  682
  88  792
  93  824
 475  791
  72  684
 302  612
  14  906
 361  675
 457  944
  50  560
 260  779
 413  798
 302  970
 145  941
 358  834
  71  762
  36  911
 453  683
 506  678
 112  812
 273  763
   7  776
 168  813
 241  771
 152  637
 202  999
 204  546
 242  826
  79  857
  62  790
 349  702
 378  920
 233  847
 293  695
 129  665
 389  922
 138  800
 217  903
  26  844
  20  548
  91  739
  52  663
 275  759
 466  680
 237  852
 388  865
  84  853
 150  656
  94  909
  51  541
 124  749
 101  628
 383  957
 202  784
 245  729
  64  696
   3  689
 462  572
 238  686
 144  792
  41  522
 223  945
  28  673
  19  705
 355  532
 128  961
 240  843
  44  735
 172  974
 228  662
 258  791
  74  623
 375  679
 266  667
 295  553
 257  775
 208  960
 442  576
  51  662
 347  569
 465  736
 356  604
 490  906
 454  836
 259  655
  88  593
 413  818
 259  653
 130  679
 414  981
 211  568
  13  612
  61  952
 159  513
 406  512
 242  858
 140  554
 409  862
  34  654
 464  627
 138  701
 374  927
 216  746
 388  680
  12  706
  13  574
 486  655
 459  929
 300  904
 214  723
 348  741
 421  604
 245  907
  40  574
 398  583
  92  718
  44  634
   4  767
 139  734
 180  991
 371  865
 439  681
 186  709
 402  733
 246  672
 256  526
 175  792
  37  972
 418  704
 419  753
 177  571
 111  531
 480  786
 231  749
  74  710
 460  856
 130  647
 182  740
  86  888
 446  820
 293  669
 326  525
 501  863
   7  602
 273  681
 439  928
 288  604
 206  795
 438  949
  89  682
 496  684
 395  634
  39  822
  37  987
 341  651
 395  707
 304  736
 366  808
 413  721
 272  982
  89  616
 167  608
 487  992
 464  849
 491  951
 239  668
 296  706
 461  618
 229  702
 138  825
 463  984
 500  959
  53  888
 115  815
 432  754
 479  521
 408  777
 497  838
 441  860
 191  841
 455  760
  79  950
 184  745
 127  900
 220  567
 142  851
 267  726
 120  833
 288  934
  80  921
 132  697
   9  794
 223  731
 253  654
 390  881
 360  940
 380  628
  28  934
  23  554
 343  936
 159  917
 320  809
   6  821
 445  840
 380  966
 374  686
  78  802
 127  723
 356  611
 467  976
 109  843
 105  628
  64  643
 158  509
 214  781
 319  982
 177  544
 109  716
 302  760
 123  859
 370  866
 336  861
 146  615
 306  947
 201  951
 254  528
 356  979
 203  709
 304  906
 148  757
 351  879
 339  818
  72  925
 465  648
 156  682
 124  942
 286  784
 131  717
 129  634
  72  611
  10  594
 136  807
 404  753
 287  957
  33  644
   2  868
 503  600
 427  641
  72  818
 232  803
 468  990
 128  537
 499  685
 407  641
 381  625
 372  614
 458  510
 165  971
 458  947
 103  723
 227  997
 104  879
 132  886
  73  576
 440  706
 355  556
 116  860
 372  620
 338  960
 457  560
 202  565
  18  587
 428  933
 248  973
  45  542
   5  518
 325  994
 261  849
 483  789
 507  781
 272  814
 191  967
 305  572
 212  983
 133  744
 131  672
 441  690
 234  541
 198  998
 390  855
 486  689
 186  647
 269  679
 229  779
 205  720
 111  936
  49  572
  52  638
 126  692
 410  975
 307  672
 244  658
 183  639
 159  769
 208  566
 366  748
 206  945
 244  607
 504  692
 482  604
 171  630
 210  963
 280  762
 475  647
 218  679
   5  572
 306  816
 204  661
  12  905
 213  714
 486  836
 239  771
 135  855
  43  913
 251  877
 394  711
 188  509
   5  681
 255  586
 500  771
 261  789
 153  514
  56  607
 289  693
 253  582
 358  778
 300  854
 297  522
 366  921
 478  598
 110  587
 252  585
 124  767
 428  759
 372  782
  49  720
 249  768
 480  780
  52  934
  38  694
  87  823
 282  582
 420  770
 191  647
 301  716
 269  581
  51  724
 250  587
 214  709
 303  772
 252  529
 460  799
 156  867
 297  931
 115  795
 437  812
 288  742
  48  528
   7  834
 259  862
 153  745
 256  687
 123  957
 407  673
 338  643
  62  669
 116  944
 270  740
  88  812
 459  821
   4  717
 347  812
 312  968
 327  895
 182  690
 286  760
 333  753
 433  575
 194  865
 412  793
  94  962
 256  849
 443  555
 192  877
  24  755
 384  596
 495  662
   2  677
 455  541
  56  695
 279  699
 264  977
 505  726
 315  775
 264  986
 179  553
 189  675
 107  852
 357  753
 337  753
  11  707
 317  689
 150  758
 312  945
 481  527
   3  588
 367  542
 402  999
 446  970
 380  768
 292  965
 365  607
 238  520
 237  634
 100  559
  41  716
 113  642
 269  782
 371  647
 440  744
  51  960
  19  983
 433  860
 393  525
 120  552
 262  603
 123  903
 412  548
 374  713
 387  851
 499  699
 337  893
 479  560
 126  546
 497  677
 333  831
 411  518
 175  621
  94  841
 391  985
 164  887
 412  775
 358  679
 264  538
 246  658
 373  564
 289  553
 485  796
 180  870
  52  793
 388  889
  78  560
 164  648
 391  648
 391  567
  25  567
  25  878
 381  878
 381  690
 367  690
 367  699
  48  690
  48  619
 101  619
 101  572
 101  961
 146  572
 146  862
 146  876
 340  572
 340  808
 282  808
 282  747
  95  572
  95  879
 354  879
 354  735
 166  735
 101  757
 278  572
  89  747
  89  765
 364  699
 282  551
 390  551
 390  658
 390  755
 390  623
  27  551
 317  658
 317  629
 452  629
 452  985
   6  985
 317  523
  34  629
  34  933
 126  933
 126  641
  89  549
 382  549
 382  861
 112  549
 112  918
 112  981
 225  981
 255  981
  94  981
  86  658
  86  772
 104  772
 115  772
  86  677
 152  677
  52  757
  52  812
 446  812
 446  964
 148  964
 148  795
 148  631
   1  812
 429  812
 429  951
 474  951
 124  951
 237  951
  70  951
  70  959
 347  959
 301  959
 347  952
 460  959
 474  854
 434  951
 434  613
 507  613
 507  880
 134  880
 416  880
 416  725
 158  725
 335  725
 335  710
 436  613
 436  929
 436  873
 334  873
 334  823
 453  873
 284  725
 284  584
 434  936
 488  936
 488  676
  97  936
 488  844
 335  563
 336  936
 488  759
 284  734
 428  734
 488  983
 347  692
 397  952
 463  631
 463  817
 431  817
 372  563
 372  522
 148  814
 461  814
 244  814
  74  929
  74  541
 103  541
 103  937
 265  937
 265  691
 174  937
 137  691
 119  691
 174  805
  36  805
 174  627
   2  805
   2  794
   2  546
 449  546
 449  588
 129  588
 129  978
 129  984
 129  927
 249  927
 129  743
 180  978
 249  685
 154  685
 504  685
 504  907
 160  685
 249  744
 481  744
   2  999
 249  976
 295  976
 295  825
 118  825
 118  846
 269  846
 220  825
 118  917
 161  976
 161  816
 430  816
 430  866
 250  917
 250 1000
 449  990
 259  990
 412  990
 259  550
 220  632
  49  632
 162  632
 198  550
 198  923
 198  904
 155  904
 408  904
 198  774
 142  774
 142  874
  50  904
 198  586
 192  586
 206  586
 187  588
 129  698
 120  698
 504  949
 490  949
 490  789
 489  789
 489  833
 490  989
 171  989
 449  802
 325  802
 325  993
 114  993
 448  993
 448  706
 121  706
 325  883
 421  883
 291  993
 291  714
 133  714
 133  995
 110  995
 475  995
 457  995
 110  727
 325  684
 417  684
 417  661
 417  753
 100  714
 458  904
 171  721
 250  944
 499  944
 458  646
 114  662
  74  967
 122  967
 122  594
  20  550
 242  825
 291  515
 292  515
 292  740
 414  691
 185  692
 185  672
 153  672
 185  722
 426  722
 426  875
 492  875
 492  868
 358  868
 358  821
 240  821
 358  764
 426  877
 492  785
  41  774
  41  718
  90  846
  90  696
 137  771
 466  771
 240  957
 105  957
 388  957
 388  791
 148  568
 380  568
 113  944
 190  846
 191  904
 331  613
 331  628
 179  628
 121  793
 434  562
  98  562
  98  683
  98  652
 336  778
 220  830
 466  811
 431  622
 449  731
  28  731
 450  731
  28  806
 286  731
 340  539
 140  539
 140  609
 312  609
 312  768
 309  768
 309  536
  58  536
 191  777
 166  836
 270  949
 270  680
 424  875
 100  693
 218  976
 218  524
 337  524
 218  888
  42  817
  42  604
  62  604
 132  586
 132  738
 127  738
 249  776
 217  776
 217  932
 138  776
 217  701
 323  701
 323  621
 238  621
 323  813
 502  621
 502  736
 212  736
 217  689
 392  689
 392  702
 346  702
 486  702
 392  822
 324  822
 324  915
 486  516
 363  516
 502  665
 217  779
  51  959
  51  827
  53  827
 268  827
  44  827
  42  720
 173  720
 284  901
  67  901
 247  549
 247  965
 495  965
 495  611
  21  611
  21  540
 247  941
 404  540
 404  614
 107  614
  21  803
 409  720
 409  681
 409  552
 444  552
 444  898
  79  898
 359  898
 273  552
 273  653
 389  653
 389  598
 277  653
 277  694
 500  694
 500  887
 389  732
 247  704
   1  834
 130  834
 130  761
 186  761
 186  954
 231  761
 186  750
 343  627
  58  922
 377  706
  47  540
 374  536
 374  510
 265  972
 151  817
 151  670
 151  947
 167  947
 167  940
 262  940
 262  781
 307  781
 362  694
 460  637
 102  637
 102  564
 102  578
  31  578
  31  863
 471  863
 360  863
 339  863
 339  867
 339  509
  32  637
  68  965
  68  775
 298  775
  68  956
  38  588
 474  530
 227  951
 227  810
 381  799
  37  799
  37  997
 384  997
 149  997
 384  832
 104  538
 405  538
 275  538
 496  523
 496  533
 213  533
 213  638
 268  892
  98  849
 432  849
 432  518
 442  518
 324  667
 288  667
 288  899
  46  899
 391  686
 172  883
 472  844
 472  838
 365  838
 177  530
 177  916
 443  916
 443  847
 368  847
 177  790
 459  790
 177  709
 226  709
 493  594
 493  749
   8  749
 453  616
 468  616
 214  616
 214  640
 214  784
 399  784
 214  520
 305  520
 305  511
 410  511
  57  511
  57  639
 378  511
 378  607
 232  607
 279  607
 305  647
 333  647
 279  595
 279  881
  56  881
  56  700
 494  607
 150  595
  24  595
  57  529
  13  529
  13  600
 150  894
 150  770
 464  770
 233  511
 233  596
 233  852
 209  693
 209  527
  99  551
 189  662
 282  713
  25  591
 422  867
 330  735
  88  866
 250  589
 350  552
 350  620
  26  862
  26  542
  26  679
  26  979
 465  546
 328  959
 328  636
 243  549
 401  658
 401  943
  30  647
  45  775
  45  560
 361  560
 361  966
 123  867
 123  593
  39  676
 480  993
 480  908
 480  974
 285  974
 285  998
 300  995
 118  938
 441  586
 441  905
  69  990
  69  760
 267  760
 375  738
 372  555
 400  555
 400  643
 116  643
 177  857
 133  711
 434  723
 311  723
 425  723
 288  842
 111  689
 111  545
 111  987
 141  777
 395  591
 165  732
 165  703
 285  537
 224  537
 224  655
 163  842
  24  913
 438  913
 438  856
 322  529
 322  668
 398  680
 398  633
 373  633
 373  746
 508  746
 129  930
 477  930
  58  948
 166  884
 342  764
 342  649
 309  754
  40  846
 285  724
 230  724
 451  964
 481  634
  74  859
  18  859
 240  819
 465  864
 216  623
 106  918
 106  576
 366  576
 106  848
 147  848
 491  805
 437  927
 355  993
 355  939
 349  810
 457  912
 457  557
 228  557
  23  557
  10  557
  10  602
 281  602
 281  733
 276  733
 276  656
 203  656
 203  654
 407  654
 170  654
 170  797
 303  797
 407  920
  65  920
 193  920
 203  566
 202  566
 202  521
 191  707
 280  707
 280  824
  77  824
 352  824
 357  824
 357  968
 254  968
 280  610
  77  872
 194  653
 194  741
 194  946
 194  535
 385  946
 385  798
 156  946
 194  896
 156  815
 194  717
 288  726
 196  726
 196  716
 306  716
 306  914
 266  914
 266  534
 228  618
 443  769
 435  769
 435  837
 345  937
  17  864
  17  945
 211  945
 271  873
 497  961
 497  571
 497  926
   4  814
  49  514
 232  682
  73  682
  73  547
 236  547
 454  547
 338  547
 236  994
 236  766
  73  839
 229  839
 229  526
 361  635
 250  851
 469  718
 157  611
 251  703
 251  792
  83  863
  83  531
  53  982
  43  982
  43  752
 364  809
 245  915
 478  676
 478  973
  14  973
  14  758
  14  517
 427  517
  96  517
 394  703
 394  986
 394  678
 473  678
 176  678
 241  734
  63  758
  63  664
 372  660
 327  660
  72  848
  72  855
 145  753
 145  870
 145  891
 297  870
 145  737
  82  737
 148  903
 471  858
 195  949
 434  580
 272  716
 272  601
 272  756
 222  756
 222  745
 272  843
 260  745
 224  624
 252  624
 252  845
 445  845
 445  574
  65  900
 353  900
 169  900
 169  786
 257  786
 257  853
 208  853
 349  573
 332  573
 382  675
 326  675
 326  885
  59  885
  59  800
 135  800
 506  800
 370  675
  16  885
 370  906
  66  964
  66  730
 402  682
 402  975
  92  975
 274  975
 374  902
 324  651
 415  651
 456  651
 456  773
 423  651
 415  663
 131  663
 131  695
  53  826
 275  963
 223  682
  51  865
 304  865
 304  955
 215  955
 215  615
 215  688
 302  688
 302  953
  75  731
 129  532
 320  532
 153  886
 348  886
 418  651
  93  576
  93  871
  93  579
 287  731
 250  763
 403  763
 403  960
 393  761
 221  752
 136  695
 166  669
 381  659
 188  856
 450  751
  14  807
 243  992
  22  992
  22  559
  22  569
 143  803
 143  919
 117  919
 356  919
 356  928
 143  581
  19  581
 246  967
 246  583
 345  512
 181  512
 181  788
 205  522
 321  695
 258  858
 485  917
  86  840
 152  570
 191  739
  88  597
 353  729
 376  729
 330  977
 482  977
 120  708
 503  578
 219  578
 258  897
 204  847
 179  835
 476  738
 476  705
 500  577
 446  996
  71  996
  71  942
 253  623
 200  887
 292  748
 180  818
  33  818
  33  625
  33  969
 109  625
 109  657
   5  657
 498  874
  35  789
  35  935
 122  697
 447  697
 447  548
 442  924
 246  783
 301  605
 393  767
 293  767
 261  692
 261  910
 371  690
 371  671
 175  671
  17  650
 406  949
 102  556
 472  630
 194  666
 487  740
 487  603
  85  603
 290  603
 290  728
 290  565
 479  975
 149  889
  15  703
  15  850
 235  611
  68  820
 386  820
 386  612
  38  796
 356  719
 108  790
 264  638
 264  934
 313  546
 183  844
 507  528
 248  851
   7  657
   7  575
   7  893
 462  893
 483  893
 483  543
 369  543
 501  549
 141  590
 308  590
 318  552
 100  991
 263  991
 263  642
 182  866
 327  687
 316  720
 455  984
 411  749
 411  958
 411  882
  41  980
 234  837
 167  558
  64  542
 419  998
 419  931
 283  922
 440  754
 440  971
 389  592
 351  592
 296  826
 178  986
 178  829
 448  970
 201  811
 201  712
 144  766
 139  654
  23  762
 433  685
 396  675
 283  911
   3  719
 265  782
 467  694
 467  869
  91  869
  91  606
 329  565
 402  831
 159  710
 199  712
 344  605
  80  663
 277  804
  60  540
 299  758
 184  918
 310  928
 310  513
 484  840
 326  585
 289  893
 439  975
 439  582
 257  950
 294  866
 207  634
 470  993
 315  893
 478  742
 505  693
 128  903
 128  921
  84  819
 306  988
  11  513
  29  566
 387  550
 387  780
 341  780
 451  895
 125  895
 212  860
 197  860
 197  673
 240  617
 189  644
 239  792
  87  631
 210  651
  63  645
 379  534
 449  554
  57  519
  81  994
  78  899
 317  801
 126  626
 486  715
 413  715
 123  608
 319  529
 197  544
 314  693
  12  622
  55  783
 505  925
   9  637
  53  828
 322  890
 504  674
  95  561
 277  587
 420  518
 383  629
 168  662
  25  909
  54  607
 316  599
 363  962
  61  615
 200  525
 139  553
  48  841
 256  917
  76  848
 131  787
