 245  255    1250
 194  460
  14  411
 144  462
 231  302
 181  368
 153  432
  93  281
  32  323
  41  377
 193  272
  42  249
 126  390
  48  458
 146  435
 120  272
 220  247
  22  450
 181  485
 148  422
  19  416
  57  462
  17  249
 211  446
 119  359
 239  362
 138  339
 132  340
  37  356
 170  469
  65  273
 190  366
 142  338
 194  324
  21  339
 166  293
  64  352
 179  388
  64  357
 141  430
  85  260
 175  341
 100  297
   6  382
  22  350
  74  415
  63  466
  59  448
 145  461
  29  273
  64  471
 151  425
  28  452
  58  350
  46  399
 207  460
  10  470
 184  389
  45  276
  65  428
 146  251
 101  414
 168  365
  50  282
 102  307
 206  379
  69  255
 185  463
  51  465
 155  462
 245  396
 109  458
  38  361
  22  271
 112  328
 177  260
  75  309
 137  492
  26  383
 103  357
 191  487
 128  498
 186  325
  44  365
 167  440
 102  464
 196  466
   6  385
 218  294
 136  498
  29  380
 236  407
  10  338
 245  370
 164  367
 101  445
 182  479
 163  332
 214  247
 121  477
  28  430
  34  358
 203  303
 165  421
  61  345
 169  485
  19  394
  82  343
  74  257
 229  308
 233  331
 191  408
  82  309
 179  299
 125  493
  72  419
 104  453
 233  307
  76  366
  84  397
  66  286
 202  420
 196  299
 170  394
 141  472
  25  458
 234  431
 163  436
 194  418
 222  278
   8  409
 235  260
  86  372
 107  274
 133  472
  50  418
 126  266
  61  498
 184  334
  62  396
   4  473
 226  488
  28  460
 120  489
  55  338
  82  344
  26  254
 148  427
 154  276
  11  420
  85  266
 202  271
 120  413
   7  292
 123  268
   3  296
  12  338
  20  308
 126  335
  68  292
 101  403
  99  480
 177  248
  33  332
 108  322
 200  369
 193  357
 125  495
 129  412
 148  476
   9  316
 227  332
 238  252
 189  306
 145  325
 233  282
   1  451
   1  417
 211  293
 208  350
  28  274
  54  299
 233  253
 204  367
  99  394
 138  335
  91  477
  21  255
 119  347
  30  296
 194  424
 185  425
 183  428
  12  429
  43  456
   7  430
 141  478
  40  421
  89  433
 135  366
 219  483
  47  252
  83  255
 226  248
 154  455
 123  261
 169  282
  81  500
  93  321
  60  319
 244  480
 205  391
 114  258
  75  488
  74  388
 133  278
 196  296
 185  409
  93  303
  34  338
  54  293
  68  396
 117  289
  92  340
  79  350
 110  286
  99  464
 208  478
  45  480
 212  351
  34  379
 211  292
 136  439
  40  453
 233  319
 208  257
 191  301
  51  308
 224  288
 204  318
 175  317
  97  353
 170  452
 130  377
  89  331
  58  418
 116  435
  63  369
 197  445
 181  271
 143  408
 205  263
 233  477
 159  492
 222  364
 239  269
 228  396
  17  357
  29  281
  50  364
 148  331
 243  302
 197  371
 157  473
 151  392
  19  460
  86  473
  51  384
 224  304
  16  394
 242  500
 157  377
  57  247
  86  462
 181  280
 153  323
 166  306
 203  395
 187  424
 143  381
  76  430
 176  373
 242  437
  23  483
 113  500
 212  290
 171  363
 199  416
 212  399
 219  417
 205  464
 117  333
  39  418
 215  375
 227  294
 161  472
  23  295
 138  309
   3  452
  85  389
 194  254
 129  488
  20  475
 177  249
  44  254
  70  264
 166  264
 126  258
 234  329
 103  293
 195  441
  44  340
  91  383
 178  413
 198  338
 153  397
   6  437
 205  313
  79  309
 212  294
 111  323
  27  444
 108  454
  35  363
 231  486
  80  307
 188  298
 220  441
 156  341
  24  433
  50  448
 192  499
 162  422
 185  333
 239  390
 164  473
  49  404
  89  368
 132  326
  16  500
 177  436
  32  327
 225  482
 156  372
  16  343
  88  369
 212  361
  53  424
 196  446
 212  433
 114  487
  61  468
  31  272
 191  340
 243  361
 226  329
  20  367
 123  486
   2  335
  34  349
 222  294
  75  272
 203  333
 109  272
 163  305
 140  419
 126  299
 165  341
 122  296
 143  443
 135  356
 156  325
  43  331
   1  397
  71  255
 123  310
  11  321
 100  366
 116  488
  99  371
 196  382
 224  404
 245  486
 202  460
 187  485
  42  334
  62  246
  30  498
 204  473
 211  439
  61  348
 230  433
 211  303
 161  339
  57  352
  73  348
 184  428
  69  398
  71  361
  88  366
 193  482
  39  451
 143  406
 110  367
  50  376
  59  273
 230  310
 142  470
  15  337
  16  274
 226  383
 117  316
  76  389
 157  277
  52  315
 199  261
  41  456
 119  456
 236  457
  26  271
 194  301
  46  457
 174  470
   8  410
 173  311
 198  400
 100  480
 162  339
  31  365
   4  429
 111  275
 189  442
  30  370
 186  365
  40  307
  13  312
   5  485
  59  317
  95  373
 171  313
 154  440
 188  338
  42  258
  26  306
 227  257
  50  372
 148  417
  74  302
  70  466
 109  351
  55  296
 228  499
 206  408
  61  263
 128  350
 218  337
 164  352
  61  364
 108  391
 141  406
 227  271
  59  259
 167  391
  27  352
 160  422
 175  467
  71  405
 135  405
  49  356
 241  379
  96  481
 180  254
  79  474
  25  249
 195  267
  49  463
  63  289
 178  424
  57  438
  51  363
 135  359
  52  437
 114  325
  94  351
  12  267
 182  450
 116  343
 160  278
  85  400
  43  391
  56  447
 108  474
 204  492
 213  350
  61  336
  53  401
  27  351
 208  268
  45  362
  28  393
 162  468
  81  480
 133  378
 198  475
  98  495
 190  259
  69  472
 120  408
  17  406
 172  315
 106  369
 187  306
 142  403
 183  436
  48  312
 239  271
 223  469
 143  375
  32  378
 239  475
 102  371
  87  419
  40  404
  33  393
 112  460
 179  394
 213  405
 120  275
 230  311
  43  270
 149  331
 245  308
  73  265
  67  370
  17  415
  99  350
 171  371
  26  375
 216  397
  89  312
 187  458
 132  351
 243  320
 134  448
 105  298
  91  285
 214  307
 237  332
 152  308
 173  444
  72  314
  73  253
  34  435
 134  390
 236  467
 185  351
  10  500
 201  498
 239  378
 245  375
  49  415
 201  373
  29  497
  60  363
 208  298
  86  385
 194  396
  10  307
  80  338
  70  397
 163  271
 118  403
 215  415
 126  255
  35  494
 148  451
 137  398
  81  262
  51  385
 149  448
  90  314
  11  281
  79  390
  10  372
  37  455
  69  480
 173  423
  15  322
 237  453
 193  451
 192  269
  69  384
 125  409
  14  418
  47  428
 175  471
  98  386
   7  475
  75  443
 211  275
 226  315
  61  369
 102  458
 178  395
 236  441
  84  251
 148  310
 199  420
 214  457
 141  333
 116  264
 102  302
 163  358
  41  258
 192  306
 185  388
 197  327
 165  389
 157  422
  28  423
 233  294
 242  291
  48  329
  84  433
 218  391
  11  290
  85  429
 158  441
 121  403
 235  314
 200  499
  19  357
  78  499
 230  422
 205  289
 116  437
 156  476
  89  500
   4  275
  40  361
 139  440
 203  324
 220  483
  48  448
  98  437
 112  285
 112  255
 198  271
  18  496
 184  370
  87  435
 217  305
  95  250
 118  324
  87  455
  53  254
 207  319
 171  471
  69  415
 199  388
  89  379
  33  352
 237  377
 183  496
  68  399
 223  366
 232  282
 213  281
  95  260
 159  251
  53  362
 229  260
 104  270
 223  455
  62  482
  24  377
 184  392
  60  406
 142  359
  84  302
  25  310
  70  294
  86  441
 140  281
 129  393
   8  248
  66  409
   6  303
  52  329
 147  470
 151  387
 222  441
  64  303
 232  337
 133  302
 239  385
  24  392
 162  387
 199  270
  90  476
  78  287
  38  465
 164  376
  16  256
 144  398
 189  287
 153  283
 244  316
 232  485
 116  326
 123  440
 157  358
  78  248
  48  422
  22  381
 142  396
 237  283
  35  441
 146  362
 174  368
  49  253
 117  426
 141  498
  66  327
  73  490
  75  381
   3  492
 137  395
  23  398
  26  399
  42  500
 225  378
 109  336
 164  482
 148  409
 203  291
 171  267
  34  486
  11  351
 239  416
 120  325
  33  472
  72  269
 110  375
 185  305
  34  311
 136  246
  28  456
 163  298
  37  300
 223  249
 185  283
 232  299
 192  299
  64  299
  59  299
  59  417
  95  417
  41  417
  41  440
 122  440
 122  443
 122  428
 228  299
  95  434
 195  434
 195  400
 195  420
 159  400
  74  443
  58  428
  58  344
 163  344
  84  428
  84  482
  92  482
 106  420
 106  480
  89  480
  89  310
  89  284
  26  417
 228  442
  50  442
 107  310
 107  376
  82  376
 107  457
  74  248
  69  248
  69  269
 173  269
 173  328
 173  414
 206  269
 206  430
 206  317
  69  496
 101  317
 101  285
 101  466
 139  466
 101  461
 233  466
 139  486
 133  461
 233  255
 138  285
 133  280
 103  496
 103  465
 103  321
 139  373
 231  466
 233  261
 215  434
 215  302
 220  302
 220  406
 220  345
 196  345
 196  267
   9  267
 183  267
 183  485
 161  321
 161  489
   9  435
  38  435
  59  371
 187  371
  39  371
  39  315
 132  315
 132  390
  43  390
  43  304
  43  416
  20  416
 202  304
 202  453
  66  453
  66  495
 146  453
 202  341
  20  472
 154  371
  79  371
  79  287
 180  261
  92  493
 146  319
 102  443
 137  304
 137  463
 244  463
 134  463
  34  496
  34  279
 199  279
  34  313
  88  279
 199  354
  44  354
 199  498
  57  498
  57  404
 112  404
 102  268
 186  268
 233  419
   4  419
 123  419
 231  325
 168  325
 168  277
  31  277
  31  336
  31  359
  32  359
  32  424
 179  424
 170  277
 170  322
 189  480
 189  351
 229  351
 217  461
 209  371
 221  313
 112  490
 202  339
 182  420
  37  443
 103  251
 114  359
 229  303
 135  303
 173  446
 166  446
 179  382
  72  382
  72  273
 197  273
 197  475
  72  483
 226  483
 158  273
 158  411
 218  411
 157  483
 157  385
 130  406
 130  399
  12  399
  12  393
  12  497
 114  356
 203  356
 203  300
 219  300
 203  444
  10  444
 180  290
 173  469
 116  469
 205  469
 167  417
 167  292
 148  292
 177  292
 177  246
 176  246
 176  247
 177  445
  15  445
  15  265
  76  265
  25  265
  25  426
   7  426
 201  265
 201  429
 172  429
 201  281
 174  281
 174  395
 174  333
  79  288
 180  289
 167  473
 132  432
 116  422
 240  422
 120  422
 120  316
 194  422
 194  330
  64  263
 136  263
 136  405
 132  474
 153  474
 117  474
 153  256
 153  402
  70  402
  46  402
  46  323
 117  378
 234  378
 234  477
 234  380
 110  256
 233  499
 113  499
 113  275
  73  499
 147  499
 147  329
 200  329
 147  476
 210  476
 210  318
  60  275
 113  381
 124  329
 124  327
 235  327
  75  256
 234  377
 226  368
  99  368
  64  353
  13  489
  13  358
  13  357
  14  357
  14  262
  47  262
  47  331
  27  331
  27  433
  27  337
  47  297
 204  331
 198  337
  27  410
  27  334
 105  334
 204  391
 118  391
 126  337
  67  433
 105  360
   2  360
 214  410
 214  412
   5  334
   5  293
 141  337
 141  312
  30  312
 193  312
  30  374
 193  343
 129  343
 242  343
 242  487
 129  335
 129  421
  97  421
  97  452
  78  452
  78  369
  78  441
  63  472
  63  398
 143  398
  63  468
 143  458
 143  401
 191  398
 191  413
 213  413
 144  413
 144  409
 243  409
 243  397
 144  464
 243  260
 243  484
  94  385
 199  249
  80  249
  80  332
  80  253
 225  253
 131  253
 179  257
 131  384
  90  384
 101  367
 129  481
 177  470
  60  320
  71  320
 131  448
 166  447
 160  447
 190  498
  19  441
 211  406
 211  491
  35  498
  79  276
  33  280
 102  451
 136  298
   1  298
   1  379
 178  298
 216  285
 216  346
  54  346
 162  346
 162  389
 128  389
 227  389
 227  462
 103  301
  85  301
 241  301
 241  347
  13  415
  35  271
 147  361
 244  350
 124  492
  21  297
  21  370
  21  375
 237  346
  65  371
 216  352
   5  307
  52  307
  58  407
 197  306
  25  459
 245  459
 245  471
  86  251
  86  266
  28  267
 185  406
 224  313
   2  449
 134  437
  62  437
 239  437
 177  494
  48  482
  42  448
  42  488
 245  362
 171  362
 171  254
 187  436
   5  366
  98  346
  22  290
  22  278
  22  294
  64  264
 146  305
 226  386
  70  450
  18  319
  29  315
 109  470
  97  270
 127  270
  61  417
  55  446
  55  408
  98  438
  36  463
 226  387
  81  387
 165  387
 205  314
   6  314
   6  431
 145  465
  17  417
 189  454
 169  405
 169  355
  53  355
 169  274
  56  402
  56  418
 223  418
 100  499
 128  392
   3  392
   3  388
   3  403
 204  272
 106  478
 152  414
 180  295
 164  475
 156  370
  25  365
 113  396
 238  247
 175  384
 149  361
 149  456
  24  456
 226  326
  61  372
  45  372
  68  372
 111  248
  40  388
 188  305
 115  461
 115  282
 235  338
 188  252
 231  479
 181  479
  62  425
  87  334
  87  309
 222  452
  21  363
 212  260
 212  311
 150  249
  22  467
 104  319
  23  280
 138  427
  97  364
  50  460
 151  460
  12  283
 208  284
 208  383
 180  423
 155  445
  16  448
 162  394
 140  394
 215  500
  51  364
  96  497
 149  439
  83  396
 134  340
 213  250
 121  250
 119  422
 236  442
 236  349
 193  455
 105  308
 230  479
 230  342
  49  402
  93  345
  77  490
 180  348
 184  490
 125  388
   8  497
  77  259
 142  257
  91  259
 123  291
  22  296
  84  258
 207  423
  11  252
 108  346
  65  286
 171  324
