 364  336    1050
  46  512
 107  628
 190  448
 316  487
 310  590
 108  533
 152  586
 153  563
  96  625
 193  385
 244  394
  64  631
 211  379
 270  415
  42  501
 296  659
 110  516
  76  439
 244  553
 137  448
 104  376
  63  441
 192  386
 227  455
 211  403
 323  372
 155  668
  80  490
 145  499
 334  421
  94  617
 285  570
  19  596
  60  655
 244  408
 119  500
  17  624
 332  482
  69  684
 234  578
  51  497
  30  468
 313  628
 208  471
  12  482
  10  423
 307  513
 342  383
 259  544
 116  551
 281  616
 345  469
 185  454
  17  450
 255  666
 315  598
  74  569
 155  401
 324  677
 169  602
 337  562
 326  406
 215  656
 178  489
 294  628
 224  442
 253  366
 297  645
 249  505
 273  437
 340  664
 129  681
 263  516
 206  653
 314  369
 347  438
 216  574
 314  674
  47  639
 178  527
  73  610
 317  619
 187  602
 291  427
 346  561
 112  553
 132  391
  32  543
 224  603
 198  632
 192  575
  53  538
  98  461
 246  664
  86  644
 215  443
 308  599
 148  382
 249  678
 170  626
  74  589
  14  453
 162  542
 351  601
  66  475
  54  580
 248  649
 314  668
 279  434
 235  529
  57  441
   1  386
 267  521
  49  377
 223  550
 305  429
  16  455
 315  395
  56  555
 185  623
 126  541
  65  629
 110  511
 176  608
 354  427
 276  614
 122  680
 263  416
 237  666
 349  669
  66  633
 189  677
 258  562
 275  383
  69  456
  21  446
 222  469
  89  579
  65  419
 185  437
  23  541
 325  635
 173  683
 325  443
  15  633
  19  626
 105  590
 130  611
 110  579
 255  518
 358  447
  33  531
 303  676
 335  680
 348  518
  68  394
 146  514
 304  677
 151  394
 318  665
 258  500
 105  559
 359  420
  49  505
 129  404
 189  599
  65  528
 183  581
  57  525
  70  492
 108  578
  34  577
  97  418
 312  393
 268  676
 198  645
 357  517
 287  529
 340  405
 338  441
 270  530
 295  366
 103  488
 249  565
 287  608
 233  369
  35  616
 195  664
 160  466
 239  671
 273  430
 303  566
  46  453
  42  655
  61  403
 204  571
 172  647
  67  370
 109  665
 226  538
 223  515
 205  396
 109  624
 287  375
 239  436
 171  676
 189  382
 217  588
 350  671
 201  660
 288  591
 147  387
 180  380
  63  606
   6  695
  51  406
 259  513
 324  589
 189  632
 173  653
 271  477
  83  381
 237  508
 290  494
 358  449
 117  600
 359  544
  32  380
 316  587
 220  514
 120  518
 350  493
  49  424
 158  664
 105  425
   9  577
 272  671
 361  584
 289  651
 213  433
 242  549
  25  428
 144  466
 122  568
 230  477
 273  629
 298  652
  52  605
 187  413
 294  477
  29  693
 188  626
 253  687
  84  658
 318  681
  16  616
 327  576
  37  618
   4  627
  90  673
 152  607
  40  521
 191  434
 231  512
  81  646
 135  554
 120  650
 204  507
 244  481
 321  391
 286  640
 209  469
 268  641
 232  505
 329  554
  61  475
 180  656
 118  659
 350  550
 330  696
 129  462
  94  657
 314  485
 253  646
 210  636
 340  526
 138  436
 186  606
 198  375
 341  605
  96  394
 211  467
 239  647
  89  532
 268  395
 310  683
  64  623
 263  545
 159  637
 284  468
 147  403
 344  513
  14  638
 351  671
 113  528
 145  620
 314  474
 116  430
 137  675
  76  662
  43  378
 357  413
  17  658
 328  604
 136  504
 348  562
 346  616
 163  398
  36  568
 119  402
 364  673
 240  498
 271  396
  36  592
 321  614
  79  628
  31  397
 222  613
 219  448
 139  663
 213  385
 175  404
  29  600
 218  617
  18  411
 266  436
 198  633
 301  686
  76  529
  92  380
 329  438
 254  387
  48  492
 180  639
 281  367
 156  598
 231  533
 272  559
  15  515
  93  669
  76  441
 104  557
 104  459
 123  459
 123  400
 160  400
 160  508
 164  508
 164  538
 133  459
   3  508
   3  610
  59  610
  59  472
 309  472
 287  472
  66  610
  66  662
  66  560
 287  433
 154  433
 154  395
  74  433
  20  395
  41  433
  41  590
  78  590
  78  414
  40  414
 352  414
 322  414
 322  512
  40  645
 139  645
  78  606
 256  606
  41  670
 146  670
 146  554
  42  554
  42  487
 182  487
 284  487
 284  399
 182  379
 224  379
 268  379
 268  619
 211  619
 211  684
  26  684
  36  487
 284  429
 334  429
  93  429
  93  540
  39  540
  93  439
 132  439
  39  531
 230  540
 230  589
 145  554
 334  500
  24  500
 189  500
 284  370
  24  388
 248  388
 248  410
 202  410
 202  635
  75  635
  75  609
 336  609
 336  462
 357  462
 336  523
 240  523
 240  647
 343  635
 343  365
 165  365
 343  638
 291  365
 343  689
 295  689
 291  562
  75  447
 105  447
 202  683
 278  689
 212  447
 212  441
 179  441
 317  441
 317  452
 290  452
 115  487
 115  628
  33  628
  33  616
  60  616
 179  521
 257  521
 291  411
 351  411
 351  627
 105  601
 261  601
 261  443
 230  666
 266  666
 266  694
 266  556
 177  556
 200  694
 173  694
 185  556
 266  688
 153  694
 279  447
 284  485
 165  676
 358  676
  55  676
 182  640
 273  640
 273  469
 310  469
 310  527
 363  527
  46  469
 310  569
  46  685
 310  425
 286  425
 297  469
 338  676
 338  695
 349  695
 338  369
 338  612
 338  657
 258  657
  19  695
 319  684
 165  480
 323  480
 323  696
 323  434
 323  537
 292  537
 362  537
 362  641
 127  641
 362  578
 292  691
 341  365
 179  629
  19  372
 121  372
 121  690
 166  690
  17  372
 319  544
 343  661
 324  661
 324  514
 289  514
 289  404
 346  404
 346  456
 196  456
 346  630
 289  572
 289  528
  77  528
  77  499
 234  528
 361  404
 255  514
 255  455
 289  484
 346  505
 118  514
 125  505
 361  482
 289  649
 255  558
 112  558
  23  558
 101  482
 101  648
 101  463
 124  463
 227  463
 227  576
 101  367
  26  603
 175  603
 167  683
 162  556
  25  487
   7  469
   7  405
 145  387
  68  387
  68  471
 235  471
 235  386
 117  386
  50  387
 117  672
  63  672
  63  568
 260  568
 260  377
 191  377
  14  685
 261  626
  89  626
 145  510
 325  510
 169  641
 194  554
  89  450
 127  504
 351  498
 185  494
  47  494
 340  589
 340  608
 252  608
 252  551
 188  551
 188  368
 131  551
 307  609
 327  429
 327  591
 259  591
 227  460
 327  692
 263  692
 263  398
 263  431
 263  574
  79  574
  79  653
 333  574
 333  534
  79  563
 176  563
 176  679
 170  679
  79  566
  15  566
 100  566
 100  549
 100  539
 176  366
 214  366
 214  380
 331  549
 329  380
 335  679
 335  561
 333  461
  18  461
 172  692
 172  677
 136  677
 136  374
 239  374
 269  374
 127  592
 295  614
  83  614
 252  438
 362  422
  57  422
 213  398
 213  532
 213  605
 254  605
 353  369
 353  421
 271  421
 126  421
 271  474
 126  384
 272  384
 228  384
 228  391
 272  401
 241  401
 150  384
 304  401
   9  401
   9  631
  40  488
  82  488
  82  680
  82  588
 110  588
 285  680
  73  488
  58  578
  15  424
 195  504
  67  398
 106  404
 106  526
 213  406
 324  658
 221  658
 221  464
 295  496
 338  651
  31  651
  31  617
  31  669
 142  651
 348  617
 348  654
 282  654
 199  654
 199  624
 226  654
  97  624
  97  507
 199  392
  64  654
  64  495
  87  456
  28  689
  28  595
  21  595
 305  685
 173  511
 120  511
 120  506
 209  506
 209  597
 209  664
 134  664
 331  515
  61  515
 308  515
 192  515
 192  550
 270  374
 175  378
 258  503
 275  503
 275  481
 330  503
  74  381
 356  381
 337  381
 337  533
 129  381
 129  570
  65  570
 337  675
  91  675
 114  570
 114  412
 300  412
 114  420
 332  487
 332  451
  52  451
  30  451
  52  371
  48  371
  56  438
   5  672
   5  536
   5  637
  62  637
  62  545
  58  543
 242  631
 242  599
 109  599
  54  537
  54  585
 264  585
 264  541
 264  382
 203  382
 297  698
  99  698
 364  698
 210  698
 364  565
  99  604
 119  604
 119  581
 124  625
 107  625
 311  658
 311  667
  74  394
 360  394
 360  385
 360  555
 149  555
 360  623
 295  524
 183  524
 282  697
  44  581
 141  438
 263  586
  70  586
 160  491
 208  586
 208  553
 246  553
 205  689
 331  671
   2  585
 333  678
 274  585
 324  620
 325  598
 267  598
 267  415
 321  415
 283  401
 320  487
  53  500
  37  462
 253  550
 124  634
 110  573
  95  549
 216  568
 223  424
 223  618
  23  633
  98  462
  98  522
 151  522
 159  398
 159  440
 159  686
 168  686
 249  686
 249  535
 160  432
 238  597
 238  448
  13  448
  13  509
 357  663
 236  663
  29  663
 199  470
 274  548
 215  482
   4  461
   4  519
 115  622
 288  622
 296  622
 315  459
 203  673
 350  673
 350  403
  88  545
 270  466
 232  466
 237  578
 237  373
   1  373
 138  373
 102  373
 102  489
 156  440
 156  547
 247  547
 276  394
 308  402
 103  671
  77  659
  34  399
 261  577
 206  577
 219  679
 219  615
 299  615
 316  615
 342  623
 137  595
 137  437
 137  613
 294  437
 212  520
 287  660
 250  660
 251  504
  35  648
 159  525
 320  611
 122  611
  51  611
  51  468
   1  516
  96  487
 342  575
  43  575
  43  571
 207  420
 362  646
  71  508
  71  446
  71  418
 127  530
  81  412
  71  465
 128  465
 193  465
  49  626
 160  427
 113  427
 123  389
 163  389
 319  582
  78  552
 147  552
  54  546
 183  665
 354  665
 354  476
 354  644
  11  476
  11  409
 339  633
 339  416
  38  416
 339  442
 339  490
 285  643
 184  643
 285  486
 295  454
  27  680
 130  454
 200  473
  45  486
 174  539
 174  699
 180  571
 286  693
  22  545
 265  410
  19  607
 201  685
 201  479
 269  596
  32  395
  32  602
 157  637
 157  501
 172  376
 116  688
 244  459
 314  598
 220  547
 220  475
   6  475
   6  477
 220  426
  86  429
 313  490
 313  430
 186  638
 233  532
 233  492
 217  607
  10  605
  10  407
 318  407
 301  407
 245  521
  22  497
 326  497
 264  428
  66  502
  76  675
  90  400
 176  593
 165  559
 171  559
 171  397
 197  397
 271  517
 251  594
 347  466
 236  457
 133  493
 293  493
  94  429
 262  609
 187  421
 355  465
 298  605
 298  642
  25  656
 324  655
  72  655
  12  655
 155  655
 155  700
 231  700
  67  419
 195  579
  69  579
 283  580
 312  677
 144  528
 345  665
 276  600
 209  483
 108  471
 108  444
 306  670
  67  687
  28  587
 222  438
  22  375
 104  650
 225  455
  23  632
 295  674
 111  674
 111  682
 152  452
  47  542
 158  542
 100  458
 229  451
 204  685
 283  390
  16  632
  16  584
 320  681
 344  681
 280  584
 286  639
 287  652
  80  698
 328  613
 284  408
 188  449
  67  478
 277  478
  79  445
 218  391
 178  474
  96  518
 161  518
 351  436
   8  628
 143  638
 188  417
  84  644
  92  455
 120  453
 140  591
 140  435
 213  567
 303  596
 144  396
 243  396
  32  383
 148  619
 181  687
 135  494
  78  621
  86  413
 214  636
 359  384
  85  612
  86  564
  95  423
 136  467
 281  390
 198  655
   3  393
  73  513
 302  365
 190  524
  84  529
 328  583
  75  668
