 399  401    1200
  61  705
 372  622
   7  662
 271  556
 319  553
  47  662
 256  708
 148  780
  40  486
  76  621
 341  449
 317  737
 248  406
 159  694
 213  554
 248  574
 364  693
 287  531
 248  711
 223  671
 365  731
  85  771
  80  694
  20  628
 147  680
 161  772
  49  753
 176  455
  21  652
 200  447
 107  785
 109  470
 178  552
  10  444
 250  415
 289  653
 258  635
 306  780
 251  651
 159  481
  72  539
 101  561
 209  580
 178  612
  92  574
 232  699
 241  726
 137  458
 364  555
 315  500
 134  401
 259  799
 334  736
 177  788
 243  442
 382  766
 338  431
  87  484
 149  651
 184  463
  84  628
 118  586
  64  673
 237  437
 207  697
 146  595
 190  477
 274  439
 186  656
 264  524
 352  732
 187  409
 369  545
 200  710
 135  747
  19  609
 275  624
 215  504
 312  551
 144  417
 108  485
 171  477
 162  419
   6  578
 378  636
 306  711
 238  479
 107  497
 129  686
 327  411
 130  699
 167  473
  83  760
 123  493
 103  780
 252  712
 303  671
 254  457
 105  730
 216  439
 390  701
 149  654
 175  405
 260  585
 181  580
 395  725
   7  610
 259  463
 367  778
 310  778
 224  518
 289  458
 173  719
 314  666
  12  551
 315  504
 186  724
 344  455
 180  693
 174  690
 277  487
 211  480
 252  752
  72  636
 308  631
 269  429
 280  579
 227  552
  53  425
 107  792
 164  646
 309  531
 243  439
 273  769
 111  765
 221  425
 340  416
 280  653
 391  605
 309  615
 363  518
  37  623
  92  758
 308  468
 295  606
 254  720
   3  478
 347  686
 342  694
 102  799
 134  570
 223  506
  55  503
  51  578
 328  718
 180  670
  59  570
 101  507
  88  491
 380  482
 318  573
  56  589
 345  637
 244  741
 286  538
 124  505
 107  734
 198  442
 322  467
 122  781
 250  506
  79  428
  99  472
 172  723
 268  469
 183  576
 374  706
  91  735
 383  722
 314  612
 225  649
  67  597
 399  661
 202  474
 292  556
 391  730
 287  514
 283  668
 100  465
 334  606
 264  717
  86  741
 375  755
  62  467
 212  558
 246  577
 214  598
  91  655
 192  419
 386  653
 256  772
 164  563
 209  614
 255  725
 184  703
  73  648
 351  437
 107  654
 204  752
 375  658
 234  754
 190  583
 350  709
 176  682
 245  540
 355  692
 190  789
  78  529
 391  461
  79  526
  49  405
  30  715
 337  732
 368  687
 210  759
  70  602
 397  487
 171  550
  47  680
 376  775
  27  402
 276  680
 201  626
 167  407
 395  508
 164  593
 118  699
 234  653
 314  430
 392  748
 198  415
   1  656
 391  756
 340  666
  77  439
 260  774
 102  710
 183  516
 273  632
 394  421
  79  685
  87  552
 397  732
 147  704
 188  627
 303  751
 164  501
 293  428
 167  472
 227  579
 279  583
  91  491
 313  481
  13  627
 334  560
 307  561
  86  767
 180  407
 384  722
  54  610
  57  522
  42  404
  68  436
 208  488
  79  716
 348  646
 293  517
  36  691
  17  738
 220  445
 206  738
  52  797
 195  766
 207  577
 189  736
  40  677
 269  687
 241  612
 160  595
 244  639
  76  443
 179  586
 116  692
 104  798
  25  410
 233  475
 110  600
  82  721
 258  723
 170  511
 328  556
  85  766
 365  466
 173  672
 274  464
 252  466
 184  563
 285  534
 188  718
 382  533
 126  610
 174  539
 172  597
 348  590
 291  542
 345  419
 304  643
  76  751
 302  493
  23  626
 368  405
 226  741
  81  726
 104  475
 192  766
 322  775
  47  573
 279  651
 389  495
 102  455
 357  583
 252  663
 340  587
 217  795
 358  449
 365  606
 263  674
 117  793
 301  544
 267  446
 253  714
 396  591
 182  545
  78  730
 272  567
 116  787
 316  713
 139  672
 187  613
 238  510
 106  666
 192  793
 318  703
 196  458
 316  565
 368  483
  96  475
 358  611
 330  499
 226  430
 333  703
 264  791
  36  710
 367  585
  32  721
 222  679
  66  654
 337  552
 109  537
 325  520
 149  668
  43  483
 315  703
 264  563
 318  712
 328  537
 276  747
 280  762
 291  418
  15  630
 262  764
 179  617
 363  535
 324  514
 269  749
 191  544
 385  767
 337  422
  67  705
  51  436
 144  706
  32  773
  51  425
  17  408
 269  627
 189  477
 253  735
  40  649
 174  607
  89  433
 330  659
 220  525
 125  525
   8  525
   8  596
   8  748
 100  748
 100  788
 100  559
 100  488
  52  488
 275  488
  52  697
 133  697
 133  612
   4  612
   4  453
 275  792
 275  756
 395  756
 395  490
 395  455
  41  455
 222  488
 222  776
   8  572
 361  572
 275  732
 199  732
  76  732
  76  786
 113  786
 113  485
 113  422
 362  422
 353  485
 353  417
 131  485
 391  417
 210  417
 210  578
 301  578
 301  582
 327  582
  31  582
 382  582
  31  670
 398  670
 398  764
 398  435
 313  485
 313  564
 313  424
 113  790
 100  519
  49  612
  49  504
  49  532
 361  618
 306  618
  49  404
 361  598
 140  598
 307  598
 307  715
 376  598
 376  420
 376  433
 376  716
  42  420
 165  420
 165  452
 165  446
  86  446
 389  485
 389  546
  35  546
  17  546
  17  780
 128  780
  17  678
  87  678
  87  468
 162  678
 153  678
 153  782
 188  780
 173  572
 173  585
 173  663
  22  663
  22  447
 365  447
 105  748
 105  761
 271  761
 230  761
 246  761
 246  445
 310  445
 310  643
 224  643
 224  750
 224  779
 289  779
 271  480
 237  480
 230  550
 308  779
 308  638
 224  679
 310  621
  66  621
 180  761
 180  757
 105  436
 209  436
 209  508
 131  472
 336  472
 336  503
 336  659
 106  503
 106  444
 123  503
 123  457
 189  457
 127  457
 127  632
 127  672
 263  672
 309  503
 309  783
 316  783
   1  783
 199  516
 356  516
 356  450
  57  450
 356  771
 205  771
 205  536
 205  763
 393  763
 333  763
  26  436
  26  565
  26  662
  26  724
 313  668
 253  668
  36  668
 376  705
  75  705
 238  705
 238  419
 238  640
 171  705
  17  479
  33  479
 171  531
 314  531
 314  695
 155  445
 155  647
 102  647
 102  690
 392  690
 392  540
 118  540
 144  647
 144  448
 144  432
 144  558
 338  558
 338  580
 371  580
 371  728
 371  772
  38  772
  38  515
  77  515
 363  515
 363  751
 193  751
 193  727
 170  727
 170  581
 170  637
 377  637
 377  700
 110  580
 146  580
 146  524
 101  524
 338  595
 101  747
  72  727
  72  494
 206  494
 206  641
 203  641
 250  727
 250  622
 293  622
 293  474
 329  622
 329  501
 141  474
 141  569
 250  429
 315  501
 355  569
 355  510
 359  569
 167  429
 167  665
 141  575
 270  575
  68  429
  68  539
 124  539
  68  627
 335  627
 335  456
 233  456
 233  449
  68  442
 157  442
 154  442
 154  730
 157  496
 279  730
 279  633
 280  633
 280  400
 213  400
 280  590
   9  590
 115  633
  54  400
 115  717
 145  717
 145  541
  32  541
  32  584
 120  584
  78  541
  78  692
  78  522
  50  692
  50  593
  74  593
  74  543
  78  767
  21  496
  21  514
 252  730
 252  538
 117  538
 252  469
 375  469
 186  538
 375  664
 396  664
 396  800
 117  544
 294  544
 375  620
  94  620
  94  752
 300  620
 300  571
  40  571
 115  591
 268  591
 320  442
 320  451
 136  451
 136  683
 320  736
  97  683
  97  509
   9  526
 244  526
  20  584
  20  512
 252  403
 297  403
 320  534
  54  414
 218  403
 218  797
 244  410
 187  410
 187  600
  70  797
  70  656
  70  484
  70  744
 151  484
 290  484
 187  423
 344  423
 388  423
 388  708
 351  423
 351  475
 351  492
 276  492
 276  681
 276  754
 152  754
 112  754
 399  754
  45  708
  45  658
 159  708
 159  712
 101  680
  15  509
 399  603
 367  603
 367  611
 245  510
 206  684
 182  514
 182  507
 182  655
 168  655
 202  655
 168  645
 168  406
   5  645
 121  507
 214  507
 214  607
 214  545
 281  545
 214  675
 168  425
  93  425
  93  427
 219  427
 168  528
 122  528
  67  528
 122  439
 202  411
 337  509
 350  522
 350  617
 350  464
  90  464
  90  499
  90  548
 350  624
 129  624
 262  624
 350  702
 318  702
 318  604
  91  423
  91  533
 241  533
 216  611
 136  791
 347  791
 347  635
 347  408
 227  635
 227  606
   5  470
 252  737
 243  737
 243  628
 243  443
 198  628
  30  737
 111  628
  30  636
   5  625
 150  700
 255  499
 255  486
   6  486
   6  483
 331  486
 255  719
 217  486
  65  469
  65  653
 397  653
 397  434
  65  651
 387  653
 347  794
  19  794
 298  794
 196  794
 298  657
  19  527
  59  527
  59  789
 208  527
 208  463
 378  789
  59  495
 261  495
 291  470
 291  615
 291  430
 184  430
 291  577
 324  633
 324  769
 147  769
 147  579
 312  747
 255  784
 302  784
 302  646
 265  646
 302  467
  28  467
  28  760
  85  760
 234  760
 234  491
 234  799
 296  799
  18  491
 296  781
  24  799
  24  762
 319  762
  24  547
 330  547
 107  781
 107  407
 332  547
 267  407
 267  553
 341  553
 116  553
 326  553
 326  704
 326  405
 273  799
 273  416
 273  775
  46  775
  46  487
 334  775
 334  489
 334  511
  24  774
 305  774
 305  431
 139  431
  82  431
 234  428
  37  428
 386  428
 386  742
 386  694
  83  694
  83  421
 285  421
 285  745
  44  745
  44  734
  24  682
 239  496
  92  571
  92  631
  92  706
  27  631
 325  706
 236  706
  58  595
  58  401
 254  546
 254  718
 254  721
 204  718
 211  463
 211  481
 197  481
 197  459
 197  613
 274  459
 274  766
 197  698
  67  466
 126  430
 142  708
  76  437
 277  600
 177  470
 260  779
 384  684
 281  785
  62  785
  62  460
 304  776
  95  424
  95  555
  95  583
  95  599
  47  532
 299  534
 201  635
  19  537
 286  537
 104  698
 364  690
 364  602
 160  756
 113  566
 164  566
 349  424
 223  532
 223  574
 178  574
 114  574
  79  467
  79  614
  64  635
  64  798
   4  520
 266  451
 253  505
 272  505
 391  616
 354  616
 308  711
  39  467
  39  710
 259  710
 167  440
  66  461
 288  766
 288  649
 130  649
 122  462
 164  749
 178  551
 363  477
 124  650
 107  677
 261  787
 156  787
 284  615
 284  567
 258  757
 258  735
 287  519
 264  479
  73  636
  73  454
 200  423
 200  703
 200  438
 154  687
  89  687
  56  543
 374  420
 323  617
 323  661
 323  725
 379  424
 369  702
 369  759
 372  759
 107  777
 183  777
 132  777
 229  800
 229  673
 172  673
 348  673
 195  719
 360  519
 249  682
 150  500
 181  514
 249  415
 280  554
 181  556
  77  686
 137  556
 137  521
 137  739
  11  521
 267  639
 226  524
  48  467
  48  560
  48  707
  16  785
  16  523
 343  523
 343  740
 257  740
 257  795
 248  795
 343  576
 377  758
 175  758
 369  562
  34  737
 383  611
 383  652
 383  498
 285  793
 203  731
   3  556
   3  506
   3  688
  10  688
  10  426
   3  667
  81  667
 381  667
 270  465
  47  642
 148  642
 168  630
 390  630
 358  569
 109  584
 109  563
 175  773
   2  443
   2  674
 228  750
  27  644
 346  477
 346  588
 158  588
  12  680
  63  408
  13  454
 286  720
 251  720
 347  594
  80  432
 357  533
 388  723
 352  788
 251  746
 368  746
 368  755
  96  755
  28  722
 385  400
 385  568
 311  762
 210  701
 394  701
 394  689
  23  431
 331  476
 247  476
 103  532
  14  766
  14  738
  84  738
  84  713
 216  557
 342  557
  42  412
 192  412
 212  412
 192  592
  29  592
  29  619
 135  592
 135  685
 316  513
 386  768
  44  623
 207  593
 322  551
  99  498
 328  798
  41  441
 317  623
 190  715
 190  660
 282  660
   7  513
 201  542
 345  769
 345  699
 345  765
 176  765
  36  676
 221  676
 221  586
 240  586
 343  458
 292  438
 389  626
  38  671
  36  502
 157  629
 344  597
  71  428
 119  448
 213  493
 191  493
 101  691
 321  691
 149  691
 179  691
 179  609
 163  691
 108  503
 106  561
 166  653
 166  482
  51  482
  51  770
 276  654
 185  654
 185  696
 339  546
 339  605
 120  529
  95  778
 380  605
 102  601
 366  486
 366  610
 242  489
 101  409
 283  676
 169  556
 169  517
 358  587
 326  666
 367  589
  85  741
 235  597
 138  613
 385  743
  56  518
  69  518
 328  726
 132  714
 115  549
  61  663
 345  413
 231  743
 231  693
  92  648
 143  632
 290  570
 241  733
 161  650
 225  467
  55  560
 134  441
 361  709
 215  709
 297  418
 228  729
 278  486
 396  530
 295  639
  97  796
 303  594
 205  608
 254  497
 163  753
 269  467
  60  527
 371  478
 340  447
  88  610
 256  486
 173  552
 370  707
  25  532
 151  573
 177  402
  37  535
  53  695
 174  743
 323  669
 232  585
 373  776
 194  495
 289  473
  43  776
 204  634
 257  471
  98  732
