2
61 61
1 0 96 66 101 103 106 75 108 109 78 79 81 114 83 116 117 92 62
1 40 64 96 99 68 100 102 71 104 107 77 112 113 114 117 86 118 120 121 93 94
1 18 64 65 66 99 68 85 118 73 90 107 108 62
1 4 97 100 72 74 106 107 111 81 82 115 118 88 89 90 92 94 95
1 30 65 97 101 102 73 105 106 108 78 79 116 85 88 89 90 94
1 5 96 65 98 68 100 71 75 78 79 111 116 91 62 94 63
1 23 96 65 97 99 100 70 103 72 106 74 75 76 108 110 112 113 116 86 94 62 95 63
1 7 96 97 65 67 99 68 101 69 70 72 75 108 109 79 111 82 84 121 61 95 63
1 36 64 97 65 99 68 105 73 107 110 81 82 114 115 84 89 94
1 34 65 98 66 101 71 104 73 75 109 77 78 113 115 86 118 119 89 121 92 61
1 13 64 97 65 68 101 72 105 79 80 113 82 115 84 117 86 87 91 61
1 11 97 98 66 67 100 104 75 109 80 112 113 82 84 116 118 120 91
1 1 96 99 100 69 101 72 107 108 109 78 79 80 81 114 84 116 85 87 119 62
1 24 64 65 99 67 69 70 103 73 74 75 78 80 112 113 84 119 88 121 61
1 45 65 98 66 99 101 70 103 71 104 73 106 75 77 113 83 85 87 121 91 92 93
1 10 96 65 66 67 68 101 72 106 108 110 79 111 80 81 82 114 84 116 90 93 95
1 28 96 98 67 68 103 71 91 76 77 95 63
1 31 96 103 104 73 75 77 81 82 114 86 89 92 61 95
1 15 96 64 99 69 102 107 80 81 83 84 90 95 63
1 17 65 98 99 67 100 68 73 106 75 114 83 117 91 61 94 63
1 32 96 99 84 70 87 119 106 92 93 61 94
1 12 65 66 67 68 75 76 77 79 80 83 85 92 93 96 97 98 102 105 106 108 110 113 115 117 119 120 63
1 41 100 101 102 70 71 73 106 76 112 82 114 115 116 118 119 89 91 92 93 95
1 39 64 97 101 102 86 118 73 93 110 94 95 111
1 38 96 65 66 101 69 70 102 75 76 108 111 112 81 113 82 114 84 85 86 87 120 89 121
1 48 98 70 103 105 73 107 76 78 110 83 116 117 120 121 92 93 61
1 6 97 67 101 70 103 71 72 104 73 75 109 110 79 81 113 84 117 90 93 63
1 8 64 97 98 103 106 107 108 79 82 115 86 119 91 92 63
1 29 96 65 98 66 99 69 102 71 104 72 75 107 109 82 83 86 88 89 121 90 91 94 63
1 9 64 97 68 69 103 104 105 73 77 109 78 79 111 112 81 83 115 116 119 121 91 92 61 63
1 3 97 65 66 68 69 73 75 76 80 81 113 84 85 86 88 89 90 91 92 62
1 26 64 65 67 68 69 70 72 73 78 83 85 87 88 92 95 96 97 98 99 100 101 104 109 114 117 118 119 61 62
1 2 64 97 65 98 68 102 71 79 80 113 114 83 84 118 87 119 88 120 121 90 92 61
1 27 96 98 67 68 69 101 104 73 112 113 114 83 116 86 88 93 94 62 95
1 14 65 67 70 72 73 74 79 80 81 84 85 89 90 91 93 95 97 100 108 109 111 116 120 61 63
1 16 97 66 82 67 101 117 107 91 92 108 62 111
1 21 97 100 103 77 109 110 79 111 80 81 114 84 88 91 92 61
1 37 65 69 104 80 81 115 116 117 118 119 120 121 91 61 62 94 95
1 20 96 97 67 99 100 101 102 71 72 106 75 76 109 117 86 121 91 94 63
1 47 116 69 85 86 87 119 92 108 109 62 95 111
1 25 65 66 100 69 101 76 110 79 81 82 114 85 120 121 90 91 93
1 35 99 102 71 72 73 106 76 77 112 116 119 120 92
1 49 97 66 101 102 70 104 106 74 78 80 112 81 116 87 88 89 121 61
1 43 97 98 66 69 71 105 108 112 113 85 118 120 91 94 95
1 44 64 65 99 67 69 70 102 71 104 109 78 110 111 82 83 117 119 88 61 95
1 33 65 98 66 99 70 103 107 78 110 79 80 112 83 84 116 86 118 88 92 61 95
1 46 67 68 70 103 104 105 74 108 78 80 81 87 88 121 93 94 95 63
1 19 96 97 66 99 67 70 105 77 80 118 88 91 62
1 22 65 97 66 98 100 69 102 107 76 110 80 113 83 118 120 89 90 91 61
1 42 64 67 68 69 102 103 106 77 78 110 112 113 115 84 88 89 62
0 50 100 69 70 71 72 107 111 112 113 114 82 118 119 120 91 93 63 95
0 51 97 99 67 100 70 104 73 105 109 78 111 79 82 116 117 86 118 121 92
0 52 97 68 70 71 74 75 76 109 78 113 115 84 117 85 118 119 121 90 91 92 93 62 63
0 53 97 67 100 102 71 104 105 74 112 113 81 114 116 117 85 118 119 87 121 61 94
0 54 65 99 100 70 103 71 72 78 80 113 82 117 88 89 121 92 95
0 55 96 67 99 100 103 71 105 73 107 76 108 113 115 83 85 118 86 87 120 61 94 62 95 63
0 56 67 100 106 108 78 79 111 112 113 82 116 120 121 91 92 61 62
0 57 96 67 99 70 73 108 110 80 113 82 118 89 90 93 63
0 58 104 111 80 112 81 82 117 85 86 120 91 61 94 95
0 59 98 67 100 69 71 105 75 77 79 113 117 85 87 88 120 121 90 92 93 61 62 95
0 60 98 99 68 105 73 76 109 78 110 79 111 112 113 115 83 85 118 121 89 93
1 30
1 1
1 2
1 29
1 24
1 18
1 17
1 7
1 27
1 48
1 47
1 6
1 38
1 14
1 5
1 25
1 42
1 22
1 0
1 10
1 16
1 26
1 9
1 11
1 23
1 37
1 32
1 35
1 44
1 3
1 13
1 28
1 49
1 40
1 34
1 8
1 4
1 33
1 31
1 19
1 21
1 41
1 43
1 46
1 36
1 45
1 15
1 12
1 20
1 39
0 111
0 112
0 113
0 114
0 115
0 116
0 117
0 118
0 119
0 120
0 121
