2
40 80
1 0 70 41 74 75 44 77 109 46 49 114 51 53 60
1 1 65 101 71 72 42 74 76 78 81 49 84 53 117 90 91 92 63
1 18 96 67 99 70 104 45 77 110 79 81 83 118 87 56
1 8 98 42 76 44 79 81 114 116 53 119 88 57 90 60
1 4 65 97 40 73 44 78 111 48 83 115 116 61 95
1 3 98 44 45 47 79 81 50 82 85 54 55 89 58 93
1 6 51 115 117 88 74 60 45 47
1 7 80 50 83 116 85 86 119 88 104 46 47
1 2 96 98 83 68 70 87 41 90 78 79
1 9 96 98 68 40 41 42 43 75 107 47 111 80 50 117 54 88 89 61
1 10 65 51 83 68 101 87 105 59 43 61
1 11 51 99 86 71 104 73 58 106 108 78 46 63
1 12 69 70 41 74 43 108 45 46 79 112 49 82 83 115 116 54 118 57 89 92
1 21 66 98 68 100 101 105 74 106 43 76 44 82 115 53 54 93
1 14 48 52 84 117 55 103 56 74 76 63 111
1 15 113 114 68 118 74 62 46 94
1 19 96 98 99 100 69 103 74 77 109 46 48 82 86 118 56 57 91 60 92
1 17 100 101 71 42 82 115 52 84 116 85 118 59 94
1 24 48 66 98 67 52 68 84 86 109
1 16 80 64 96 114 67 70 119 57 42 93 79
1 20 66 98 67 104 73 43 111 80 48 51 55 57 89 58 91 93 94 95
1 22 50 102 119 103 72 105 44 60 108 79
1 13 65 40 107 44 77 113 50 51 84 116 56 89 58 61
1 23 102 104 41 73 74 75 107 110 111 50 115 116 89 90
1 5 64 99 100 70 102 75 107 44 108 109 46 112 81 50 59 63
0 25 96 66 68 102 104 106 74 44 109 45 111 112 48 114 116 86 118 57 59
0 26 99 74 109 45 111 112 50 115 117 119 88 91 59
0 27 114 101 103 104 57 74 90 107 91 76 60 111
0 28 96 104 41 105 42 74 108 46 82 117 86 55 88 56 57 93
0 29 96 97 65 68 101 69 102 103 73 75 46 114 55 119 60 92 95
0 30 64 67 42 109 110 79 111 115 52 117 54 118 119 89 91 61 95
0 31 96 97 65 106 107 44 109 110 111 53 117 90 91 93 62 63
0 32 96 66 99 100 102 42 43 111 114 84 117 86 90 60 94 62 95
0 33 96 97 100 101 102 72 110 111 112 114 55 90 91 92
0 34 97 116 102 119 104 75 45 61 46 110 79
0 35 96 99 70 71 72 41 75 107 46 113 49 81 51 116 84 118 55 90 91 59 92 95
0 36 113 99 117 87 73 42 79
0 37 67 101 40 41 106 108 45 110 112 81 114 115 116 119 90 62
0 38 96 98 41 44 80 82 51 53 118 55 89 90 93 95 63
0 39 114 98 50 115 86 58 59 60
1 48
1 23
1 8
1 29
1 4
1 24
1 7
1 3
1 43
1 0
1 25
1 6
1 49
1 13
1 22
1 15
1 42
1 31
1 20
1 39
1 41
1 14
1 36
1 11
1 30
1 10
1 26
1 27
1 28
1 12
1 18
1 17
1 32
1 33
1 34
1 35
1 21
1 37
1 1
1 16
1 40
1 5
1 19
1 2
1 44
1 45
1 46
1 47
1 9
1 38
0 90
0 91
0 92
0 93
0 94
0 95
0 96
0 97
0 98
0 99
0 100
0 101
0 102
0 103
0 104
0 105
0 106
0 107
0 108
0 109
0 110
0 111
0 112
0 113
0 114
0 115
0 116
0 117
0 118
0 119
