2
31 61
1 0 65 67 55 40 57 44
1 3 33 66 51 67 85 55 87 41 59 77 62 47
1 2 32 65 51 83 70 41 73 58 76 63 79
1 17 32 64 50 73 74 61 62
1 4 66 86 56 59 60 77 62 47
1 5 64 33 81 69 70 45
1 6 80 32 33 81 51 38 86 41 74 76 61 31
1 7 32 66 68 40 41 74 76 45 46 79 49 51 52 84 54 91 62
1 8 69 85 40 88 42 74 58 59 75 62 63
1 18 49 34 82 72 42
1 10 64 66 67 39 41 43 47 81 84 54 86 88 58 60
1 11 48 33 49 67 85 38 88 41 89 75 60 63
1 12 80 51 54 86 58 59 91 60 46
1 13 65 38 86 40 73 45 78 31
1 14 32 53 37 70 71 41 42 75 60 62 46
1 15 66 68 37 39 40 73 42 43 44 78 51 52 54 88 90 62
1 16 52 84 57 58 90 44 78 62
1 23 64 65 68 72 76 44 77 46 47 49 84 53 91 60 62
1 9 32 82 67 36 53 88 89 44 46 47 79
1 19 80 65 50 89 91 61
1 20 35 71 39 42 44 82 53 54 86 56 57 62 63
1 21 64 35 83 52 55 87 72 88 73 58 74 90
1 22 66 70 71 40 74 43 62 78
1 24 81 36 85 87 57 73 75 91 76 77 62
1 1 33 69 37 70 38 39 40 72 76 45 78 55 90 59 91
0 25 81 82 84 56 42 91 76 31 63 47
0 26 32 34 83 54 71 90 76 77 46 62
0 27 33 49 35 84 53 86 89 73 42 90 76
0 28 66 50 82 34 83 52 69 71 90 63
0 29 35 85 53 87 40 56 89 58 74 43 77 78
0 30 33 66 39 41 42 43 79 81 82 50 83 53 57
1 13
1 24
1 2
1 18
1 46
1 36
1 6
1 0
1 39
1 8
1 5
1 19
1 22
1 49
1 10
1 29
1 23
1 32
1 28
1 30
1 12
1 21
1 27
1 15
1 1
1 20
1 26
1 25
1 3
1 35
1 17
1 31
1 11
1 33
1 34
1 16
1 9
1 37
1 38
1 14
1 40
1 41
1 42
1 43
1 44
1 45
1 4
1 47
1 7
1 48
0 81
0 82
0 83
0 84
0 85
0 86
0 87
0 88
0 89
0 90
0 91
