2
40 80
1 0 64 65 67 76 78 80 82 85 89 98 99 100 101 104 106 107 46 47 111 48 51 52 116 117 118 61 63
1 1 64 65 97 43 75 45 48 49 51 52 117 90 62
1 7 64 97 66 99 68 100 101 104 41 105 43 75 47 79 80 81 49 50 51 116 53 89 61 94
1 3 98 104 74 43 44 76 108 77 80 82 50 114 83 118 119 57 89 91 60 93 95
1 4 103 75 45 109 110 79 47 80 81 49 113 85 54 87 119 88 57 91 60 92 63
1 5 64 65 98 69 102 40 104 74 75 46 78 110 79 111 82 83 52 53 88 57 93
1 17 101 72 104 73 105 75 76 108 46 78 110 47 49 81 85 86 55 89 60 62 95
1 21 65 67 69 103 106 43 107 45 109 50 84 53 117 86 89 90 59 63
1 8 96 66 103 41 75 107 77 46 79 49 51 116 85 118 87 89 60 61
1 9 64 67 73 76 81 91 92 94 95 99 102 103 105 42 43 107 109 46 47 117 118 57 58 61 62
1 10 66 68 71 72 73 75 78 79 84 85 86 95 98 41 42 43 45 46 48 112 50 117 54 55 62 63
1 11 97 68 100 101 73 106 76 44 77 78 79 47 114 83 87 57 92 93
1 12 67 99 69 71 104 41 74 42 43 108 45 111 48 82 51 57 90
1 13 64 66 40 104 41 73 106 107 44 77 46 47 84 85 54 86 87 56 59 91 92 63 95
1 14 97 99 68 71 40 41 42 43 77 46 112 113 82 114 53 54 91 93 95
1 15 100 69 103 72 104 106 44 76 46 110 79 47 50 82 115 56 59 60 93 62 63
1 16 96 66 68 70 103 40 41 108 111 49 113 50 82 83 116 55 119 57 89 91 92 94
1 20 65 66 69 70 71 73 74 75 78 81 82 84 87 88 89 94 98 104 106 107 108 110 50 114 115 52 56 57 61 62
1 18 64 68 101 70 105 74 106 44 46 78 81 113 115 52 53 86 55 89 58 59 94 95
1 19 65 67 71 72 75 76 78 80 85 86 87 94 95 96 97 102 105 44 46 49 51 117 55 119 56 62
1 24 64 98 68 70 103 73 47 111 50 52 116 87 88 89 62 63 95
1 22 65 67 68 69 70 71 77 80 85 87 90 93 96 98 102 103 41 106 44 46 47 48 50 114 52 116 117 118 55 57
1 2 96 65 66 67 71 41 43 107 108 45 110 47 79 49 115 84 53 55 119 56 89 59 60 62
1 23 65 67 70 71 75 77 78 82 83 85 86 88 100 102 41 107 44 110 47 113 114 51 52 55 119 57 59 63
1 6 67 100 70 71 73 74 108 77 45 46 49 84 53 55 87 88 56 89 90 60 93
0 25 66 72 75 80 83 91 95 97 98 100 101 103 107 110 111 48 112 115 52 116 53 117 55 56 59 60
0 26 65 66 75 76 81 93 95 96 97 98 100 102 103 40 105 43 46 110 112 113 49 114 115 52 116 53 54 56 60 62
0 27 64 67 68 69 73 76 77 79 81 86 94 95 98 100 101 103 104 105 42 106 107 108 47 113 114 51 118 58 61 62 63
0 28 64 97 66 67 99 100 69 101 102 40 105 106 108 109 110 115 52 84 117 85 90 58 59 92
0 29 72 73 77 78 79 83 86 92 93 98 99 100 101 104 40 42 107 44 109 110 113 115 117 53 55 59 61 63
0 30 96 64 102 70 103 105 73 106 74 107 75 108 45 79 47 112 81 114 115 116 117 118 93
0 31 64 65 71 73 80 83 86 90 93 94 95 96 97 99 100 102 104 105 106 107 108 109 46 110 111 48 113 52 116 117 54 55 59 61
0 32 65 97 67 100 102 104 73 41 74 43 107 44 108 110 81 57 58 60 62 95
0 33 96 65 98 101 102 104 105 74 106 43 110 112 114 50 115 85 117 118 57 59 93
0 34 68 71 73 83 91 92 93 95 98 99 101 102 103 104 40 105 43 45 109 111 115 116 53 118 119 59
0 35 67 70 72 85 88 90 91 92 95 96 100 101 103 104 41 105 107 108 45 109 46 48 49 113 114 115 52 57 59
0 36 65 66 68 78 79 84 87 88 91 94 100 101 104 106 42 109 110 112 113 49 115 55 57 60 62
0 37 68 70 77 86 88 89 90 91 94 99 100 102 103 104 106 107 108 109 110 111 112 114 115 53 119
0 38 97 69 102 71 104 41 73 42 107 76 45 49 51 118 90 91 60 94 95
0 39 64 97 65 69 70 103 40 104 43 44 78 112 113 49 114 83 117 56 90 60
1 36
1 18
1 12
1 3
1 39
1 5
1 23
1 27
1 0
1 1
1 44
1 8
1 34
1 6
1 14
1 43
1 40
1 17
1 41
1 24
1 15
1 20
1 22
1 49
1 21
1 25
1 26
1 19
1 28
1 29
1 30
1 31
1 32
1 33
1 2
1 35
1 11
1 37
1 38
1 4
1 7
1 9
1 42
1 16
1 10
1 45
1 46
1 47
1 48
1 13
0 90
0 91
0 92
0 93
0 94
0 95
0 96
0 97
0 98
0 99
0 100
0 101
0 102
0 103
0 104
0 105
0 106
0 107
0 108
0 109
0 110
0 111
0 112
0 113
0 114
0 115
0 116
0 117
0 118
0 119
