2
80 80
1 0 128 97 98 133 138 140 111 144 115 148 149 151 122 157 158
1 41 113 145 146 149 118 105 154 140
1 2 135 104 139 140 109 81 146 83 147 84 85 87 151 92 126 158 127
1 3 100 101 107 108 109 143 113 145 147 119 153 93 157
1 6 113 84 116 135 120 104 121 139 92 108 109 127
1 19 98 130 141 81 113 115 147 84 117 87 119 90 94 159
1 32 129 143 144 113 145 114 115 84 119 155 125 93 94 158 95 159
1 7 128 98 103 114 82 147 116 148 86 118 153 91 94 127
1 34 129 130 101 133 134 103 108 144 113 116 87 124 92 158
1 20 128 96 97 130 111 144 117 85 120 154 123 92 157 94
1 10 98 99 101 103 106 142 80 83 116 84 87 154 124
1 38 128 99 116 117 103 119 123 155 94
1 8 97 98 131 100 104 106 138 144 118 88 120 91 127
1 26 130 99 84 148 118 86 103 88 122 107 140 93
1 29 96 102 134 104 142 111 146 117 118 89 122 154 123 92 125
1 15 114 98 99 85 87 103 137 91 155 125 109 142
1 24 114 82 133 136 122 90 158 95 159
1 42 96 80 144 114 115 100 105 154 92 108 143
1 18 99 102 139 143 145 114 115 83 148 118 88 121 154 157 126 159
1 49 130 84 117 133 118 119 87 135 151 92
1 44 112 146 131 103 136 137 106 140 158 143
1 22 98 104 139 112 144 115 147 84 116 117 85 86 155 125 94 95
1 16 131 108 141 111 143 145 114 148 119 120 121 89 90 154
1 36 129 113 116 155
1 30 130 100 103 104 105 143 115 84 149 120 88 89 153 154 158 95
1 12 112 80 97 130 131 134 89 137 122 124
1 4 128 129 98 103 139 109 112 144 82 148 150 120 89 153 122 91 123 92 94
1 1 98 83 117 101 136 105 122 155 125 126 127 111
1 27 128 132 105 108 140 109 142 82 117 85 149 118 88 121 154 123 155 94
1 46 96 82 98 132 133 102 88 153 123 124 110 158
1 23 99 100 132 134 103 107 108 140 109 110 111 81 145 116 84 85 150 88 94
1 43 128 132 102 135 104 106 141 111 144 114 115 84 148 117 119 120 152 89 153 154 123
1 13 98 99 131 136 107 109 111 80 144 147 116 117 87
1 40 102 134 105 112 144 113 114 115 148 117 86 87 151 88 120 123 155 92
1 21 144 130 146 84 103 89 108 92 156 93 110 127
1 11 146 116 85 86 152 126 111 143
1 28 96 129 99 135 107 110 111 80 116 149 119 153 122 155
1 31 80 81 114 99 147 100 123
1 25 128 105 137 110 113 82 115 116 86 118 119 152 121 91 125 94 95
1 37 114 88 137 106
1 9 129 100 132 101 139 109 112 147 84 148 119 152 153 95 159
1 35 137 90 139 92 125 157 111
1 17 97 99 135 137 107 143 80 146 85 120 121 89 156 125
1 45 113 114 116 117 85 155 124
1 33 128 131 101 102 107 139 140 141 145 84 118 86 88 123
1 39 80 97 129 98 147 117 133 102 105 122 107
1 48 100 133 107 143 112 113 145 114 146 86 150 87 152 153 123 124 156 93 157 158 127
1 47 130 115 118 86 107 124 140 110
1 14 99 132 102 134 138 139 108 110 80 144 84 116 85 119 151 152 121 126 95
1 5 96 97 81 129 130 83 148 86 87 121 108 143
0 50 130 131 133 134 138 139 107 110 147 117 150 88 153 154 159
0 51 129 131 102 134 103 104 105 109 110 142 144 114 150 151 88 91 123 125
0 52 134 137 139 110 111 144 145 146 115 148 152 90 155
0 53 114 98 131 151 136 139 155 127
0 54 128 97 146 99 133 120 88 153 108 157 94 143
0 55 134 135 104 137 110 142 111 145 84 149 118 150 151 120 152 122 123 125 127 95
0 56 145 97 149 85 106 141 157 142 158 126
0 57 131 132 133 103 137 138 139 107 108 83 148 89 154 122 156 158 159
0 58 99 131 135 136 105 137 138 140 141 110 112 144 145 83 115 149 152 157
0 59 128 99 131 103 104 106 139 140 142 112 81 117 87 119 90 92 158 95
0 60 100 133 102 138 107 108 111 143 112 145 146 148 86 87 88 153 158 159
0 61 137 138 106 140 109 111 112 80 147 152 120 94 158 127
0 62 97 132 139 141 109 143 146 84 149 155 124 126 159
0 63 130 99 132 133 134 106 140 144 145 115 147 116 148 149 119 121 154 156 125 126
0 64 144 130 148 132 149 150 86 137 138 142 111
0 65 96 131 136 138 140 111 112 147 148 85 87 152 122 91 126
0 66 144 115 101 152 120 123 107 141 143
0 67 129 131 132 134 136 108 143 114 115 149 150 87 91 125 94 158 159
0 68 128 97 129 100 102 136 139 108 143 80 113 88 157 159
0 69 98 99 131 101 103 105 138 142 112 113 117 149 87 89 154 124
0 70 128 80 145 98 147 133 150 86 103 120 136 156
0 71 129 98 138 107 144 151 88 152 121 89 154 155 92 157 95
0 72 101 136 105 141 143 144 145 81 84 118 152 121 154 93 127
0 73 129 132 100 137 139 108 80 113 82 114 87 155 125
0 74 130 131 101 135 137 107 143 80 84 85 150 151 154 122 123 92
0 75 96 129 131 99 133 135 136 137 138 106 108 142 80 113 81 116 84 149 152 93 157 94
0 76 128 130 134 135 137 105 107 140 141 114 147 151 153 155 156 157 125 158
0 77 129 131 102 137 138 108 142 143 145 146 147 116 89 91 155 95
0 78 128 130 99 133 134 106 138 142 143 111 145 147 124 159 95
0 79 131 134 103 137 141 143 145 81 149 150 120 90 122 155 91 92 125
1 43
1 3
1 15
1 1
1 23
1 13
1 24
1 5
1 42
1 12
1 30
1 11
1 37
1 17
1 19
1 9
1 28
1 6
1 0
1 7
1 40
1 16
1 47
1 31
1 25
1 46
1 33
1 39
1 21
1 4
1 34
1 32
1 22
1 41
1 45
1 49
1 26
1 36
1 38
1 10
1 8
1 14
1 20
1 48
1 44
1 29
1 18
1 2
1 27
1 35
0 130
0 131
0 132
0 133
0 134
0 135
0 136
0 137
0 138
0 139
0 140
0 141
0 142
0 143
0 144
0 145
0 146
0 147
0 148
0 149
0 150
0 151
0 152
0 153
0 154
0 155
0 156
0 157
0 158
0 159
