2
31 31
1 12 32 48 49 50 35 52 37 53 40 61
1 1 33 50 37 55 41 58 60 31
1 6 49 33 50 37 38 40 56 41 57 42 58 31
1 15 49 37 38 55 39 40 57 44 60 46
1 14 34 51 39 42 59 61 47
1 5 33 52 39 59 61
1 23 50 34 35 52 54 55 40 57 58 44
1 2 33 35 53 39 40 58 45 46 31
1 9 48 33 50 35 38 40 41 60 45 46
1 10 32 34 36 37 38 41 42 45 53 54 59 61 31
1 17 48 33 35 51 36 52 41 57 42 46 47
1 11 48 32 33 49 50 35 37 53 38 54 42
1 4 33 37 55 40
1 0 48 52 41 57 42 60 45 46 31 47
1 3 50 51 37 57 59 46 31
1 22 32 48 37 54 57 43 60 46
1 16 32 50 54 40 41 57 42 58 43 44 45 61
1 18 52 53 54 57 43 45
1 24 32 38 40 41 42 43 44 48 50 51 55 56 58 59 60
1 19 32 34 51 52 55 39 40 41 43 61
1 7 48 50 39 57 42 58 60 45 61 46
1 21 48 49 34 51 38 39 40 43 47
1 8 49 35 52 56 41 57 42 31
1 13 32 49 51 35 52 39 55 45 31
1 20 34 51 38 56 57 43 59 60
0 25 35 38 41 60 44 61 31
0 26 36 37 54 56 57 41 43 44 60 61
0 27 50 35 38 54 40 41 58 59 47
0 28 35 38 56 41 57 43 60 45 46 31
0 29 32 49 37 39 40 58 44 61 45 31
0 30 33 51 36 54 39 57 60 46 47
1 0
1 16
1 4
1 22
1 9
1 14
1 2
1 12
1 5
1 11
1 7
1 3
1 24
1 19
1 1
1 10
1 17
1 15
1 8
1 6
1 23
1 20
1 18
1 13
1 21
0 56
0 57
0 58
0 59
0 60
0 61
