2
40 40
1 15 48 61
1 18 53 69 62
1 2 55
1 9 57 47
1 14 52 54
1 21 64 40 74 63 79
1 7 40 72 46
1 20 68 59 60 77
1 22 62
1 1 66 58
1 4 68 59 44
1 12 65 51
1 8 49 50 42 79
1 10 54 71 45
1 17 66 54 41 59
1 0 56 76
1 11 57
1 23 64
1 5 67 72 45
1 19 51 46 63
1 3 71 43
1 16 72 76 62
1 24 64
1 13 69 57
1 6 74 46
0 25 56 76
0 26 71 74 63
0 27 64 67 70
0 28 65 66 56 72 62
0 29 50 43 44 78
0 30 67 70 74 75 45
0 31 71 75
0 32 64 65 73 46
0 33 49 44
0 34 61
0 35 77
0 36 65 69 70 78
0 37 77 78
0 38 73 75 62
0 39 62 79
1 21
1 17
1 8
1 3
1 4
1 5
1 6
1 10
1 15
1 9
1 7
1 12
1 13
1 18
1 14
1 2
1 0
1 11
1 1
1 19
1 20
1 16
1 22
1 23
1 24
0 65
0 66
0 67
0 68
0 69
0 70
0 71
0 72
0 73
0 74
0 75
0 76
0 77
0 78
0 79
