2
61 61
1 22 64 66 99 69 102 71 104 72 73 105 74 78 79 80 82 86 87 120 92 93 61 62 94
1 1 97 67 99 68 101 69 70 71 106 74 75 77 110 81 83 87 119 120 61 63
1 13 64 66 99 104 106 76 109 112 81 83 115 84 85 86 90 91 92 93 61 62
1 43 64 65 100 69 101 72 77 109 78 81 82 83 116 86 121 62 95
1 2 64 67 100 72 104 73 74 107 109 78 110 79 112 82 83 85 117 86 91 92 93 62 63 95
1 24 64 66 100 72 74 111 112 82 83 85 119 120 89 90 92 62
1 37 97 67 101 70 72 104 73 107 109 82 114 83 115 84 89 90 92 61 93
1 18 96 67 101 103 105 74 107 76 77 110 111 112 82 117 86 118 87 89 121
1 6 96 98 101 70 71 73 105 107 76 77 111 80 112 113 83 118 62 63
1 26 96 64 102 70 71 104 72 105 108 78 79 82 85 117 86 87 88 89 90 92 62 94
1 23 96 68 102 103 105 74 78 110 111 113 82 86 87 119 120 89 91 92 61 94 95
1 11 64 69 72 77 110 112 81 115 116 85 117 89 62 95
1 38 96 65 97 98 100 70 102 103 74 75 109 77 79 80 81 117 118 119 89 63
1 3 64 98 66 71 72 108 77 109 110 78 117 91 93 62 95
1 33 114 67 103 88 73 106 90 92 109 94 95
1 40 97 99 70 103 105 107 75 76 109 82 119 91 92 62 94 63
1 16 98 67 100 68 69 102 105 74 110 80 82 117 87 119 91 63
1 0 64 66 99 101 77 79 111 82 83 85 118 87 89 121 92 93 62
1 35 97 100 69 102 73 106 107 76 110 111 112 81 117 86 118 88 120 89
1 20 64 75 107 76 108 109 114 116 118 90 92 93 61
1 25 96 65 98 99 68 100 101 70 102 103 76 110 78 111 112 85 86 88 120 90 92 61 62 95
1 36 97 65 98 99 70 103 74 106 80 83 115 119 88 62
1 14 65 101 103 72 104 73 106 76 110 80 112 113 114 83 117 118 121 61 62 95
1 30 64 100 70 104 72 106 74 109 111 112 81 86 120 89 93 94
1 44 97 66 99 100 69 105 76 108 115 84 116 85 118 87 119 88 89 90 92
1 15 64 96 98 100 101 103 72 73 75 109 78 113 85 117 87 95
1 34 64 97 70 108 76 77 109 78 81 118 88 91 61 94 62
1 48 65 99 67 69 70 71 105 73 106 108 110 111 80 112 115 84 86 87 61 62
1 45 80 97 113 66 68 86 71 75 76 109 111
1 32 64 67 102 70 105 106 75 81 113 82 116 117 86 92 61 93 94
1 8 67 68 71 72 77 78 79 82 83 86 87 93 97 100 101 102 103 104 107 108 110 111 114 115 61 63
1 7 96 64 65 67 101 102 103 71 74 110 111 81 82 83 92 61 94
1 31 64 65 99 67 103 71 104 72 105 74 75 108 109 116 86 89 121 61 93 94
1 47 100 69 101 70 71 103 76 108 115 88 89 121 91 92 93 94 63
1 27 99 103 73 105 106 75 77 110 78 79 111 114 115 87 119 88 89 121 95
1 9 64 97 98 67 100 101 69 102 108 110 79 82 115 116 117 118 87 119 121 92 93 61 94 62
1 4 67 71 104 72 108 76 109 77 81 114 85 88 93 63
1 10 65 99 68 102 71 72 76 79 83 115 84 116 86 119 120 61 93 95
1 12 98 68 102 71 72 104 73 76 109 110 113 114 83 86 118 119 120 90 62 95
1 21 97 65 66 67 99 102 104 74 106 107 75 76 108 79 80 113 115 85 117 87 93 94 62
1 28 64 98 100 69 102 71 72 73 105 75 76 111 80 81 84 116 117 118 89
1 5 96 68 100 70 104 72 73 77 109 79 111 83 86 87 119 120 121 90 91 61 95
1 42 65 98 99 68 105 106 74 108 109 110 81 113 120
1 29 96 104 106 107 75 109 81 113 121 91 61 63 95
1 41 82 98 99 116 69 70 118 72 89 105 107 61
1 19 64 96 98 74 107 75 77 79 111 80 81 115 117 119 120 63
1 46 112 113 66 67 69 101 71 105 89 106 76
1 39 66 99 100 102 72 105 108 109 78 83 117 87 88 121 90 92 94
1 17 64 65 69 70 75 77 79 83 84 85 88 89 90 91 92 93 97 101 103 104 105 106 114 118 119 63
1 49 64 99 69 70 103 72 109 78 113 83 117 86 118 120 89 91 62
0 50 97 65 66 67 68 101 103 105 75 108 76 77 110 111 80 112 114 117 88 120 91 61 63
0 51 96 65 98 99 67 68 71 103 73 74 75 107 78 111 79 114 86 93 62
0 52 64 66 101 69 72 106 108 77 78 111 113 81 82 114 115 119 91 94 63
0 53 69 71 105 106 108 111 114 83 84 120 121 90 62 63
0 54 97 66 98 99 100 72 105 73 74 75 76 109 78 114 84 118 119 88 120 121 93 61 62 95
0 55 66 69 70 73 110 78 111 112 113 115 116 84 85 117 121 95
0 56 65 66 98 67 68 69 101 105 74 77 78 111 80 112 83 115 84 116 119 93 61 62 63
0 57 65 69 107 109 77 110 78 79 112 83 116 117 118 87 119 121 93 61 94 95 63
0 58 66 99 101 102 73 76 110 79 111 112 114 115 116 119 120 121 91 61
0 59 97 66 68 69 70 104 73 106 107 77 78 112 81 114 115 116 119 88 91 94 95
0 60 64 99 68 72 73 107 76 77 110 112 115 83 118 119 90 91 95
1 26
1 30
1 2
1 19
1 16
1 24
1 11
1 8
1 49
1 41
1 10
1 27
1 23
1 13
1 28
1 15
1 3
1 17
1 7
1 22
1 36
1 21
1 14
1 18
1 4
1 29
1 0
1 44
1 42
1 40
1 34
1 31
1 6
1 33
1 12
1 9
1 43
1 25
1 48
1 39
1 1
1 35
1 37
1 20
1 32
1 38
1 46
1 47
1 45
1 5
0 111
0 112
0 113
0 114
0 115
0 116
0 117
0 118
0 119
0 120
0 121
