2
40 80
1 0 97 98 100 104 41 42 76 77 109 49 113 82 83 51 84 117 56 89 60
1 1 96 97 69 102 40 104 41 105 74 106 107 108 45 46 111 48 113 82 119 88 60
1 2 64 96 66 68 69 40 42 75 44 77 109 112 116 53 85 89 63 95
1 3 64 65 66 67 72 74 76 78 80 86 88 93 96 99 100 104 105 47 112 49 51 52 53 54 56 60
1 4 98 68 71 46 79 80 112 50 82 83 118 87 119 56 90 59 92 62 63
1 5 64 68 79 83 84 86 87 88 90 91 95 96 103 41 105 45 110 48 114 53 117 54 56 59 61 63
1 6 64 66 103 44 108 77 109 78 47 50 51 115 53 86 87 90 60 94 63
1 7 64 96 98 99 102 72 40 75 44 77 78 47 48 81 50 82 114 117 54 58
1 8 66 98 102 72 108 45 47 81 113 82 50 51 115 54 55 87 88 89 90 59 60 92 93 62
1 9 64 65 97 66 67 100 102 40 74 42 75 48 80 83 84 53 118 119 61
1 14 98 67 69 102 71 41 75 107 108 110 79 81 82 51 52 86 55 88 56 89 92 93
1 11 68 102 103 72 74 106 43 77 79 50 115 85 53 119 56 89 91 61 62
1 12 65 68 73 75 77 79 85 86 87 88 89 90 96 97 100 101 103 105 43 45 109 50 51 115 55 57 58 60 61
1 13 96 97 101 70 102 104 106 46 79 48 113 50 82 114 115 52 85 54 55 88 61 94
1 24 68 69 71 73 76 78 81 83 84 87 96 97 100 101 104 105 109 112 114 115 52 116 117 57 59 60 62
1 19 67 69 72 76 80 81 83 84 85 89 90 94 95 97 102 104 41 106 47 111 48 112 113 51 116 53 54 55 56 59 60 63
1 16 68 69 73 105 42 106 109 78 111 80 114 83 51 52 53 117 55 88 92 61 62 63
1 10 64 98 67 69 70 102 104 76 45 78 46 80 112 82 83 53 85 55 89 58 90 93 62
1 18 67 71 105 106 43 75 79 85 117 54 118 55 88 56 57 58 90 93 62 63
1 17 64 65 102 103 73 42 106 43 77 78 79 111 83 53 85 86 118 55 119 88 57
1 21 64 66 70 71 73 75 79 84 85 87 92 96 101 103 104 42 107 44 111 48 49 115 56 57 58 61
1 20 97 66 40 105 42 74 108 45 110 83 116 53 117 118 55 87 119 56 88 91 60 93 94 63
1 22 68 71 104 42 106 43 44 76 77 110 47 48 112 81 51 83 115 84 85 119 59 94 63
1 23 96 65 97 70 40 41 74 106 75 107 76 46 79 49 116 85 86 90 91 62
1 15 64 67 73 82 84 87 89 94 40 105 106 45 109 110 111 50 114 51 115 52 118 56 57 58 59 60 62
0 25 96 64 97 98 67 103 73 105 42 108 44 109 110 79 112 81 116 117 119 95
0 26 67 68 69 73 75 76 79 81 82 83 86 90 94 97 100 101 104 40 105 106 42 107 109 111 112 113 51 53 117 118 119
0 27 96 65 97 98 70 102 103 104 40 74 47 112 113 85 117 118 87 55 60
0 28 68 69 70 74 76 77 85 86 88 90 93 94 98 100 102 40 104 41 106 107 44 109 45 111 112 113 50 115 52 53 117 56 57 58 59 61 62
0 29 65 97 99 67 100 40 105 75 43 108 45 78 110 111 47 112 119 87 56 89 90 60 93 95
0 30 96 68 103 76 45 109 77 46 78 111 112 113 49 114 115 51 89 90 92 61 93 95
0 31 70 91 93 94 96 97 98 99 100 101 103 104 105 107 110 111 48 49 50 116 54 119 58 59 60 61
0 32 68 69 70 75 82 84 87 90 91 92 93 99 100 101 102 103 104 41 105 42 44 46 47 112 114 115 53 117 118 60
0 33 97 66 98 99 70 105 73 74 44 109 45 110 79 47 49 113 116 118 119 87 88 58 91
0 34 74 75 87 88 89 91 92 93 96 97 100 101 103 104 105 106 107 108 109 45 110 111 48 115 53 118 55 56 58 60
0 35 72 80 82 87 89 91 97 99 102 103 106 42 45 46 111 48 113 115 53 118 58 59 60 62 63
0 36 98 100 101 71 104 77 109 78 110 115 116 117 54 87 59 91 63
0 37 97 98 66 99 100 101 105 76 112 113 51 52 116 55 90 91 93 94 63
0 38 97 98 101 71 105 106 107 44 76 108 109 47 111 79 80 113 49 116 117 118 90 60 61
0 39 67 68 74 76 82 90 92 95 96 98 99 101 102 104 105 106 42 107 44 108 110 48 112 115 116 117 54 118 58 62 63
1 2
1 42
1 35
1 48
1 6
1 5
1 14
1 32
1 22
1 28
1 10
1 11
1 46
1 13
1 7
1 16
1 15
1 34
1 25
1 40
1 9
1 21
1 26
1 18
1 3
1 17
1 8
1 27
1 20
1 29
1 30
1 31
1 4
1 33
1 23
1 37
1 36
1 0
1 38
1 39
1 19
1 41
1 1
1 43
1 44
1 45
1 49
1 47
1 24
1 12
0 90
0 91
0 92
0 93
0 94
0 95
0 96
0 97
0 98
0 99
0 100
0 101
0 102
0 103
0 104
0 105
0 106
0 107
0 108
0 109
0 110
0 111
0 112
0 113
0 114
0 115
0 116
0 117
0 118
0 119
