2
80 40
1 0 112 114 89 106 91 92 108
1 27 97 98 104
1 2 116 85 86 104 88
1 20 102 104 89 105
1 4 113 83 86 104 105 93
1 6 85 101 119 107 92 93 111
1 18 98 84 89 106 91 94
1 23 96 82 116 117 102 107
1 21 97 115 100 101 102 89
1 12 96 112 97 114 101 85 117 93
1 7 112 114 86 102 87 107 92 95
1 22 83 100 116 119 111
1 41 97 100 102 104 88 105 90 107
1 1 112 101 118 119 104 90 91 92
1 47 114 83 84 117 102 107
1 44 112 117 110 95
1 24 113 82 114 83 89 92 108 93 110 111
1 46 115 100 102 92 93 110 95 111
1 17 97 113 115 111
1 48 97 81 104
1 34 119 88 90 91 109 110 111
1 31 96 81 83 100 102 103 119 105 92 95 111
1 38 100 101 88 107 95
1 3 82 86 106 92
1 19 112 99 83 85 101 102 90 106 91 108 110
1 25 80 97 82 116 118 107 95
1 5 85 117 86 88 106 109 110
1 30 96 84 102 106 93 110 111
1 28 112 114 99 102 108 110 95
1 29 112 97 83 115 100 92 110 95 111
1 16 96 99 100 106 108 109 114 87 90 92 93 94 95
1 26 97 98 114 84 87 91 107 108
1 32 96 112 87 103 108 110
1 11 96 99 84 88 105 106 107 94
1 8 113 98 114 86 87 104 110
1 35 112 97 82 115 100 85 86 104 105
1 36 97 101 102 106 94 95
1 37 98 100 117 119 107 93
1 10 82 99 83 104 105 93 95
1 13 98 100 103 87 88 106 92 93 94
1 40 97 82 115 84 100 103 89
1 9 81 99 116 104 88 90 108
1 42 81 100 101 104 107
1 43 97 114 116 87
1 15 96 97 82 114 88 111
1 45 97 98 103 89 90 109 94
1 33 80 82 119 88
1 14 97 115 84 88 89
1 39 96 97 83 116 101 90 91 110 95
1 49 81 98 100 102 87 109
0 50 82 85 86 119 107
0 51 98 100 101 105 107 108 109 110
0 52 113 115 83 102 104 93
0 53 113 98 114 115 102 88 108 93
0 54 114 100 118 90 106 107 111
0 55 98 114 99 116 103 110 111
0 56 112 81 98 117 85 118 89 105 108
0 57 81 114 82 115 116 119 90 92 93 110
0 58 96 114 116 88 111 95
0 59 96 112 98 83 103 88 105 89 108
0 60 80 113 82 98 86 104 105 89 106
0 61 96 115 100 119 109 93 111
0 62 96 112 80 100 119 105 111
0 63 82 98 116 100 85 119 105 108 111
0 64 98 85 105 90 109
0 65 99 117 103 107 108 109 111 95
0 66 97 81 114 85 101 104 106 108
0 67 112 114 99 86 87 106 107 109
0 68 96 83 86 89 91 93
0 69 96 99 116 104 105 108 93 110
0 70 112 113 114 98 101 118 119 104 91 95 111
0 71 96 98 115 100 86 89 110 111
0 72 80 102 90 108 94
0 73 112 84
0 74 113 81 98 85 118 87 89 90
0 75 85 118 104 90 92 109
0 76 98 99 87 91
0 77 98 102 104 91 108 109 94
0 78 80 116 117 119 104 105 94
0 79 113 87 119 103 89 105 106 109 95
1 4
1 20
1 13
1 19
1 10
1 5
1 2
1 7
1 8
1 12
1 14
1 11
1 0
1 6
1 16
1 15
1 9
1 21
1 18
1 1
1 24
1 17
1 22
1 23
1 3
0 105
0 106
0 107
0 108
0 109
0 110
0 111
0 112
0 113
0 114
0 115
0 116
0 117
0 118
0 119
