2
40 80
1 0 64 49 66 116 53 104 74 76 92 95 111
1 3 64 96 68 71 42 75 107 76 110 50 86 56 60
1 2 96 98 67 101 72 41 105 74 108 110 79 111 112 50 82 85 118 88 60
1 17 97 99 70 102 71 41 73 82 114 83 115 117 59 91
1 4 65 68 69 101 86 118 71 56 75 109 110
1 5 98 116 117 54 119 104 73 42 91 78 79 95
1 6 70 102 40 41 42 47 112 113 50 83 85 117 89 60 92
1 7 101 71 41 75 77 49 50 83 116 85 54 55 88 58 90 60 61 63
1 8 96 98 67 68 100 101 71 72 78 49 113 114 51 83 115 84 119 90 94
1 18 81 113 51 100 118 119 58 43 91
1 10 67 69 102 73 75 76 111 48 50 52 119 56 92 63
1 11 50 84 100 69 72 104 57 42 58 76 109 47
1 12 96 67 68 69 101 55 89 105 60 63
1 13 49 82 115 54 87 40 105 74 108 47
1 14 97 69 101 71 41 46 79 111 80 50 51 84 116 55 62 95
1 15 97 98 71 75 107 77 46 110 48 49 82 114 51 52 53 117 87 60 61 63
1 16 66 67 99 100 71 103 108 111 53 118 87 90 61 95
1 23 69 71 104 73 74 106 77 81 113 85 53 86 55 119 56 58 62 94
1 9 113 53 55 103 56 88 41 107 76 45 62 95
1 19 114 70 89 74 59 107
1 20 65 66 71 72 44 108 80 48 112 51 53 119 92 93 62 63
1 21 64 97 67 99 73 107 44 111 81 82 83 91 61
1 22 97 99 100 102 71 75 108 79 80 49 83 52 87
1 24 112 66 82 84 85 86 118 71 106 45
1 1 64 68 103 105 42 78 46 79 47 48 49 81 85 54 87 90 95
0 25 97 99 100 69 101 102 105 108 114 52 84 117 86 88 90 92 60 93 95 63
0 26 98 40 43 75 109 110 79 80 49 50 82 115 51 118 88 94 62
0 27 97 65 98 103 106 42 108 78 111 114 56 90 93 94
0 28 96 97 67 99 104 72 43 44 109 77 112 81 82 84 54 55 119
0 29 64 65 42 106 109 78 111 81 114 116 53 90 94 95 63
0 30 98 66 99 103 41 74 76 93 110 47 111
0 31 97 99 68 102 103 104 78 114 51 116 88 59 94
0 32 96 68 100 70 73 108 109 110 46 47 80 49 116 88 56 58
0 33 64 81 50 99 119 59 92 62
0 34 64 68 100 104 40 105 46 110 48 81 113 114 115 52 118 119 93
0 35 64 98 99 70 103 41 106 111 114 117 87 90 92 93 63
0 36 112 113 81 51 102 86 89 90 108
0 37 96 114 99 41 57 105 58 91 92 77 63
0 38 96 98 102 74 107 43 44 108 77 45 112 115 58
0 39 97 99 69 101 40 106 110 111 52 86 118 87 119 56 63
1 13
1 24
1 2
1 18
1 46
1 36
1 6
1 0
1 39
1 8
1 5
1 19
1 22
1 49
1 10
1 29
1 23
1 32
1 28
1 30
1 12
1 21
1 27
1 15
1 1
1 20
1 26
1 25
1 3
1 35
1 17
1 31
1 11
1 33
1 34
1 16
1 9
1 37
1 38
1 14
1 40
1 41
1 42
1 43
1 44
1 45
1 4
1 47
1 7
1 48
0 90
0 91
0 92
0 93
0 94
0 95
0 96
0 97
0 98
0 99
0 100
0 101
0 102
0 103
0 104
0 105
0 106
0 107
0 108
0 109
0 110
0 111
0 112
0 113
0 114
0 115
0 116
0 117
0 118
0 119
