2
31 61
1 0 36 37 72 42 43 48 52 84 85 86 56 88 89 62
1 1 33 65 66 67 36 40 73 74 77 78 80 81 83 85 55 87 57 58 90 60 61
1 2 65 34 69 37 39 42 75 76 44 78 48 86 87 57 62 63
1 3 33 35 37 39 72 41 74 42 75 44 45 78 48 54 55 89 59 91 61 31
1 17 64 34 72 41 74 76 48 80 84 85 87 88 91 62 63
1 5 32 66 36 37 74 43 76 49 81 82 84 55 60
1 6 32 65 33 37 72 42 74 44 76 77 78 48 49 50 53 61
1 7 33 34 68 37 70 39 40 41 74 76 44 77 45 46 47 80 48 51 83 89 58 90 63
1 8 32 65 66 67 69 39 74 43 44 78 81 82 53 86 55 88 59 60
1 9 32 33 35 68 39 40 73 77 46 79 47 80 49 84 53 54 86 56 88 58 91 61 63
1 10 32 35 37 70 71 72 73 41 44 45 77 46 51 83 52 53 54 86 59 60
1 11 66 69 71 73 74 79 80 81 83 87 89 90 33 34 35 37 39 40 41 44 47 50 56 57 63
1 12 32 33 34 68 36 37 38 41 76 78 46 79 48 49 50 82 84 57 58 62 31
1 13 70 39 72 41 76 78 47 80 49 81 83 84 54 88 57 59
1 14 67 35 71 39 43 44 45 77 78 54 56 89 91 60
1 15 64 33 34 68 73 75 47 48 82 86 55 87 57 91 61 62
1 16 33 66 36 38 70 40 41 73 78 47 48 80 49 50 53 55 87 88 90 91 60 61 62
1 21 64 66 67 68 39 71 74 43 76 77 48 81 54 55 56 57 90 60 62
1 18 34 36 37 38 40 43 75 46 78 49 83 86 60 62
1 19 64 34 35 37 69 70 44 45 79 48 51 83 54 55 56
1 20 65 75 43 44 45 47 49 50 85 87 56 58 61 62
1 22 64 67 68 69 38 40 41 45 78 50 82 86 56 57 89 59 91
1 24 32 66 67 35 69 70 38 39 71 76 77 45 79 80 52 53 55 56 89 63
1 23 64 65 34 66 35 68 39 75 43 47 80 49 52 84 85 86 59 91
1 4 33 34 67 70 71 41 74 77 78 47 48 80 49 50 55 31 63
0 25 32 64 33 65 66 67 37 69 72 40 73 44 45 78 46 47 81 52 85 53 86 57
0 26 64 37 69 70 42 75 76 44 80 48 49 81 51 84 85 53 86 55 87 90 58 59 61 63
0 27 65 66 69 42 43 44 82 52 84 85 54 86 55 56 57 90 91 59 60
0 28 64 32 33 36 68 74 75 46 78 81 82 51 86 54 87 56 90 91 60 31
0 29 48 81 34 83 67 90 43 75 44 61 62 63
0 30 64 32 36 71 40 47 81 49 82 83 52 85 54 86 87 88 57 58 59 60
1 0
1 47
1 2
1 28
1 40
1 43
1 11
1 46
1 42
1 27
1 13
1 6
1 18
1 8
1 38
1 15
1 20
1 17
1 12
1 14
1 30
1 26
1 24
1 23
1 22
1 25
1 21
1 9
1 41
1 29
1 16
1 31
1 32
1 33
1 34
1 35
1 36
1 37
1 19
1 4
1 39
1 3
1 10
1 5
1 44
1 45
1 7
1 1
1 48
1 49
0 81
0 82
0 83
0 84
0 85
0 86
0 87
0 88
0 89
0 90
0 91
