2
80 80
1 26 128 131 134 103 104 136 105 140 142 144 81 116 117 151 120 89 122 125 93 157
1 9 133 134 103 104 139 112 113 86 121 122 91 155 159
1 28 128 129 132 134 104 106 143 145 82 83 84 116 87
1 39 128 98 100 104 138 140 110 143 145 84 118 124 93 94 158 127
1 46 131 132 107 139 145 146 85 117 86 93 157 94 127 159
1 13 112 80 98 115 85 150 120 89 90 156 142 95
1 17 97 100 132 102 104 105 140 146 83 84 117 120 153 92
1 20 101 134 135 108 140 112 81 115 83 116 121 154 127
1 0 99 100 102 134 104 136 138 109 145 146 85 152 121 153
1 36 98 101 102 135 108 140 109 141 110 142 111 143 146 148 87 151 88 152 121 89 123 124 158
1 40 128 83 116 118 86 103 123 107 124 142 111
1 31 81 83 133 121 138 139 92 125 109 141 94
1 12 96 98 130 99 100 105 138 80 146 83 116 149 119 92 127
1 47 136 112 113 145 146 148 117 153 90 91 92 158 159
1 5 99 100 133 102 108 112 113 83 116 119 151 152 154 125
1 30 129 101 105 80 113 82 146 120 88 121 124 94 127 95
1 24 100 103 104 137 138 108 110 81 116 119 90 123 155
1 8 112 83 99 153 137 122 90 108 92 140 95
1 18 97 100 101 108 142 145 82 116 85 88 89 91 155 125 95
1 4 96 97 130 133 118 119 152 90 93 109 94
1 38 112 113 81 118 150 87 88 152 93 126 95 159
1 35 96 100 137 107 109 141 82 86 151 120 124 156 125 95
1 1 129 99 137 106 138 139 142 112 114 83 119 88 153 125
1 3 128 80 98 116 133 86 87 104 89 122 90 142
1 22 129 100 132 150 121 105 91 108 110
1 16 129 130 133 138 139 80 82 83 147 117 89 153 92 125 94
1 27 134 103 109 110 83 116 117 149 120 89 90 123 155 127
1 25 128 131 100 132 104 107 139 80 85 118 151 122 90 156 93 125 157 127
1 10 128 80 130 147 116 84 141 95
1 34 129 100 103 136 138 110 144 150 87 88 153 122 91 94 126 127
1 2 128 97 98 99 102 80 112 145 82 115 148 149 119 87
1 15 129 99 115 119 122 106 90 110 158 159
1 33 112 145 131 86 87 138 91 123 142 158 95 159
1 19 80 144 129 116 119 104 88 122 108 92 109 93
1 37 144 86 134 87 103 106 139 125 141 110 158 127
1 49 112 145 98 130 83 131 86 134 155 109 110 111
1 14 100 101 135 105 138 140 111 146 83 147 84 151 121 124 126
1 29 96 129 82 131 135 151 136 123 91 140 93 141
1 6 80 112 99 103 139 109 94 142
1 42 113 118 86 152 121 154 107 94
1 7 97 114 99 116 91 108 124 126 158
1 41 81 116 133 118 86 102 107 125 158 159
1 21 129 98 100 84 148 151 104 110 159
1 43 128 99 134 106 108 109 146 115 116 87 153 91 124 157 127
1 44 128 129 116 121 153 124 110
1 45 128 112 113 146 148 107 126 94 143
1 32 144 81 82 115 131 120 138 107 91 157 158 127
1 11 103 105 109 141 110 80 83 148 149 122 123 157 94
1 48 128 83 131 100 116 118 107 140 157 94 142 127
1 23 131 100 107 141 81 115 85 151 121 91 125 93 94
0 50 131 102 137 138 140 141 147 148 117 149 150 152 122 154 123 92 158
0 51 130 100 133 136 137 80 81 82 146 83 86 150 153 157 159
0 52 101 133 103 136 139 141 142 143 111 80 85 117 86 153 154 126 94 159
0 53 132 101 134 137 138 110 143 144 89 154 124 157 93 94 159
0 54 97 130 135 136 105 139 142 80 81 114 146 85 151 88 153 124 157 159
0 55 128 96 102 103 109 113 145 117 87 89 155 156 93 158
0 56 128 80 147 83 131 148 152 105 155
0 57 96 129 99 102 103 135 136 137 109 150 119 88 153 125 158 126
0 58 128 130 133 135 139 108 140 144 81 82 83 84 116 149 86 151 152
0 59 101 137 106 108 140 109 142 143 144 80 81 83 148 117 85 87 93 126
0 60 97 132 133 135 136 139 142 114 146 116 117 88 120 153 154 122 155 124 158
0 61 99 132 134 136 138 140 145 113 83 116 148 85 151 122 124 158 159
0 62 96 128 131 132 133 136 138 107 108 146 148 84 152 153 121 154 158 159
0 63 128 131 101 135 138 139 141 143 113 114 149 117 118 87 119 120 154 123 91 155 158 159
0 64 130 131 132 134 109 141 83 88 121 122 91 156 93 126 159
0 65 130 131 101 134 135 137 142 146 148 151 121 157 158
0 66 98 130 132 133 137 142 144 145 115 149 86 120 152 89 90 154
0 67 99 133 136 104 105 140 141 142 111 83 115 149 86 119 120 89 158 127
0 68 130 131 138 140 144 112 147 85 117 151 152 153 123 157 158 127
0 69 98 131 136 140 143 145 83 149 151 88 154 155 125
0 70 96 100 133 141 144 146 147 116 85 87 157 158 127
0 71 132 100 104 138 111 113 115 149 85 150 87 88 153 121 90 122 93 157 158
0 72 129 130 104 105 139 141 142 115 116 150 119 152 120 153 89 121 154 159
0 73 129 132 103 138 108 140 80 144 150 151 89 122 93
0 74 112 114 101 152 104 137 155 107 156 93 142 143
0 75 99 100 132 103 135 105 139 141 142 144 80 145 117 85 151 158
0 76 128 98 130 132 134 140 143 148 117 87 122 155 157 159
0 77 128 145 97 84 85 150 136 137 154 126 159 127
0 78 131 132 139 113 81 83 116 148 85 150 86 151 121
0 79 129 131 134 135 137 138 142 113 147 116 150 88 157 127 95 159
1 0
1 41
1 31
1 3
1 20
1 5
1 46
1 38
1 33
1 13
1 8
1 22
1 17
1 43
1 39
1 15
1 34
1 11
1 21
1 6
1 28
1 16
1 4
1 25
1 24
1 12
1 32
1 36
1 14
1 35
1 49
1 40
1 9
1 42
1 7
1 10
1 27
1 26
1 48
1 2
1 30
1 29
1 1
1 37
1 44
1 23
1 18
1 47
1 45
1 19
0 130
0 131
0 132
0 133
0 134
0 135
0 136
0 137
0 138
0 139
0 140
0 141
0 142
0 143
0 144
0 145
0 146
0 147
0 148
0 149
0 150
0 151
0 152
0 153
0 154
0 155
0 156
0 157
0 158
0 159
