2
31 61
1 0 32 65 66 35 68 37 40 42 44 81 51 86 61
1 1 33 65 67 69 72 40 75 44 54 87 56 91 62 63
1 18 36 68 70 72 88 58 74 61 78 47
1 8 48 33 82 67 35 51 70 72 44 79
1 4 64 35 52 69 39 56 74 31
1 3 35 36 38 70 72 41 73 76 45 46 80 49 89
1 6 65 51 83 36 38 86 42 79
1 7 82 37 38 71 88 41 74 76 77 79
1 2 32 81 69 70 74 59 61 78
1 9 32 33 34 66 38 71 41 45 79 80 52 86 59 31
1 10 50 34 82 52 85 56 42 74 90 59 78
1 11 64 49 81 69 37 54 42 77 62
1 12 32 65 34 36 37 70 40 73 74 45 48 80 88 89 60 61
1 21 65 34 67 35 83 57 73 89 59 91 44 45
1 14 65 82 67 84 54 39 89 43 75 46 47
1 15 65 53 37 59 91
1 19 65 68 37 39 73 77 47 48 82 51 87 89 90 60
1 17 33 50 88 73 89 43 75 76 62
1 24 39 87 57 58 43 59 75 77
1 16 48 33 84 70 71 55 87 58 61
1 20 64 48 80 49 34 71 39 57 58 42 91 46
1 22 35 51 70 41 63
1 13 35 68 41 42 75 47 80 49 52 86 56 88 91 31
1 23 80 32 64 65 66 85 41
1 5 66 50 82 35 37 54 55 87 72 88 41 61
0 25 66 34 78 82 83 84 86 87 55 88 57 89 91 62
0 26 81 65 85 86 87 74 91
0 27 64 35 37 40 77 46 51 83 84 55 57 89 91 60 61
0 28 80 81 65 86 55 58 62
0 29 64 32 82 83 88 57 74 90 91
0 30 64 68 70 77 78 50 82 52 87 55 88 56 57 89 91 61
1 48
1 23
1 8
1 29
1 4
1 24
1 7
1 3
1 43
1 0
1 25
1 6
1 49
1 13
1 22
1 15
1 42
1 31
1 20
1 39
1 41
1 14
1 36
1 11
1 30
1 10
1 26
1 27
1 28
1 12
1 18
1 17
1 32
1 33
1 34
1 35
1 21
1 37
1 1
1 16
1 40
1 5
1 19
1 2
1 44
1 45
1 46
1 47
1 9
1 38
0 81
0 82
0 83
0 84
0 85
0 86
0 87
0 88
0 89
0 90
0 91
