2
80 80
1 22 114 146 101 135 124 127
1 1 96 146 136 90 158
1 2 145 130 90 141
1 6 152 105 111
1 32 146 147 118 123 108 125 157
1 16 112 113 82 115 147 101 122 158
1 42 128 129 82 154 141 142 111
1 17 114 130 146 147 84 134 94 95
1 4 132 89 157
1 35 128 101 118 134 135 121 91 123 156 125 143
1 37 115 101 135 157
1 15 112 97 85 108
1 7 107 110
1 10 94 95
1 43 101 124 141 111
1 25 81 114 147 86 153 126 143
1 8 87 136 106 140
1 38 117 120 138
1 40 115 116 136 93 159
1 49 129 149
1 0 97 148 91 123
1 13 81 113 122
1 44 115 124
1 30 84 117 134 119 156 125 109 143
1 18 113 148 108 94
1 23 146 105 140 93 109 159
1 24 96 129 113 87 103 156
1 3 112 150 89 154
1 29 117 109 126
1 36 114 119 88 152 123
1 20 99 116 118 105 122 156 93 95
1 31 97 114 115 116 132 95
1 21 102
1 11 98 99 151 110 95
1 33 119 122 108
1 19 97 101 149 135 153 157
1 9 147 101 89 91 157 110
1 41 96 128 114 116 120 104
1 5 146 83 131 154 92 142 95
1 28 80 131 132 117 85 92 125
1 45 115 87 124
1 46 80 144 147 148 133 119 155
1 14 112 86 87 152
1 47 148 104 139 140
1 34 100 104 108 141
1 26 81 146 117 118 121 122 106 138 91
1 27 96 81 131 149 154 108 157 159
1 39 115 117 121
1 48 129 104
1 12 113 94 95 159
0 50 144 130 131 104
0 51 144 132 151 143
0 52 129 82 154 155 127
0 53 98 84 85 151 119 108 159
0 54 153 106 155 139
0 55 135 152 121 137 107 140 126 159
0 56 84 136 153 158 111
0 57 129 146 132 101 87 139 143 159
0 58 144 130 133
0 59 112 150 135 153
0 60 130 84 133 85
0 61 129 145 121 138
0 62 112 129 152 155
0 63 114 85 151 123 141
0 64 148 102 86 88 155 108
0 65 82 133 85 107 108 125
0 66 117 104
0 67 146 152 153 156 92 157 125
0 68 113 132 134 155 156
0 69 113 119 151 153 157 125 93
0 70 147 148 149 136 122 156 141 95
0 71 129 82 87 88
0 72 131 147 148 117 101 154 138 155 141
0 73 99 153 158
0 74 97 150 134 88 91 158
0 75 144 84 132 149 152 153 137 159 127
0 76 145 146 147 148 103 107 95
0 77 146 115 102 136 138
0 78 146 133 117 157 94
0 79 97 146 131 116 101 137 153 123 124
1 45
1 23
1 16
1 3
1 19
1 18
1 25
1 17
1 36
1 4
1 2
1 15
1 6
1 28
1 12
1 9
1 27
1 14
1 11
1 20
1 34
1 31
1 21
1 10
1 48
1 0
1 8
1 7
1 26
1 33
1 5
1 42
1 1
1 13
1 32
1 43
1 40
1 35
1 38
1 46
1 41
1 39
1 24
1 30
1 44
1 37
1 29
1 22
1 47
1 49
0 130
0 131
0 132
0 133
0 134
0 135
0 136
0 137
0 138
0 139
0 140
0 141
0 142
0 143
0 144
0 145
0 146
0 147
0 148
0 149
0 150
0 151
0 152
0 153
0 154
0 155
0 156
0 157
0 158
0 159
