2
31 61
1 0 67 69 37 38 39 71 73 42 43 76 80 52 54 86 55 56 89 58
1 1 34 66 36 39 40 42 43 81 82 84 53 85 55 56 88 89 91
1 7 32 34 66 38 70 71 72 40 41 42 44 80 82 52 86 55 88 57 59
1 3 65 34 35 67 68 71 73 41 74 48 80 82 51 85 89 90
1 4 66 36 70 38 71 72 40 76 45 78 79 48 51 54 87 91
1 5 65 66 37 69 70 73 74 43 44 79 48 85 86 55 87 56 60 31
1 17 64 66 67 37 69 38 40 72 76 77 46 80 81 51 53 86 90 63
1 21 34 36 41 75 44 77 80 50 84 54 87 56 89 58 60
1 8 32 66 68 37 70 40 42 76 78 80 51 83 52 87 57 90
1 9 64 33 34 67 37 38 72 48 49 52 53 86 55 88 58
1 10 64 32 33 34 66 36 69 37 70 39 41 75 76 45 77 46 82 53 54 57 90 59 62 63
1 11 64 67 35 68 69 70 38 74 78 48 85 88 59
1 12 32 65 33 34 36 39 73 42 48 81 82 84 85 86 58 60 62
1 13 32 64 35 68 37 38 75 76 45 77 78 47 50 83 84 85 54 86 55 87 88 57 91 31
1 14 32 33 34 68 37 73 89 59 44 45 62 31
1 15 35 67 37 70 38 41 73 47 81 50 82 51 83 53 85 54 87 91 60 63
1 16 32 40 41 73 74 46 48 80 87 57 89 90 59 61 31
1 20 64 65 66 69 72 41 73 75 43 78 79 47 80 48 52 53 56 57 60 61 62
1 18 65 35 37 69 72 43 44 77 46 80 49 81 50 83 85 55 59 91 61
1 19 66 67 35 37 69 71 40 42 76 77 46 78 47 84 53 56 58 90 62 63
1 24 64 38 41 43 78 79 80 83 53 85 54 55 89 59 91 61
1 22 32 35 68 37 38 39 71 41 43 76 78 46 48 83 56 88 58 59 60 61 62
1 2 32 34 36 38 70 40 75 44 46 47 80 81 50 51 53 87 56 57 89 58 62
1 23 66 68 69 73 74 76 77 79 81 83 84 90 32 35 38 42 43 46 48 50 54 56 58 61 62
1 6 64 65 68 36 37 40 75 44 46 78 79 47 80 51 85 86 89 58 61 62
0 25 72 74 75 44 77 45 78 81 83 51 84 85 88 57 89 91 60 61 62
0 26 32 66 34 68 40 78 51 52 86 87 90 60 62 63
0 27 66 38 41 76 80 81 84 52 86 88 56 89 58 90 60 63 31
0 28 32 33 37 74 45 80 48 49 85 54 88 58 63
0 29 32 66 68 36 70 39 71 40 41 73 42 45 77 80 81 50 84 52 85 87 57 91 61
0 30 66 68 70 40 72 42 75 78 47 49 81 83 84 86 57 89 90 91 60 62
1 36
1 18
1 12
1 3
1 39
1 5
1 23
1 27
1 0
1 1
1 44
1 8
1 34
1 6
1 14
1 43
1 40
1 17
1 41
1 24
1 15
1 20
1 22
1 49
1 21
1 25
1 26
1 19
1 28
1 29
1 30
1 31
1 32
1 33
1 2
1 35
1 11
1 37
1 38
1 4
1 7
1 9
1 42
1 16
1 10
1 45
1 46
1 47
1 48
1 13
0 81
0 82
0 83
0 84
0 85
0 86
0 87
0 88
0 89
0 90
0 91
