2
31 31
1 0 33 54 43
1 1 32 33 34 39 58 60 61
1 5 34 38 57 59
1 4 32 34 35 39
1 18 48 49 46
1 14 36 55
1 11 35 53 41 42 61
1 19 51 52 55 46 47 31
1 8 32 37 53 54 39 56 43 47
1 6 33 44 31
1 22 48 51 53 45 61
1 23 33 39 55 45
1 2 33 41 58 60
1 10 32 36 41 45
1 7 48 35 38 54 39 41 43
1 9 33 49 52 36 41 43 47
1 16 50 42 59 44 61 47
1 17 32 52 59 61 46 31
1 3 32 35 43 60 31
1 20 48 49 54 40 46 47
1 21 33 55 60 46 31
1 15 50 54 39 58 59 61 46 31
1 12 32 50 35 53 55
1 13 48 34 38 54 55 42
1 24 32 48 53 54 40 57 45
0 25 32 48 33 50 51 36 58 60 44
0 26 48 36 53 57 60
0 27 42 59 60
0 28 48 49 51 39 42 59 61
0 29 33 53 57 58 42 31
0 30 48 37 53 54 56 58 59 46
1 10
1 1
1 2
1 3
1 4
1 9
1 6
1 7
1 5
1 23
1 8
1 11
1 0
1 14
1 24
1 19
1 13
1 20
1 15
1 16
1 22
1 17
1 18
1 12
1 21
0 56
0 57
0 58
0 59
0 60
0 61
