2
31 61
1 0 32 33 67 68 40 73 74 42 75 47 80 51 84 86 91
1 1 32 65 36 37 39 73 79 51 84 90 91 60 31
1 2 33 66 35 68 44 76 80 83 85 54 86 55 57 59 60 31
1 3 65 67 69 38 71 40 42 43 44 77 45 79 47 51 84 86 55 56 57 58 90 63
1 4 37 70 71 41 73 74 78 47 50 53 85 54 89 90 59 62
1 5 32 36 70 39 74 75 44 45 77 78 47 79 50 52 54 55 89 90 59
1 6 35 68 69 38 41 42 44 77 78 51 54 86 55 88 57 90
1 7 66 35 68 69 38 39 72 41 73 45 49 55 63 31
1 8 36 38 72 73 41 42 45 46 78 79 80 81 50 51 53 85 86 87 57 63
1 9 65 33 66 39 71 74 75 44 83 52 55 56 57 58 31
1 14 32 66 70 72 73 42 43 77 46 79 47 80 83 84 87 58 60 62
1 11 65 34 68 70 41 76 44 47 80 52 84 53 59 63
1 12 64 34 66 68 36 70 41 42 76 77 78 46 79 80 48 49 81 51 83 52 85 56 59 91
1 13 37 70 39 41 73 43 76 45 46 79 52 88 61
1 24 64 67 69 72 74 43 75 78 48 81 50 82 51 84 53 87 89 59 91 60 62
1 19 32 67 38 71 39 72 42 74 75 44 76 45 46 47 80 50 51 83 84 54 89 58 60 63
1 16 64 33 69 71 74 42 43 44 46 79 52 84 53 54 89 59 60
1 10 67 36 69 37 71 73 74 44 76 46 80 49 84 53 85 55 88 58 90 60 61
1 18 34 66 70 76 45 46 79 47 48 49 83 53 85 54 87 89 58 91 62
1 17 64 33 34 68 69 70 74 44 76 77 46 79 48 85 55 56 88 91
1 21 64 33 66 35 70 39 40 75 76 78 47 48 49 81 52 86 55 87 88 57 89 61 62
1 20 33 65 36 74 44 46 78 47 79 51 54 87 57 31
1 22 33 34 35 67 68 38 39 72 42 74 75 76 50 82 83 54 59 62
1 23 32 65 66 67 37 70 40 76 77 82 83 53 56 90 91 61 31
1 15 64 36 41 73 42 75 43 78 47 48 80 49 50 51 53 86 55 89 58 90 31
0 25 34 35 68 36 37 40 72 73 42 44 76 78 79 47 80 49 83 84 85 53 55 88 56
0 26 64 33 68 37 38 70 74 42 44 79 81 50 86 54 88 90 59 62 31 63
0 27 34 36 38 40 42 74 75 45 81 49 82 50 83 85 53 54 87 56 57 89 91 60
0 28 64 65 35 36 37 69 41 74 42 44 77 78 46 80 85 87 88 57 90 58 60 62
0 29 68 36 37 71 77 45 78 48 82 52 54 88 56 89 58
0 30 67 68 37 70 40 77 48 82 83 84 85 55 90 59 63
1 2
1 42
1 35
1 48
1 6
1 5
1 14
1 32
1 22
1 28
1 10
1 11
1 46
1 13
1 7
1 16
1 15
1 34
1 25
1 40
1 9
1 21
1 26
1 18
1 3
1 17
1 8
1 27
1 20
1 29
1 30
1 31
1 4
1 33
1 23
1 37
1 36
1 0
1 38
1 39
1 19
1 41
1 1
1 43
1 44
1 45
1 49
1 47
1 24
1 12
0 81
0 82
0 83
0 84
0 85
0 86
0 87
0 88
0 89
0 90
0 91
