2
40 40
1 0 52 73 74 78
1 1 65 57
1 21 64 40 72 60
1 24 64
1 11 59 46
1 7 41 76 45 63
1 20 44 78 79
1 18 56 58 60
1 22 70 62
1 23 61
1 10 50 46
1 2 43
1 12 74 62
1 9 50 67 79
1 8 53 69 73 43 78
1 14 65 55 47
1 3 69 43 75
1 17 65 54 55
1 16 57
1 19 72 57
1 6 48 49 66 40
1 15 55 77
1 4 48 65 68 42
1 5 52 46
1 13 51 47
0 25 69 71 72 76
0 26 67 73
0 27 68 73 75 46 62 47
0 28 53 76 78
0 29 41
0 30 49
0 31 63
0 32 49 55 76 77
0 33 53 73 42
0 34 78 79
0 35 66 70 75
0 36 76
0 37 55
0 38 64 65 58 77
0 39 65 67 69
1 21
1 1
1 2
1 3
1 4
1 8
1 10
1 14
1 5
1 6
1 9
1 13
1 0
1 12
1 19
1 15
1 16
1 17
1 18
1 11
1 20
1 23
1 22
1 7
1 24
0 65
0 66
0 67
0 68
0 69
0 70
0 71
0 72
0 73
0 74
0 75
0 76
0 77
0 78
0 79
