2
80 40
1 12 92 111
1 4 112 82 86
1 37 83 115
1 11 88 91 95
1 17 97
1 44 83 85 102 110
1 9 118 87 91
1 26 80 101 108
1 6 80 84 92 111
1 5 82
1 41 97 115 100 116 106
1 40 88 93
1 20 82 99
1 32 100 90
1 14 92
1 15 82 118
1 19 99 116 119
1 1 81 82 103 110
1 18 92
1 23 103
1 0 80
1 33 99
1 22 113 102 88 91
1 21 83 118 104 94
1 24 116 94
1 25 83 99
1 7 86 88 108
1 27 98 103
1 28 99 108
1 29 96
1 30 98 87 104
1 31 119 88
1 13 99 117 86 111
1 46 114 90 107
1 34 100 87
1 35 112 92
1 36 87 110
1 2 80 83 117
1 38 112 89
1 39 88
1 3 83
1 16 96
1 42 100
1 43 82 115
1 8 84 91
1 45 101
1 10 114 101 86 109
1 47 96 116 103 104 111
1 48 119 94
1 49 118 103 93
0 50 80 102 118 89
0 51 113 82 105 109 110
0 52 114 116 84 101 85 107
0 53 113 119 87 109
0 54 116 118 105 109
0 55 81 98 90 94
0 56 92
0 57 83
0 58 104
0 59 103 91 110 95
0 60 86 119 93
0 61 112 116 100 101 110
0 62 113 114 102 105 111
0 63 114 88 105
0 64 116 107
0 65 103
0 66 117
0 67 80 101 104
0 68 99 109
0 69 92
0 70 116 87 111
0 71 97
0 72 112 114 85 88 109
0 73 112 105 94
0 74 96 92
0 75 115 89 90
0 76 113 114 86 92
0 77 88 106
0 78 106 111
0 79 82 117 118 119
1 1
1 0
1 2
1 3
1 4
1 5
1 6
1 7
1 8
1 15
1 10
1 9
1 12
1 24
1 14
1 11
1 16
1 17
1 18
1 19
1 20
1 13
1 22
1 23
1 21
0 105
0 106
0 107
0 108
0 109
0 110
0 111
0 112
0 113
0 114
0 115
0 116
0 117
0 118
0 119
