2
61 61
1 26 97 98 84 85 101 86 70 103 106 74 109 62
1 9 67 84 116 85 102 103 72 93 94
1 28 64 65 97 68 85 118 87 109 110 63 111
1 39 65 81 99 85 105 74 75 91 108 109 79 111
1 46 66 98 67 118 88 74 75 108
1 13 96 66 115 101 117 70 71 76 93 61 79 111
1 17 64 112 65 81 98 83 85 101 86 73 78
1 20 96 64 97 82 117 102 118 89 108 93 62
1 0 80 81 66 83 85 102 90
1 36 68 69 102 70 104 105 79 82 83 115 89 90 91 92
1 40 64 97 113 99 67 84 118 104 88 105 92 109
1 31 64 102 73 106 90 75 62
1 12 80 64 81 97 100 86 73 108 77 61 79
1 47 98 118 71 72 73 93 94
1 5 64 80 97 81 83 100 89 106 93 94
1 30 101 69 102 105 75 108 76 110 112 82 117 86 119 61 94 63
1 24 81 97 84 100 85 71 104 89 91 62
1 8 64 80 116 103 71 120 89 73 121 76 93 111
1 18 81 97 82 66 69 70 72 89 106 76 78 63
1 4 112 114 99 100 116 117 71 74 90 75 77 78
1 38 99 68 69 74 107 76 111 114 117 119 120 93 94 62
1 35 112 81 67 101 88 105 90 106 76 77 63
1 1 80 64 100 69 87 120 106 93 110 95
1 3 97 67 68 70 103 71 109 79 112 113 85 119 121 61
1 22 81 114 115 116 102 86 72 120 89 91 110
1 16 64 98 70 73 106 75 61 110 63 111
1 27 64 97 98 101 70 71 104 108 84 117 121 90 91
1 25 66 99 103 71 74 106 108 109 81 115 85 117 88 61
1 10 97 65 114 115 116 76 109 61
1 34 68 69 103 72 75 107 108 110 111 81 84 116 117 91
1 2 96 100 68 109 78 79 80 83 117 120 61 93 63
1 15 80 96 114 100 103 87 71 91 110
1 33 67 68 72 104 76 93
1 19 97 100 69 103 73 74 110 112 113 85 89 90 61
1 37 112 67 68 84 116 87 106 91 108 111
1 49 64 67 115 118 90 91 92 93 79
1 14 64 65 81 82 86 102 105 121 107 92
1 29 104 72 120 74 77 110 63
1 6 80 84 119 90 75 61 93
1 42 99 67 102 118 88 75 94
1 7 97 72 105 107 78 80 113 117 118 119 120 89 95
1 41 112 97 99 67 83 88 106 62
1 21 81 65 114 116 85 120 121 91 110 79
1 43 80 96 97 68 117 87 72 105 89 90 108 109
1 44 97 114 102 120 105 91 109 110 111
1 45 113 116 88 121 107 75 109 93 94
1 32 96 113 101 88 72 120 108 62 63
1 11 64 115 84 117 86 103 104 90 75 91 61
1 48 64 81 97 99 119 88 75 108 109
1 23 96 81 66 102 118 88 72 106 74 75 62
0 50 115 101 70 118 121 76 62 95 111
0 51 99 116 117 71 119 120 89 78 63 111
0 52 66 82 99 85 71 119 78 62 95
0 53 113 114 84 100 118 90 62 111
0 54 66 67 73 79 114 115 117 86 119 120 88 89 90
0 55 96 97 66 101 117 121 75 61 62 111 95
0 56 64 102 104 110 111 113 114 118 86 87 121 91 93 94
0 57 96 114 68 85 71 104 121 74 77 110 63
0 58 64 69 104 75 77 111 112 115 117 86 118 121 95
0 59 71 87 104 92 109 77
0 60 100 102 104 105 74 111 112 114 115 83 117 118 87 92 62
1 0
1 41
1 31
1 3
1 20
1 5
1 46
1 38
1 33
1 13
1 8
1 22
1 17
1 43
1 39
1 15
1 34
1 11
1 21
1 6
1 28
1 16
1 4
1 25
1 24
1 12
1 32
1 36
1 14
1 35
1 49
1 40
1 9
1 42
1 7
1 10
1 27
1 26
1 48
1 2
1 30
1 29
1 1
1 37
1 44
1 23
1 18
1 47
1 45
1 19
0 111
0 112
0 113
0 114
0 115
0 116
0 117
0 118
0 119
0 120
0 121
