2
40 80
1 24 64 66 98 70 102 105 74 76 110 112 49 114 83 52 116 53 85 86 119 88 91 95
1 1 64 97 68 71 103 41 42 75 107 76 109 111 112 113 50 82 114 116 86 55 56 60 94 63
1 0 65 67 70 72 74 79 82 84 85 88 90 94 95 97 98 99 102 103 104 41 105 109 110 50 119 59 60 61
1 3 64 97 98 70 71 40 41 73 105 44 108 77 78 82 83 115 84 52 118 87 55 57 59 92
1 4 65 68 69 70 71 104 75 111 80 48 112 49 117 86 56 57 95
1 5 69 101 73 42 44 78 79 111 80 112 54 92 93 94 95
1 6 66 99 70 40 72 41 42 106 44 47 48 81 50 83 115 85 117 119 89 91 60 61 62
1 7 65 69 71 74 75 77 79 81 83 85 86 88 91 93 41 109 112 49 50 114 52 116 54 55 57 58 60 61 63
1 8 64 66 67 68 71 72 74 77 78 79 80 81 83 84 90 93 96 98 104 43 108 111 49 50 51 117 57 58 61
1 9 64 98 100 42 43 44 77 46 78 81 51 116 117 54 86 55 119 58 91 60 92 93 94
1 10 97 98 67 69 103 73 74 42 106 75 76 44 48 50 52 84 117 87 56 57 94 63
1 11 65 69 70 103 72 41 42 106 76 47 113 50 114 84 85 118 55 57 58 92 62 94 95
1 12 97 98 67 68 69 102 71 105 75 110 113 83 55 56 89 57 60 63
1 13 101 40 74 75 76 45 109 47 111 49 82 114 54 86 118 87 55 119 90 91 94
1 14 64 66 69 71 73 77 79 80 82 84 86 90 94 99 100 41 107 44 46 112 50 51 115 53 117 55 60 62
1 15 71 75 77 82 83 84 87 92 102 44 108 109 46 110 111 48 112 49 113 51 115 52 53 117 118 60 61 63
1 16 65 66 67 71 103 72 76 45 78 111 49 84 53 85 87 59 61
1 17 99 69 101 102 71 104 73 74 77 47 81 115 85 53 86 55 56 58 61 62
1 18 102 103 72 41 42 76 45 109 47 80 113 51 115 53 117 55 87 56 88 62
1 19 64 65 51 70 89 74 42 59 92 109 110
1 20 65 66 71 72 80 89 90 96 97 98 99 102 103 42 44 48 112 50 114 51 53 56 58 62 63
1 21 64 67 73 75 79 80 81 82 83 84 95 98 100 101 102 41 105 44 108 109 46 111 48 112 115 55 61
1 22 99 71 73 75 76 109 110 79 47 80 49 114 83 52 117 54 87 56 92 61
1 23 64 66 70 102 71 76 45 109 82 51 115 84 85 86 118 89 90 59 60 94
1 2 64 67 68 73 42 107 78 46 79 47 48 80 49 81 116 85 117 54 87 89 58 63
0 25 64 66 69 74 75 80 81 85 90 92 93 94 97 101 102 103 104 105 106 44 112 113 53 119 55 61
0 26 64 65 73 79 81 90 91 92 93 95 96 99 101 102 103 104 105 106 42 43 108 110 53 118 54 55 59 61
0 27 68 70 71 74 77 78 82 86 87 90 91 92 93 95 96 97 99 102 103 104 40 105 42 106 108 45 111 113 49 52 117 54 118 55 57
0 28 96 99 70 75 76 44 77 46 110 113 52 116 118 86 119 56 57 90 91 92 93 95
0 29 70 71 104 109 110 48 49 113 114 83 52 116 117 118 86 54 88 89 58 90 92 61 94
0 30 96 98 99 100 68 102 72 74 109 111 79 52 117 118 55 119 88 91 95 63
0 31 66 73 75 76 77 79 85 92 96 97 102 103 104 105 106 46 47 112 48 49 114 115 52 116 118 54 119 55 56
0 32 64 66 73 74 76 81 82 88 89 90 91 92 93 96 101 42 107 108 109 45 46 111 113 50 53 54 118 61
0 33 66 67 80 81 82 84 88 90 91 93 96 99 103 40 106 111 48 113 49 115 116 53 117 118 54 57 61
0 34 65 69 70 72 73 75 85 89 92 93 99 100 101 42 107 43 108 48 112 113 114 50 118 119 62
0 35 96 66 67 102 73 76 44 77 79 113 50 114 82 116 118 86 119 56 88 93
0 36 96 97 99 103 104 72 106 43 107 75 44 45 77 110 79 112 82 114 83 52 53 119 94
0 37 68 71 73 78 88 92 95 98 100 101 102 105 108 46 111 49 113 50 116 117 55 119 56 57 58
0 38 97 98 100 103 43 108 77 110 80 113 83 84 116 118 55 88 56 57 60 93 61 94
0 39 75 76 79 82 87 88 90 91 92 94 95 96 98 99 103 104 46 110 114 116 117 56 59 60 61 63
1 0
1 7
1 5
1 38
1 21
1 18
1 15
1 45
1 39
1 28
1 1
1 32
1 22
1 47
1 10
1 37
1 29
1 11
1 9
1 19
1 12
1 41
1 25
1 8
1 34
1 20
1 26
1 27
1 3
1 6
1 30
1 31
1 35
1 33
1 24
1 16
1 36
1 17
1 2
1 14
1 40
1 4
1 42
1 43
1 44
1 23
1 46
1 13
1 48
1 49
0 90
0 91
0 92
0 93
0 94
0 95
0 96
0 97
0 98
0 99
0 100
0 101
0 102
0 103
0 104
0 105
0 106
0 107
0 108
0 109
0 110
0 111
0 112
0 113
0 114
0 115
0 116
0 117
0 118
0 119
