2
61 61
1 35 64 96 97 101 102 103 105 106 107 108 109 113 82 84 85 86 121 95 63
1 44 97 69 70 71 103 72 107 77 78 79 113 121 90
1 33 96 97 67 101 69 70 71 103 108 109 110 113 114 115 84 118 94
1 10 64 65 73 106 107 77 80 81 82 84 85 117 86 118 87 92
1 4 98 66 99 70 102 104 106 74 75 108 78 83 117 118 87 120 89 94
1 30 96 103 104 74 113 82 83 84 118 119 120 89 93 61 94 63
1 46 97 98 102 71 72 107 108 76 109 110 79 111 80 82 115 85 118 87 120 89 92 62 63
1 9 65 102 70 104 106 75 107 76 109 78 112 115 120 61 95
1 8 66 67 68 70 71 108 76 112 81 83 116 117 118 89 91 62 95
1 43 65 68 72 79 82 88 90 94 96 99 102 103 104 105 106 109 110 111 112 114 115 117 119 62 63
1 2 96 64 101 105 74 107 110 111 81 113 82 115 84 117 90 93
1 21 96 66 98 100 68 70 105 106 108 78 111 80 112 82 84 120 89 121 91 92 93 62 94 63
1 12 98 101 71 108 77 111 80 114 84 86 118 87 88 120 90 91 93
1 41 97 102 72 75 76 109 110 79 114 115 85 119 92 93 95
1 31 96 66 100 101 69 102 70 105 108 113 82 84 117 88 92 93 94
1 6 64 67 99 100 69 72 107 75 76 77 110 114 83 116 87 120 62 95
1 38 96 97 68 100 101 102 71 104 105 75 78 114 85 87 121 93 94 63
1 34 64 98 101 70 102 71 73 79 80 113 84 85 87 119 63 95
1 45 96 97 103 72 104 74 108 113 83 115 118 87 120 61 63
1 26 64 96 65 113 102 103 88 105 107 76 110
1 49 65 98 67 68 70 102 71 72 104 106 74 107 78 111 113 85 119 89 62
1 29 98 101 70 103 71 72 74 77 78 110 80 91 93 61 62 94 63 95
1 16 96 64 100 68 70 105 73 107 112 114 115 87 120 93
1 0 65 98 100 101 105 106 108 109 80 116 119 121 90 91 92 61
1 28 97 66 67 101 70 103 75 108 110 112 81 83 85 89 121 93 94
1 40 96 65 67 99 102 103 104 74 75 107 79 80 85 86 119 89 121 90
1 15 96 64 98 68 101 70 106 107 108 76 77 110 84 90 92 94 63 95
1 27 98 67 100 68 70 103 104 74 107 108 77 110 115 85 117 120 91 92 93 61 95
1 11 64 96 98 67 100 68 69 103 107 77 83 86 118 119 120 89 121 90 91 61 94 62
1 23 67 100 68 69 101 103 104 73 106 74 75 76 110 79 111 84 85 86 118 88 120 91 61 95
1 25 97 66 99 101 70 103 72 74 75 76 77 79 80 113 83 115 116 86 87 119 89 92 62
1 13 96 97 65 66 98 100 69 103 72 105 74 107 76 78 79 113 85 117 87 120 95
1 19 65 67 68 70 103 78 81 114 83 118 88 120 89 90 62 95
1 14 99 68 105 76 109 77 79 111 80 113 83 84 86 120 91 61
1 5 65 97 98 67 99 100 70 103 72 73 76 78 81 115 85 87 120 89 91
1 24 64 65 98 66 70 102 72 73 78 79 82 114 115 85 86 118 87 120 91 92 62
1 17 69 101 70 71 72 73 75 110 113 82 114 115 85 87 120 90 91 62 63
1 37 97 99 67 100 101 108 77 109 110 81 114 115 85 87 119 88 120 89 90 61 62 95
1 18 64 99 100 69 70 72 104 73 107 76 111 118 88 91 92 93
1 1 97 98 66 68 104 73 106 107 109 78 116 117 118 119 88 89 121 61
1 7 64 65 68 73 74 78 80 83 87 88 89 90 92 94 95 96 98 100 102 105 108 111 112 114 117
1 39 97 99 100 71 104 72 73 74 108 77 79 112 85 86 87 88 61 93 94
1 20 67 68 104 73 74 75 109 78 80 115 85 118 88 121 93
1 22 96 70 72 73 74 106 107 109 111 82 114 116 85 119 88 120 89 90 91 94
1 32 96 65 99 71 77 109 81 116 85 89 121 92 61 94 62
1 36 96 98 66 99 102 70 103 72 106 108 110 79 80 82 116 87 88 120 91 61 62
1 42 97 99 101 103 73 77 109 111 81 82 115 117 120 89 61 62
1 47 96 97 98 102 71 103 105 107 108 111 113 82 91 61
1 48 96 97 99 103 104 107 108 77 110 115 116 85 121 61 95
1 3 64 66 67 70 71 75 76 108 83 115 85 119 120 92 93 94 95
0 50 99 100 69 103 74 107 77 79 112 81 113 117 118 86 121 90 62
0 51 64 70 71 103 72 107 109 80 81 115 117 118 119 88 120 92 61 93 94
0 52 65 97 98 100 69 102 70 72 77 110 112 80 115 84 116 85 118 119 121 94 63 95
0 53 64 96 67 68 69 101 102 71 103 72 112 82 114 116 84 86 118 87 89 91 61 94
0 54 96 99 69 102 70 72 105 106 75 112 116 117 89 93 63
0 55 64 66 72 74 76 77 110 81 117 85 87 119 88 89 121
0 56 96 98 67 70 71 72 73 108 78 111 112 80 81 114 116 84 117 118 86 87 92 93 63
0 57 64 66 99 100 68 102 104 106 108 109 112 115 116 86 118 120 121 91 61
0 58 64 98 67 68 69 106 77 80 113 81 114 82 83 117 119 87 88 91 93
0 59 96 71 105 108 109 112 113 116 118 119 88 121 89 61
0 60 99 68 100 69 101 72 106 77 110 78 111 80 114 115 117 118 119 120 61 62 95
1 41
1 32
1 30
1 3
1 9
1 1
1 23
1 11
1 2
1 24
1 46
1 45
1 13
1 8
1 22
1 6
1 31
1 10
1 34
1 14
1 7
1 47
1 19
1 15
1 44
1 28
1 12
1 27
1 25
1 4
1 17
1 16
1 21
1 29
1 33
1 40
1 49
1 18
1 38
1 5
1 37
1 48
1 42
1 39
1 20
1 0
1 26
1 35
1 43
1 36
0 111
0 112
0 113
0 114
0 115
0 116
0 117
0 118
0 119
0 120
0 121
