2
31 31
1 11 32 49 35 53 37 41 42 43
1 12 36 52 38 40 56 43 44 60
1 17 50 53 56 42 58 59 61 46 47
1 10 36 42 44 47
1 7 35 37 38 39 56 45 47
1 9 35 51 37 41 46 31
1 22 49 51 40 57
1 13 36 37 60
1 8 34 38
1 2 54 43 31
1 18 49 50 36 53 60
1 24 49 53 54 55 56 41 59 46
1 20 48 54 39 57
1 1 52 37 42 59 44 45 31
1 4 34 43 44 60
1 19 50 51 53 54 40 46
1 21 48 53 54 40
1 6 34 50 37 43 44 60 61 46
1 15 52 36 31
1 3 35 56 59 45
1 0 32 39 60
1 5 38 39 57 59 45
1 14 32 33 51 36 41 46
1 23 33 34 36 55 40 42
1 16 48 51 37 55 56 57 42 58 60
0 25 49 53 54 55 40 57 41 58 42 43 31
0 26 34 56
0 27 50 42 60
0 28 32 49 35 40 57 59
0 29 51 39 60 44 61
0 30 33 51 53 57 43 60
1 0
1 10
1 2
1 7
1 4
1 16
1 6
1 8
1 14
1 22
1 12
1 11
1 5
1 3
1 1
1 20
1 9
1 21
1 19
1 18
1 13
1 15
1 17
1 23
1 24
0 56
0 57
0 58
0 59
0 60
0 61
