2
80 40
1 0 119 89
1 6 105 90 92
1 11 116 101 90
1 19 86 93
1 45 83 117 102
1 1 82
1 41 104
1 14 99 85 94 111
1 42 89
1 10 88 91
1 31 112 90 110
1 49 98 99 87
1 5 82 87
1 28 81 115 94
1 36 86
1 17 86
1 13 81 117 93
1 2 116 92
1 18 117 91
1 24 104 105 110
1 20 91
1 21 97 84 105
1 39 114 84 90
1 23 100 116
1 16 83
1 25 84 93
1 26 87 90
1 27 119 89
1 4 101
1 29 98 95 111
1 30 101 106 93
1 9 88 90 108
1 32 102 107
1 33 98 110
1 34 112 97 101 118
1 35 97 98
1 7 113 117 91 92
1 37 89
1 38 96 83
1 3 80 88 105 92
1 40 87
1 22 116 94
1 8 115 87
1 15 83 104
1 44 100
1 12 112 97 86 111
1 46 114 83 103 106
1 47 102 103 88 90
1 48 104
1 43 114 116 94 95
0 50 112 90 110
0 51 83 116 105 94
0 52 96 88 108
0 53 115 119 106 90
0 54 102
0 55 117 107 108
0 56 112 113 91
0 57 113 101 103 105 109 111
0 58 83 116 119 105
0 59 114 119 108
0 60 115 111
0 61 117 104 107
0 62 80 88 89 105
0 63 88 91 111
0 64 80 115 86 104 109 94
0 65 115 103 90 111
0 66 99 110
0 67 93
0 68 116 84 104 110 111
0 69 110
0 70 96 115 102 107 110
0 71 115 118 108
0 72 86 109
0 73 113 102
0 74 99 103 106 92
0 75 99 116 119 104
0 76 91
0 77 116 109 111
0 78 108
0 79 102
1 0
1 12
1 1
1 7
1 21
1 5
1 6
1 8
1 3
1 9
1 10
1 11
1 2
1 13
1 14
1 15
1 16
1 17
1 18
1 22
1 20
1 4
1 19
1 24
1 23
0 105
0 106
0 107
0 108
0 109
0 110
0 111
0 112
0 113
0 114
0 115
0 116
0 117
0 118
0 119
