2
61 31
1 42 80 65 81 67 83 71 72 88 74 75 91 62
1 39 65 84 69 85 86 71 87 89 74 90
1 32 65 66 68 69 70 73 75 80 83 84 88 61 62
1 9 65 67 68 70 87 72 74 90 77 61
1 34 65 66 82 87 75 76 78
1 29 80 65 66 69 71 87 72 73 76 61 78 79
1 24 66 83 70 71 72 74 90 75 91 61 77
1 13 81 82 67 83 84 69 87 72 88 74 61 62
1 14 64 82 70 86 72 89 74 90 91 78
1 1 64 65 82 84 70 74 75 61 62 63
1 41 80 66 69 70 86 73 91 77 62
1 30 65 84 70 71 72 73 90 76 78 79
1 20 81 84 86 89 75 61 77 78 63
1 4 86 74 79 63
1 19 65 81 73 62
1 45 80 82 83 70 87 89 74 76 77 79
1 16 87 88 73 89 90 78 62 79
1 25 67 69 70 73 77 78 81 82 83 88 90 91 61
1 18 65 82 83 69 71 87 72 89 62
1 27 65 83 70 87 90 75 61 79
1 36 80 82 67 69 88 73 90 76 62 78
1 21 66 68 86 88 73 90 77 61
1 2 66 68 69 85 71 87 72 74 91 61
1 23 81 82 66 68 84 85 88 73 90 76 61 63
1 0 64 65 83 85 69 87 89 74 91 76 61
1 11 65 68 70 71 72 73 79 81 83 84 88 89 61 63
1 26 80 65 82 84 86 87 88 73 76 77 62 63
1 22 64 65 81 67 87 72 73 75 77
1 40 80 67 83 69 73 77 63
1 6 64 66 86 74 63
1 33 64 66 83 73 91 76 61 78
1 31 65 82 66 85 73 91
1 5 64 67 85 70 71 72 73 76 61 77 62 78
1 3 65 66 67 84 69 85 87 72 88 61 78 62
1 17 83 74 76 62
1 35 66 82 69 85 74 76 77 63
1 28 80 65 66 84 85 69 73 90 75 91 62
1 15 81 85 74 61 77
1 38 83 73 74 75 76 61 78
1 8 64 66 84 70 73 74 61 63
1 10 65 67 70 72 74 76 77 83 85 86 88 91 62
1 47 82 71 73 74 75 91 62
1 7 67 69 70 87 62 63 79
1 43 82 84 87 72 73
1 44 80 64 84 70 71 75 77 78 63
1 37 65 81 84 71 73 78 79
1 46 64 81 66 84 69 90 75 91 78
1 12 68 69 70 87 88 74 78
1 48 80 65 67 84 85 71 88 89 91 61 78
1 49 65 68 69 86 71 72 90 77 79
0 50 64 82 69 71 88 91 77 79
0 51 64 65 82 66 68 87 88 89 90 74 62
0 52 64 65 68 70 74 80 83 84 86 87 89 90 91
0 53 64 69 70 87 88 89 77
0 54 83 68 85 86 71 72 89 91 78
0 55 81 65 83 84 86 87 71 74 90 62 79
0 56 67 68 71 72 73 80 81 82 86 87 89 90 63
0 57 80 66 83 84 85 86 91 75 63
0 58 83 68 86 87 72 88
0 59 82 83 86 87 88 72 89 91 79
0 60 65 67 84 86 72 73 75 91 61
1 0
1 1
1 2
1 3
1 4
1 5
1 8
1 7
1 15
1 9
1 22
1 6
1 14
1 16
1 23
1 17
1 18
1 13
1 11
1 24
1 20
1 21
1 10
1 19
1 12
0 86
0 87
0 88
0 89
0 90
0 91
