2
80 40
1 9 97 81 82 115 101 118 89 91 92
1 19 97 113 98 99 104 92 109 111
1 2 80 81 100 85 117 86 104 88 105 109
1 23 112 102 118 104 89 107 108
1 4 112 81 114 83 86 103 104 93 111
1 5 81 83 84 85 101 92 93 110
1 11 96 98 102 106 111 80 113 114 84 117 89 91 93 94 95
1 7 96 81 82 83 102 88 90 92 95
1 15 97 113 100 101 117 102 89 108 110
1 31 96 97 101 102 106 107 110 111 82 85 119 93 94
1 44 99 101 86 102 87 92 93 95 111
1 26 97 81 114 83 99 100 116 101 93 109 110 111
1 14 97 100 101 102 104 107 108 109 115 84 117 87 88 90
1 28 100 101 118 119 104 105 90 91 92 108 109
1 8 113 83 84 116 102 87 88 90 106
1 10 113 115 87 89 105 90 108 93 95
1 1 97 98 107 112 113 82 114 83 85 88 89 92 93
1 27 99 100 101 102 104 111 112 83 115 119 92 93 95
1 38 112 97 85 101 117 102 103 90 106 110
1 18 96 97 81 114 86 87 104 92 95
1 20 115 117 119 88 90 91 107 94 110 95
1 13 96 100 102 103 107 108 109 110 81 114 83 88 92 94 95
1 22 112 100 101 88 89 107 92 109 110 95 111
1 6 82 114 115 100 117 86 87 119 104 89 92 94
1 43 96 98 99 101 102 105 108 109 83 85 117 90 91 92
1 0 97 103 105 107 108 109 80 112 82 114 83 115 86 91 93 95
1 12 115 100 116 85 86 118 88 91 93 94
1 16 96 112 99 84 116 102 118 103 106 93 110
1 17 97 113 99 100 102 105 106 95
1 21 97 98 100 102 107 109 83 115 85 87 119 90 92 95
1 45 96 99 100 103 105 81 113 114 118 87 90 92 93 94 95
1 30 97 98 99 100 104 106 107 109 110 82 84 116 118 87 91 95
1 32 96 102 103 104 107 111 112 113 82 115 87 92 93 94
1 37 96 99 84 116 85 119 88 104 107 94
1 34 98 114 86 102 118 87 104 88 106 111
1 35 97 98 100 104 106 82 114 115 84 85 117 86 93 95
1 36 96 97 83 101 102 105 106 94 110 95
1 29 112 81 98 115 100 85 103 89 93 109 110 111
1 33 82 114 99 83 116 104 107 108 93 95
1 39 98 100 101 103 87 88 92 108 93 94 111
1 40 96 112 97 82 115 84 100 103 104 89 106 95
1 41 81 113 82 98 99 101 86 104 88 105 90 106
1 42 81 113 114 100 84 101 104 92 108 94
1 3 97 101 102 87 88 106 108
1 25 96 97 81 82 101 85 118 119 88 108
1 24 96 97 81 98 84 103 104 89 90 107 109 94
1 46 80 82 101 88 104 105
1 47 97 113 99 84 100 88 104 89 92
1 48 96 97 98 83 99 101 85 103 90 91 110 95
1 49 96 81 98 114 100 117 102 118 87 119 104
0 50 96 97 98 102 104 105 106 109 113 114 115 85 89 93
0 51 98 99 102 105 106 107 111 113 117 118 119 93 94
0 52 112 82 98 116 101 103 104 107 108 94
0 53 112 113 98 115 101 117 107 108 111
0 54 96 104 105 107 109 110 111 112 82 115 119 89 91 92
0 55 97 101 102 109 110 111 112 115 116 117 88 94 95
0 56 99 101 104 106 111 114 83 85 117 118 119 90 95
0 57 97 102 105 106 110 111 113 82 115 116 117 86 119 88 94
0 58 96 101 102 105 108 109 113 114 116 85 118 119 89 93
0 59 100 101 103 105 110 111 81 83 85 118 119 87 88 93
0 60 99 100 104 107 111 112 114 116 117 118 86 88 89 93
0 61 81 113 99 116 101 118 104 89 106 108
0 62 96 101 102 103 119 89 90 107 110
0 63 103 107 109 110 112 113 114 115 116 86 118 88 92 93 94
0 64 98 82 115 86 118 89 107 92 109 111
0 65 98 103 107 110 112 80 114 116 84 119 88 89 92
0 66 98 102 103 107 109 111 113 82 115 85 117 88 89
0 67 97 113 114 83 116 101 119 105 90 107 95 111
0 68 98 101 105 106 107 108 111 112 81 114 82 85 117 119 88 89 95
0 69 99 100 102 105 107 108 109 113 81 82 115 85 117 86 119 87 90 92
0 70 97 98 105 106 107 109 82 116 119 87 90 92 93 94
0 71 112 96 97 114 98 115 99 116 86 119 93 110
0 72 112 115 116 117 118 88 106 107 94 95
0 73 102 103 104 106 110 113 114 82 115 84 118 119 90
0 74 112 114 115 116 88 89 106 92 108 109 93 111
0 75 96 97 99 102 107 110 112 113 116 84 117 85 118 119
0 76 112 80 82 98 83 116 100 105 107 110 111
0 77 105 106 110 81 113 82 115 84 117 86 89 90 94
0 78 96 113 82 116 117 85 102 105 89 107 91 92
0 79 99 103 105 108 109 110 111 112 83 115 84 116 117 85 118 92 93
1 0
1 1
1 2
1 3
1 4
1 17
1 6
1 7
1 8
1 9
1 16
1 11
1 10
1 5
1 14
1 15
1 19
1 13
1 18
1 24
1 20
1 21
1 12
1 23
1 22
0 105
0 106
0 107
0 108
0 109
0 110
0 111
0 112
0 113
0 114
0 115
0 116
0 117
0 118
0 119
