2
61 61
1 22 82 105 108 95
1 1 71 77
1 2 71 119 111
1 6 86 92
1 32 99 104 89 106
1 16 96 82 103 120 93 94 63
1 42 116 92 109 110 63
1 17 65 118 119 75 76 95
1 4 70
1 35 82 99 115 117 102 72 104 106 109
1 37 96 82
1 15 66 89 93 78
1 7 88 91
1 10 115 119 75 76
1 43 82 117 105 92
1 25 113 67 115 107 62 95
1 8 68 117 87 111
1 38 98 101
1 40 96 97 119 74
1 49 116 110
1 0 72 104 78
1 13 103 62 94
1 44 96 112 113 105
1 30 65 113 98 100 121 106 90
1 18 89 75 94
1 23 86 74 90
1 24 114 68 84 77 110 94
1 3 115 70 93
1 29 98 114 90 107
1 36 100 69 104 95
1 20 80 97 99 86 103 74 76
1 31 96 97 76 78 95
1 21 112 83 111
1 11 80 91 76 79 111
1 33 115 100 103 89
1 19 82 78
1 9 82 70 72 91
1 41 97 101 85 77 109 95
1 5 64 73 76
1 28 98 66 73 106 61
1 45 96 68 105
1 46 100 119 61
1 14 67 68 121 93
1 47 85 118
1 34 81 85 119 89
1 26 98 99 102 103 87 72 62
1 27 89 77 62
1 39 96 98 102
1 48 85 110
1 12 75 76 94
0 50 113 81 116 62
0 51 83 74
0 52 97 71 90 92 62
0 53 115 63
0 54 96 112 115 69 87 71 107
0 55 98 69 119
0 56 80 121 76 109
0 57 112 113 62
0 58 67 116 69 104 107
0 59 116 84 85 120 106 94
0 60 113 82 114 101 120 90
1 45
1 23
1 16
1 3
1 19
1 18
1 25
1 17
1 36
1 4
1 2
1 15
1 6
1 28
1 12
1 9
1 27
1 14
1 11
1 20
1 34
1 31
1 21
1 10
1 48
1 0
1 8
1 7
1 26
1 33
1 5
1 42
1 1
1 13
1 32
1 43
1 40
1 35
1 38
1 46
1 41
1 39
1 24
1 30
1 44
1 37
1 29
1 22
1 47
1 49
0 111
0 112
0 113
0 114
0 115
0 116
0 117
0 118
0 119
0 120
0 121
