2
31 31
1 11 32 48 35 52 40 58
1 1 33 41
1 7 49 37 40 41 42 58 61 31
1 0 37 38 55 46
1 21 34 51 39 42 60 47
1 5 33 52
1 17 50 35 52 54 55 59 44
1 6 33 35 60 45 46 31
1 9 50 35 40 57 45
1 2 34 36 56 42
1 8 35 36 41 57 46 47
1 10 48 32 33 49 35 37 53 38 54 60
1 4 33 37 40 56
1 13 52 41 60 45 46 31 47
1 19 51 37
1 14 32 37 46
1 16 32 50 54 40 56 42 43 44 45
1 18 52 53 54 43 45
1 22 48 50 38 56 42 44
1 20 51 52 55 41
1 15 57 42 59 60 61 46
1 24 48 51 39 40 57
1 12 49 35 52 41 42
1 23 51 35 39 55 45
1 3 34 38 56 59
0 25 53 37 57 58 42
0 26 32 36 52 37 40 43 61
0 27 32 55 57 58 43
0 28 32 48 33 38 56 43 59 61
0 29 49 34 37 38 40 41 58 59
0 30 34 56 45 31
1 0
1 9
1 2
1 1
1 10
1 5
1 6
1 4
1 24
1 3
1 7
1 16
1 21
1 19
1 15
1 13
1 11
1 14
1 8
1 12
1 23
1 18
1 17
1 20
1 22
0 56
0 57
0 58
0 59
0 60
0 61
