2
61 61
1 28 97 98 101 70 103 106 74 75 109 80 81 82 114 115 84 85 86 89 121 92 62
1 18 64 66 67 102 70 103 72 77 112 113 114 84 116 85 117 119 89 91 92 93 94
1 39 64 65 97 68 104 109 110 80 112 114 83 116 85 87 88 120 63
1 3 64 65 99 101 105 74 75 108 109 79 81 113 115 84 85 117 118 119 91 61 62
1 4 97 66 98 67 102 70 103 73 74 75 108 78 110 84 116 117 88 89 61
1 5 96 66 101 69 70 71 76 79 111 112 116 86 118 87 120 93 61 62 63
1 0 64 65 98 99 101 103 104 73 78 79 111 81 113 83 116 85 86 119 121 91
1 32 96 64 97 99 102 72 108 78 111 82 115 89 92 93 62 63
1 12 66 69 102 73 105 75 107 76 78 80 112 81 83 84 85 117 90 91
1 10 68 69 101 102 70 104 105 107 76 78 79 111 113 82 83 115 119 89 90 91 92
1 11 64 97 99 67 68 69 71 104 105 109 115 84 88 92 61 62
1 44 64 98 67 100 102 73 105 106 75 107 110 78 114 115 90 62 94 63
1 47 64 97 99 100 73 106 108 77 110 79 111 80 81 113 85 86 118 120 61 93 94 95
1 15 65 98 102 71 72 73 75 76 109 110 112 81 84 116 118 93 61 94
1 49 64 97 99 100 102 105 106 109 79 80 81 113 114 83 89 93 94
1 31 100 101 69 102 105 75 108 76 110 111 81 82 114 115 117 86 61 94 63
1 26 96 97 100 69 71 104 77 80 81 113 82 114 84 85 87 89 121 90 91 62
1 17 64 103 71 73 105 75 76 80 113 83 116 118 89 93
1 25 97 66 100 69 70 72 73 106 107 76 77 78 79 81 82 114 88 89 63
1 9 66 70 71 74 75 77 78 79 84 87 90 93 98 99 100 103 106 108 110 114 115 119 120 121 62
1 8 65 99 68 69 103 74 107 76 111 81 113 116 118 87 88 120 93 94 62 95
1 24 66 67 101 105 106 76 77 78 112 81 113 83 118 88 90 91 63
1 46 64 100 69 106 107 108 109 110 78 80 81 114 115 117 87 120 93 94 62 95
1 13 97 66 67 68 70 103 71 104 73 75 109 79 112 113 84 116 85 119 121 90 61
1 27 102 72 73 110 112 81 113 115 116 86 87 89 91
1 7 64 96 98 66 70 73 106 75 110 111 112 117 118 61 63
1 41 64 97 98 67 100 101 70 71 103 104 108 115 84 87 119 121 90 91 92 93 61
1 23 64 66 99 67 68 103 71 72 73 74 106 107 108 109 79 80 112 81 85 86 88 89 92 61
1 2 97 65 101 121 76 109 61 63 111
1 6 98 99 68 69 70 103 72 75 107 108 77 110 112 81 82 114 115 84 116 120 91 92 95
1 35 96 64 97 99 100 68 102 70 72 108 109 78 110 79 80 83 117 89 90 61 93 63
1 22 96 99 100 103 71 75 76 77 110 80 81 82 115 85 87 88 90 91 92
1 16 64 65 67 68 102 72 104 106 107 75 76 111 82 114 118 89 93
1 19 97 66 100 69 101 103 71 73 74 110 80 112 116 85 89 90 61 93
1 34 97 98 67 68 100 103 106 108 79 111 113 114 84 116 118 87 91 95 63
1 21 64 97 65 67 76 79 82 83 85 121 90 91 92 93
1 33 64 96 65 68 102 70 105 107 108 111 81 82 83 116 86 119 88 120 91 92 94
1 20 65 100 69 103 104 72 74 77 110 78 112 114 86 63
1 29 64 102 75 109 80 81 115 84 117 88 90 61 93 94
1 38 96 82 99 67 115 102 119 88 121 75 94 63
1 40 97 101 72 105 73 107 76 78 111 80 112 87 89 121 62 95
1 37 64 96 97 99 67 101 103 105 106 76 78 79 81 113 83 115 117 118 87 88 120 62
1 14 65 73 77 110 78 79 81 116 85 118 120 91 61
1 43 96 64 97 99 67 68 101 103 72 105 108 109 80 113 114 115 118 87 88 89 90 63
1 36 97 65 98 69 102 70 72 105 109 110 111 113 115 117 88 120 91
1 45 97 103 73 107 75 109 111 84 116 85 118 119 88 93 94 62
1 42 96 66 101 72 108 78 79 111 115 116 87 88 62 94 63 95
1 30 64 97 103 71 104 72 75 76 108 82 84 86 121 90 91 61 63 95
1 48 64 97 66 99 75 108 109 81 114 85 88 89 95
1 1 96 66 67 100 102 72 106 74 75 108 77 81 82 83 87 119 88 90 61 62
0 50 65 101 102 105 107 108 76 78 80 83 117 118 121 62 94 95
0 51 64 96 98 67 100 71 73 79 112 113 83 115 86 119 120 89 93 62 95
0 52 103 104 107 75 108 109 79 112 113 118 86 119 92 95
0 53 96 65 98 66 99 100 69 102 71 106 77 78 111 81 115 118 119 120 121 93 94
0 54 64 97 98 67 103 75 77 78 80 113 81 114 82 115 85 117 118 86 119 61 62
0 55 96 65 98 70 111 80 112 114 115 117 89 92 94
0 56 96 97 68 71 104 106 108 77 109 110 113 114 115 85 118 119 120 121 89 91 93 62 95
0 57 66 98 101 102 70 104 75 107 108 76 112 81 113 82 117 118 121
0 58 99 101 70 72 106 111 113 114 115 84 116 117 86 118 119 89 94 63
0 59 64 98 67 103 76 109 112 113 114 82 115 116 117 61 93 94
0 60 97 65 66 98 67 69 70 71 105 73 75 76 110 113 115 117 86 119 92 94 62 95
1 1
1 21
1 43
1 41
1 0
1 5
1 9
1 7
1 8
1 6
1 15
1 36
1 11
1 10
1 3
1 12
1 2
1 17
1 18
1 33
1 23
1 24
1 13
1 28
1 16
1 37
1 25
1 49
1 38
1 14
1 26
1 30
1 32
1 47
1 40
1 42
1 46
1 27
1 4
1 35
1 31
1 34
1 22
1 20
1 44
1 45
1 29
1 39
1 48
1 19
0 111
0 112
0 113
0 114
0 115
0 116
0 117
0 118
0 119
0 120
0 121
