2
61 31
1 9 82 70 72 73 89 78 62 63
1 19 80 85 86 87 88 73 78 79
1 2 81 66 67 85 69 61 62
1 23 83 85 70 86 88 89
1 4 64 67 84 85 86 74 62
1 5 64 65 66 82 88 73 74 62
1 11 65 70 72 74 75 76 77 79 83 86 87 89 61
1 7 64 83 69 86 71 73 76 77 62 63
1 15 81 82 83 70 87 88 91 78
1 31 82 66 83 87 74 75 77 78 63
1 44 80 82 67 83 68 73 74 76
1 26 64 80 81 82 86 74 78 62
1 14 81 65 82 83 68 85 69 86 71 78
1 28 81 82 85 86 71 72 73
1 8 64 65 83 68 69 71
1 10 68 70 71 89 74 91 76
1 1 64 66 69 70 86 73 74 78 63 79
1 27 64 80 81 82 83 85 73 89 74 76
1 38 66 82 83 84 71 87 78
1 18 67 68 85 73 89 76 77 78 62
1 20 69 86 71 87 72 90 75 76
1 13 64 81 83 84 69 73 75 91 76 77 62
1 22 81 82 69 70 86 88 73 76
1 6 81 67 68 85 70 73 90 75 91 63
1 43 64 66 71 72 73 77 79 80 82 83 87 88 91
1 0 64 67 84 72 89 74 91 76 61 78 63
1 12 81 66 67 69 72 74 75 91
1 16 80 65 83 84 87 88 74 91 77
1 17 80 81 83 87 90 91 76 78
1 21 64 66 68 71 73 76 78 79 81 83 86 88 91
1 45 68 71 73 74 75 76 77 80 81 84 87 89 62
1 30 65 68 72 76 78 79 80 81 85 87 88 90 63
1 32 83 68 84 85 87 88 73 89 74 75 77 63
1 37 80 65 66 69 85 86 89 90 75 77
1 34 67 83 68 85 69 91 79
1 35 81 65 66 67 85 74 76 78 63 79
1 36 64 82 83 88 89 75 76 77 78
1 29 81 66 84 70 89 74 91 62 79
1 33 80 64 85 86 87 88 74 90 76 63
1 39 81 82 84 68 69 88 73 74 75 79
1 40 65 81 84 85 70 88 90 91 76 77 78 63
1 41 80 82 67 85 69 71 87 91 62 63 79
1 42 81 65 82 85 86 73 90 75 62
1 3 82 83 68 69 89 78
1 25 82 66 69 87 90 77 78 62 63
1 24 65 84 85 70 71 87 89 75 77 78 62 79
1 46 82 69 85 86 89 91 61 63
1 47 80 65 81 69 85 70 87 73 78
1 48 64 80 82 66 84 71 72 89 76 77 78 79
1 49 81 83 68 85 77 62 79
0 50 65 81 71 90 91 76 61 62
0 51 67 68 84 87 88 89 74 90
0 52 66 73 79 81 82 83 88 89 90 91 61 62 63
0 53 65 69 87 72 88 74 91 76 61 77 62
0 54 80 65 86 87 76
0 55 65 84 70 86 87 72 88 74 91 77 62
0 56 80 81 66 82 83 86 87 72 91 75 78 79
0 57 80 67 68 88 89 76
0 58 65 67 85 71 72 90 91 75 76 77 63
0 59 64 80 85 70 87 88 73 61 62
0 60 64 69 86 70 90 75 76 79
1 0
1 1
1 2
1 3
1 4
1 17
1 6
1 7
1 8
1 9
1 16
1 11
1 10
1 5
1 14
1 15
1 19
1 13
1 18
1 24
1 20
1 21
1 12
1 23
1 22
0 86
0 87
0 88
0 89
0 90
0 91
