2
31 61
1 0 65 66 51 68 40 42
1 1 33 69 72 75
1 8 36 70 72 58 61 78 47
1 17 33 67 70 90 44
1 4 82 35 39 87
1 5 49 35 38 70 76 45 46
1 6 65 42
1 7 37 71 90
1 23 74 59 78
1 9 32 34 66 52 59 45 79 31
1 10 50 34 56
1 16 54
1 12 48 34 90 91 60
1 21 67 44 45
1 14 65 43 47
1 15 65 84 53 37 85 88
1 24 51 39 73
1 22 43 62
1 18 39 77
1 2 70 86 87
1 20 64 49 83 71 57 89
1 13 41 63
1 11 41 42
1 3 80 32 81 85
1 19 37 55 72 90
0 25 50 86 91 62
0 26 53 86 87 44
0 27 81 84 55 42
0 28 84 54 88 79
0 29 66 51 37 61 62 31
0 30 67 74 91
1 35
1 3
1 17
1 12
1 4
1 45
1 40
1 34
1 41
1 0
1 19
1 6
1 46
1 32
1 21
1 15
1 16
1 39
1 20
1 10
1 49
1 14
1 22
1 23
1 24
1 25
1 26
1 27
1 28
1 29
1 30
1 31
1 13
1 33
1 11
1 9
1 36
1 37
1 1
1 2
1 7
1 8
1 42
1 43
1 44
1 5
1 18
1 47
1 48
1 38
0 81
0 82
0 83
0 84
0 85
0 86
0 87
0 88
0 89
0 90
0 91
