2
61 61
1 13 64 82 87 120 73 93 78 79
1 33 67 101 106 63
1 15 64 117 92 93
1 5 65 69 119 62
1 27 85 91 78 110
1 22 66 83
1 2 113 115 70 72 104 107 61
1 3 107
1 0 112 70 118 73 76
1 31 96 64 114 71 88 105 89 108 79
1 23 68 118 103
1 7 113 69
1 47 81 98 121 63
1 9 71
1 14 118 103 73
1 36 113 116 117 103 91 107 76 63
1 44 80 98
1 19 64 66 83 87 93
1 12 116 73
1 1 114 121 75 109
1 16 114 86 70 88 110
1 49 80 99 70 103 119 88
1 45 83
1 26 64 81 70 104 120
1 29 100 105 92
1 20 64 116 103 72 109 95
1 28 91 94
1 37 80 65 99 84 108 110
1 40 80 68
1 41 116 117 102
1 11 113 68 102 93
1 32 102 94
1 35 104 105 121 74
1 21 71 92 94 111
1 24 112 114 73 106 110
1 48 97 98 116
1 46 81 85 118 104 88 93
1 17 86 102 79 111
1 18 98 68 116 73 90 95
1 30 102 121 76 94
1 25 69 89 75
1 8 83 68 70 73 77
1 43 81 99 106 108
1 42 112 81 91 63
1 4 82 72 61
1 6 64 107 77
1 34 67 105 106
1 38 102
1 39 97 101 88 89 75
1 10 83 72 109 62
0 50 86 93 79
0 51 97 115 91 109
0 52 83 67 106
0 53 117 108 93
0 54 112 102 87 119 120
0 55 98 115 116 117 101
0 56 80 69 88 121 106
0 57 96 113 68 91 108
0 58 115 118 93
0 59 113 116 100 117 119 73 110
0 60 94
1 0
1 6
1 44
1 12
1 21
1 26
1 32
1 11
1 7
1 1
1 15
1 5
1 10
1 20
1 28
1 42
1 2
1 14
1 19
1 45
1 46
1 4
1 18
1 37
1 36
1 9
1 13
1 47
1 40
1 8
1 30
1 22
1 17
1 25
1 24
1 31
1 48
1 49
1 41
1 29
1 33
1 38
1 23
1 43
1 35
1 34
1 3
1 39
1 16
1 27
0 111
0 112
0 113
0 114
0 115
0 116
0 117
0 118
0 119
0 120
0 121
