2
31 61
1 0 48 52 36 37 72 88 43 62
1 1 80 33 66 82 67 36 86 55 74
1 24 65 34 83 69 57 75 76 62 78
1 3 33 35 37 39 72 41 74 44 78 48 82 54 55 59 91 61 31
1 4 48 34 84 87 41 62
1 5 32 49 66 36 37 87 74 60
1 8 32 65 37 42 74 44 77 78 48 53 89 90 61
1 7 34 68 37 40 76 77 45 47 80 81 82 51 58 63
1 18 32 65 66 69 55 39 90 43 59 44 60 78
1 9 80 32 49 54 39 73 58 77 46 79
1 10 51 53 54 88 73 41 59 44 60 45 46
1 11 80 34 35 69 39 41 73 74 44 63 47
1 12 32 33 49 34 68 36 37 76 78
1 13 49 82 84 54 86 39 41 59 76 78
1 14 67 35 86 71 87 43 60 45
1 2 33 82 68 55 87 73 57 89 75 62
1 16 33 66 36 38 40 41 47 48 49 50 83 60 62
1 17 64 66 68 39 71 48 54 86 55 56 57 60 62
1 15 34 83 90 43 62
1 19 64 48 51 35 37 69 56 45 79
1 20 65 49 82 84 86 56 58 75 61 62 47
1 21 64 81 50 67 57 45
1 22 32 67 39 77 45 79 80 52 53 86 87 88 90 91
1 23 80 65 34 35 68 52 87 75 59
1 6 33 34 67 70 71 41 78 48 50 85 89 91 31 63
0 25 48 80 83 36 37 85 87 40 45 47
0 26 64 35 67 37 39 40 46 47 48 83 84 52 86 88 56 60 61
0 27 65 66 52 54 39 87 72 40 56 89 75
0 28 65 40 73 42 43 45 49 83 84 53 87 88 91 62
0 29 32 65 50 35 84 69 54 74 91 61 46
0 30 64 82 50 52 70 74 91 44 46
1 41
1 18
1 2
1 31
1 37
1 43
1 6
1 49
1 32
1 46
1 10
1 8
1 12
1 13
1 48
1 15
1 29
1 4
1 47
1 19
1 30
1 21
1 22
1 9
1 0
1 25
1 26
1 17
1 28
1 35
1 20
1 24
1 11
1 33
1 34
1 16
1 14
1 23
1 38
1 39
1 40
1 3
1 42
1 5
1 44
1 45
1 7
1 1
1 36
1 27
0 81
0 82
0 83
0 84
0 85
0 86
0 87
0 88
0 89
0 90
0 91
