2
40 40
1 11 49 41 57 44 61 77 78
1 1 65 50 42 76
1 7 49 50 51 70 40 72 58 74 46
1 0 64 55 46 47
1 21 48 66 51 56 43 60 78
1 5 66 67 42 76 61
1 17 64 53 69 59 44 61 63
1 6 54 55 40 72 42 75 44 76
1 9 49 54 59 75 44 78
1 2 66 51 67 69 43 75 45 78
1 8 50 66 55 56 44 45
1 10 57 41 73 42 58 44 46 62 47 63
1 4 49 42 77 46
1 13 50 66 68 69 54 55 40 56 74 61
1 19 60 77 46
1 14 55 71 41 46
1 16 49 66 51 52 53 54 41 73 74 59 63
1 18 67 52 54 73 61 77 62 63
1 22 51 53 69 57 59 78 47
1 20 64 50 67 73 60 61
1 15 51 68 70 55 75 78
1 24 48 49 57 60 79
1 12 50 51 73 58 75 44 76 61
1 23 48 64 65 54 60 44 77
1 3 66 68 43 77 47
0 25 64 66 67 68 53 56 78 79
0 26 65 66 50 54 70 77
0 27 66 67 54 42 44 60
0 28 67 55 56 73 60 79 47
0 29 49 69 71 56 72 40 57 73 74 58 76
0 30 64 65 53 70 54 40 73 74 75 77
0 31 72 42 58 43 75 61
0 32 49 50 66 70 56 73 42 45 79 63
0 33 54 76
0 34 64 67 51 52 71 72 42 58 75
0 35 66 52 69 55 73
0 36 49 65 50 66 68 54 70 55 73 44 63
0 37 65 69 55 72 57 60 47
0 38 51 67 68 42 59 77
0 39 66 68 53 70 40 41 76 78 79
1 0
1 9
1 2
1 1
1 10
1 5
1 6
1 4
1 24
1 3
1 7
1 16
1 21
1 19
1 15
1 13
1 11
1 14
1 8
1 12
1 23
1 18
1 17
1 20
1 22
0 65
0 66
0 67
0 68
0 69
0 70
0 71
0 72
0 73
0 74
0 75
0 76
0 77
0 78
0 79
