2
31 31
1 16 33 50 53 54 42 43 46
1 21 48 53 38 55 57 58 59 60 45 61
1 0 51 35 36 55 39 41 46 31
1 13 32 34 55 40 58 45 46
1 4 50 34 37 53 54 39 40 41 44 60 47
1 3 32 51 36 37 54 39 41 59 47
1 10 35 37 38 39 40 43 44 45 47 49 51 52 55 56 57 59 60 31
1 8 32 49 33 34 51 36 38 55 40 58 61 47
1 22 32 34 52 53 55 42 43 60 45
1 17 48 49 34 50 52 38 40 56 42 58 59 46
1 12 48 50 51 37 38 39 41 58 43 44 60 46
1 14 34 50 38 39 56 42 58 44 60 47
1 5 49 35 53 54 57 44 61
1 23 32 41 42 59 44 47
1 6 34 35 37 44
1 7 48 36 37 38 39 55 56 41 57 59 60 46
1 11 49 34 52 53 54 56 42 43
1 1 36 40 43 44 45 46
1 24 48 52 43 47 31
1 19 48 33 58 44 60
1 2 34 35 37 39 40 41 44 50 51 53 54 55 58 31
1 15 35 38 55 56 42 59 44 45 46 31
1 18 32 33 51 35 38 39 56 42 61
1 9 33 34 50 36 37 53 43 44 61 47
1 20 33 50 52 38 42 61 47
0 25 48 34 37 54 55 39 56 41 43 59 60 31
0 26 32 34 35 36 39 56 60 61
0 27 33 34 35 36 39 40 45 53 55 58 60 61 31
0 28 49 51 52 36 42 58 47 31
0 29 49 51 52 37 55 42 58 43 59 60 45
0 30 35 56 42 60 61 46 47
1 9
1 23
1 18
1 11
1 10
1 1
1 4
1 24
1 6
1 2
1 0
1 20
1 16
1 7
1 14
1 17
1 13
1 21
1 15
1 19
1 8
1 22
1 5
1 3
1 12
0 56
0 57
0 58
0 59
0 60
0 61
