2
61 61
1 28 65 69 101 72 73 109 77 79 113 84 116 86 118 119 88 89
1 45 97 65 66 67 99 68 101 104 72 105 106 76 109 78 112 83 116 89 92 95
1 27 66 98 100 101 69 71 105 107 77 109 79 111 80 113 82 114 115 84 86 87 88 92 95
1 48 65 66 101 70 103 72 73 105 74 109 78 111 113 86 119 89 121 91 92 63
1 6 98 66 100 69 70 104 107 108 109 78 111 80 83 84 117 88 120 89 91
1 12 97 98 99 119 120 105 75 76 61 63 111
1 26 97 66 67 101 71 72 106 74 75 107 109 110 113 84 116 89 95
1 7 96 65 67 99 69 70 71 73 76 108 77 78 80 112 82 121 95
1 8 66 99 69 70 71 72 105 106 108 76 110 78 79 112 81 82 118 120 90 92
1 9 64 96 98 100 69 71 73 74 109 110 79 111 83 84 85 88 91 61 62 95
1 20 65 66 68 69 70 71 75 78 80 82 86 89 91 93 95 100 104 105 108 111 112 115 116 121 62 63
1 11 97 65 99 67 70 102 78 110 82 115 117 86 87 121 91 93
1 17 96 97 65 100 68 69 75 108 76 81 114 83 117 91 93 95 63
1 31 97 102 75 108 76 110 112 117 86 118 119 94 63
1 14 69 71 106 74 75 78 79 80 81 113 116 118 119 88 91 61 62 94
1 15 96 64 66 98 70 74 107 76 77 112 82 114 84 116 86 119 120 121 63
1 38 96 65 68 71 105 106 77 78 111 80 82 115 85 86 92 94
1 3 98 66 101 70 71 105 73 110 80 83 116 85 119 120 91 92 61 62
1 35 65 98 67 102 103 104 73 106 108 110 111 112 113 82 84 118 119 90 91 93 95
1 43 65 98 99 68 102 104 73 76 109 77 85 117 118 120 121 92 94
1 42 97 67 102 106 110 79 83 115 84 86 120 89 91 92 94 95
1 24 67 100 72 106 74 108 76 109 111 114 120 63 95
1 1 69 102 71 103 106 110 78 79 80 82 114 115 84 87 120 93 62 95
1 49 67 101 102 103 74 75 78 80 113 84 116 86 88 90 92
1 33 65 66 67 103 72 106 107 77 110 81 82 116 85 117 120 89 91 95
1 21 96 98 99 68 101 72 74 75 77 111 83 115 116 118 119 88 89 121 61
1 30 66 98 67 71 103 72 73 106 75 109 111 80 112 81 82 84 116 85 90 91 92 93 94 62
1 2 96 98 69 101 71 72 108 76 78 79 84 118 91 93
1 32 64 97 66 67 99 100 69 106 77 109 79 112 117 86 87 119 88 121 90 93
1 19 96 98 72 73 105 75 76 78 111 112 81 113 82 114 83 117 92 62 63
1 46 96 67 102 74 108 109 114 83 115 118 87 90 92 63
1 18 80 83 116 87 71 119 73 77 94
1 4 98 68 70 73 77 79 111 80 112 114 121 90 91 92 63
1 34 64 98 100 103 104 106 108 109 78 79 112 114 83 84 85 86 118 88 90 61 93 62 95
1 10 96 65 66 99 101 69 104 72 106 107 110 112 114 84 86 118 87 91 93 94 62 95
1 36 97 68 103 104 74 109 111 82 85 88 91 61 62
1 29 97 65 67 101 74 106 75 108 77 79 114 87 92 61 94 63 95
1 23 67 100 101 70 104 73 107 76 77 78 112 84 87 88 89 91
1 0 98 70 102 71 104 73 74 107 75 108 76 78 79 80 81 113 115 85 118 87 89 93 63 95
1 39 64 97 65 99 100 68 101 102 109 81 83 119 88 90 92 95
1 40 97 99 69 103 104 105 73 74 106 107 108 77 111 112 81 83 115 116 86 90 91 92 94 63
1 25 64 97 66 98 99 67 68 101 70 103 105 107 75 78 80 83 115 85 120 91 94
1 13 100 69 71 74 78 80 112 114 83 115 116 85 117 87 89 121 91 62 63
1 16 99 68 100 70 72 73 76 77 78 80 83 85 91 61
1 44 64 98 66 99 100 69 103 75 112 81 113 114 85 86 119 120 89 90 91 93 94
1 41 65 68 100 101 102 104 75 81 84 116 85 86 119 120 89 92
1 5 97 99 68 69 70 103 72 104 74 106 107 76 109 110 82 114 116 86 94 62 95 63
1 47 98 66 70 103 106 81 114 84 86 87 119 88 120 89 121 92 93 94
1 37 97 67 100 69 101 70 102 72 77 109 112 85 117 89 62 95
1 22 64 97 98 100 69 102 70 103 72 105 78 79 80 83 116 88 120 91 92 62 63
0 50 65 100 102 72 73 106 107 75 108 109 112 114 83 86 119 88 89 62
0 51 98 66 99 101 72 73 106 75 109 78 111 112 114 84 116 87 88 90 92 93
0 52 96 65 67 68 69 105 109 111 113 82 114 116 84 118 86 88 63
0 53 97 69 101 70 71 72 105 109 79 111 112 114 115 84 86 119 89 121 91 92
0 54 99 102 105 73 77 78 113 81 82 114 83 115 116 84 118 120 89 62 94
0 55 100 101 70 102 72 73 74 77 79 112 81 113 114 83 117 120 88 90 92 62 63 95
0 56 97 98 66 67 70 73 77 109 78 79 83 116 117 86 119 87 90 61 62 95
0 57 101 102 105 106 75 76 108 109 80 116 118 88 120 92
0 58 67 69 102 70 72 104 73 74 106 75 77 116 85 119 120 89 93 94
0 59 96 97 65 66 99 101 73 107 108 79 112 84 116 117 120 121 92 61 94
0 60 64 96 65 66 99 68 102 73 74 106 75 112 81 113 83 116 85 117 118 91 63
1 23
1 9
1 14
1 32
1 38
1 26
1 42
1 25
1 10
1 15
1 8
1 5
1 17
1 19
1 22
1 3
1 16
1 13
1 1
1 12
1 28
1 21
1 6
1 35
1 36
1 49
1 18
1 40
1 31
1 46
1 24
1 43
1 7
1 33
1 34
1 11
1 30
1 44
1 4
1 29
1 39
1 41
1 47
1 27
1 37
1 45
1 0
1 20
1 48
1 2
0 111
0 112
0 113
0 114
0 115
0 116
0 117
0 118
0 119
0 120
0 121
