2
31 61
1 0 39 42
1 1 34 53 85 40 56 88
1 2 32 80 84 71 55 91
1 3 48 82 35
1 23 70 38
1 12 82 56 43 31
1 24 51 37 76 77
1 7 50 82 36 54 41
1 14 66 57 78
1 9 64 49 72
1 10 33 34 75 76
1 20 81 67 68 84 85 87 74
1 5 48 65 33 36 39 60
1 13 54 86 45 78
1 8 32 45
1 15 51 70 91 47 63
1 16 48 74 90 46 31
1 22 80 52 69 41 91 60
1 11 80 81 89 61
1 19 81 58 62
1 18 80 59
1 21 82 78
1 17 80 53 40 46
1 4 32 35 83 73 76
1 6 37 40 44 61 79
0 25 64 48 67 70
0 26 56 76 45
0 27 32
0 28 68 85 41 78 79
0 29 64 84 85 72 89 78
0 30 86
1 25
1 8
1 40
1 3
1 4
1 5
1 48
1 39
1 1
1 9
1 44
1 0
1 12
1 13
1 14
1 29
1 15
1 10
1 18
1 7
1 49
1 22
1 16
1 19
1 24
1 11
1 26
1 27
1 28
1 21
1 30
1 31
1 32
1 33
1 34
1 35
1 36
1 37
1 38
1 23
1 2
1 41
1 42
1 43
1 17
1 45
1 46
1 47
1 6
1 20
0 81
0 82
0 83
0 84
0 85
0 86
0 87
0 88
0 89
0 90
0 91
