2
40 80
1 0 83 89 77 94
1 1 48 82 69 93
1 2 64 96 53 85 40 75 111
1 12 64 115 88 106 78
1 6 83 99 56 46
1 22 96 84 87 41 106 59 45
1 4 91 44 93 94
1 7 81 100 54 72 58 107
1 13 112 66 82 106 92 108 62
1 9 113 67 105 61
1 5 67 52 69 71 89
1 8 97 105 43 91 61
1 24 114 85 86 87 89 90 61 77 45
1 10 50 101
1 20 68 52 104
1 15 80 53 69 118 108 47 95
1 16 68 103 73
1 17 112 82 98 53 55 89 76
1 18 114 119 57 58 90 63 79
1 19 65 55 57 91
1 14 48 49 97 70 102 105 106 79
1 21 66 83 55 40 104 90 60
1 3 48 42
1 23 97 74 75 46
1 11 51 119 95
0 25 101 105 44
0 26 99 117 104 45 111
0 27 117 54 102 119 58 59 44 110
0 28 84 54 105 41 91
0 29 115 56 89 108 63
0 30 112 68 57 61 111 47
0 31 64 83 116 71 41 78
0 32 66 116 117 93 110
0 33 119 43 77
0 34 115 84 71 43 76 110
0 35 48 113 114 89 109
0 36 99 55 105 43 108 110 95
0 37 51 116 45
0 38 112 51 100 117 90 58 94
0 39 80 97 115 43 75 92
1 43
1 42
1 2
1 8
1 4
1 44
1 33
1 32
1 3
1 27
1 10
1 11
1 20
1 13
1 7
1 40
1 6
1 36
1 18
1 31
1 48
1 21
1 19
1 23
1 14
1 25
1 26
1 9
1 28
1 1
1 30
1 5
1 49
1 16
1 34
1 35
1 17
1 37
1 38
1 39
1 15
1 41
1 29
1 0
1 22
1 45
1 46
1 47
1 12
1 24
0 90
0 91
0 92
0 93
0 94
0 95
0 96
0 97
0 98
0 99
0 100
0 101
0 102
0 103
0 104
0 105
0 106
0 107
0 108
0 109
0 110
0 111
0 112
0 113
0 114
0 115
0 116
0 117
0 118
0 119
