2
40 40
1 12 65 52 75
1 1 66 42
1 3 74 43
1 6 48 75 44
1 21 68 57
1 23 76 45
1 11 50 51 68
1 17 55 71 61
1 14 52 68 56 46 62
1 2 71 72 42
1 19 65 71 57 74 60
1 7 48
1 0 42
1 13 50 75
1 8 52
1 4 50 42
1 16 53 74 59
1 9 67 69 41 61
1 15 52 40 79
1 10 49 58 63
1 20 64 40
1 18 59
1 22 62
1 5 68 71 43 76 78 47
1 24 54 72 73 62
0 25 70 55 74 79
0 26 58
0 27 64 67 52 56 44 77
0 28 53 59
0 29 58 44 78
0 30 52
0 31 53 70 71 73
0 32 65 71 59
0 33 72 57 59
0 34 69 61
0 35 55
0 36 55
0 37 55
0 38 42 47
0 39 66 57 62
1 15
1 1
1 2
1 3
1 4
1 23
1 6
1 5
1 7
1 9
1 10
1 11
1 12
1 16
1 24
1 18
1 14
1 21
1 13
1 19
1 0
1 17
1 22
1 8
1 20
0 65
0 66
0 67
0 68
0 69
0 70
0 71
0 72
0 73
0 74
0 75
0 76
0 77
0 78
0 79
