2
31 31
1 0 32 35 37 40 41 42 43 49 51 53 58 59 60 61
1 1 32 35 36 38 40 41 43 44 46 52 56 57 59 61
1 15 49 50 34 53 42 59 60 61 46 47
1 3 48 36 57 42 44 60 47
1 2 32 35 37 38 39 41 43 44 45 47 50 54 58 59 60
1 5 33 34 35 51 52 37 41 60 45 61 46 31
1 8 49 33 51 37 54 40 43
1 14 48 36 52 37 39 45 61 31
1 20 34 51 38 55
1 6 35 52 54 57 43 31
1 23 49 50 36 53 40 57 59 45
1 12 49 36 53 54 55 56 41 59 44 60 46 31
1 18 48 49 52 54 39 55 43 31
1 16 48 34 52 37 57 42 44 45 31
1 9 34 35 36 37 40 56 43 59 44
1 17 48 49 50 51 53 54 39 40 46
1 4 48 49 34 53 54 40 41 60 61
1 13 34 50 37 54 55 43 44 46
1 22 32 48 35 52 36 58 60 31
1 11 48 32 33 34 50 35 38 57 58 43 45 47
1 10 32 37 54 39 42 60 61 47
1 21 53 38 39 57 45 31
1 7 32 33 34 51 35 36 41 58 61 46 47
1 19 33 34 50 36 55 40 57 42 58 60
1 24 48 51 37 55 39 42
0 25 32 33 52 38 56 57 42 59 44 61 45
0 26 32 49 39 55 58 43 45 46
0 27 48 32 50 36 39 42 58 59 61 45
0 28 51 36 54 55 57 59 45 61 46
0 29 35 39 55 40 56 57 59 60 46
0 30 48 49 53 55 57 58 42 59 44
1 18
1 1
1 11
1 13
1 5
1 16
1 10
1 21
1 19
1 9
1 4
1 15
1 8
1 3
1 14
1 6
1 2
1 17
1 0
1 23
1 20
1 7
1 22
1 12
1 24
0 56
0 57
0 58
0 59
0 60
0 61
