2
80 80
1 10 88 153 107
1 47 97 102 120 123 141
1 2 101 120 105 153
1 3 144 97 145 82 147 85 120 91 140 142 111
1 27 97 117 119 89 140 110
1 34 80 116 117 118 151 136 155 140
1 43 132 86 103 136 137 138 108 125 157
1 32 145 99 115 86 118 155
1 8 100 88 127
1 9 128 81 98 104 90 93
1 36 85 124 127
1 33 116 105 153 141 110
1 39 112 114 115 119 127
1 45 129 132 121 94
1 15 107 94
1 14 96 145 82 85 105 155
1 17 97 84 101 104
1 48 129 99 134 120
1 6 114 132 157 110
1 0 131 111
1 29 149 103 108 140 110 143
1 38 130 136 125 127
1 42 129 131 147 136 90
1 20 99 132 105 122 111
1 12 147 86 138 91 155 156 143
1 37 80 130 118 155 94
1 5 128 139 92
1 19 97 115 152 137 90 91
1 1 96 83 155 157 158
1 4 152 92
1 49 134 136 109
1 18 96 99 150 151 106 90
1 7 87
1 23 80 128 81 98 132 117 103 104 122 127 143
1 44 113 123 110
1 24 104
1 46 147 135 120 139 94 127
1 26 86 123 95
1 31 97 131 133 151 104 126
1 28 114 116 118 119 158 111
1 40 82 149 102 135 136 93
1 22 116 85 118 86 134 87 156 141
1 11 133 88 93 142
1 41 99 91 157 143
1 25 145 100 117 118 104 122 108
1 35 84 132 133 120 123
1 13 114 82 87 151 156 95
1 30 113 100 132 117
1 21 146 131 116 86 150 89 138 156 140
1 16 97 147 91 107
0 50 147 132 117 135 104 107 92 111
0 51 81 149
0 52 81 87 154 155 159 127
0 53 149 87 119 154 139
0 54 97 146 148 133 136 157 159
0 55 112 152 136 109
0 56 128 144 129 135 103 136 105 156
0 57 129 146 139 110 111
0 58 112 83 84 90 126 111
0 59 128 130 104 137 89 121 105 107 111
0 60 144 146 131 132 105 139
0 61 115 103 87 88 105 153 109 157
0 62 81 83 147 154 157
0 63 97 143
0 64 80 128 90 138 155
0 65 130 85 154
0 66 130 83 132 133 159
0 67 103 120 137 154 140 141
0 68 144 132 150 154 143
0 69 81 147 132 88 108 158 159
0 70 96 149 135 121 138 109 159
0 71 113 147 86 153 122 90 140
0 72 102 105 138 124 125
0 73 144 148 153 110 143
0 74 145 135 120 106 158
0 75 97 146 148 155 93 158
0 76 97 130
0 77 144 100 105
0 78 146 147 150 121 159
0 79 144 81 146 98 137
1 31
1 3
1 6
1 1
1 19
1 16
1 20
1 7
1 8
1 21
1 18
1 12
1 4
1 48
1 42
1 15
1 11
1 17
1 9
1 37
1 25
1 2
1 47
1 34
1 24
1 13
1 10
1 14
1 29
1 22
1 30
1 0
1 39
1 41
1 26
1 35
1 27
1 32
1 28
1 38
1 40
1 45
1 23
1 44
1 36
1 43
1 46
1 33
1 5
1 49
0 130
0 131
0 132
0 133
0 134
0 135
0 136
0 137
0 138
0 139
0 140
0 141
0 142
0 143
0 144
0 145
0 146
0 147
0 148
0 149
0 150
0 151
0 152
0 153
0 154
0 155
0 156
0 157
0 158
0 159
