2
61 61
1 0 96 103 92 109 78 79
1 41 113 99 86 94
1 2 64 65 66 68 85 73 90 107 108 62
1 3 100 74 112 81 113 82 114 117 88 89 121 90 94
1 6 65 97 101 102 73 108 111 112 113 85 89 90 94
1 19 96 65 98 68 100 118 71 75 62 94 79
1 32 96 65 115 100 106 74 75 76 110 94 95
1 7 97 67 99 72 75 108 109 79 112 84 121 95 63
1 34 112 97 82 84 68 117 89 105 73 94 110
1 20 98 66 101 104 73 75 92 109 77 78 111
1 10 64 97 65 68 105 79 80 82 84 116 118 87 121 61
1 38 80 97 98 114 84 100 104 75 109
1 8 81 99 85 69 101 87 72 108 78 79
1 26 80 65 113 99 67 115 84 69 103 88 120 74
1 29 98 83 99 85 70 103 104 73 106 92 77
1 15 80 66 68 84 72 106 90 95 79
1 24 115 103 71 76 95 63
1 42 96 81 116 86 73 89 77 61 95
1 18 96 64 80 83 99 69 102 107 95
1 49 65 98 99 100 68 73
1 44 115 84 87 93
1 22 96 65 97 98 66 67 106 75 76 79 113 85 119 93
1 16 100 101 102 70 71 120 89 92 95
1 36 97 118 110 94
1 30 96 65 81 113 84 85 101 69 86 70 118 76
1 12 116 70 118 103 105 93 61 78
1 4 101 70 103 72 104 73 75 109 110 79 114 84 90 93 63
1 1 64 98 82 86 103 120 106 107 108 92 79
1 27 98 66 99 69 102 104 75 109 114 86 89 90 63
1 46 112 83 115 69 104 105 91 77 63 79
1 23 97 65 66 69 75 80 81 84 117 88 89 90 91 92 62
1 43 96 65 98 100 101 70 104 109 111 83 116 85 87 92 95
1 13 97 98 68 79 111 80 114 116 117 119 88 120 121 90 92 61
1 40 96 98 67 68 69 101 104 73 83 86 120 93 94 95
1 21 65 84 70 89 73 74 91 108
1 11 112 97 66 67 107 92
1 28 80 97 100 103 88 120 91 92 77 61 110
1 31 80 81 119 104 61 62 95
1 25 96 97 67 99 100 102 72 106 75 76 109 86 91 94 63
1 37 112 113 69 87 95
1 9 81 65 82 115 100 119 90 76 93 110
1 35 112 71 73 106 92
1 17 80 66 114 101 102 70 88 106 61 78 111
1 45 97 98 66 118 120 105 121 94 95 111
1 33 65 82 99 67 83 69 88 104 120 121 109
1 39 98 114 83 86 103 88 120 121 61 78 110 79
1 48 67 68 104 105 74 108 81 116 117 88 93 94 95
1 47 96 99 67 118 88 105 91
1 14 65 97 66 100 102 107 76 80 113 83 120 89 121 91 61
1 5 64 112 67 68 102 119 89 121 77 78 62 110
0 50 67 70 73 106 113 82 116 117 119 121 91 92 93
0 51 66 100 69 105 106 107 108 78 111 114 116 119 87 61 63
0 52 112 81 99 67 68 70 103 88 73 92 94
0 53 98 115 83 116 68 101 117 118 106 111
0 54 65 98 99 69 101 71 104 76 110 113 116 89 91 92 63
0 55 97 98 114 117 104 72 106 77 93 78 62 79
0 56 96 64 98 67 103 71 72 106 76 111 116 117 119 120 89 92
0 57 65 66 102 72 107 109 112 81 116 118 86 120 89 92 93
0 58 113 101 120 106 107 108 110 62 111
0 59 96 114 100 68 119 75
0 60 96 100 69 101 104 72 105 75 78 111 114 120 93
1 43
1 3
1 15
1 1
1 23
1 13
1 24
1 5
1 42
1 12
1 30
1 11
1 37
1 17
1 19
1 9
1 28
1 6
1 0
1 7
1 40
1 16
1 47
1 31
1 25
1 46
1 33
1 39
1 21
1 4
1 34
1 32
1 22
1 41
1 45
1 49
1 26
1 36
1 38
1 10
1 8
1 14
1 20
1 48
1 44
1 29
1 18
1 2
1 27
1 35
0 111
0 112
0 113
0 114
0 115
0 116
0 117
0 118
0 119
0 120
0 121
