2
61 31
1 7 65 67 71 72 74 62
1 27 65 69 74 91
1 42 83 68 84 69 73 61
1 18 67 68 70 72 88 74 77 61
1 31 65 76
1 33 65 71 73 76 79
1 17 70 88 74 90 61 77
1 12 81 67 83 69 72 88 74
1 41 64 82 78
1 46 65 84 70 75
1 47 80 66 70 73 62
1 24 84 70 72 73 91 79
1 29 86 75 61 78 63
1 19 74 79
1 1 65 87 73 89 62
1 36 82 70 74 76 77 79
1 21 87 78
1 34 81 82 83 69 70 73 61 78
1 28 65 82 83 69 62
1 25 65 83 70 89 75 79
1 20 82 67 87 91 76 62
1 13 68 88 73 90 91 77
1 0 66 71 74 61
1 23 81 68 84 85 86 76 61 63
1 2 64 83 85 69 88 61
1 49 83 84 68 70 87 72 73 91 79 63
1 26 80 82 84 90 77
1 6 64 65 72
1 32 69 73 91 77 63
1 39 64 66 74 91 63
1 30 66 83 61
1 4 65 89
1 8 64 85 72 73 76 61 62
1 48 65 67 84 69 72 78
1 16 87 74 90 91 76
1 35 66 88 74 76 77
1 43 65 84 85 69 89 90 75
1 37 81 85 61 77
1 38 83 90 91 76 61
1 9 64 70 74 61
1 40 67 85 70 86 88 74 90 76 77 62
1 14 82 71 88 73 89
1 3 69 62 63 79
1 15 84 72 73
1 44 80 64 84 70 75 77 63
1 45 84 71 78 79
1 5 81 69 91
1 22 68 69 70 74 91
1 11 80 65 67 84 71 61
1 10 65 68 71 87 90 91 77
0 50 67 68 84 85 86 90 75 61
0 51 65 83 71 74 63
0 52 81 84 70 62 79
0 53 65 84 86 72 88 89 91
0 54 66 69 86 87 88 76
0 55 83 85 88 61 78
0 56 88 89 61
0 57 64 66 85 86 75
0 58 82 86 87 88 89 90 62
0 59 80 81 82 87 89 90 76 79
0 60 84 68 86 88 75 61 62
1 0
1 1
1 8
1 3
1 4
1 5
1 6
1 10
1 2
1 19
1 7
1 11
1 12
1 13
1 24
1 15
1 18
1 21
1 16
1 14
1 9
1 20
1 22
1 23
1 17
0 86
0 87
0 88
0 89
0 90
0 91
