2
61 31
1 0 70 72 88 73
1 27 85 78 79
1 2 66 67 85 69
1 20 83 85 70
1 4 64 67 85 87 74 90 91
1 6 66 82 73 89 74
1 18 65 70 72 75 79
1 23 83 91 77 63
1 21 81 82 83 70 78
1 12 82 66 74 77 78
1 7 67 83 68 73 76
1 22 64 81
1 41 81 83 85 69 86 71 78
1 1 82 85 71 72 73 89
1 47 64 65 83 86 87
1 44 86 76
1 24 64 70 73 74 63
1 46 81 83 73 89 74 76
1 17 86 88 90 78
1 48 85 86 90 78 62
1 34 69 71 72 91
1 31 64 81 83 84 73 89 76 77 62
1 38 81 82 69 90 76
1 3 67 73 89 63
1 19 80 64 66 82 83 71 72
1 25 90 76 61 78 63
1 5 66 67 69 87 90
1 30 65 83 74 77
1 28 80 83 76
1 29 64 81 73 76 78
1 16 80 81 68 71 88 73 74 75 91 76 77
1 26 65 68 72 78 79
1 32 68 84 86 87 77
1 11 80 65 69 75 77
1 8 67 68 85 79
1 35 81 66 67 85 88 78 63
1 36 82 83 89 75 76 78
1 37 81 86 74 79
1 10 80 64 85 74 91 76 63
1 13 81 84 68 69 87 73 74 75 79
1 40 65 81 84 70 86 78 63
1 9 80 85 69 86 71 62
1 42 81 82 85 62
1 43 68 89 78
1 15 69 77 78 63
1 45 84 70 71 87 75 78 79
1 33 69 61 63
1 14 65 69 70 78
1 39 64 82 71 72 91 76 77 78
1 49 81 83 68 89 91 62 79
0 50 81 84 91 77 61
0 51 65 83 67 88 72 89 74 91
0 52 66 82 67 88 89
0 53 64 81 83 86 71 88 73 79
0 54 65 83 68 86 71 74
0 55 64 65 72 89 75 78
0 56 64 82 68 72 90 91
0 57 65 67 68 85 69 86 87 91 78
0 58 67 84 70 72 77 78
0 59 83 86 88 72 89 90 77
0 60 66 67 88 90
1 4
1 20
1 13
1 19
1 10
1 5
1 2
1 7
1 8
1 12
1 14
1 11
1 0
1 6
1 16
1 15
1 9
1 21
1 18
1 1
1 24
1 17
1 22
1 23
1 3
0 86
0 87
0 88
0 89
0 90
0 91
