2
61 31
1 34 81 67 83 68 84 69 85 72 91
1 9 80 83 85 71 73 89 90 75 91 77 62
1 36 64 66 84 85 69 86 71 72 91 76
1 3 70 86 78
1 17 64 83 68 85 70 86 71 87 72 74 75 62
1 6 64 66 86 73 61 77 78
1 33 65 81 67 86 87 72 88 91 61
1 16 80 70 87 72 73 76 78 79
1 24 81 83 67 85 70 86 88 89 75 61 78
1 45 81 83 85 72 76 77 79
1 41 80 68 87 74 91 61 78
1 35 80 65 85 70 71 87 72 90 75 76 61 79
1 13 82 68 84 70 71 87 77
1 40 83 69 70 87 72 73 90 75 91 76 79
1 26 65 67 84 89 74 75 61
1 20 65 81 83 88 77 61 63
1 49 82 68 84 85 71 88 73 61 78 63
1 46 83 85 87 88 74 76 77
1 7 65 81 66 67 84 85 70 71 62
1 31 65 67 87 89 74 62
1 28 64 65 67 68 70 72 76 77 84 85 86 88 90 91 63
1 21 65 68 69 70 72 75 76 81 82 83 86 89 90 63
1 0 66 85 69 91 79
1 23 80 66 84 86 71 87 74 75 78
1 14 64 67 69 72 78 63
1 43 65 67 75 78 63
1 10 80 65 67 84 68 73 89 61 77 62
1 27 80 81 82 83 68 71 73 61
1 4 64 67 89 74 61 62 63
1 29 66 86 72 73 91 78 63
1 47 80 65 82 66 83 68 69 86 72
1 5 65 85 71 74 90 91 77 62
1 2 68 70 71 76 61
1 30 64 66 84 87 90 61 62 78
1 1 66 82 85 71 87 73 90 77 78
1 11 80 64 65 81 67 68 85 69 74 75 77 61
1 19 64 82 83 70 71 73 91 76 77 62
1 37 80 83 67 71 87 74 76 62
1 38 65 68 70 74 75 78 82 85 86 87 88 90 63
1 39 80 81 65 68 69 71 88 73 89 74 79
1 22 82 67 83 84 70 86 72 63
1 32 64 66 82 83 84 68 86 87 89
1 12 64 66 67 68 69 71 73 76 61 78
1 18 80 64 65 66 82 67 73 89 76 61 63
1 44 64 66 68 70 74 76 78 80 81 83 86 87 88 62
1 42 81 67 87 89 75 91 76 61 62 63
1 8 65 68 70 73 74 77 79 81 85 87 89 90 62
1 25 64 67 68 69 73 75 76 80 82 84 87 91 62
1 48 80 66 84 69 86 72 75 76
1 15 81 66 67 84 69 85 70 73 78 63
0 50 73 74 75 76 77 79 82 84 85 86 87 90 91 62 63
0 51 83 70 71 88 89 74 91 77 79
0 52 65 66 82 85 90 91 61 78 63
0 53 68 70 71 75 76 78 79 82 84 87 88 89 90 91
0 54 65 66 83 85 87 91 76
0 55 65 67 68 84 86 87 89 90 77
0 56 67 83 68 70 86 90 79
0 57 66 67 87 88 74 91 61 63
0 58 64 67 84 70 86 71 72 88 91 75 77 78
0 59 80 65 66 68 70 72 73 74 90 76
0 60 64 84 86 72 89 73 74 90 76 62 78 79
1 7
1 1
1 16
1 3
1 4
1 5
1 6
1 15
1 18
1 11
1 10
1 24
1 9
1 13
1 12
1 22
1 2
1 17
1 8
1 19
1 20
1 14
1 21
1 23
1 0
0 86
0 87
0 88
0 89
0 90
0 91
