2
40 40
1 20 48 65 67 53 69 72 41 43 75 60 61 45
1 18 53 70 42 62 78 63 79
1 7 49 70 55 40 72 41 42
1 24 53 71 57 74 44 62 47
1 11 65 52 68 53 54 55 41 74 77
1 5 64 52 40 78 63 79
1 4 64 65 69 40 56 42 44 46
1 17 65 71 59 60 46 47 63
1 21 69 71 72 42 61 62
1 9 54 58 42 43 44 63
1 12 68 40 72 57 59 44 45
1 19 65 50 51 55 71 41 62 79
1 6 49 50 66 69 72 42 76
1 10 54 55 56 45 63
1 14 65 67 54 41 59 60 77
1 1 66 56
1 16 64 55 57 42 75
1 15 64 71 44 77 79
1 8 49 51 42 74 45 46 63
1 0 51 42 43 75 46 63
1 13 66 51 54 43 76
1 3 52 68 55 40 42 75 62 63
1 22 64 67 53 69 72 58 47
1 23 48 65 51 70 57 73 74 75 61
1 2 40 42 46 79
0 25 49 70 71 59 76 61
0 26 48 49 56 77 79
0 27 65 50 66 41 74 77 47
0 28 65 50 53 70 55 73 76
0 29 51 68 52 56 57 59 63
0 30 66 52 69 57 77
0 31 65 66 69 72 73 74 76 77 47
0 32 52 71 72 73 76
0 33 66 67 68 70 71 74 75 76 45 47 53 60 61 63
0 34 67 42 75 43 76 78 62
0 35 48 68 69 55 72 58 75 76 63
0 36 49 65 55 72 78 47
0 37 64 65 66 68 71 40 43 44 46
0 38 50 68 54 42 59 76 46
0 39 48 66 50 52 58 42 76
1 0
1 14
1 4
1 8
1 13
1 9
1 2
1 24
1 23
1 6
1 7
1 19
1 3
1 18
1 12
1 10
1 1
1 21
1 11
1 15
1 17
1 20
1 22
1 5
1 16
0 65
0 66
0 67
0 68
0 69
0 70
0 71
0 72
0 73
0 74
0 75
0 76
0 77
0 78
0 79
