2
31 31
1 12 32 34 51 52 36 38 39 41 57 43 44 60
1 22 48 33 34 53 54 41 57 42 44 60 45
1 3 32 48 33 49 50 37 40 56 46 31
1 20 33 35 37 38 39 43 44 47 48 53 54 55 56 58
1 4 32 33 37 40 41 43 44 60 45 46 47
1 5 32 48 51 54 55 40 43 45 31
1 10 32 33 35 37 38 55 57 42 59 31 47
1 9 50 51 37 38 54 56 58 31 47
1 17 33 52 53 56 41 58 59 60 46
1 24 48 49 33 34 50 35 52 54 41 59 45
1 0 48 32 50 35 36 53 58 61 31
1 19 32 48 53 41 42 61 46 31
1 7 33 40 41 57 60
1 1 36 37 54 40 45 46 47
1 6 32 33 50 51 38 45
1 15 35 60 61 46 47
1 8 48 33 50 36 55 40 59 61 46
1 16 35 55 56 57 59 60
1 2 33 36 37 54 40 56 42 59 44 45 61
1 11 33 34 36 37 40 42 43 49 51 54 56 59 60
1 13 48 33 34 51 55 42 45 46 47
1 21 33 36 53 54 57 58 43 46 31
1 14 49 50 52 38 55 39 56 58 43 44 60 46
1 23 48 52 54 39 40 42 58
1 18 32 33 49 37 53 57 42 31
0 25 48 32 49 51 37 38 56 57 58 60 31
0 26 37 53 38 55 56 40 41 42 46 31 47
0 27 33 35 36 40 43 44 48 49 50 54 56 58 31
0 28 50 34 52 59 45
0 29 48 32 33 34 51 36 37 54 41 31 47
0 30 32 53 54 41 57 46
1 10
1 6
1 7
1 22
1 13
1 2
1 0
1 8
1 12
1 1
1 16
1 19
1 14
1 11
1 4
1 9
1 15
1 17
1 24
1 5
1 3
1 21
1 20
1 23
1 18
0 56
0 57
0 58
0 59
0 60
0 61
