2
40 80
1 0 74 76
1 1 50 114 60 76
1 7 113 50 60
1 3 116 70 71 105 59 91 108
1 4 68 69 86 107
1 5 117 42 106 78 79
1 6 97 89 41 106 60 94
1 2 83 54 88 41 61 63
1 8 49 51 115
1 9 51 58 43
1 13 48 119 73 75 91 92 94 110
1 11 101 72 57 42
1 12 112 67 68 60 108
1 19 49 98 54 118 87 40 104 47
1 14 80 112 113 84 71 62 79 95
1 15 113 114 118 75 46 63
1 16 66 108
1 20 69 85 55 56 77 62
1 17 115 53 55 119 76 45 109
1 10 98 99 89
1 18 96 65 51 95
1 21 81 82 67 44
1 22 99 52 71 75 91 93
1 24 84 85 86 71 103 109
1 23 64 68 87 78 79
0 25 112 81 104 89 90 61
0 26 98 116 42
0 27 116 76 44 77 93 110 47
0 28 55 103 105 90 92 108 78 94 95
0 29 96 49 101 59
0 30 113 53 107 108 93 77 94 95
0 31 105 91 110 78
0 32 96 100 104 108
0 33 112 48 57
0 34 112 114 118 102
0 35 96 83 89 90 111 79
0 36 68 102 70 73 77 62 111
0 37 80 116 101 118 74 90 111
0 38 81 73 91
0 39 114 51 100 74 58 43 108 111
1 34
1 7
1 5
1 30
1 21
1 18
1 6
1 43
1 13
1 32
1 4
1 14
1 27
1 49
1 8
1 26
1 29
1 36
1 9
1 19
1 12
1 1
1 22
1 23
1 24
1 25
1 16
1 15
1 28
1 20
1 3
1 31
1 11
1 33
1 0
1 35
1 17
1 37
1 38
1 39
1 40
1 41
1 42
1 2
1 44
1 45
1 46
1 47
1 48
1 10
0 90
0 91
0 92
0 93
0 94
0 95
0 96
0 97
0 98
0 99
0 100
0 101
0 102
0 103
0 104
0 105
0 106
0 107
0 108
0 109
0 110
0 111
0 112
0 113
0 114
0 115
0 116
0 117
0 118
0 119
