2
80 40
1 18 118 119 89 90 93 94
1 15 99 101 102 104 105 108 109 111 80 82 86 119 90 92
1 23 96 97 82 83 101 118 119 104 90
1 3 80 99 84 86 118 103 119 88 105 106 92 93
1 1 112 113 114 83 84 101 102 103 105 107
1 36 97 100 102 103 106 109 82 83 116 85 88 90 92
1 40 81 98 83 84 100 87 104 105 106 95
1 39 96 99 101 102 103 107 112 113 82 85 118 90 94 95
1 22 81 113 115 116 101 102 89 108 93 94
1 21 112 113 100 85 118 88 89 90 91 95
1 4 98 118 87 90 111
1 42 98 99 100 106 110 112 114 115 116 117 87 89 93
1 0 96 113 82 116 86 87 88 90 106 107 93 94
1 17 81 82 83 117 87 103 91 107 108 93 94
1 27 80 96 112 82 98 100 86 102 103 119 108 95
1 6 96 98 100 103 104 105 107 108 109 80 113 83 116 86 88 90 93 94
1 16 81 99 100 86 103 119 92 93 111
1 12 96 97 98 99 101 102 110 112 81 83 84 85 118 88 89 91 92 95
1 2 96 97 114 115 85 101 86 88 91 108 110
1 19 80 97 115 102 104 106 108 93 94 111
1 20 98 114 99 84 116 86 91 107 92 94 111
1 26 97 101 104 106 80 113 114 84 85 118 87 91 92
1 43 98 100 104 105 110 114 83 115 84 117 119 89 90 93
1 30 82 114 100 116 101 86 102 87 92 109 111
1 24 113 98 83 99 100
1 9 100 105 107 110 111 80 112 84 116 85 117 87 119 91 93
1 8 81 117 86 87 105 90 109 95
1 14 98 102 119 89 90 91 92 108 109
1 28 81 84 100 101 117 86 118 104 90 91 93 95
1 29 81 98 99 84 118 87 119 91 108 109 94 95
1 10 98 99 101 106 111 113 82 115 85 86 118 88 89 90 93
1 31 96 97 98 101 105 106 110 111 112 84 116 117 88 90 91
1 32 98 100 84 102 88 106 92 111
1 13 80 81 98 99 100 85 117 102 86 90 92 109
1 34 96 97 113 100 116 101 87 107 93 110
1 35 112 97 113 98 99 84 86 87 104 105 93
1 5 80 99 115 84 116 88 91 107 92 93
1 37 112 99 100 84 116 119 104 89 107 92 108 110
1 38 96 98 114 83 103 104 89 107 110
1 25 80 115 85 117 119 88 105 90 92 108 109 111
1 33 97 99 103 104 109 113 83 115 85 87 90 92 94
1 41 96 81 114 86 87 119 109 94
1 7 96 80 112 82 116 102 86 87 89 105 106 107
1 11 96 97 98 104 106 107 108 80 83 117 89 91 95
1 44 115 100 101 117 118 87 89 93 110 95
1 45 97 98 117 86 102 88 105 90 93 94
1 46 83 100 101 86 103 106 92 111
1 47 100 102 103 106 108 111 81 113 83 118 87 88 90 94
1 48 96 81 113 84 100 104 88 89 90 91 108
1 49 96 97 81 115 84 101 118 104 89 94 95 111
0 50 80 81 113 97 114 83 99 86 102 107 92
0 51 96 113 101 117 86 119 89 108 109
0 52 96 112 80 113 82 83 84 118 87 88 90 92
0 53 106 108 110 113 114 83 84 116 118 88 89 91 93
0 54 101 105 107 109 112 81 83 116 117 85 118 87 92
0 55 114 116 117 118 86 119 106 108
0 56 100 101 102 103 105 107 113 81 115 85 118 87 88 95
0 57 114 115 84 85 103 88 89 109 94
0 58 96 113 98 114 84 117 119 103 109 110
0 59 104 107 111 81 114 85 117 86 87 119 91 92 93 94
0 60 96 101 103 105 106 107 109 110 112 115 116 86 118 119 91 94
0 61 115 100 101 85 118 89 105 108 111 95
0 62 101 106 107 108 110 81 83 116 86 87 90 91 93
0 63 96 80 82 114 115 99 100 118 87 103 111
0 64 82 114 83 117 118 119 105 107 109 95
0 65 112 83 115 117 119 104 105 106 107 110 111
0 66 97 100 101 106 107 108 109 110 111 112 113 81 115 84 85 86 119 89 92 95
0 67 96 99 100 103 105 106 107 108 109 110 111 113 81 84 91 95
0 68 100 101 102 105 106 109 111 116 117 87 91 93 94
0 69 96 98 100 101 102 107 108 111 112 81 114 116 118 119 88 90 92
0 70 80 114 99 85 89 106 107 108 93 110
0 71 96 104 105 108 110 111 113 114 119 88 92 93 94
0 72 96 100 116 84 85 104 88 105 89 107 110 95
0 73 112 81 83 115 85 117 103 87 104 106 108 92
0 74 98 99 109 110 111 112 113 84 117 85 86 118 119 88 89 91
0 75 96 81 114 99 84 117 86 119 103 88 90 106
0 76 97 105 108 109 110 113 114 115 85 119 90 92 94
0 77 97 99 105 106 80 114 115 83 116 117 87 88 89 91 95
0 78 80 112 114 99 115 101 87 92 109 110 111
0 79 96 105 110 111 112 113 116 117 86 119 87 90 91 94
1 0
1 16
1 2
1 3
1 4
1 5
1 6
1 13
1 7
1 9
1 10
1 11
1 12
1 8
1 19
1 15
1 1
1 17
1 18
1 14
1 24
1 21
1 22
1 20
1 23
0 105
0 106
0 107
0 108
0 109
0 110
0 111
0 112
0 113
0 114
0 115
0 116
0 117
0 118
0 119
