2
61 31
1 0 73
1 19 85 78
1 46 85 69
1 40 85 91
1 13 67 85 74
1 12 66 82 86 74
1 25 65 88
1 32 77
1 22 83
1 21 82 90 78
1 20 67
1 31 64 81
1 43 83 90
1 1 71
1 4 64
1 24 76
1 3 64
1 14 74 76
1 18 78
1 9 78 62
1 28 69 72
1 10 64 84 76 62
1 39 81 69 86 90
1 8 67
1 17 66 83 72
1 7 76 61 63
1 5 66
1 27 83 87 90
1 15 76
1 29 81 88
1 6 73 75
1 11 65 78
1 30 68
1 38 65 69
1 34 68
1 35 66 85 78
1 36 82 78
1 16 74 79
1 26 80 76
1 23 69
1 37 84 70 91
1 41 85 62
1 42 81 85 88 89
1 33 68 78
1 44 89 77
1 45 84 86
1 2 63
1 47 69 78
1 48 64
1 49 81
0 50 65 89 78
0 51 87 61
0 52 82 70 73
0 53 90 79 63
0 54 74 63
0 55 84
0 56 87 76 63
0 57 70 74
0 58 82 87
0 59 84 88
0 60 84 89 74
1 7
1 10
1 2
1 3
1 4
1 5
1 8
1 15
1 21
1 9
1 1
1 13
1 0
1 11
1 6
1 14
1 18
1 17
1 16
1 12
1 24
1 19
1 22
1 23
1 20
0 86
0 87
0 88
0 89
0 90
0 91
