2
40 40
1 0 49 65
1 16 50
1 17 50 69
1 8 46
1 3 43
1 10 42
1 22 64 65 67 63
1 5 68 54 70 44
1 2 49 69
1 13 51 67 45 79
1 15 50 56 73 74
1 11 65 66 68 42 47 63
1 12 42
1 9 54 55 71 40
1 7 46
1 6 70 46
1 1 41
1 18 52 61 62
1 14 66 51 53 59 76
1 24 64 78
1 20 51
1 21 48 71 57
1 19 50 66 58
1 23 48 60
1 4 43 47
0 25 66 52 45
0 26 57 62 47
0 27 53 72 76 61
0 28 66 69 75 60 77
0 29 42
0 30 64 65 68 55
0 31 43 77
0 32 67 43 76
0 33 70 77
0 34 67 78
0 35 53 75 76 44 63
0 36 61
0 37 75 45
0 38 51 72 77
0 39 46
1 0
1 1
1 10
1 3
1 5
1 11
1 6
1 4
1 22
1 2
1 17
1 13
1 12
1 14
1 7
1 9
1 15
1 21
1 19
1 16
1 23
1 8
1 18
1 20
1 24
0 65
0 66
0 67
0 68
0 69
0 70
0 71
0 72
0 73
0 74
0 75
0 76
0 77
0 78
0 79
