2
80 40
1 19 114 116 117 89 90 94
1 1 80 82 90 106 92
1 48 97 83 101 117 90 108 110
1 8 80 84 116 86 103 88 107 92 93 111
1 4 83 84 102 109
1 5 112 97 82 100 116 85 103 90 107 92
1 46 81 84 119 104 105 107 111
1 39 99 115 85 101 102 90 94
1 42 101 89
1 25 85 119 88 90 91 107 108 109 95
1 41 98 114 116 90
1 18 113 98 114 99 87 108 93
1 10 96 82 86 87 88 105 93
1 3 81 119 91 107 94 110
1 14 80 96 82 100 86 103 95 111
1 11 96 80 115 117 86 103 90 94 111
1 16 81 108 93
1 17 96 84 101 85 102 88 89 92 110
1 23 113 105 91
1 21 97 104
1 20 98 114 118 91 107 92 94 111
1 7 80 97 84 85 117 87 92
1 22 113 84 100 119 89 90 93 110
1 28 100 101 86 92
1 24 98 83 117
1 6 80 84 116 85 117 93
1 26 81 118 87 105 90 106 109
1 27 98 119 89 90 106
1 43 81 101 117 86 90 91 95
1 29 98 115 84 117 108 95
1 30 98 99 101 109 111 116 85 86 118 88 89 90 93
1 31 96 84 101 88 90 91
1 32 112 114 100 102 118 107 92
1 33 81 113 98 114 85 102 119
1 34 96 97 114 115 101 117 93
1 35 97 98 99 84 86 87 104 108 93 109
1 36 112 113 99 119 105 91 92 93
1 37 100 89 109
1 38 96 98 83 107 111
1 2 80 113 85 119 88 90 92
1 40 85 87 103 104 90 94
1 12 96 81 116 86 87 94
1 44 102 87 119 105 106 109 111
1 0 80 97 83 104 89 111
1 15 113 114 100 89 108 110
1 45 97 98 116 86 102 119 93 94
1 9 83 86 103
1 47 83 115 100 116 102 103 119 88 90
1 13 96 84 119 104 88 89 90 106 91
1 49 97 113 101 105 107 108 94 95
0 50 97 113 114 83 86 102 103 87
0 51 98 114 87 110
0 52 96 100 118 102 107 93
0 53 80 98 116 105 90 91 93 110 94
0 54 100 101 102 87 107 108 109
0 55 116 117 85 103 94
0 56 113 82 118 119 103 89 90 106 91 94
0 57 80 82 114 115 102 86 87 110
0 58 96 112 114 117 86 107 109 110
0 59 83 118 90 107 91 92
0 60 112 97 116 101 85 104 93
0 61 113 115 89 106 109 111 95
0 62 112 116 117 105 109 110 111
0 63 113 115 83 87 119 107 92 111
0 64 98 116 118 91 93 110
0 65 112 82 114 116 84 85 102 88 105 91 109
0 66 112 116 117 118 111
0 67 112 119 105 106 107 92
0 68 84 103 119 104 88 105 106 108 92 95
0 69 80 98 116 107 109
0 70 97 114 115 86 103 119 87 104 106 108 111
0 71 82 115 117 101 102 119 87 105 107 109 95
0 72 112 80 113 103 119 107 94 110
0 73 81 118 119 88 106 108 95
0 74 97 114 84 85 117 110
0 75 112 82 84 87 107 108
0 76 82 114 117 118 119 88 108 111 95
0 77 97 113 82 116 101 106 110
0 78 114 115 117 86 118 89 107 110 95
0 79 112 113 97 116 86 119 103 106 91 94
1 0
1 16
1 2
1 3
1 4
1 5
1 12
1 8
1 7
1 11
1 10
1 23
1 6
1 13
1 14
1 15
1 1
1 17
1 18
1 22
1 19
1 24
1 21
1 9
1 20
0 105
0 106
0 107
0 108
0 109
0 110
0 111
0 112
0 113
0 114
0 115
0 116
0 117
0 118
0 119
