2
61 31
1 19 70 71 88 75
1 1 71 87 73 90 61 63
1 48 64 82 71 78
1 8 65 67 84 69 86 73 74 90 61
1 4 64 65 83 87 88 89
1 5 81 66 84 71 87 73 91 78 63
1 46 65 85 62
1 39 80 66 82 83 71 88 75
1 42 82 70 90
1 25 66 69 71 72 76
1 41 71 79
1 18 80 68 74 79
1 10 67 68 69 74 77 63
1 3 86 72 88 75 62
1 14 81 67 84 76 61 77 63
1 11 67 84 71 89 75 77 61
1 16 86 74 90 91 62
1 17 65 82 66 83 69 70 73 77
1 23 72
1 21 85 88 78
1 20 72 73 75 79
1 7 65 66 68 86 73 61 78
1 22 65 81 70 71 74
1 28 81 82 67 73 91
1 24 64 88 89 79
1 6 65 66 74 61
1 26 68 71 88 62
1 27 70 71 89 79
1 43 82 67 71 72 76 62
1 29 65 91 76 79
1 30 80 82 66 67 69 70 71 74 79
1 31 65 82 69 71 72 89 77
1 32 81 83 86 73 89
1 33 66 83 62 79
1 34 82 87 88 74 77 78
1 35 80 65 67 68 85 89 74 91 78 79
1 36 80 72 73 74
1 37 81 70 89 90 91
1 38 64 87 77 79
1 2 66 69 71 73 61
1 40 66 68 84 85 71 90 75
1 12 67 68 75 77 62
1 44 83 68 88
1 0 64 85 70 89 61 78
1 15 81 70 87 89
1 45 67 83 86 74 75 78 79
1 9 64 67 84 87 90
1 47 64 81 83 84 69 71 88 89
1 13 65 85 69 70 71 72 88 77
1 49 82 88 75 76 78
0 50 65 84 86 87
0 51 81 68 69 88 90 62
0 52 64 65 69 86 88 89 73 75
0 53 64 83 69 86 72 91
0 54 85 87 72 88 90 91
0 55 86 88 73 74 62
0 56 64 66 85 88 79
0 57 81 66 85 69 90
0 58 80 66 83 89 90 79
0 59 81 83 69 71 89 74 75 62 63
0 60 64 89 75
1 0
1 16
1 2
1 3
1 4
1 5
1 12
1 8
1 7
1 11
1 10
1 23
1 6
1 13
1 14
1 15
1 1
1 17
1 18
1 22
1 19
1 24
1 21
1 9
1 20
0 86
0 87
0 88
0 89
0 90
0 91
