2
61 31
1 10 66 67 87 88 73 89 78
1 1 67 86 77 63
1 5 64 66 85 91
1 26 81 69 72 73 90 91 76
1 43 78 62
1 36 64 66 82 83 85 72 88 76
1 12 64 66 68 85 71 72 89 75 79
1 33 82 66 83 87 61 78
1 4 65 87 72 73 61
1 22 69 87 90 63
1 24 64 81 68 78
1 41 67 69 74
1 32 80 65 85 70 76 63
1 13 81 68 84 85 71
1 14 66 69 88 73 77 79
1 15 65 85 70 86 75 63
1 3 80 68 86
1 9 84 68 69 72 61 62 63
1 18 66 73 74 77
1 19 80 84 74 91 78
1 20 80 68 85 71 72 90 91 61 77 79
1 21 80 85 89 90 61
1 29 66 83 69 72 61
1 23 64 81 83 84 85 70 89 74 75
1 17 86 87 75 62 63
1 25 64 80 81 70 78
1 31 82 67 69 86 88 91 77
1 27 81 84 62 79
1 28 80 64 73 89
1 0 64 88 74 90 77
1 16 68 85 79
1 30 81 67 69 74 91 62 79
1 48 80 64 67 70 86 71 77 78 79
1 35 66 71
1 34 81 68 84 85 86 87 89 77
1 8 64 66 68 70 72 73 89 76 61
1 2 64 68 88
1 6 64 69 61
1 38 82 67 70 87 88 79
1 39 69 71 87 62
1 40 64 86 87 88 90 91 79
1 7 65 68 90 77 62 79
1 42 81 88 74
1 37 71 91 61 63
1 11 65 83 69 72 76 61
1 45 82 83 85 72 91
1 46 82 67 61
1 47 64 84 85 70 77
1 44 80 70 75 78 62 63
1 49 82 84 68 72 74
0 50 66 68 90 91 75
0 51 64 83 86 70 88 73 61
0 52 66 72 73 90 76
0 53 70 87 63
0 54 65 84 86 87 88 90 62 63
0 55 80 64 66 68 71 78 63
0 56 80 82 70 86 74 79
0 57 80 81 66 82 68 88 89 90 62
0 58 67 83 87 76
0 59 64 87
0 60 86 87 75 61 77
1 6
1 7
1 2
1 3
1 0
1 5
1 11
1 1
1 8
1 21
1 9
1 12
1 4
1 13
1 14
1 15
1 16
1 17
1 18
1 19
1 20
1 24
1 22
1 23
1 10
0 86
0 87
0 88
0 89
0 90
0 91
