2
40 80
1 0 98 67 100 76 78 46 48 51 85 89 90 91 63
1 1 49 65 113 52 105 43 75 62
1 2 64 97 98 68 41 43 109 47 80 81 113 116 53 89
1 3 97 74 43 44 77 80 82 50 83 57 89 60 92 93
1 4 75 110 79 47 80 81 113 54 87 57 91 60 93 63
1 5 64 65 103 40 74 106 107 111 83 52 117 88 91 95
1 6 112 115 99 85 86 72 89 105 60 46 47
1 7 112 50 98 69 53 102 59 91 45 94 63
1 8 49 66 51 101 87 41 89 75 92 46 79
1 14 64 81 118 102 73 105 58 91 108 61 46
1 10 97 66 102 73 105 42 43 78 79 111 48 84 116 85 54 93 63
1 17 97 114 83 68 87 91 76 77 78 94 79
1 12 98 67 69 74 42 107 45 110 48 112 82 115 57 93
1 13 64 96 66 44 108 77 46 110 111 84 85 54 87 63 95
1 9 112 115 68 53 54 40 41 42 106 43 93
1 15 96 50 69 56 72 107 60 79 63
1 16 66 99 68 70 40 104 105 49 50 83 55 57 91
1 24 65 66 69 70 71 73 74 78 112 50 82 84 116 118 87 119 88 56 89 92 61 62
1 22 64 70 44 46 110 52 53 117 86 55 89 59 92
1 19 49 65 67 116 100 71 55 56 46 95
1 20 64 50 99 68 52 70 88 89 105 107 110
1 21 113 52 116 70 87 71 41 57 77 109 93 111
1 18 66 71 104 41 43 47 112 49 53 55 56 89 60 92 62
1 23 65 82 83 85 71 41 44 95
1 11 97 67 70 71 104 73 105 74 46 110 49 84 53 55 87 88 60
0 25 96 99 70 102 106 43 107 79 113 115 51 116 117 118 86 57 94 63
0 26 97 98 99 101 103 105 41 106 108 44 109 47 113 83 118 55 88 89 94
0 27 64 97 69 70 103 72 73 105 107 108 76 111 113 119 58
0 28 99 104 74 108 76 46 110 111 83 116 117 54 55 119 90 59 92 61
0 29 100 70 102 41 42 107 75 108 44 113 85 118 86 56 88 92
0 30 97 99 100 101 103 104 107 44 109 113 115 85 117 54 87 119 56 91
0 31 112 50 115 100 85 117 118 88 89 106 74 61
0 32 65 101 42 75 76 44 78 47 81 113 55 57 60 95
0 33 97 65 99 104 107 46 111 116 117 57 92 93 94 95
0 34 117 101 102 57 43 59 107 108 47 111 95
0 35 96 66 43 108 77 112 114 51 84 117 85 53 87 90 91
0 36 96 101 70 72 40 108 109 78 111 117 87 89 91 92 94 63
0 37 114 67 68 84 53 103 87 71 43 110
0 38 64 98 100 101 102 71 103 40 105 41 75 77 82 84 116 88 57 89 91 92 95
0 39 96 64 71 41 105 75 108 78 113 114 50 51 117 118 119 94
1 5
1 9
1 12
1 3
1 27
1 35
1 6
1 4
1 11
1 22
1 37
1 0
1 34
1 45
1 41
1 28
1 43
1 10
1 18
1 7
1 15
1 49
1 1
1 13
1 24
1 25
1 26
1 19
1 20
1 29
1 30
1 31
1 32
1 33
1 40
1 8
1 17
1 36
1 38
1 39
1 2
1 14
1 42
1 16
1 44
1 23
1 46
1 47
1 48
1 21
0 90
0 91
0 92
0 93
0 94
0 95
0 96
0 97
0 98
0 99
0 100
0 101
0 102
0 103
0 104
0 105
0 106
0 107
0 108
0 109
0 110
0 111
0 112
0 113
0 114
0 115
0 116
0 117
0 118
0 119
