2
61 31
1 18 70 86 71 87 88 89 74 90 75 91
1 15 80 82 67 83 85 71 88 73 61 63
1 23 64 82 85 71 87 77 78 63
1 3 80 65 67 84 69 88 73 74 61
1 1 64 65 82 83 84 88
1 36 64 81 66 83 84 69 71 73 78 63
1 40 64 65 81 68 85 86 87 88 90 76 62 79
1 39 80 66 82 83 84 86 71 75 76 77 63
1 22 82 83 70 74 75 62
1 21 81 66 69 70 71 72 89 76
1 4 68 71 88 90 91 79
1 42 80 81 68 70 86 89 74 90 79
1 0 67 68 69 71 87 74 75 77 63
1 17 64 68 84 72 89 74 75 91 62 63
1 27 81 67 83 84 86 76 61 77 63 79
1 6 64 67 69 71 74 75 77 79 81 84 85 89 61
1 16 80 81 67 84 73 74 62
1 12 64 65 66 69 70 72 73 76 77 78 79 80 82 83 90 91 62
1 2 66 82 67 69 86 72 89 91 77 78
1 19 83 85 87 74 90 75 91 61 78
1 20 80 65 67 86 72 73 75 79
1 26 65 66 82 68 85 86 72 73 89 90 61 78
1 43 64 65 81 85 70 86 71 88 74 79
1 30 81 82 67 83 68 87 73 90 91 63
1 24 64 80 81 87 89 90 79
1 9 65 81 66 68 86 87 72 74 90 61
1 8 67 68 71 90 76 62
1 14 83 70 71 72 88 73 79
1 28 65 81 82 67 85 71 72 74 76 62
1 29 80 65 68 87 72 89 75 76 62 79
1 10 80 82 66 67 69 70 71 89 74 91 79 63
1 31 65 82 69 71 72 91 77 78 79
1 32 81 65 83 69 73 91 79
1 13 66 67 71 73 79 80 81 83 86 89 91 61 62
1 34 81 82 68 74 77 78
1 35 80 65 67 68 85 74 90 78 79
1 5 80 65 69 86 72 73 74 61
1 37 80 81 65 85 70 88 73 90
1 38 64 84 85 70 87 88 77 79
1 25 66 69 71 73 61
1 33 64 80 66 68 84 85 86 71 87 73 75 78
1 41 67 68 86 75 77 62
1 7 83 67 68 70 77 61 63
1 11 64 85 70 86 72 89 91 76 61 77 78 79
1 44 81 82 68 70 88 89 74 90 76
1 45 67 83 69 71 74 75 91 78 79
1 46 64 81 82 67 84 87 73
1 47 64 81 83 84 68 69 86 71 75 62
1 48 65 81 85 69 70 71 72 89 77 62
1 49 65 82 85 70 75 91 76 77 78 62
0 50 81 66 67 70 86 87 73 89 76 61
0 51 65 70 71 89 90 91 62 78 79
0 52 82 85 86 71 72 73 89 76
0 53 64 66 86 70 87 89 73 90 91 77 78
0 54 81 65 84 70 71 72 75 77 62 79
0 55 64 82 90 78 63
0 56 65 66 69 71 72 76 78 82 84 86 89 90 62 63
0 57 80 82 83 84 85 86 71 89 91 75
0 58 80 65 82 67 85 86 87 89 76 61 79
0 59 83 84 69 85 71 72 91 75 77 62 78
0 60 66 83 71 87 88 89 75 76 78
1 0
1 16
1 2
1 3
1 4
1 5
1 6
1 13
1 7
1 9
1 10
1 11
1 12
1 8
1 19
1 15
1 1
1 17
1 18
1 14
1 24
1 21
1 22
1 20
1 23
0 86
0 87
0 88
0 89
0 90
0 91
