2
61 61
1 10 69 88
1 47 83 101 104 78
1 2 82 101 86 118
1 3 66 101 72 92 78 63
1 27 98 100 70 91 78
1 34 97 98 99 119 61
1 43 67 84 118 89 106
1 32 80 96 67 99
1 8 112 81 114 69 108
1 9 85 71 74 109 62 79
1 36 66 105 108
1 33 97 86 91
1 39 96 100 108 93 95
1 45 102 121 75 110
1 15 88 75
1 14 66 86 77 63
1 17 65 82 85 121 78
1 48 80 101 110
1 6 118 91 95
1 0 92
1 29 84 89 121 91
1 38 120 106 108
1 42 71 110
1 20 80 86 103 92 111
1 12 67 116 72
1 37 99 117 75 61
1 5 114 120 73 109
1 19 96 71 72 78
1 1 64 114 118 77
1 4 115 118 73
1 49 90
1 18 80 87 71 77
1 7 68 121 111
1 23 113 98 84 85 103 108 61 109 62 79
1 44 117 104 91 94
1 24 85
1 46 101 75 108
1 26 67 119 104 76
1 31 85 107 78
1 28 97 99 100 92 95
1 40 83 74 63
1 22 97 66 99 67 68
1 11 115 69 74 111
1 41 80 72 111
1 25 81 98 99 116 85 103 89
1 35 65 101 104 111
1 13 68 76 95 63
1 30 81 98 118 121 94
1 21 112 97 67 70
1 16 113 72 88 78
0 50 64 97 73 106
0 51 97 117 118 71 89
0 52 118 72
0 53 70 72 77
0 54 114 84 86 118 102 105
0 55 80 98 84 89 93
0 56 85 118 102 62 111
0 57 114 100 121 106
0 58 112 118 121
0 59 65 116 102 87 61 94
0 60 118 90 106
1 31
1 3
1 6
1 1
1 19
1 16
1 20
1 7
1 8
1 21
1 18
1 12
1 4
1 48
1 42
1 15
1 11
1 17
1 9
1 37
1 25
1 2
1 47
1 34
1 24
1 13
1 10
1 14
1 29
1 22
1 30
1 0
1 39
1 41
1 26
1 35
1 27
1 32
1 28
1 38
1 40
1 45
1 23
1 44
1 36
1 43
1 46
1 33
1 5
1 49
0 111
0 112
0 113
0 114
0 115
0 116
0 117
0 118
0 119
0 120
0 121
