2
80 40
1 0 92
1 19 112 97 104 107
1 46 112 117 104 88
1 40 112 104
1 13 113 86 104 108 93
1 12 85 101 108 93 110
1 25 84 119
1 32 96 108
1 22 102
1 21 97 101
1 20 86
1 31 83 100
1 43 102
1 1 90
1 4 83 109
1 24 95
1 3 83
1 14 106 93 95
1 18 97 118 105
1 9 97 81 113
1 28 88 91
1 10 81 83 103 95
1 39 100 88
1 8 86
1 17 114 85 102 91
1 7 80 82 95
1 5 113 85
1 27 102
1 15 95
1 29 100 116
1 6 114 105 92 94
1 11 97 84 117
1 30 87
1 38 84 88
1 34 87 110
1 35 97 116 85 104 109
1 36 97 101 119
1 16 113 98 115 93
1 26 99 115 117 95 111
1 23 88
1 37 103 89
1 41 81 104
1 42 100 104 109
1 33 97 87
1 44 96
1 45 114 103
1 2 82 116 107
1 47 97 119 88 107
1 48 83 118 105
1 49 100
0 50 82 84 116
0 51 84 105
0 52 84
0 53 80 84 102 119 106
0 54 112 84 89 108
0 55 112 96 118
0 56 95
0 57 107 92 110
0 58 119 94
0 59 85 110
0 60 96 100
0 61 98 99 86 110
0 62 100 106 93 111
0 63 105 93 95
0 64 112 114 85 86 87
0 65 118
0 66 101
0 67 116 102 90 106 91 110
0 68 90
0 69 84 118
0 70 85 105 93 110 111
0 71 102 86
0 72 116 118 103
0 73 97
0 74 106 111
0 75 115 100 118 88 89 108 92
0 76 81 111
0 77 95
0 78 112 98 115 87 106
0 79 115 99 88
1 7
1 10
1 2
1 3
1 4
1 5
1 8
1 15
1 21
1 9
1 1
1 13
1 0
1 11
1 6
1 14
1 18
1 17
1 16
1 12
1 24
1 19
1 22
1 23
1 20
0 105
0 106
0 107
0 108
0 109
0 110
0 111
0 112
0 113
0 114
0 115
0 116
0 117
0 118
0 119
