2
31 61
1 0 80 81 67 69 37 54 39 42 58 76
1 1 34 66 53 85 86 40 56 89 43
1 2 32 80 34 38 71 55 72 59 44
1 3 65 34 35 68 71 73 41 74 48 80 51 88 90 91
1 4 48 66 51 84 70 38 54 71 87 72 45 78
1 5 65 83 55 56 74 43 31 79
1 6 80 51 37 38 91 76 77 63
1 7 50 36 85 54 41 60 44
1 8 32 80 66 82 37 85 70 40 57 42 78
1 14 64 49 82 52 37 85 55 72
1 10 64 33 34 69 70 39 75 76 45 84 54 86 57 91
1 17 67 68 69 70 74 59 78
1 12 48 65 33 36 85 39 73 58 90 60
1 13 35 68 37 75 76 45 78 54 55 88 57 89 90
1 9 32 33 81 34 90 59 91 44 45 31
1 15 51 70 54 86 41 60 47 63
1 16 48 85 87 40 57 41 74 90 59 61 46 31
1 24 64 65 69 41 73 75 78 79 47 80 52 53 56 57 60 61 62
1 22 35 37 43 44 77 46 80 50 85 55 88 90 91 61
1 19 37 40 56 58 62 46 47
1 20 80 85 55 41 59 43 61 79
1 21 32 48 68 43 61 78 62
1 18 32 34 38 40 44 46 47 80 51 84 53 85 57 62
1 23 32 81 35 84 87 56 88 73 74 76 62
1 11 64 65 37 40 75 44 46 78 79 82 51 89 58 61 62
0 25 66 35 68 40 76 77 82 55 87 56 57 58 61
0 26 32 50 83 84 42 45
0 27 49 82 35 67 85 70 39 57 44 77
0 28 48 64 66 84 37 54 89 91 75
0 29 64 71 72 40 41 44 77 78 81 82 52 85 87 88 89
0 30 37 38 72 74 76 77 49 82 52 86 87 56 89 91
1 5
1 9
1 12
1 3
1 27
1 35
1 6
1 4
1 11
1 22
1 37
1 0
1 34
1 45
1 41
1 28
1 43
1 10
1 18
1 7
1 15
1 49
1 1
1 13
1 24
1 25
1 26
1 19
1 20
1 29
1 30
1 31
1 32
1 33
1 40
1 8
1 17
1 36
1 38
1 39
1 2
1 14
1 42
1 16
1 44
1 23
1 46
1 47
1 48
1 21
0 81
0 82
0 83
0 84
0 85
0 86
0 87
0 88
0 89
0 90
0 91
