2
89 22
1 0 89 90
1 1 89
1 2 91
1 3 92
1 4 93
1 5 92
1 6 93 94
1 7 95
1 8 95
1 9 96
1 10 91 97
1 11 98
1 12 98
1 13 99
1 14 92 100
1 15 101
1 16 93
1 17 102
1 18 95
1 19 100
1 20 103
1 21 102
1 22 90
1 23 103 104
1 24 96
1 25 105
1 26 93 96
1 27 94
1 28 106 92
1 29 97
1 30 89
1 31 107
1 32 105 99
1 33 103
1 34 107
1 35 93
1 36 103
1 37 106
1 38 90 108
1 39 106
1 40 99
1 41 94
1 42 102 103
1 43 98
1 44 109
1 45 94 102
1 46 106 99
1 47 100
1 48 109
1 49 102
1 50 109
1 51 99
1 52 110
1 53 96
1 54 110 100
1 55 110 104
1 56 89
1 57 104
1 58 104
1 59 108
1 60 97
1 61 105 109
1 62 101
1 63 90
1 64 104
1 65 107
1 66 108
1 67 108
1 68 94
1 69 91
1 70 95
1 71 110
1 72 110
1 73 92
1 74 107 96
1 75 101
1 76 91
1 77 106
1 78 107 101
1 79 90
0 80 100
0 81 89 101
0 82 105
0 83 108 95
0 84 91
0 85 109 98
0 86 97
0 87 105
0 88 97 98
1 2
1 6
1 1
1 0
1 10
1 14
1 9
1 18
1 8
1 4
1 11
1 15
1 13
1 16
1 3
1 7
1 12
1 5
1 17
0 21
0 20
0 19
