2
89 22
1 0 89
1 1 90
1 2 91
1 3 92
1 4 93
1 5 94
1 6 92
1 7 95
1 8 96
1 9 92 97
1 10 92 94
1 11 98
1 12 99
1 13 100
1 14 91
1 15 101
1 16 102
1 17 90
1 18 91 103
1 19 104
1 20 94 99
1 21 105
1 22 98
1 23 106
1 24 106 99
1 25 90 107
1 26 99
1 27 92
1 28 97
1 29 108 96
1 30 97
1 31 94
1 32 109
1 33 96 102
1 34 105
1 35 105 106
1 36 97
1 37 108
1 38 96
1 39 97 98
1 40 105
1 41 110
1 42 100
1 43 93 110
1 44 89
1 45 93
1 46 95
1 47 99
1 48 108
1 49 109
1 50 103
1 51 109
1 52 91
1 53 109
1 54 100 102
1 55 91 98
1 56 107 110
1 57 102
1 58 105 100
1 59 95
1 60 110
1 61 110
1 62 96
1 63 89 95
1 64 106
1 65 107
1 66 107
1 67 104
1 68 90 108
1 69 94
1 70 104
0 71 93
0 72 90
0 73 103
0 74 100
0 75 101 104
0 76 89 104
0 77 106
0 78 102
0 79 95 103
0 80 103
0 81 108
0 82 101
0 83 107
0 84 101
0 85 89
0 86 109 93
0 87 101
0 88 98
1 10
1 6
1 8
1 11
1 16
1 1
1 4
1 2
1 7
1 9
1 12
1 14
1 0
1 15
1 5
1 13
1 3
0 18
0 17
0 21
0 19
0 20
