2
89 22
1 0 89
1 1 90
1 2 91
1 3 92
1 4 89 93
1 5 93
1 6 94
1 7 95 96
1 8 97
1 9 98
1 10 99 100
1 11 101
1 12 100
1 13 100
1 14 97 102
1 15 103
1 16 95
1 17 104
1 18 91 95
1 19 105
1 20 104
1 21 106 103
1 22 98
1 23 107
1 24 108
1 25 106
1 26 94
1 27 89
1 28 96
1 29 90
1 30 105 109
1 31 103
1 32 102
1 33 107 98
1 34 110
1 35 94
1 36 110
1 37 107
1 38 108 110
1 39 106
1 40 109
1 41 96
1 42 104
1 43 102
1 44 93
1 45 101 104
1 46 90 91
1 47 101
1 48 110 94
1 49 99
1 50 109
1 51 95
1 52 106
1 53 99 103
1 54 107
1 55 105
1 56 96
1 57 99
1 58 89
1 59 108
1 60 102
1 61 96 100
1 62 105
1 63 105 97
1 64 106 93
1 65 97
1 66 109
1 67 92 94
1 68 107
1 69 92 102
1 70 109
0 71 90 101
0 72 91
0 73 108 104
0 74 89 98
0 75 93
0 76 110
0 77 103
0 78 95
0 79 98
0 80 101
0 81 92
0 82 91
0 83 100
0 84 90
0 85 108
0 86 97
0 87 92
0 88 99
1 16
1 9
1 6
1 14
1 11
1 5
1 1
1 7
1 2
1 10
1 3
1 13
1 12
1 4
1 0
1 15
1 8
0 17
0 18
0 20
0 21
0 19
