2
89 22
1 0 89
1 1 90
1 2 91
1 3 92
1 4 93
1 5 93 94
1 6 95
1 7 90 96
1 8 97
1 9 93 98
1 10 99 100
1 11 98
1 12 100
1 13 101
1 14 90
1 15 96
1 16 90
1 17 102
1 18 96
1 19 97
1 20 103
1 21 104
1 22 100
1 23 91
1 24 104
1 25 105
1 26 106
1 27 101
1 28 92
1 29 107 103
1 30 94
1 31 97
1 32 102
1 33 94 104
1 34 93
1 35 106 90
1 36 108 103
1 37 94
1 38 107
1 39 95
1 40 97
1 41 108
1 42 96 100
1 43 106
1 44 94
1 45 105
1 46 89 101
1 47 109 95
1 48 110
1 49 110 102
1 50 98
1 51 95
1 52 109
1 53 110
1 54 107
1 55 101
1 56 95 98
1 57 89 91
1 58 100
1 59 98
1 60 89
1 61 102
0 62 109
0 63 106
0 64 105 104
0 65 109
0 66 93
0 67 105 108
0 68 91
0 69 92 99
0 70 108
0 71 108
0 72 107
0 73 109 102
0 74 92
0 75 106 91
0 76 99
0 77 104
0 78 99
0 79 107 101
0 80 103
0 81 96
0 82 99
0 83 92
0 84 105
0 85 89
0 86 103
0 87 110 97
0 88 110
1 11
1 12
1 0
1 6
1 7
1 13
1 9
1 1
1 8
1 4
1 10
1 14
1 2
1 5
1 3
0 15
0 16
0 17
0 18
0 19
0 21
0 20
