2
89 22
1 0 89
1 1 90
1 2 91 92
1 3 93
1 4 94 95
1 5 96
1 6 97 98
1 7 99
1 8 100
1 9 92
1 10 90
1 11 93 96
1 12 101
1 13 102
1 14 95
1 15 103 104
1 16 105
1 17 98
1 18 95
1 19 102
1 20 93
1 21 106
1 22 94
1 23 107
1 24 95
1 25 108 93
1 26 106 101
1 27 92
1 28 89 100
1 29 89 109
1 30 91
1 31 103
1 32 104
1 33 96 103
1 34 105
1 35 91
1 36 110
1 37 104
1 38 94
1 39 109
1 40 97
1 41 105 100
1 42 108
1 43 92
1 44 91
1 45 106 108
1 46 99
1 47 107
1 48 90 101
1 49 102
1 50 104
1 51 110 97
1 52 107
1 53 107 102
1 54 108
1 55 93
1 56 100
1 57 97
1 58 104
1 59 105 98
1 60 98
1 61 97
0 62 110
0 63 105
0 64 100
0 65 109 99
0 66 101
0 67 90 94
0 68 98
0 69 107 95
0 70 106
0 71 94
0 72 101
0 73 91 99
0 74 109
0 75 90
0 76 96
0 77 103
0 78 108
0 79 89
0 80 110 102
0 81 103
0 82 92
0 83 99
0 84 96
0 85 109
0 86 89
0 87 110
0 88 106
1 2
1 10
1 7
1 11
1 0
1 12
1 14
1 4
1 8
1 13
1 1
1 3
1 9
1 6
1 5
0 16
0 15
0 18
0 17
0 19
0 20
0 21
