2
89 22
1 0 89
1 1 90
1 2 91 92
1 3 89
1 4 93
1 5 91 94
1 6 95
1 7 96 97
1 8 98 99
1 9 97 100
1 10 101
1 11 98
1 12 91
1 13 94
1 14 100
1 15 102
1 16 93 103
1 17 104
1 18 100
1 19 105
1 20 101
1 21 93
1 22 89
1 23 106 107
1 24 106
1 25 108 99
1 26 97
1 27 109 103
1 28 107
1 29 108
1 30 106
1 31 93
1 32 98
1 33 95
1 34 107
1 35 94
1 36 110
1 37 104
1 38 104
1 39 106
1 40 105
1 41 108
1 42 90
1 43 109
1 44 109
1 45 91
1 46 110 101
1 47 108
1 48 102
1 49 95
1 50 104
1 51 99
1 52 93 95
1 53 92
1 54 91
1 55 95 98
1 56 92
1 57 90
1 58 102
1 59 106 92
1 60 96
1 61 103
0 62 101 104
0 63 96
0 64 96 102
0 65 109
0 66 99
0 67 103
0 68 89 100
0 69 101
0 70 99
0 71 108 102
0 72 103
0 73 89 90
0 74 110
0 75 97
0 76 96
0 77 100
0 78 97
0 79 109 94
0 80 107
0 81 105
0 82 94
0 83 98
0 84 92
0 85 110
0 86 105 110
0 87 105 107
0 88 90
1 7
1 11
1 0
1 1
1 14
1 9
1 8
1 10
1 12
1 2
1 5
1 13
1 6
1 4
1 3
0 16
0 15
0 17
0 18
0 21
0 19
0 20
