2
89 22
1 0 89 90
1 1 90
1 2 91
1 3 89
1 4 92
1 5 93
1 6 94
1 7 95 96
1 8 92
1 9 97
1 10 93
1 11 98
1 12 99
1 13 100
1 14 97
1 15 101
1 16 91 92
1 17 102
1 18 90 103
1 19 105 104
1 20 89
1 21 103
1 22 106
1 23 99 102
1 24 97
1 25 100 101
1 26 100
1 27 97 98
1 28 94
1 29 94
1 30 103
1 31 91 96
1 32 90
1 33 107
1 34 96
1 35 95
1 36 105 97
1 37 106 94
1 38 99
1 39 108
1 40 107 109
1 41 100
1 42 101
1 43 98
1 44 102
1 45 107
1 46 101
1 47 91
1 48 89 100
1 49 99
1 50 106 104
1 51 95
1 52 96
1 53 99 103
1 54 108
1 55 93
1 56 109
1 57 91
1 58 96
1 59 89
1 60 102
1 61 104
1 62 106
1 63 95
1 64 104
1 65 98
1 66 109
1 67 108
1 68 92
1 69 103
1 70 98
0 71 106
0 72 93 102
0 73 105
0 74 109
0 75 105
0 76 110 101
0 77 92 110
0 78 110
0 79 107 95
0 80 93
0 81 90
0 82 110
0 83 107
0 84 108 109
0 85 105
0 86 104
0 87 108 94
0 88 110
1 1
1 10
1 13
1 9
1 0
1 14
1 4
1 5
1 11
1 8
1 2
1 12
1 7
1 16
1 15
1 3
1 6
0 17
0 18
0 21
0 20
0 19
