2
89 22
1 0 89
1 1 90 91
1 2 92 93
1 3 94
1 4 95
1 5 96
1 6 92
1 7 97 98
1 8 99
1 9 98
1 10 95
1 11 100
1 12 101
1 13 93
1 14 102
1 15 91 100
1 16 103
1 17 92 98
1 18 95
1 19 91
1 20 91
1 21 99 104
1 22 90
1 23 94 101
1 24 105 102
1 25 106
1 26 96
1 27 90
1 28 107
1 29 100
1 30 96
1 31 103
1 32 106 100
1 33 99
1 34 108
1 35 105
1 36 109 110
1 37 95 102
1 38 109
1 39 108
1 40 92
1 41 103
1 42 108
1 43 94
1 44 89 96
1 45 89
1 46 107
1 47 110
1 48 104
1 49 108 101
1 50 94
1 51 97
1 52 99
1 53 105 108
1 54 90 96
1 55 94 104
1 56 101
1 57 97
1 58 107 103
1 59 98
1 60 104
1 61 106
1 62 101
1 63 109
1 64 104
1 65 110
1 66 106 107
1 67 105
1 68 93
1 69 97 99
1 70 105
1 71 93 110
1 72 102
1 73 95
1 74 106
1 75 109 103
1 76 102
1 77 98
1 78 89
1 79 110
0 80 100
0 81 92
0 82 91
0 83 109
0 84 90
0 85 97
0 86 107
0 87 89
0 88 93
1 15
1 7
1 11
1 0
1 18
1 3
1 10
1 12
1 2
1 16
1 1
1 8
1 6
1 9
1 17
1 13
1 5
1 4
1 14
0 21
0 19
0 20
