2
89 22
1 0 89
1 1 90 91
1 2 92
1 3 93
1 4 94
1 5 95
1 6 96
1 7 94 97
1 8 98
1 9 99
1 10 97
1 11 92
1 12 100 101
1 13 100
1 14 93 101
1 15 102
1 16 103
1 17 100
1 18 104
1 19 101
1 20 105 100
1 21 90
1 22 104
1 23 94
1 24 106
1 25 103
1 26 93
1 27 103
1 28 100
1 29 89
1 30 105
1 31 105
1 32 107
1 33 108 103
1 34 98
1 35 107 99
1 36 89 102
1 37 98
1 38 109
1 39 91
1 40 101
1 41 101
1 42 108
1 43 93
1 44 95
1 45 97
1 46 110
1 47 95 102
1 48 105
1 49 109
1 50 106
1 51 94 96
1 52 104
1 53 106 93
1 54 110
1 55 92 104
1 56 109 98
1 57 99
1 58 106
1 59 110
1 60 109 99
1 61 97
0 62 108
0 63 98 104
0 64 95
0 65 107
0 66 107
0 67 96
0 68 92 103
0 69 96
0 70 90
0 71 102
0 72 107 95
0 73 91
0 74 90
0 75 89
0 76 99
0 77 91
0 78 106 90
0 79 109
0 80 105
0 81 89
0 82 91 110
0 83 108 96
0 84 94
0 85 102
0 86 92
0 87 110 97
0 88 108
1 13
1 0
1 14
1 6
1 2
1 8
1 9
1 4
1 5
1 7
1 11
1 10
1 12
1 3
1 1
0 15
0 16
0 17
0 18
0 19
0 20
0 21
