2
89 22
1 0 89
1 1 90
1 2 91
1 3 90
1 4 92
1 5 93
1 6 94
1 7 95
1 8 96
1 9 97
1 10 97
1 11 97
1 12 91 98
1 13 96
1 14 98
1 15 94
1 16 93 99
1 17 90
1 18 100
1 19 91
1 20 101
1 21 102
1 22 99 103
1 23 89
1 24 93
1 25 92 104
1 26 98
1 27 90 95
1 28 102
1 29 89 105
1 30 96
1 31 106
1 32 105
1 33 103
1 34 107
1 35 100
1 36 105
1 37 89 108
1 38 107
1 39 102
1 40 90
1 41 106 104
1 42 101
1 43 109 101
1 44 109 95
1 45 108
1 46 95
1 47 103
1 48 103
1 49 94
1 50 106
1 51 92
1 52 108 96
1 53 91
1 54 106 110
1 55 99
1 56 109
1 57 109
1 58 97 100
1 59 110
1 60 96 100
1 61 98
1 62 105 101
1 63 94 97
1 64 110 98
1 65 104
1 66 108
1 67 91 107
1 68 93
1 69 94 103
1 70 104
1 71 104
1 72 95
1 73 108
1 74 100
1 75 105
1 76 106
1 77 107
1 78 99
1 79 93 102
0 80 101
0 81 89
0 82 92 102
0 83 107
0 84 110
0 85 109
0 86 92
0 87 110
0 88 99
1 0
1 17
1 6
1 8
1 15
1 7
1 11
1 4
1 12
1 2
1 13
1 3
1 9
1 18
1 5
1 10
1 1
1 16
1 14
0 21
0 19
0 20
