2
89 22
1 0 89 90
1 1 91
1 2 92
1 3 93
1 4 94
1 5 95
1 6 96
1 7 97
1 8 98
1 9 99
1 10 97
1 11 100
1 12 98
1 13 101
1 14 95
1 15 102
1 16 95
1 17 97
1 18 103
1 19 104
1 20 95 99
1 21 104
1 22 101
1 23 105
1 24 106 107
1 25 107
1 26 108 94
1 27 90
1 28 106
1 29 90
1 30 90 98
1 31 103
1 32 106
1 33 96
1 34 108
1 35 108
1 36 102 103
1 37 96
1 38 95
1 39 100
1 40 103
1 41 105 102
1 42 106
1 43 93
1 44 105
1 45 91 109
1 46 100
1 47 105 110
1 48 107 101
1 49 106 91
1 50 92 96
1 51 94
1 52 91
1 53 89
1 54 89
1 55 109
1 56 98
1 57 110
1 58 99
1 59 109
1 60 107
1 61 110
1 62 94
1 63 99
1 64 108
1 65 105
1 66 92
1 67 97
1 68 101
1 69 98 100
1 70 89 101
0 71 109
0 72 110
0 73 91
0 74 92
0 75 93 100
0 76 93 96
0 77 94 104
0 78 104
0 79 102
0 80 102
0 81 107
0 82 109 110
0 83 108 103
0 84 93
0 85 89
0 86 97 104
0 87 92 99
0 88 90
1 2
1 7
1 3
1 12
1 4
1 0
1 11
1 6
1 1
1 15
1 10
1 16
1 9
1 5
1 13
1 8
1 14
0 17
0 18
0 21
0 20
0 19
