2
89 22
1 0 89
1 1 90 91
1 2 92 93
1 3 94 95
1 4 96
1 5 94
1 6 97
1 7 98
1 8 95
1 9 99
1 10 100
1 11 91 101
1 12 90
1 13 102
1 14 97 103
1 15 104
1 16 91
1 17 105
1 18 106 100
1 19 107
1 20 98
1 21 93
1 22 101
1 23 95 98
1 24 108
1 25 92 96
1 26 109
1 27 106 107
1 28 105 89
1 29 98
1 30 96
1 31 92
1 32 95
1 33 109 99
1 34 106
1 35 92
1 36 96 102
1 37 99
1 38 110 97
1 39 103
1 40 93
1 41 99 101
1 42 108 102
1 43 91
1 44 102
1 45 101
1 46 100 103
1 47 91
1 48 95
1 49 108
1 50 104
1 51 105
1 52 108
1 53 101
1 54 104
1 55 100
1 56 106
1 57 110 104
1 58 92
1 59 100
1 60 108 109
1 61 103
1 62 103
1 63 107
1 64 107
1 65 89
1 66 89
1 67 90
1 68 94 104
1 69 93
1 70 110
1 71 97
1 72 99
1 73 107
1 74 110
1 75 94
1 76 94
1 77 102
1 78 105
1 79 106
0 80 89 90
0 81 109
0 82 109
0 83 93
0 84 96
0 85 110
0 86 105 98
0 87 90
0 88 97
1 17
1 2
1 6
1 4
1 15
1 1
1 14
1 0
1 12
1 10
1 9
1 11
1 7
1 13
1 18
1 3
1 5
1 16
1 8
0 21
0 20
0 19
