2
89 22
1 0 89 90
1 1 91
1 2 92
1 3 93
1 4 91
1 5 92 94
1 6 95 96
1 7 96
1 8 97
1 9 98 99
1 10 100
1 11 101
1 12 102
1 13 103
1 14 97
1 15 97 104
1 16 93 100
1 17 99
1 18 99
1 19 92
1 20 105
1 21 99
1 22 104
1 23 106
1 24 98 102
1 25 89 91
1 26 100
1 27 105 107
1 28 101
1 29 108
1 30 89
1 31 94
1 32 106 91
1 33 90
1 34 109
1 35 106
1 36 94
1 37 105
1 38 92
1 39 106 103
1 40 97 101
1 41 100
1 42 90
1 43 109
1 44 103
1 45 92
1 46 101
1 47 110 95
1 48 96
1 49 95
1 50 95
1 51 98
1 52 107
1 53 106
1 54 108
1 55 96 102
1 56 93 99
1 57 108 104
1 58 107
1 59 94
1 60 102
1 61 108
0 62 109
0 63 102
0 64 108
0 65 110
0 66 90
0 67 95
0 68 110
0 69 93
0 70 104
0 71 91
0 72 96
0 73 98
0 74 107 103
0 75 110 101
0 76 107
0 77 89
0 78 89
0 79 105 94
0 80 105
0 81 103
0 82 93
0 83 109 100
0 84 110
0 85 104
0 86 98
0 87 90 109
0 88 97
1 7
1 12
1 1
1 0
1 3
1 9
1 2
1 11
1 8
1 6
1 13
1 4
1 5
1 14
1 10
0 15
0 16
0 18
0 17
0 21
0 20
0 19
