2
89 22
1 0 89 90
1 1 91
1 2 92
1 3 89
1 4 90 93
1 5 94
1 6 95
1 7 92
1 8 96
1 9 97
1 10 98
1 11 99
1 12 91
1 13 100
1 14 89
1 15 92 101
1 16 102
1 17 94
1 18 103
1 19 104
1 20 92
1 21 105
1 22 105
1 23 91 100
1 24 98
1 25 92 98
1 26 106 102
1 27 100
1 28 98
1 29 107
1 30 94
1 31 93
1 32 95 97
1 33 90
1 34 107
1 35 100
1 36 106
1 37 93
1 38 89
1 39 95
1 40 95
1 41 102
1 42 101
1 43 104
1 44 108 109
1 45 91 104
1 46 106
1 47 107 101
1 48 99 103
1 49 103
1 50 110 98
1 51 109
1 52 105
1 53 110
1 54 108
1 55 104
1 56 108 94
1 57 107 109
1 58 99
1 59 103
1 60 102 103
1 61 90
0 62 110
0 63 97
0 64 91
0 65 90
0 66 108
0 67 94 96
0 68 101
0 69 89 97
0 70 105 104
0 71 99
0 72 99
0 73 105 110
0 74 93
0 75 106 100
0 76 102
0 77 106
0 78 96
0 79 101
0 80 93
0 81 95 96
0 82 97
0 83 110
0 84 96
0 85 109
0 86 108
0 87 109
0 88 107
1 13
1 14
1 4
1 6
1 1
1 8
1 12
1 11
1 10
1 0
1 3
1 2
1 5
1 9
1 7
0 15
0 16
0 18
0 17
0 19
0 21
0 20
