2
89 22
1 0 89
1 1 90
1 2 91
1 3 92
1 4 93
1 5 94
1 6 95 96
1 7 97
1 8 98
1 9 91 99
1 10 100
1 11 101
1 12 97
1 13 98
1 14 102
1 15 93 98
1 16 91
1 17 94 103
1 18 104
1 19 95
1 20 105
1 21 93
1 22 100 103
1 23 91
1 24 94
1 25 95
1 26 101
1 27 99
1 28 106
1 29 107
1 30 108
1 31 90
1 32 103
1 33 106 100
1 34 89
1 35 109
1 36 92
1 37 102
1 38 89 108
1 39 110
1 40 89 94
1 41 103
1 42 102
1 43 108
1 44 89
1 45 105 109
1 46 101
1 47 100
1 48 90
1 49 93
1 50 105
1 51 96
1 52 99
1 53 95
1 54 107
1 55 105 107
1 56 90 92
1 57 108
1 58 97
1 59 109
1 60 101
1 61 100
1 62 93 95
1 63 98
1 64 94
1 65 92 102
1 66 99
1 67 96 99
1 68 108 97
1 69 106
1 70 101 104
0 71 106
0 72 104
0 73 110
0 74 92
0 75 110
0 76 107 110
0 77 96
0 78 103
0 79 91 102
0 80 105
0 81 98 104
0 82 109
0 83 96
0 84 104
0 85 106 110
0 86 109
0 87 107
0 88 90 97
1 11
1 13
1 2
1 1
1 8
1 16
1 7
1 9
1 4
1 5
1 0
1 14
1 10
1 6
1 3
1 15
1 12
0 17
0 18
0 21
0 20
0 19
