2
89 22
1 0 89 90
1 1 91 92
1 2 93 94
1 3 95 96
1 4 96
1 5 97
1 6 89
1 7 91
1 8 98
1 9 99
1 10 95
1 11 95
1 12 100
1 13 97
1 14 101
1 15 93
1 16 96
1 17 97 102
1 18 101 103
1 19 94 102
1 20 104
1 21 102
1 22 105
1 23 102
1 24 101
1 25 106
1 26 107 92
1 27 98
1 28 106
1 29 98
1 30 93
1 31 92
1 32 108 103
1 33 95
1 34 105 107
1 35 108
1 36 106 109
1 37 90 104
1 38 107
1 39 105
1 40 106
1 41 100
1 42 103
1 43 90
1 44 104
1 45 94
1 46 89
1 47 90
1 48 92
1 49 94
1 50 101
1 51 100
1 52 106 99
1 53 91 110
1 54 104
1 55 107
1 56 99
1 57 97
1 58 98 101
1 59 109 98
1 60 100 104
1 61 105 100
1 62 97
1 63 110
1 64 102
1 65 90
1 66 96
1 67 109
1 68 110 96
1 69 105
1 70 99
1 71 109
1 72 110
1 73 89
1 74 94
1 75 103
1 76 107
1 77 89 99
1 78 91
1 79 109
0 80 93
0 81 108 93
0 82 108
0 83 103
0 84 92
0 85 108
0 86 95
0 87 91
0 88 110
1 7
1 9
1 16
1 17
1 1
1 5
1 10
1 14
1 6
1 12
1 4
1 13
1 8
1 2
1 18
1 0
1 15
1 11
1 3
0 21
0 20
0 19
