2
89 22
1 0 89
1 1 90
1 2 91
1 3 89 92
1 4 93 94
1 5 95
1 6 91
1 7 96 97
1 8 94
1 9 98
1 10 99
1 11 89
1 12 100
1 13 98
1 14 99
1 15 94 101
1 16 102
1 17 93
1 18 89
1 19 103 104
1 20 97
1 21 100 101
1 22 105
1 23 95
1 24 105
1 25 105 106
1 26 107
1 27 96
1 28 90 93
1 29 107 91
1 30 108
1 31 89
1 32 109 110
1 33 90 98
1 34 106
1 35 107
1 36 97
1 37 103
1 38 104
1 39 105
1 40 96
1 41 105 108
1 42 101
1 43 99
1 44 109
1 45 110
1 46 92
1 47 110 96
1 48 100 102
1 49 100
1 50 109 102
1 51 96
1 52 110
1 53 98
1 54 109
1 55 94
1 56 98 99
1 57 110
1 58 97 103
1 59 104
1 60 91 95
1 61 91
1 62 102
1 63 97
1 64 90
1 65 99
1 66 92 108
1 67 108
1 68 93
1 69 95
1 70 104
1 71 102
1 72 101
1 73 106 95
1 74 103
1 75 107 104
1 76 90
1 77 109
1 78 108
1 79 92
0 80 93
0 81 92
0 82 107
0 83 106
0 84 106
0 85 100
0 86 103
0 87 94
0 88 101
1 2
1 16
1 14
1 9
1 5
1 6
1 4
1 12
1 15
1 7
1 3
1 18
1 0
1 1
1 11
1 13
1 17
1 10
1 8
0 21
0 19
0 20
