2
89 22
1 0 89 90
1 1 91
1 2 92
1 3 93
1 4 90
1 5 94
1 6 90 95
1 7 95
1 8 90
1 9 96
1 10 89
1 11 97
1 12 91
1 13 98
1 14 99 100
1 15 101
1 16 91 101
1 17 102
1 18 101 103
1 19 105 104
1 20 93
1 21 93
1 22 100
1 23 91
1 24 92
1 25 104
1 26 103
1 27 95
1 28 103
1 29 106
1 30 101
1 31 106 107
1 32 98
1 33 108
1 34 102
1 35 109 93
1 36 97
1 37 102
1 38 105 96
1 39 103
1 40 95
1 41 106
1 42 104
1 43 90
1 44 94 100
1 45 110
1 46 110 99
1 47 100
1 48 109
1 49 97
1 50 94
1 51 96
1 52 92 97
1 53 89
1 54 107
1 55 109
1 56 107
1 57 104
1 58 108 96
1 59 98 102
1 60 110
1 61 99
0 62 101
0 63 92 103
0 64 106 109
0 65 105
0 66 106
0 67 97
0 68 89 94
0 69 99
0 70 98
0 71 110
0 72 96
0 73 102
0 74 107 110
0 75 91 93
0 76 109
0 77 94
0 78 99
0 79 105
0 80 105
0 81 95 104
0 82 100
0 83 92
0 84 108 98
0 85 108
0 86 107
0 87 108
0 88 89
1 8
1 11
1 1
1 3
1 12
1 7
1 2
1 0
1 14
1 5
1 4
1 10
1 9
1 13
1 6
0 15
0 16
0 17
0 18
0 19
0 20
0 21
