2
89 22
1 0 89
1 1 90 91
1 2 92
1 3 93
1 4 94
1 5 95
1 6 96
1 7 97 98
1 8 93
1 9 91
1 10 89
1 11 96
1 12 99 100
1 13 92
1 14 101
1 15 93 100
1 16 93
1 17 91
1 18 99
1 19 102
1 20 97
1 21 93 103
1 22 100
1 23 94
1 24 103
1 25 104
1 26 105
1 27 106
1 28 98
1 29 94 97
1 30 92
1 31 107 104
1 32 99
1 33 101
1 34 98
1 35 108
1 36 109
1 37 109
1 38 106
1 39 89 92
1 40 101
1 41 91
1 42 100
1 43 97
1 44 98
1 45 109 103
1 46 104
1 47 90
1 48 101 102
1 49 110
1 50 95
1 51 96 102
1 52 94
1 53 89 96
1 54 110 104
1 55 107
1 56 107
1 57 105
1 58 107
1 59 95 99
1 60 90
1 61 105 110
1 62 102
1 63 91 107
1 64 108
1 65 100
1 66 109
1 67 110
1 68 103
1 69 94
1 70 108
1 71 106 101
1 72 90
1 73 99
1 74 108 95
1 75 90
1 76 97
1 77 108 98
1 78 89
1 79 105
0 80 105 106
0 81 104
0 82 110
0 83 92 109
0 84 95
0 85 96
0 86 103
0 87 102
0 88 106
1 1
1 3
1 15
1 12
1 11
1 7
1 8
1 5
1 4
1 14
1 10
1 13
1 17
1 6
1 18
1 9
1 2
1 0
1 16
0 20
0 21
0 19
