2
89 22
1 0 89
1 1 90
1 2 91 92
1 3 93 94
1 4 95
1 5 96
1 6 89 95
1 7 94
1 8 96
1 9 94
1 10 97
1 11 94
1 12 98
1 13 92
1 14 99
1 15 99 100
1 16 101
1 17 102
1 18 103
1 19 97 104
1 20 102
1 21 105
1 22 105
1 23 106 104
1 24 107
1 25 108
1 26 109
1 27 106
1 28 89
1 29 92
1 30 89
1 31 100
1 32 101
1 33 107
1 34 98 102
1 35 106
1 36 101
1 37 98
1 38 110
1 39 99
1 40 93 96
1 41 95
1 42 108
1 43 99
1 44 94 110
1 45 108 109
1 46 91 103
1 47 110
1 48 98
1 49 97 98
1 50 105 96
1 51 104
1 52 106
1 53 90
1 54 107
1 55 93
1 56 110 95
1 57 107 99
1 58 102
1 59 104
1 60 108
1 61 101
1 62 100
1 63 92 102
1 64 105
1 65 109
1 66 93
1 67 109 101
1 68 96
1 69 90 107
1 70 95
0 71 91
0 72 97
0 73 92
0 74 103
0 75 103
0 76 100
0 77 109
0 78 104
0 79 105
0 80 110
0 81 89 103
0 82 97
0 83 91
0 84 91
0 85 108 100
0 86 90 106
0 87 93
0 88 90
1 1
1 8
1 11
1 15
1 10
1 13
1 12
1 2
1 4
1 5
1 6
1 16
1 0
1 14
1 7
1 3
1 9
0 18
0 17
0 19
0 20
0 21
