2
89 22
1 0 89
1 1 90
1 2 91
1 3 92
1 4 93
1 5 94 95
1 6 96
1 7 97
1 8 93 98
1 9 89
1 10 99
1 11 100
1 12 101 102
1 13 98
1 14 92
1 15 103
1 16 103 104
1 17 98
1 18 105
1 19 106 91
1 20 98
1 21 107 97
1 22 108 98
1 23 92 93
1 24 105
1 25 90 106
1 26 92
1 27 90 108
1 28 95
1 29 102 103
1 30 89
1 31 94
1 32 102
1 33 104
1 34 95
1 35 89 97
1 36 109
1 37 96
1 38 94
1 39 108
1 40 110
1 41 106
1 42 94
1 43 109
1 44 104
1 45 93
1 46 97
1 47 103
1 48 97
1 49 89 109
1 50 107
1 51 101
1 52 91 110
1 53 91
1 54 90
1 55 93
1 56 100
1 57 100
1 58 107
1 59 108
1 60 102
1 61 101
0 62 104
0 63 106
0 64 101
0 65 99
0 66 110
0 67 109
0 68 100 104
0 69 94 99
0 70 108
0 71 109 100
0 72 105 110
0 73 101
0 74 110
0 75 102
0 76 90
0 77 91
0 78 107
0 79 105 107
0 80 95
0 81 92 96
0 82 106
0 83 103
0 84 105
0 85 99
0 86 96 99
0 87 96
0 88 95
1 6
1 0
1 7
1 1
1 3
1 11
1 13
1 14
1 10
1 4
1 2
1 8
1 5
1 12
1 9
0 15
0 16
0 17
0 18
0 21
0 20
0 19
