2
89 22
1 0 89
1 1 90 91
1 2 92
1 3 89
1 4 93
1 5 94 95
1 6 96
1 7 97
1 8 98
1 9 92
1 10 99
1 11 89
1 12 97 100
1 13 93
1 14 100
1 15 91
1 16 101 102
1 17 103
1 18 103
1 19 93 104
1 20 94 103
1 21 99
1 22 98
1 23 105 99
1 24 97
1 25 104
1 26 106
1 27 89 107
1 28 108
1 29 95
1 30 91 98
1 31 108
1 32 106
1 33 94
1 34 95 104
1 35 109 110
1 36 92 98
1 37 110
1 38 90
1 39 107 99
1 40 109
1 41 90 110
1 42 93
1 43 94
1 44 90
1 45 106 101
1 46 107
1 47 91
1 48 106 97
1 49 101
1 50 90
1 51 106
1 52 101
1 53 109
1 54 102
1 55 95
1 56 103
1 57 107
1 58 96
1 59 93 96
1 60 102
1 61 107
0 62 96 102
0 63 96
0 64 102
0 65 110
0 66 109
0 67 105
0 68 100
0 69 94
0 70 110
0 71 108 103
0 72 99
0 73 104
0 74 109
0 75 105
0 76 91
0 77 105
0 78 104
0 79 97
0 80 89 92
0 81 92
0 82 101
0 83 108
0 84 105 108
0 85 100
0 86 100
0 87 98
0 88 95
1 9
1 5
1 11
1 13
1 14
1 0
1 2
1 4
1 1
1 12
1 3
1 6
1 7
1 10
1 8
0 15
0 16
0 18
0 17
0 21
0 19
0 20
