2
89 22
1 0 89
1 1 90
1 2 91
1 3 89
1 4 92
1 5 93
1 6 94
1 7 93
1 8 95
1 9 96
1 10 97
1 11 98
1 12 99
1 13 91
1 14 100 101
1 15 94
1 16 102
1 17 95
1 18 95 103
1 19 102
1 20 104
1 21 104
1 22 103
1 23 105 106
1 24 98
1 25 90 107
1 26 108 109
1 27 94 99
1 28 99
1 29 99
1 30 107
1 31 104
1 32 93 96
1 33 95 97
1 34 110
1 35 105
1 36 92 99
1 37 110 97
1 38 107
1 39 89 98
1 40 94 101
1 41 108 110
1 42 105
1 43 106
1 44 95
1 45 108
1 46 91
1 47 108
1 48 89 102
1 49 110
1 50 109
1 51 100
1 52 109
1 53 104
1 54 106
1 55 92
1 56 100
1 57 109
1 58 96
1 59 107
1 60 98 103
1 61 96 104
1 62 90 102
1 63 106
1 64 89
1 65 106 92
1 66 101
1 67 103
1 68 90
1 69 100
1 70 97
1 71 103
1 72 101
1 73 97
1 74 105
1 75 91 100
1 76 101
1 77 90
1 78 91 93
1 79 102
0 80 105 107
0 81 96
0 82 93
0 83 98
0 84 109
0 85 94
0 86 92
0 87 110
0 88 108
1 13
1 3
1 11
1 2
1 1
1 8
1 14
1 16
1 15
1 9
1 17
1 6
1 7
1 18
1 12
1 4
1 0
1 10
1 5
0 20
0 21
0 19
