2
89 22
1 0 89
1 1 90
1 2 91 92
1 3 93
1 4 92
1 5 94
1 6 91
1 7 94
1 8 94 95
1 9 96
1 10 97
1 11 98
1 12 99
1 13 100
1 14 97
1 15 94
1 16 98
1 17 101
1 18 89
1 19 101 102
1 20 103
1 21 89 104
1 22 105 106
1 23 96 102
1 24 97 98
1 25 107
1 26 91
1 27 108
1 28 105
1 29 89 100
1 30 99
1 31 105
1 32 93
1 33 108
1 34 92
1 35 93
1 36 107 109
1 37 90 92
1 38 98
1 39 106
1 40 90
1 41 99
1 42 90
1 43 109
1 44 108
1 45 110 97
1 46 93 100
1 47 89
1 48 95
1 49 104
1 50 110
1 51 101
1 52 107
1 53 101
1 54 102
1 55 102
1 56 108 104
1 57 104
1 58 106
1 59 109
1 60 96
1 61 107
1 62 105
1 63 92
1 64 100
1 65 110
1 66 102
1 67 103
1 68 110
1 69 106
1 70 103
0 71 93 103
0 72 108
0 73 95 98
0 74 91
0 75 94 99
0 76 95
0 77 105 101
0 78 90 99
0 79 109
0 80 95
0 81 96
0 82 96
0 83 104
0 84 100
0 85 107 103
0 86 91 109
0 87 106 110
0 88 97
1 12
1 15
1 4
1 5
1 13
1 8
1 2
1 7
1 1
1 3
1 0
1 14
1 9
1 11
1 16
1 10
1 6
0 18
0 17
0 19
0 20
0 21
