2
89 22
1 0 89
1 1 90
1 2 91
1 3 92 93
1 4 89 94
1 5 95
1 6 96
1 7 97 98
1 8 99
1 9 97
1 10 100
1 11 101
1 12 102 103
1 13 101
1 14 104
1 15 105
1 16 106 92
1 17 93
1 18 107 97
1 19 99
1 20 100
1 21 105
1 22 108
1 23 105 93
1 24 97
1 25 94
1 26 91 101
1 27 109 104
1 28 99
1 29 98
1 30 91
1 31 94 110
1 32 96
1 33 107
1 34 106 109
1 35 98
1 36 104
1 37 104
1 38 108
1 39 95
1 40 103 104
1 41 108 99
1 42 109
1 43 102
1 44 109
1 45 103
1 46 90
1 47 96 102
1 48 100
1 49 103
1 50 89
1 51 101
1 52 92
1 53 106
1 54 92
1 55 91 98
1 56 100 101
1 57 90 108
1 58 110
1 59 92
1 60 98
1 61 109
0 62 89
0 63 97
0 64 105
0 65 102
0 66 94
0 67 94
0 68 91
0 69 110
0 70 93
0 71 105
0 72 95
0 73 93
0 74 102
0 75 107 99
0 76 95
0 77 90 96
0 78 106
0 79 110 100
0 80 96
0 81 90
0 82 107
0 83 107
0 84 89 95
0 85 106
0 86 103
0 87 108
0 88 110
1 13
1 4
1 6
1 3
1 9
1 14
1 2
1 12
1 1
1 10
1 7
1 8
1 0
1 5
1 11
0 15
0 16
0 18
0 17
0 20
0 19
0 21
