2
89 22
1 0 89
1 1 90
1 2 89
1 3 91 92
1 4 93
1 5 93
1 6 90 94
1 7 91
1 8 95 96
1 9 97
1 10 98
1 11 99
1 12 100
1 13 101
1 14 95
1 15 102
1 16 103
1 17 89
1 18 100
1 19 93
1 20 96
1 21 104
1 22 94
1 23 90
1 24 94
1 25 105
1 26 106
1 27 105
1 28 107
1 29 108 100
1 30 104
1 31 95
1 32 109
1 33 105 100
1 34 90
1 35 102
1 36 108 97
1 37 110 98
1 38 93 98
1 39 99
1 40 102 104
1 41 108
1 42 101
1 43 92
1 44 110
1 45 106 109
1 46 89
1 47 94
1 48 107 92
1 49 108
1 50 110
1 51 100
1 52 92
1 53 96
1 54 109
1 55 96
1 56 103
1 57 97
1 58 91 94
1 59 103
1 60 97 101
1 61 107 102
0 62 105 96
0 63 97
0 64 110 99
0 65 107
0 66 89 101
0 67 90 103
0 68 103
0 69 107
0 70 95
0 71 98
0 72 95 99
0 73 109 93
0 74 109
0 75 106 104
0 76 108
0 77 99
0 78 91
0 79 106
0 80 110
0 81 106
0 82 101
0 83 98
0 84 92
0 85 102
0 86 91
0 87 104
0 88 105
1 14
1 6
1 2
1 5
1 3
1 4
1 0
1 13
1 8
1 7
1 11
1 9
1 10
1 12
1 1
0 16
0 15
0 18
0 17
0 21
0 19
0 20
