2
89 22
1 0 89
1 1 90
1 2 90 91
1 3 92
1 4 93
1 5 94
1 6 91
1 7 95
1 8 89
1 9 96
1 10 95 97
1 11 94
1 12 98
1 13 99
1 14 100
1 15 91 101
1 16 94 100
1 17 102
1 18 103
1 19 93
1 20 97
1 21 92 104
1 22 101
1 23 98
1 24 100
1 25 104
1 26 96 97
1 27 105
1 28 97
1 29 91
1 30 106 102
1 31 98 99
1 32 103
1 33 107 99
1 34 95
1 35 98
1 36 95
1 37 108
1 38 101
1 39 99
1 40 109
1 41 92
1 42 92 109
1 43 110
1 44 108 98
1 45 105
1 46 106
1 47 102
1 48 108
1 49 106
1 50 92
1 51 109
1 52 97
1 53 105 89
1 54 102
1 55 110 102
1 56 89
1 57 95 103
1 58 100
1 59 110
1 60 93
1 61 108
1 62 96
1 63 107
1 64 110
1 65 107 103
1 66 101
1 67 96 104
1 68 108
1 69 91
1 70 106
0 71 104
0 72 93 101
0 73 105
0 74 96
0 75 90
0 76 109 110
0 77 99
0 78 93
0 79 103
0 80 105 100
0 81 89 90
0 82 94
0 83 107
0 84 104
0 85 109
0 86 90
0 87 106 94
0 88 107
1 14
1 1
1 4
1 6
1 2
1 5
1 8
1 11
1 0
1 16
1 13
1 12
1 3
1 10
1 7
1 15
1 9
0 18
0 17
0 19
0 21
0 20
