2
89 22
1 0 89
1 1 90
1 2 91 92
1 3 93 94
1 4 95
1 5 96
1 6 97
1 7 98
1 8 99
1 9 100
1 10 100
1 11 101
1 12 93
1 13 102
1 14 103
1 15 104
1 16 97 100
1 17 105
1 18 99
1 19 102
1 20 95
1 21 100
1 22 104
1 23 106
1 24 91 96
1 25 94
1 26 107
1 27 92
1 28 98
1 29 93
1 30 105
1 31 108
1 32 98
1 33 94
1 34 95 101
1 35 105 98
1 36 109
1 37 98 100
1 38 107
1 39 99 103
1 40 102
1 41 109
1 42 96
1 43 109 110
1 44 108 95
1 45 110
1 46 105 102
1 47 108
1 48 92
1 49 108 109
1 50 103
1 51 101
1 52 110
1 53 101
1 54 97
1 55 106 96
1 56 89
1 57 107
1 58 106
1 59 89 107
1 60 104
1 61 107
0 62 97
0 63 91
0 64 94
0 65 91
0 66 106 101
0 67 108
0 68 90
0 69 103
0 70 89
0 71 102 104
0 72 92
0 73 105
0 74 89 90
0 75 110 97
0 76 90
0 77 94 104
0 78 95
0 79 103
0 80 96
0 81 90 93
0 82 109
0 83 106
0 84 92 99
0 85 93
0 86 110
0 87 99
0 88 91
1 14
1 5
1 0
1 4
1 1
1 2
1 3
1 13
1 12
1 7
1 6
1 11
1 8
1 9
1 10
0 16
0 15
0 17
0 18
0 20
0 21
0 19
