2
89 22
1 0 89
1 1 90
1 2 91
1 3 92
1 4 93
1 5 89 94
1 6 95
1 7 96
1 8 97
1 9 97
1 10 98
1 11 99 100
1 12 99
1 13 93
1 14 97
1 15 92 100
1 16 101
1 17 102
1 18 92
1 19 94
1 20 101
1 21 102 103
1 22 104
1 23 105
1 24 101
1 25 100
1 26 90
1 27 103
1 28 91
1 29 106
1 30 94
1 31 96 101
1 32 102
1 33 90
1 34 99
1 35 94 98
1 36 93
1 37 91 107
1 38 102
1 39 98
1 40 104
1 41 93 95
1 42 105
1 43 105 106
1 44 108 103
1 45 108
1 46 96
1 47 95 101
1 48 109
1 49 99
1 50 110
1 51 89
1 52 89 93
1 53 106
1 54 104
1 55 96
1 56 107
1 57 92 109
1 58 103
1 59 98 99
1 60 108
1 61 107
1 62 107
1 63 110
1 64 107 104
1 65 105 91
1 66 110
1 67 91
1 68 90 108
1 69 95
1 70 95
0 71 109
0 72 103
0 73 100
0 74 94
0 75 106 110
0 76 108
0 77 100
0 78 102 104
0 79 89
0 80 109
0 81 110 97
0 82 90 96
0 83 98
0 84 106
0 85 109
0 86 97
0 87 105
0 88 92
1 15
1 10
1 7
1 8
1 3
1 11
1 9
1 5
1 0
1 1
1 6
1 16
1 14
1 12
1 4
1 2
1 13
0 17
0 18
0 21
0 20
0 19
