2
89 22
1 0 89
1 1 90
1 2 91
1 3 91 92
1 4 93
1 5 94
1 6 95
1 7 94
1 8 96
1 9 97
1 10 98
1 11 99
1 12 100
1 13 101
1 14 91
1 15 101
1 16 102
1 17 101
1 18 93
1 19 98
1 20 92
1 21 98
1 22 103
1 23 93 98
1 24 104
1 25 105 94
1 26 93
1 27 97 103
1 28 106
1 29 107 108
1 30 92
1 31 100
1 32 99
1 33 108
1 34 105
1 35 90
1 36 92
1 37 107
1 38 109
1 39 97
1 40 91
1 41 89 109
1 42 98 100
1 43 104
1 44 91 96
1 45 110
1 46 106
1 47 97 100
1 48 95 99
1 49 100
1 50 101
1 51 102
1 52 96
1 53 107
1 54 103
1 55 95
1 56 89
1 57 105 110
1 58 108 103
1 59 94
1 60 99
1 61 89
0 62 110
0 63 103
0 64 104
0 65 110 95
0 66 94
0 67 102
0 68 108
0 69 106 93
0 70 108
0 71 96
0 72 97
0 73 109 104
0 74 89 102
0 75 90 104
0 76 106
0 77 109
0 78 109
0 79 107 92
0 80 90 101
0 81 106 102
0 82 96 99
0 83 90
0 84 95
0 85 110
0 86 105
0 87 105
0 88 107
1 14
1 5
1 13
1 11
1 7
1 1
1 3
1 8
1 4
1 6
1 12
1 9
1 0
1 10
1 2
0 16
0 15
0 17
0 18
0 21
0 19
0 20
