2
89 22
1 0 89
1 1 90
1 2 91
1 3 92
1 4 91 93
1 5 94
1 6 95
1 7 96 97
1 8 98
1 9 93
1 10 89
1 11 99 100
1 12 96
1 13 99 101
1 14 94
1 15 102
1 16 103
1 17 100
1 18 104
1 19 105
1 20 106 97
1 21 103
1 22 94
1 23 90 102
1 24 105
1 25 90
1 26 106 93
1 27 107
1 28 104
1 29 94
1 30 108
1 31 99
1 32 89 96
1 33 92
1 34 105 91
1 35 96
1 36 105 95
1 37 98
1 38 109 104
1 39 106
1 40 90 108
1 41 95
1 42 99
1 43 89
1 44 108 98
1 45 93
1 46 110
1 47 100
1 48 109
1 49 107
1 50 95
1 51 98
1 52 101
1 53 107
1 54 92 102
1 55 110 98
1 56 101 103
1 57 102
1 58 96
1 59 107 110
1 60 91
1 61 99
1 62 93
1 63 101
1 64 109
1 65 104
1 66 94 103
1 67 103
1 68 108
1 69 92
1 70 110
0 71 106
0 72 97
0 73 100
0 74 105
0 75 92 95
0 76 97
0 77 107 109
0 78 104
0 79 106
0 80 109
0 81 101
0 82 97
0 83 108
0 84 110
0 85 89 100
0 86 91
0 87 102
0 88 90
1 6
1 5
1 0
1 1
1 14
1 12
1 13
1 10
1 15
1 4
1 2
1 9
1 7
1 16
1 8
1 3
1 11
0 17
0 18
0 19
0 21
0 20
