2
89 22
1 0 89
1 1 90
1 2 91 92
1 3 93
1 4 94
1 5 95 96
1 6 97
1 7 98
1 8 99 100
1 9 94
1 10 101
1 11 102
1 12 103
1 13 103
1 14 95 102
1 15 104
1 16 105 93
1 17 92
1 18 106 107
1 19 98 100
1 20 108
1 21 90 102
1 22 98
1 23 105
1 24 99
1 25 106 109
1 26 97
1 27 107
1 28 93
1 29 95
1 30 108
1 31 110
1 32 110 104
1 33 94
1 34 91 104
1 35 89 103
1 36 100
1 37 104
1 38 102
1 39 108 94
1 40 105
1 41 89 97
1 42 108 97
1 43 110
1 44 110
1 45 90
1 46 98
1 47 109
1 48 101
1 49 104
1 50 92
1 51 90 103
1 52 105
1 53 96
1 54 102
1 55 99
1 56 110 96
1 57 107 94
1 58 96
1 59 100
1 60 106
1 61 108
1 62 109
1 63 89
1 64 109
1 65 105 99
1 66 106
1 67 107
1 68 96
1 69 106
1 70 92 101
0 71 97
0 72 91
0 73 91
0 74 101
0 75 92
0 76 101
0 77 103
0 78 98
0 79 93
0 80 89
0 81 100
0 82 93 109
0 83 90
0 84 95
0 85 95
0 86 91
0 87 107
0 88 99
1 8
1 9
1 3
1 5
1 4
1 0
1 6
1 11
1 12
1 14
1 13
1 15
1 2
1 16
1 10
1 1
1 7
0 17
0 18
0 19
0 21
0 20
