2
89 22
1 0 89
1 1 90
1 2 91
1 3 91 92
1 4 93
1 5 94
1 6 90 95
1 7 89
1 8 90
1 9 96
1 10 97
1 11 94 98
1 12 95
1 13 99
1 14 99
1 15 90 100
1 16 96
1 17 94
1 18 101
1 19 102 103
1 20 104
1 21 94
1 22 105
1 23 103
1 24 89 106
1 25 95
1 26 98
1 27 92 98
1 28 98
1 29 104
1 30 105
1 31 101
1 32 97
1 33 93 99
1 34 102
1 35 107 102
1 36 108
1 37 107 94
1 38 102
1 39 91
1 40 107
1 41 109
1 42 100
1 43 93
1 44 108
1 45 110 96
1 46 95 99
1 47 97
1 48 102
1 49 91
1 50 96 104
1 51 96
1 52 92
1 53 93 101
1 54 100
1 55 89
1 56 108
1 57 92
1 58 90
1 59 98
1 60 106
1 61 106
0 62 97
0 63 93
0 64 100
0 65 107
0 66 91 109
0 67 104
0 68 105 108
0 69 108 100
0 70 101
0 71 109
0 72 110
0 73 92
0 74 106
0 75 109
0 76 110
0 77 110 97
0 78 106 104
0 79 89 101
0 80 109
0 81 103
0 82 103
0 83 95
0 84 105 103
0 85 105
0 86 110
0 87 99
0 88 107
1 6
1 13
1 0
1 10
1 8
1 11
1 5
1 4
1 9
1 12
1 7
1 1
1 14
1 2
1 3
0 16
0 15
0 17
0 18
0 19
0 20
0 21
