2
89 22
1 0 89
1 1 90
1 2 91 92
1 3 93 94
1 4 95
1 5 96
1 6 94
1 7 97
1 8 98
1 9 99
1 10 90
1 11 100
1 12 99
1 13 96 101
1 14 102
1 15 89
1 16 91 97
1 17 94
1 18 100
1 19 103
1 20 98
1 21 104
1 22 105
1 23 106 98
1 24 94
1 25 107
1 26 108
1 27 92
1 28 91
1 29 92
1 30 97
1 31 109
1 32 107 93
1 33 103
1 34 110 99
1 35 94
1 36 93
1 37 106
1 38 110 103
1 39 109
1 40 100
1 41 96
1 42 109 95
1 43 89
1 44 101
1 45 89 105
1 46 108
1 47 90 102
1 48 99
1 49 101
1 50 102
1 51 90
1 52 106
1 53 95
1 54 95 98
1 55 105 108
1 56 100 104
1 57 106 107
1 58 108
1 59 93
1 60 90 97
1 61 107
1 62 96
1 63 110
1 64 104
1 65 92 104
1 66 107
1 67 103
1 68 98
1 69 93
1 70 109 99
0 71 91
0 72 91
0 73 110
0 74 101
0 75 105
0 76 97
0 77 106
0 78 109
0 79 108 102
0 80 100
0 81 92
0 82 105
0 83 110
0 84 95
0 85 96 103
0 86 104
0 87 102
0 88 89 101
1 6
1 2
1 8
1 15
1 0
1 14
1 1
1 13
1 7
1 12
1 5
1 9
1 3
1 10
1 16
1 4
1 11
0 18
0 17
0 21
0 19
0 20
