2
89 22
1 0 89
1 1 90
1 2 91
1 3 91 92
1 4 93
1 5 94 95
1 6 92
1 7 96 97
1 8 98
1 9 99
1 10 100
1 11 99
1 12 91
1 13 101 102
1 14 103 104
1 15 105
1 16 104
1 17 105
1 18 103
1 19 103
1 20 93 99
1 21 103
1 22 101
1 23 105 106
1 24 98
1 25 96
1 26 101
1 27 93
1 28 102
1 29 107
1 30 108
1 31 102
1 32 97
1 33 93
1 34 96
1 35 90
1 36 109 101
1 37 106
1 38 92
1 39 108
1 40 101
1 41 107
1 42 102
1 43 110
1 44 96
1 45 90
1 46 110
1 47 109
1 48 94
1 49 106
1 50 109
1 51 98
1 52 89 100
1 53 94
1 54 89 107
1 55 105 107
1 56 100
1 57 89
1 58 104
1 59 94 103
1 60 110
1 61 104
0 62 99
0 63 108
0 64 105
0 65 91
0 66 108 99
0 67 95
0 68 97
0 69 106
0 70 110
0 71 94
0 72 110 97
0 73 109
0 74 100
0 75 91 104
0 76 95 98
0 77 90 100
0 78 97
0 79 95
0 80 106 92
0 81 90 108
0 82 89
0 83 92
0 84 109 96
0 85 93
0 86 98 102
0 87 95
0 88 107
1 10
1 6
1 0
1 13
1 11
1 4
1 7
1 1
1 5
1 3
1 12
1 14
1 8
1 9
1 2
0 15
0 16
0 18
0 17
0 19
0 21
0 20
