2
89 22
1 0 89
1 1 90 91
1 2 92
1 3 93 94
1 4 93
1 5 95
1 6 96
1 7 97
1 8 95
1 9 95 98
1 10 99
1 11 93
1 12 100
1 13 101
1 14 100 102
1 15 92
1 16 103
1 17 104
1 18 105 91
1 19 105
1 20 89
1 21 90
1 22 100
1 23 106 96
1 24 107
1 25 97
1 26 104
1 27 102
1 28 107
1 29 108
1 30 91
1 31 94
1 32 107
1 33 103
1 34 99
1 35 96
1 36 101
1 37 95
1 38 107 109
1 39 103
1 40 89 95
1 41 104
1 42 96 97
1 43 94
1 44 108
1 45 106
1 46 106
1 47 109
1 48 98
1 49 89 90
1 50 101
1 51 94 110
1 52 102
1 53 92
1 54 91
1 55 90
1 56 96
1 57 98
1 58 92 98
1 59 105
1 60 108
1 61 109
1 62 99
1 63 93
1 64 110
1 65 94
1 66 101 104
1 67 110
1 68 105
1 69 91
1 70 105 107
1 71 98
1 72 97
1 73 92 108
1 74 93 103
1 75 104
1 76 110
1 77 90
1 78 102
1 79 99 103
0 80 109 110
0 81 108
0 82 106 99
0 83 89
0 84 106
0 85 100
0 86 109
0 87 97 100
0 88 101 102
1 11
1 4
1 17
1 3
1 9
1 10
1 7
1 0
1 15
1 14
1 8
1 1
1 12
1 18
1 2
1 16
1 13
1 5
1 6
0 20
0 19
0 21
