2
89 22
1 0 89
1 1 90
1 2 91
1 3 90 92
1 4 90
1 5 91 93
1 6 94 95
1 7 96 97
1 8 98
1 9 93
1 10 96
1 11 99
1 12 94
1 13 100
1 14 99
1 15 101 102
1 16 97
1 17 100
1 18 90 98
1 19 102
1 20 103
1 21 102
1 22 97 100
1 23 89
1 24 104
1 25 105 103
1 26 106 93
1 27 91
1 28 107
1 29 103
1 30 108
1 31 99
1 32 97
1 33 96
1 34 98
1 35 101
1 36 109
1 37 108
1 38 93
1 39 105
1 40 91 110
1 41 107 109
1 42 105
1 43 110
1 44 92 104
1 45 94
1 46 100
1 47 100
1 48 106
1 49 105 89
1 50 102
1 51 104
1 52 101 104
1 53 109 110
1 54 106
1 55 105
1 56 107
1 57 107 103
1 58 101
1 59 91
1 60 95 99
1 61 96 98
1 62 92
1 63 110
1 64 101
1 65 92
1 66 94
1 67 106
1 68 94 102
1 69 93
1 70 106
0 71 92
0 72 110
0 73 107
0 74 90
0 75 108 99
0 76 98
0 77 89 108
0 78 104
0 79 109
0 80 89
0 81 108
0 82 95
0 83 97
0 84 103
0 85 96
0 86 109
0 87 95
0 88 95
1 8
1 16
1 5
1 1
1 9
1 12
1 14
1 10
1 15
1 11
1 13
1 6
1 3
1 4
1 0
1 7
1 2
0 18
0 17
0 19
0 20
0 21
