2
89 22
1 0 89
1 1 90
1 2 91
1 3 92
1 4 93
1 5 94
1 6 95
1 7 96
1 8 90 94
1 9 97
1 10 97
1 11 98 99
1 12 100
1 13 89 101
1 14 90 93
1 15 96
1 16 101
1 17 101
1 18 99
1 19 102 103
1 20 102
1 21 89
1 22 91
1 23 93
1 24 95 98
1 25 97
1 26 105 104
1 27 106
1 28 107
1 29 92 95
1 30 107 96
1 31 108
1 32 106
1 33 105
1 34 109
1 35 94
1 36 100
1 37 99
1 38 107 108
1 39 93
1 40 108 97
1 41 105 106
1 42 105
1 43 92 96
1 44 103
1 45 101 102
1 46 108
1 47 89 100
1 48 89
1 49 105
1 50 106
1 51 107
1 52 110
1 53 99
1 54 98
1 55 104
1 56 98
1 57 93
1 58 94 104
1 59 107
1 60 95
1 61 90
1 62 109
1 63 104
1 64 98
1 65 109
1 66 95
1 67 92
1 68 94
1 69 92
1 70 91 100
1 71 109 103
1 72 110
1 73 102
1 74 101
1 75 106 110
1 76 100
1 77 96
1 78 110
1 79 91
0 80 104
0 81 103
0 82 109 97
0 83 99
0 84 90
0 85 103
0 86 91 110
0 87 102
0 88 108
1 12
1 17
1 18
1 7
1 4
1 13
1 3
1 8
1 11
1 9
1 16
1 2
1 6
1 10
1 14
1 1
1 15
1 0
1 5
0 20
0 21
0 19
