2
89 22
1 0 89
1 1 90
1 2 91
1 3 92 93
1 4 89 94
1 5 95
1 6 96
1 7 97 98
1 8 99
1 9 97
1 10 100
1 11 101
1 12 102 103
1 13 101
1 14 104
1 15 105
1 16 106 92
1 17 93
1 18 107 97
1 19 99
1 20 100
1 21 105
1 22 108
1 23 105 93
1 24 97
1 25 94
1 26 91 101
1 27 109 104
1 28 99
1 29 98
1 30 91
1 31 94 110
1 32 96
1 33 107
1 34 106 109
1 35 98
1 36 104
1 37 104
1 38 108
1 39 95
1 40 103 104
1 41 108 99
1 42 109
1 43 102
1 44 109
1 45 103
1 46 90
1 47 96 102
1 48 100
1 49 103
1 50 89
1 51 101
1 52 92
1 53 106
1 54 92
1 55 91 98
1 56 100 101
1 57 90 108
1 58 110
1 59 92
1 60 98
1 61 109
1 62 89
1 63 97
1 64 105
1 65 102
1 66 94
1 67 94
1 68 91
1 69 110
1 70 93
1 71 105
1 72 95
1 73 93
1 74 102
1 75 107 99
1 76 95
1 77 90 96
1 78 106
1 79 110 100
0 80 96
0 81 90
0 82 107
0 83 107
0 84 89 95
0 85 106
0 86 103
0 87 108
0 88 110
1 17
1 5
1 8
1 4
1 12
1 18
1 2
1 15
1 1
1 13
1 9
1 10
1 0
1 7
1 14
1 11
1 16
1 6
1 3
0 20
0 19
0 21
