2
89 22
1 0 89 90
1 1 91
1 2 91 92
1 3 93
1 4 94 95
1 5 92
1 6 94 96
1 7 96 97
1 8 91
1 9 98
1 10 99
1 11 100
1 12 101
1 13 102
1 14 103
1 15 104
1 16 103
1 17 97
1 18 99 103
1 19 105
1 20 91 98
1 21 106
1 22 90
1 23 107
1 24 106
1 25 92
1 26 95 100
1 27 98
1 28 100
1 29 108 104
1 30 102
1 31 93
1 32 101
1 33 89 93
1 34 91
1 35 106 93
1 36 97
1 37 102 103
1 38 108
1 39 109
1 40 100 104
1 41 109 101
1 42 103
1 43 108
1 44 98
1 45 98 99
1 46 110
1 47 89
1 48 95
1 49 92
1 50 105 102
1 51 110
1 52 99
1 53 104
1 54 97
1 55 105
1 56 110
1 57 89
1 58 100
1 59 90
1 60 108
1 61 107 110
0 62 107
0 63 109
0 64 109
0 65 90 101
0 66 106
0 67 96
0 68 96
0 69 110
0 70 99
0 71 106 108
0 72 93
0 73 90
0 74 96
0 75 94
0 76 97
0 77 89
0 78 104
0 79 95
0 80 105
0 81 101
0 82 95
0 83 92 109
0 84 94
0 85 102
0 86 107
0 87 105 107
0 88 94
1 0
1 8
1 12
1 13
1 10
1 5
1 14
1 9
1 3
1 6
1 11
1 4
1 7
1 1
1 2
0 16
0 15
0 17
0 18
0 19
0 21
0 20
