2
89 22
1 0 89
1 1 90
1 2 91
1 3 92 93
1 4 94
1 5 90
1 6 95 96
1 7 94
1 8 97
1 9 91
1 10 98
1 11 98
1 12 90 99
1 13 89 100
1 14 96
1 15 101
1 16 102 103
1 17 104
1 18 101 104
1 19 101
1 20 95
1 21 89
1 22 99
1 23 104
1 24 105
1 25 95
1 26 106 95
1 27 100
1 28 107
1 29 91
1 30 107
1 31 90
1 32 108
1 33 99
1 34 108
1 35 105
1 36 100
1 37 105 107
1 38 100
1 39 99
1 40 98
1 41 91 109
1 42 108 100
1 43 109
1 44 103
1 45 90 98
1 46 106
1 47 93
1 48 96
1 49 92 110
1 50 96
1 51 102
1 52 92
1 53 95
1 54 107
1 55 107 94
1 56 94
1 57 93
1 58 104
1 59 108
1 60 97
1 61 106 93
1 62 110
1 63 106
1 64 96 102
1 65 103
1 66 93
1 67 106
1 68 97 101
1 69 109 103
1 70 110
1 71 109
1 72 110
1 73 89
1 74 103
1 75 97
1 76 108
1 77 92
1 78 98
1 79 105 104
0 80 102
0 81 92
0 82 110 97
0 83 101
0 84 102
0 85 94 99
0 86 89 91
0 87 105
0 88 109
1 16
1 4
1 7
1 6
1 11
1 8
1 12
1 14
1 17
1 15
1 1
1 18
1 3
1 10
1 13
1 9
1 0
1 5
1 2
0 20
0 21
0 19
