2
89 22
1 0 89 90
1 1 91
1 2 90
1 3 92 93
1 4 94
1 5 95
1 6 96
1 7 97
1 8 98
1 9 91
1 10 99
1 11 90
1 12 100
1 13 101
1 14 102
1 15 100 103
1 16 104
1 17 89
1 18 105
1 19 97
1 20 106
1 21 96
1 22 98 101
1 23 106
1 24 105
1 25 98
1 26 89
1 27 94
1 28 105 107
1 29 108 96
1 30 95
1 31 109
1 32 94 103
1 33 107
1 34 104
1 35 100
1 36 107
1 37 92
1 38 91
1 39 96
1 40 110
1 41 92
1 42 93
1 43 95
1 44 93 104
1 45 102
1 46 92
1 47 89
1 48 95 99
1 49 104
1 50 109
1 51 96 99
1 52 101
1 53 93
1 54 110 102
1 55 94
1 56 97
1 57 90
1 58 89 91
1 59 109
1 60 101
1 61 108
1 62 106 108
1 63 108
1 64 91 97
1 65 107
1 66 105
1 67 94
1 68 101 102
1 69 105 106
1 70 103
0 71 98 104
0 72 93
0 73 107
0 74 103
0 75 108
0 76 102
0 77 100
0 78 103
0 79 98
0 80 99
0 81 90 100
0 82 92 109
0 83 110
0 84 109 95
0 85 99
0 86 106
0 87 110
0 88 110 97
1 2
1 10
1 13
1 8
1 9
1 14
1 11
1 3
1 7
1 15
1 5
1 4
1 0
1 12
1 6
1 16
1 1
0 18
0 17
0 19
0 21
0 20
