2
185 46
1 0 185
1 1 186
1 2 187
1 3 188 189
1 4 189 190
1 5 191
1 6 192
1 7 193
1 8 194 195
1 9 185
1 10 189
1 11 196
1 12 195
1 13 197
1 14 198 199
1 15 200
1 16 194
1 17 190
1 18 194
1 19 201 202
1 20 203 199
1 21 204 196
1 22 186
1 23 205
1 24 201
1 25 206 196
1 26 203
1 27 207
1 28 199
1 29 208
1 30 209
1 31 207 198
1 32 193
1 33 198
1 34 210
1 35 211
1 36 212 200
1 37 194
1 38 213 200
1 39 207
1 40 214
1 41 215
1 42 203 192
1 43 202 216
1 44 216
1 45 217 213
1 46 192
1 47 218 205
1 48 202
1 49 219
1 50 220
1 51 221
1 52 189
1 53 222
1 54 223
1 55 214
1 56 187
1 57 224
1 58 219
1 59 224
1 60 201
1 61 200
1 62 217
1 63 225
1 64 202
1 65 213
1 66 186 220
1 67 216
1 68 207 223
1 69 203
1 70 186
1 71 208
1 72 204
1 73 221
1 74 220
1 75 221
1 76 190
1 77 191
1 78 216
1 79 187 226
1 80 187 206
1 81 218
1 82 205 221
1 83 192
1 84 218
1 85 213
1 86 197 214
1 87 204
1 88 211
1 89 205
1 90 186 195
1 91 192 225
1 92 226
1 93 219
1 94 221 227
1 95 198
1 96 189
1 97 185
1 98 228
1 99 197
1 100 201
1 101 210
1 102 193 226
1 103 219 210
1 104 210
1 105 188 227
1 106 220
1 107 199
1 108 229
1 109 209
1 110 223
1 111 229
1 112 193 212
1 113 224 228
1 114 208 230
1 115 217
1 116 227
1 117 217 191
1 118 211
1 119 205
1 120 208 215
1 121 209
1 122 211
1 123 225
1 124 193
1 125 188
1 126 222
1 127 212
1 128 191
0 129 214
0 130 215
0 131 204
0 132 188
0 133 201 194
0 134 185 225
0 135 211 230
0 136 225
0 137 229 214
0 138 222 223
0 139 226
0 140 229
0 141 208
0 142 224
0 143 195
0 144 227
0 145 230
0 146 203
0 147 197
0 148 198
0 149 230
0 150 230
0 151 215
0 152 185
0 153 218
0 154 213
0 155 222
0 156 222 190
0 157 199
0 158 228
0 159 217
0 160 187
0 161 209 197
0 162 196
0 163 188
0 164 220 224
0 165 219 204
0 166 196
0 167 228
0 168 202
0 169 191 216
0 170 226
0 171 195
0 172 190
0 173 223
0 174 207
0 175 206
0 176 206
0 177 228 215
0 178 200
0 179 227
0 180 212
0 181 218 209
0 182 212
0 183 206
0 184 210 229
1 20
1 6
1 12
1 11
1 13
1 15
1 22
1 16
1 28
1 26
1 31
1 3
1 21
1 2
1 23
1 29
1 8
1 17
1 4
1 24
1 10
1 19
1 1
1 25
1 7
1 5
1 27
1 30
1 0
1 9
1 14
1 18
0 33
0 35
0 34
0 32
0 40
0 36
0 37
0 39
0 38
0 44
0 42
0 43
0 45
0 41
