2
185 46
1 0 185
1 1 186
1 2 187
1 3 188
1 4 189
1 5 190
1 6 186 191
1 7 192 193
1 8 194
1 9 195 196
1 10 197 198
1 11 186
1 12 190 199
1 13 200
1 14 201
1 15 202
1 16 199
1 17 203
1 18 189 200
1 19 204
1 20 205
1 21 206 207
1 22 206 198
1 23 208
1 24 209
1 25 210
1 26 211
1 27 203
1 28 202 208
1 29 186 188
1 30 196
1 31 212
1 32 213
1 33 210
1 34 200
1 35 199
1 36 190
1 37 190 213
1 38 214
1 39 210 215
1 40 207
1 41 185 216
1 42 217
1 43 218
1 44 219
1 45 220 221
1 46 202
1 47 219
1 48 197
1 49 207
1 50 209
1 51 222 197
1 52 185
1 53 223 224
1 54 191
1 55 204
1 56 192
1 57 225
1 58 209 226
1 59 227
1 60 204 209
1 61 212
1 62 218
1 63 194
1 64 225
1 65 225 228
1 66 221
1 67 203
1 68 195
1 69 211
1 70 191
1 71 229
1 72 222 212
1 73 193
1 74 221 216
1 75 193
1 76 225 194
1 77 211 230
1 78 224
1 79 227
1 80 217 220
1 81 214
1 82 206
1 83 225
1 84 202
1 85 209
1 86 192
1 87 201
1 88 193
1 89 221
1 90 226 200
1 91 207 210
1 92 203 230
1 93 217
1 94 204
1 95 226
1 96 223
1 97 222
1 98 229
1 99 230
1 100 220
1 101 216
1 102 222
1 103 193 214
1 104 196
1 105 197
1 106 188
1 107 220
1 108 205
1 109 223
1 110 194
1 111 218 205
1 112 207
1 113 185
1 114 228
1 115 217 219
1 116 227
1 117 208
1 118 223
1 119 226
1 120 198
1 121 230
1 122 224
1 123 215
1 124 221
1 125 192
1 126 201 196
1 127 185 227
1 128 200
1 129 197
1 130 205 199
1 131 188
1 132 206
1 133 191 224
1 134 202
1 135 226
1 136 195
1 137 229
1 138 203 215
1 139 218 211
1 140 189 195
1 141 213
1 142 190
1 143 210
1 144 201 208
1 145 228
1 146 218
1 147 196
0 148 219 213
0 149 220
0 150 198
0 151 228
0 152 217
0 153 227 228
0 154 187
0 155 208
0 156 211
0 157 189
0 158 191
0 159 192
0 160 206
0 161 212
0 162 214
0 163 215
0 164 188 214
0 165 215
0 166 216
0 167 222
0 168 204 229
0 169 187 223
0 170 224
0 171 219
0 172 216
0 173 205
0 174 195
0 175 199
0 176 212 229
0 177 213
0 178 189
0 179 187
0 180 230
0 181 187 194
0 182 186
0 183 201
0 184 198
1 6
1 0
1 9
1 14
1 22
1 28
1 32
1 11
1 27
1 20
1 2
1 23
1 3
1 19
1 4
1 30
1 15
1 34
1 25
1 16
1 7
1 18
1 21
1 8
1 26
1 29
1 1
1 13
1 31
1 24
1 12
1 5
1 33
1 35
1 17
1 10
0 38
0 39
0 36
0 40
0 37
0 44
0 42
0 41
0 43
0 45
