2
185 46
1 0 185
1 1 186
1 2 187 188
1 3 189
1 4 190
1 5 191
1 6 192
1 7 193
1 8 194
1 9 186 195
1 10 196 197
1 11 198
1 12 199
1 13 186 200
1 14 201
1 15 202
1 16 200
1 17 198
1 18 203 204
1 19 205
1 20 206
1 21 187
1 22 207
1 23 200
1 24 208
1 25 209
1 26 188
1 27 207
1 28 205 210
1 29 211
1 30 212
1 31 213
1 32 214
1 33 188
1 34 215
1 35 216
1 36 204
1 37 217
1 38 193
1 39 190
1 40 218
1 41 219 220
1 42 201
1 43 220
1 44 221
1 45 222
1 46 190
1 47 223 224
1 48 185 190
1 49 225
1 50 208
1 51 220
1 52 226 212
1 53 187
1 54 217 225
1 55 204 227
1 56 225 212
1 57 226
1 58 224
1 59 210
1 60 185
1 61 198
1 62 194 228
1 63 195
1 64 221 227
1 65 226
1 66 206 191
1 67 229
1 68 221
1 69 223
1 70 191
1 71 227
1 72 197
1 73 217
1 74 222 195
1 75 200
1 76 228
1 77 212
1 78 201 218
1 79 189
1 80 215
1 81 221 215
1 82 202
1 83 230
1 84 224 216
1 85 213 199
1 86 192 211
1 87 208
1 88 216
1 89 214
1 90 204
1 91 206
1 92 222 230
1 93 218 197
1 94 214
1 95 205
1 96 222
1 97 208
1 98 191 215
1 99 221
1 100 201
1 101 220 209
1 102 227
1 103 205
1 104 219
1 105 218
1 106 217
1 107 194
1 108 210
1 109 209
1 110 190 198
1 111 216
1 112 202
1 113 219
1 114 219 228
1 115 220
1 116 205 200
1 117 207 210
1 118 207 214
1 119 197
1 120 186
1 121 223
1 122 196
1 123 199
1 124 209
1 125 222
1 126 203
1 127 188
1 128 204
1 129 213
1 130 229
1 131 193 214
1 132 196
1 133 226 213
1 134 226
1 135 219
1 136 210
1 137 191
1 138 187 209
1 139 224
1 140 192
1 141 187
1 142 228
1 143 196 229
1 144 188 206
1 145 193
1 146 199
1 147 230
1 148 227
1 149 215
1 150 223 193
1 151 203
1 152 225
1 153 189
1 154 218
1 155 185 229
1 156 197
1 157 213
1 158 211 198
1 159 225
1 160 195
1 161 211
1 162 228
1 163 206
1 164 194
1 165 189 192
0 166 185
0 167 211
0 168 194
0 169 207
0 170 208 199
0 171 202 230
0 172 229
0 173 230
0 174 224
0 175 203 216
0 176 202 189
0 177 196
0 178 223
0 179 186
0 180 192
0 181 212
0 182 195
0 183 203
0 184 217 201
1 0
1 11
1 15
1 18
1 23
1 40
1 4
1 7
1 5
1 16
1 17
1 22
1 26
1 1
1 19
1 37
1 21
1 9
1 14
1 31
1 12
1 24
1 33
1 34
1 30
1 20
1 29
1 2
1 10
1 25
1 35
1 13
1 8
1 27
1 3
1 32
1 6
1 28
1 36
1 39
1 38
0 41
0 42
0 43
0 45
0 44
