2
185 46
1 0 185
1 1 186 187
1 2 188 189
1 3 190
1 4 191
1 5 192
1 6 193
1 7 194 195
1 8 196
1 9 197
1 10 198
1 11 195
1 12 199
1 13 188 200
1 14 201
1 15 202
1 16 201
1 17 203
1 18 204
1 19 185
1 20 191
1 21 205 206
1 22 193
1 23 199
1 24 196
1 25 207
1 26 187
1 27 208
1 28 194
1 29 209
1 30 200
1 31 197
1 32 188
1 33 210 200
1 34 211
1 35 205 211
1 36 212
1 37 190
1 38 204
1 39 198
1 40 202 193
1 41 213
1 42 203 214
1 43 212
1 44 185 189
1 45 215
1 46 216
1 47 207
1 48 195
1 49 217 218
1 50 206
1 51 197
1 52 205
1 53 219 208
1 54 192
1 55 220
1 56 202
1 57 218
1 58 220
1 59 206 196
1 60 216
1 61 221
1 62 189
1 63 213
1 64 203 194
1 65 222
1 66 211
1 67 196
1 68 223 207
1 69 215
1 70 223 193
1 71 210
1 72 224
1 73 225 226
1 74 205
1 75 222
1 76 201 221
1 77 227
1 78 210
1 79 197 216
1 80 228
1 81 212 214
1 82 208
1 83 217
1 84 212
1 85 222 208
1 86 219
1 87 220 190
1 88 216
1 89 187
1 90 227
1 91 217 195
1 92 201
1 93 219
1 94 223
1 95 228
1 96 225 227
1 97 220
1 98 222
1 99 214
1 100 186
1 101 218
1 102 186 207
1 103 223
1 104 221 224
1 105 224
1 106 219
1 107 223
1 108 226
1 109 225
1 110 194
1 111 210 228
1 112 203
1 113 229
1 114 208
1 115 209 198
1 116 190
1 117 185
1 118 205
1 119 218
1 120 213
1 121 192
1 122 230
1 123 194
1 124 228
1 125 206
1 126 221
1 127 202 229
1 128 215
0 129 224 212
0 130 209 211
0 131 198
0 132 206
0 133 207
0 134 189
0 135 188
0 136 204
0 137 186
0 138 216
0 139 226
0 140 209
0 141 214
0 142 197 199
0 143 204 191
0 144 214
0 145 210
0 146 213
0 147 227
0 148 224
0 149 225
0 150 199
0 151 229
0 152 189
0 153 217
0 154 187 196
0 155 218 204
0 156 195
0 157 185 215
0 158 193
0 159 211
0 160 191
0 161 190 230
0 162 188
0 163 203
0 164 226
0 165 187
0 166 192 230
0 167 202
0 168 221
0 169 219 199
0 170 209
0 171 201 226
0 172 227 215
0 173 200
0 174 186
0 175 230
0 176 229
0 177 192 213
0 178 200
0 179 230
0 180 217
0 181 228 229
0 182 220 198
0 183 222 191
0 184 225
1 28
1 7
1 16
1 29
1 30
1 31
1 1
1 11
1 17
1 15
1 20
1 9
1 3
1 27
1 0
1 24
1 8
1 22
1 2
1 13
1 5
1 6
1 10
1 23
1 4
1 12
1 18
1 26
1 19
1 25
1 21
1 14
0 34
0 35
0 33
0 32
0 36
0 37
0 38
0 39
0 40
0 45
0 41
0 42
0 44
0 43
