2
185 46
1 0 185
1 1 186
1 2 187 188
1 3 189
1 4 190
1 5 191
1 6 192
1 7 193
1 8 194
1 9 195 196
1 10 197
1 11 194
1 12 186
1 13 198
1 14 199
1 15 200
1 16 201
1 17 187
1 18 202
1 19 203
1 20 204
1 21 187
1 22 205
1 23 202
1 24 206 207
1 25 208
1 26 209
1 27 197
1 28 210
1 29 211 212
1 30 213
1 31 212 214
1 32 215
1 33 204
1 34 215 216
1 35 217
1 36 218 219
1 37 212
1 38 220
1 39 209
1 40 221 213
1 41 190
1 42 188
1 43 190
1 44 205
1 45 187
1 46 192
1 47 190 197
1 48 214
1 49 185
1 50 204
1 51 207
1 52 220
1 53 206
1 54 222
1 55 188
1 56 207
1 57 209
1 58 189 223
1 59 211
1 60 219
1 61 224
1 62 205 225
1 63 191
1 64 226
1 65 227
1 66 188
1 67 223
1 68 225 200
1 69 203
1 70 228 200
1 71 196
1 72 197
1 73 229
1 74 217 191
1 75 222 229
1 76 211
1 77 192 229
1 78 185 213
1 79 201
1 80 186 199
1 81 199
1 82 218
1 83 201 227
1 84 229
1 85 225
1 86 229
1 87 210
1 88 203
1 89 193 197
1 90 220 194
1 91 228
1 92 210
1 93 199
1 94 226
1 95 214
1 96 187 196
1 97 193
1 98 193
1 99 195
1 100 228
1 101 196
1 102 219
1 103 223
1 104 228
1 105 222
1 106 226 210
1 107 212
1 108 215
1 109 224 198
1 110 204 230
1 111 189 192
1 112 218 208
1 113 193
1 114 206
1 115 214 230
1 116 221
1 117 186
1 118 194 215
1 119 217 220
1 120 192
1 121 215
1 122 203 209
1 123 205 191
1 124 213
1 125 226 198
1 126 202 206
1 127 223 199
1 128 196
1 129 225
1 130 230
1 131 188
1 132 221
1 133 189
1 134 226
1 135 217
1 136 200
1 137 204 228
1 138 216
1 139 224
1 140 195
1 141 222 210
1 142 207
1 143 205
1 144 208
1 145 219
1 146 224
1 147 203 221
1 148 189
1 149 222
1 150 225
1 151 209 195
1 152 217
1 153 190 216
1 154 194
1 155 216
1 156 206
1 157 227
1 158 207 208
1 159 186 227
1 160 214
1 161 219 211
1 162 185 224
1 163 185
1 164 216
1 165 201
0 166 211
0 167 221
0 168 195
0 169 223
0 170 191
0 171 218
0 172 212
0 173 198
0 174 198
0 175 208
0 176 227
0 177 201 202
0 178 220
0 179 230
0 180 218
0 181 230
0 182 200
0 183 202
0 184 213
1 22
1 20
1 1
1 37
1 11
1 33
1 9
1 31
1 36
1 0
1 28
1 32
1 12
1 5
1 39
1 21
1 35
1 4
1 10
1 14
1 7
1 27
1 29
1 18
1 34
1 38
1 15
1 17
1 30
1 2
1 16
1 40
1 6
1 3
1 19
1 26
1 13
1 24
1 8
1 25
1 23
0 42
0 44
0 41
0 45
0 43
