2
185 46
1 0 185 186
1 1 187
1 2 188 189
1 3 190
1 4 191 192
1 5 193
1 6 194
1 7 195
1 8 196
1 9 197
1 10 195 198
1 11 197 199
1 12 198 200
1 13 201
1 14 185 202
1 15 203
1 16 204
1 17 205
1 18 206
1 19 194
1 20 207 196
1 21 208
1 22 209 200
1 23 210
1 24 211 195
1 25 212
1 26 213
1 27 207
1 28 214
1 29 200
1 30 208
1 31 215
1 32 216
1 33 209
1 34 202
1 35 217
1 36 218
1 37 201
1 38 219
1 39 220
1 40 186 194
1 41 208
1 42 197
1 43 221 205
1 44 195
1 45 222 223
1 46 203
1 47 216
1 48 221
1 49 202 224
1 50 185
1 51 187 215
1 52 221
1 53 207
1 54 219 213
1 55 200
1 56 201
1 57 224
1 58 196
1 59 225
1 60 203 191
1 61 204
1 62 212
1 63 190
1 64 192
1 65 205 214
1 66 191
1 67 197
1 68 195
1 69 219 224
1 70 224
1 71 226 210
1 72 189 209
1 73 222
1 74 216
1 75 220 199
1 76 227
1 77 191
1 78 219
1 79 199
1 80 208 228
1 81 188
1 82 226
1 83 186
1 84 190
1 85 220 216
1 86 213
1 87 223
1 88 218 187
1 89 211 229
1 90 219
1 91 217
1 92 188
1 93 200
1 94 228
1 95 206 212
1 96 189
1 97 206
1 98 205
1 99 212
1 100 222
1 101 217 190
1 102 193
1 103 205
1 104 226
1 105 193 226
1 106 190 197
1 107 218 206
1 108 225 229
1 109 215
1 110 221 230
1 111 210
1 112 230
1 113 218
1 114 221
1 115 214
1 116 214
1 117 192 227
1 118 186
1 119 211
1 120 193
1 121 220
1 122 191
1 123 192
1 124 201 227
1 125 198
1 126 223 208
1 127 217
1 128 202
1 129 223
1 130 194
1 131 227
1 132 189
1 133 211
1 134 202
1 135 226
1 136 204
1 137 230 216
1 138 210
1 139 229
1 140 204
1 141 187
1 142 203 215
1 143 228
1 144 228
1 145 185
1 146 186
1 147 199
1 148 215
1 149 201 196
1 150 203
1 151 209
1 152 222
1 153 207
1 154 213
1 155 229
1 156 193 213
1 157 196
1 158 198
1 159 222 212
1 160 210
1 161 225
1 162 211
1 163 194 228
1 164 207 214
1 165 206
0 166 224
0 167 209
0 168 230
0 169 199
0 170 220
0 171 225
0 172 204 225
0 173 227
0 174 185
0 175 189
0 176 187
0 177 230
0 178 217 188
0 179 223
0 180 192
0 181 188
0 182 229
0 183 198
0 184 218
1 7
1 39
1 34
1 10
1 24
1 22
1 8
1 26
1 9
1 19
1 32
1 4
1 5
1 13
1 37
1 12
1 11
1 2
1 23
1 3
1 30
1 17
1 35
1 14
1 36
1 33
1 1
1 40
1 15
1 28
1 38
1 18
1 27
1 6
1 29
1 20
1 16
1 21
1 25
1 31
1 0
0 43
0 45
0 44
0 41
0 42
