2
185 46
1 0 185
1 1 186 187
1 2 188 189
1 3 185
1 4 190
1 5 191 192
1 6 193
1 7 194
1 8 195
1 9 196
1 10 196 197
1 11 198 199
1 12 200
1 13 201
1 14 187
1 15 202 200
1 16 203
1 17 204
1 18 205
1 19 206
1 20 207
1 21 191
1 22 208 194
1 23 209 210
1 24 197
1 25 211
1 26 195
1 27 212
1 28 207
1 29 213
1 30 197 214
1 31 215
1 32 195 216
1 33 202
1 34 204 207
1 35 217 218
1 36 219 220
1 37 221 215
1 38 221
1 39 222
1 40 223 224
1 41 205 190
1 42 206
1 43 222
1 44 225
1 45 214
1 46 190
1 47 206 215
1 48 207
1 49 221
1 50 222
1 51 188
1 52 197
1 53 193
1 54 218
1 55 224
1 56 198
1 57 186
1 58 226
1 59 193
1 60 226 214
1 61 208
1 62 205
1 63 227 211
1 64 204 206
1 65 200
1 66 205
1 67 225 193
1 68 188
1 69 219 191
1 70 196
1 71 189 199
1 72 185 222
1 73 211
1 74 203 228
1 75 215
1 76 220
1 77 229
1 78 214
1 79 229
1 80 224
1 81 190 213
1 82 223
1 83 185 220
1 84 221
1 85 197
1 86 210
1 87 220
1 88 225
1 89 192
1 90 187 229
1 91 196
1 92 216
1 93 188
1 94 210
1 95 195
1 96 191
1 97 226
1 98 203
1 99 217
1 100 230
1 101 187
1 102 223 226
1 103 199
1 104 209
1 105 225 210
1 106 225
1 107 186
1 108 189
1 109 218
1 110 208
1 111 202
1 112 211
1 113 216
1 114 229
1 115 201 194
1 116 208
1 117 230
1 118 214
1 119 189
1 120 219
1 121 223
1 122 220
1 123 226
1 124 208
1 125 192
1 126 201 229
1 127 201
1 128 219
1 129 198
1 130 186 198
1 131 199
1 132 206
1 133 228
1 134 230
1 135 227 230
1 136 228
1 137 219
1 138 204
1 139 200
1 140 207 228
1 141 227
1 142 189
1 143 205 221
1 144 190
1 145 217
1 146 217
1 147 217
0 148 224 193
0 149 228
0 150 191
0 151 218 195
0 152 213
0 153 213
0 154 203
0 155 218
0 156 224
0 157 185
0 158 210
0 159 202 216
0 160 187
0 161 215
0 162 209
0 163 202
0 164 212
0 165 222 213
0 166 204
0 167 198
0 168 188 212
0 169 201
0 170 192 230
0 171 227
0 172 194
0 173 209
0 174 216
0 175 186
0 176 203 200
0 177 209 212
0 178 211 196
0 179 227
0 180 192
0 181 199
0 182 212
0 183 223
0 184 194
1 31
1 15
1 34
1 17
1 22
1 21
1 10
1 13
1 20
1 5
1 19
1 18
1 26
1 11
1 29
1 28
1 9
1 0
1 7
1 8
1 2
1 30
1 6
1 12
1 4
1 23
1 35
1 27
1 14
1 33
1 24
1 3
1 16
1 25
1 1
1 32
0 39
0 37
0 38
0 40
0 36
0 42
0 44
0 43
0 45
0 41
