2
185 46
1 0 185
1 1 186
1 2 187
1 3 188
1 4 189 190
1 5 191
1 6 187
1 7 192 193
1 8 194
1 9 195
1 10 196 197
1 11 186 198
1 12 199
1 13 200
1 14 201
1 15 202 203
1 16 204
1 17 205
1 18 206 207
1 19 208
1 20 209
1 21 210
1 22 207
1 23 211
1 24 212
1 25 206
1 26 190
1 27 191
1 28 213 214
1 29 185 213
1 30 187 190
1 31 215
1 32 188 195
1 33 216
1 34 217 198
1 35 218 219
1 36 220
1 37 209 196
1 38 221 189
1 39 220 194
1 40 201
1 41 197
1 42 222
1 43 219
1 44 209 193
1 45 195
1 46 185
1 47 200
1 48 205 216
1 49 199
1 50 219
1 51 223
1 52 224
1 53 225 214
1 54 210
1 55 206
1 56 218
1 57 207
1 58 193
1 59 189
1 60 213
1 61 204
1 62 196
1 63 209
1 64 223 199
1 65 215
1 66 186
1 67 215
1 68 202
1 69 192 226
1 70 185
1 71 204 227
1 72 216
1 73 227
1 74 201 226
1 75 201 205
1 76 212
1 77 212
1 78 191
1 79 214
1 80 218 222
1 81 227
1 82 186 215
1 83 220
1 84 222
1 85 195
1 86 198
1 87 205
1 88 228
1 89 210 211
1 90 202 195
1 91 198
1 92 186
1 93 197
1 94 203 221
1 95 225
1 96 211
1 97 204
1 98 229
1 99 211 215
1 100 228
1 101 230
1 102 213
1 103 221
1 104 196
1 105 203
1 106 217
1 107 216
1 108 203
1 109 199
1 110 223
1 111 188 197
1 112 218
1 113 225
1 114 223
1 115 207 230
1 116 202
1 117 206
1 118 190
1 119 194
1 120 224
1 121 187
1 122 208
1 123 225 228
1 124 188
1 125 193
1 126 207
1 127 224 194
1 128 222
1 129 189
1 130 227
1 131 209
1 132 192
1 133 212
1 134 193
1 135 224
1 136 217 204
1 137 226
1 138 200
1 139 190
1 140 226
1 141 211
1 142 208 200
1 143 227 199
1 144 219
1 145 217
1 146 202
1 147 229
0 148 189
0 149 221
0 150 208 212
0 151 213
0 152 228 230
0 153 196
0 154 185 222
0 155 225
0 156 229 216
0 157 220
0 158 218
0 159 214
0 160 187 200
0 161 221
0 162 198
0 163 230
0 164 210
0 165 229
0 166 203
0 167 219 191
0 168 192
0 169 208
0 170 192
0 171 188
0 172 201
0 173 205
0 174 224 210
0 175 214
0 176 226
0 177 206 223
0 178 228
0 179 230
0 180 217
0 181 197
0 182 194
0 183 191 229
0 184 220
1 11
1 15
1 17
1 19
1 0
1 18
1 24
1 20
1 23
1 2
1 12
1 3
1 27
1 29
1 1
1 28
1 26
1 7
1 10
1 9
1 22
1 14
1 32
1 25
1 21
1 13
1 33
1 30
1 16
1 35
1 8
1 5
1 4
1 6
1 34
1 31
0 36
0 38
0 39
0 37
0 40
0 41
0 44
0 42
0 43
0 45
