2
185 46
1 0 185 186
1 1 187 188
1 2 189
1 3 190
1 4 189
1 5 191
1 6 192
1 7 193
1 8 194
1 9 195
1 10 196
1 11 197 198
1 12 192
1 13 199 200
1 14 185
1 15 187
1 16 201
1 17 198
1 18 202
1 19 199
1 20 203
1 21 185 203
1 22 191 198
1 23 202 204
1 24 205
1 25 206
1 26 186
1 27 207 208
1 28 196
1 29 193
1 30 209
1 31 210
1 32 211
1 33 212
1 34 213
1 35 214
1 36 202
1 37 208
1 38 192 193
1 39 215
1 40 211
1 41 210
1 42 216
1 43 186
1 44 205
1 45 217
1 46 206
1 47 218 192
1 48 219
1 49 220
1 50 221
1 51 208
1 52 222 208
1 53 223
1 54 205
1 55 219 195
1 56 201 200
1 57 211
1 58 186
1 59 218 224
1 60 186 225
1 61 194
1 62 220
1 63 203
1 64 194 212
1 65 204
1 66 212 214
1 67 197
1 68 200
1 69 204
1 70 200
1 71 209
1 72 193 211
1 73 201 194
1 74 226
1 75 200
1 76 222
1 77 190 210
1 78 223
1 79 224
1 80 216
1 81 218
1 82 225
1 83 210
1 84 188
1 85 221
1 86 212
1 87 214
1 88 226 195
1 89 207
1 90 195
1 91 220
1 92 219
1 93 187 207
1 94 226
1 95 202 225
1 96 224
1 97 215
1 98 197 199
1 99 223
1 100 189 216
1 101 222
1 102 206 227
1 103 198
1 104 217 221
1 105 209
1 106 228
1 107 190
1 108 225
1 109 191
1 110 213
1 111 227
1 112 227 215
1 113 187
1 114 223 214
1 115 185
1 116 229
1 117 207
1 118 220 205
1 119 185
1 120 225
1 121 218
1 122 219 228
1 123 192
1 124 188
1 125 209 228
1 126 194
1 127 202
1 128 197
1 129 204 230
1 130 196
1 131 222
1 132 221
1 133 229
1 134 189 210
1 135 203
1 136 201
1 137 224
1 138 226 229
1 139 224 216
1 140 227
1 141 199
1 142 230
1 143 213
1 144 214
1 145 215
1 146 199
1 147 230
1 148 206
1 149 213
1 150 217
1 151 203 211
1 152 188
1 153 221 206
1 154 193
1 155 228
1 156 226
1 157 191 196
1 158 201
1 159 229
1 160 216
1 161 198
1 162 213 230
1 163 219
1 164 188 229
1 165 207
0 166 208
0 167 187
0 168 217
0 169 217 222
0 170 197
0 171 205 223
0 172 228
0 173 189
0 174 195
0 175 191
0 176 220 209
0 177 212
0 178 190 196
0 179 218
0 180 230
0 181 204
0 182 227
0 183 190
0 184 215
1 1
1 7
1 0
1 22
1 18
1 13
1 27
1 17
1 36
1 4
1 2
1 16
1 12
1 20
1 9
1 37
1 30
1 10
1 14
1 26
1 19
1 21
1 32
1 35
1 28
1 24
1 5
1 39
1 6
1 8
1 38
1 25
1 11
1 31
1 3
1 15
1 34
1 33
1 40
1 29
1 23
0 41
0 42
0 43
0 45
0 44
