2
185 46
1 0 185
1 1 186 187
1 2 188 189
1 3 190
1 4 191
1 5 192 193
1 6 194 195
1 7 191
1 8 196
1 9 193
1 10 197
1 11 198
1 12 199 200
1 13 201
1 14 202
1 15 203
1 16 204
1 17 187
1 18 205
1 19 206
1 20 207
1 21 207 208
1 22 206
1 23 209
1 24 210
1 25 204
1 26 211
1 27 202
1 28 212 213
1 29 204 211
1 30 194
1 31 205 200
1 32 214
1 33 186
1 34 189
1 35 195
1 36 214
1 37 215
1 38 202 216
1 39 190
1 40 205
1 41 186
1 42 217 218
1 43 219 220
1 44 221 212
1 45 201 214
1 46 209 210
1 47 207
1 48 222
1 49 209
1 50 221
1 51 217
1 52 186
1 53 223 224
1 54 225
1 55 217 226
1 56 220
1 57 203
1 58 194
1 59 227
1 60 200
1 61 205
1 62 203
1 63 213
1 64 220 209
1 65 219
1 66 223
1 67 224 196
1 68 221
1 69 196
1 70 185
1 71 215
1 72 208
1 73 228
1 74 203 198
1 75 193
1 76 229
1 77 222
1 78 199
1 79 212
1 80 199
1 81 228
1 82 197
1 83 222 228
1 84 195 227
1 85 188 206
1 86 189
1 87 188
1 88 187
1 89 202 228
1 90 191
1 91 209
1 92 215
1 93 200
1 94 186 190
1 95 218
1 96 225
1 97 229
1 98 220
1 99 210 214
1 100 185 218
1 101 221 197
1 102 192
1 103 229
1 104 196
1 105 226
1 106 192
1 107 213
1 108 217
1 109 192 215
1 110 201
1 111 223 216
1 112 217
1 113 222
1 114 230
1 115 191
1 116 185
1 117 219
1 118 230
1 119 221
1 120 198
1 121 192
1 122 195
1 123 211
1 124 201 194
1 125 197
1 126 198
1 127 213
1 128 216
1 129 187
1 130 195
1 131 225
1 132 224
1 133 187 211
1 134 190
1 135 230
1 136 200
1 137 208
1 138 224
1 139 199
1 140 216
1 141 206 213
1 142 204 208
1 143 216
1 144 212
1 145 188
1 146 207
1 147 189
1 148 206
1 149 214
1 150 223
1 151 218
1 152 220
1 153 197
1 154 208
1 155 193
1 156 222 198
1 157 226
1 158 219 225
1 159 229 230
1 160 227
1 161 191 193
1 162 204
1 163 212
1 164 223
1 165 210
0 166 207 225
0 167 218
0 168 203 199
0 169 211
0 170 202
0 171 189 227
0 172 190 226
0 173 229 215
0 174 188
0 175 201
0 176 210
0 177 224
0 178 219
0 179 205 230
0 180 226
0 181 227
0 182 194
0 183 185 196
0 184 228
1 2
1 7
1 25
1 3
1 34
1 29
1 5
1 6
1 38
1 8
1 9
1 33
1 24
1 15
1 0
1 23
1 13
1 39
1 32
1 26
1 4
1 35
1 19
1 11
1 28
1 12
1 1
1 16
1 20
1 18
1 21
1 36
1 10
1 22
1 14
1 30
1 27
1 40
1 17
1 31
1 37
0 45
0 41
0 43
0 42
0 44
