2
185 46
1 0 185
1 1 186
1 2 187
1 3 188
1 4 189
1 5 190
1 6 191 192
1 7 193
1 8 189 194
1 9 195
1 10 196
1 11 197 198
1 12 192
1 13 199 200
1 14 199
1 15 201 202
1 16 203
1 17 189
1 18 190
1 19 185 195
1 20 203
1 21 203 204
1 22 192
1 23 205
1 24 206 200
1 25 207
1 26 208 209
1 27 210
1 28 211 212
1 29 206 213
1 30 214
1 31 185
1 32 200
1 33 215
1 34 217 216
1 35 218 190
1 36 219
1 37 186
1 38 212
1 39 204
1 40 219 196
1 41 212
1 42 209
1 43 211
1 44 206
1 45 217
1 46 189
1 47 220
1 48 205
1 49 202
1 50 217
1 51 220
1 52 196
1 53 208 215
1 54 207
1 55 191
1 56 221
1 57 201 222
1 58 223
1 59 197
1 60 188 216
1 61 193 197
1 62 211
1 63 203 188
1 64 224
1 65 218
1 66 225
1 67 191
1 68 202 221
1 69 226 198
1 70 217
1 71 215
1 72 204
1 73 206
1 74 224
1 75 193
1 76 226
1 77 227
1 78 192 215
1 79 198
1 80 222
1 81 222
1 82 221
1 83 228
1 84 194
1 85 198
1 86 210
1 87 194
1 88 219
1 89 202
1 90 210
1 91 199
1 92 213
1 93 193
1 94 223
1 95 209
1 96 217 224
1 97 190 199
1 98 207
1 99 214
1 100 216
1 101 218 204
1 102 203
1 103 225
1 104 226
1 105 195
1 106 194
1 107 211 214
1 108 218
1 109 205 222
1 110 193
1 111 201
1 112 223 225
1 113 220
1 114 191
1 115 226 229
1 116 216
1 117 215
1 118 227 230
1 119 226
1 120 210 213
1 121 188
1 122 187 220
1 123 221
1 124 214
1 125 228
1 126 186 229
1 127 201
1 128 211
1 129 187 194
1 130 202
1 131 218
1 132 210 227
1 133 220 209
1 134 191 223
1 135 185
1 136 185 225
1 137 229
1 138 229
1 139 209
1 140 213
1 141 223
1 142 201
1 143 187
1 144 186
1 145 207 195
1 146 207
1 147 208
1 148 186 212
1 149 212
1 150 230
1 151 200
1 152 221 224
1 153 195
1 154 200
1 155 227
1 156 196
1 157 228
1 158 224
1 159 213
1 160 227
1 161 216
1 162 219
1 163 219 228
1 164 205 196
1 165 197
0 166 190
0 167 230
0 168 188
0 169 228 214
0 170 198
0 171 197
0 172 225
0 173 229
0 174 199
0 175 208
0 176 189 230
0 177 222
0 178 192
0 179 204
0 180 205
0 181 206
0 182 187
0 183 208
0 184 230
1 21
1 27
1 29
1 23
1 22
1 28
1 14
1 18
1 8
1 9
1 11
1 40
1 1
1 38
1 2
1 16
1 3
1 10
1 30
1 12
1 24
1 26
1 15
1 31
1 33
1 25
1 0
1 7
1 37
1 13
1 6
1 5
1 20
1 36
1 17
1 35
1 32
1 4
1 19
1 39
1 34
0 44
0 42
0 41
0 45
0 43
