2
185 46
1 0 185
1 1 186 187
1 2 188
1 3 189 190
1 4 191
1 5 192 193
1 6 194 195
1 7 196
1 8 190 197
1 9 198
1 10 199
1 11 201 200
1 12 202 203
1 13 204
1 14 205
1 15 206
1 16 190
1 17 207
1 18 208
1 19 204
1 20 209 210
1 21 211
1 22 203
1 23 188 198
1 24 212
1 25 207 213
1 26 190
1 27 195
1 28 214
1 29 215
1 30 204
1 31 216
1 32 208
1 33 200
1 34 208 200
1 35 210
1 36 217
1 37 218
1 38 195
1 39 201
1 40 186
1 41 203
1 42 199
1 43 203
1 44 192
1 45 215
1 46 187
1 47 209
1 48 214
1 49 219
1 50 197
1 51 192
1 52 220
1 53 197
1 54 218 221
1 55 222 216
1 56 206 215
1 57 186
1 58 223
1 59 189
1 60 192 224
1 61 210
1 62 205 196
1 63 218
1 64 213
1 65 207 225
1 66 200
1 67 193 226
1 68 227
1 69 228
1 70 197
1 71 205 223
1 72 196
1 73 223 197
1 74 225
1 75 214
1 76 229
1 77 190
1 78 217 227
1 79 199
1 80 211
1 81 191
1 82 208
1 83 210
1 84 212
1 85 189
1 86 200
1 87 230
1 88 186
1 89 188
1 90 187
1 91 198
1 92 227
1 93 210 196
1 94 192
1 95 228
1 96 227 199
1 97 196
1 98 215
1 99 193
1 100 213
1 101 207
1 102 222
1 103 224
1 104 224 212
1 105 193
1 106 220
1 107 223
1 108 203 230
1 109 216
1 110 191 229
1 111 222
1 112 216
1 113 219 212
1 114 207
1 115 220
1 116 202
1 117 185
1 118 227
1 119 225
1 120 208 198
1 121 229
1 122 209 228
1 123 212
1 124 202 204
1 125 219
1 126 193
1 127 209
1 128 194
1 129 185 201
1 130 221
1 131 206
1 132 202
1 133 214
1 134 187
1 135 201
1 136 201
1 137 195
1 138 229 199
1 139 226
1 140 187 211
1 141 217
1 142 189
1 143 224
1 144 206
1 145 221
1 146 191
1 147 219
1 148 185 218
1 149 188
1 150 224
1 151 205
1 152 226 195
1 153 225 194
1 154 205
1 155 230
1 156 186 204
1 157 222
1 158 189 215
1 159 225
1 160 202
1 161 226
1 162 198
1 163 185
1 164 217 213
1 165 206 211
0 166 221 191
0 167 221
0 168 209
0 169 220 228
0 170 223
0 171 214 230
0 172 216
0 173 194
0 174 217
0 175 230
0 176 218
0 177 211
0 178 219 222
0 179 226
0 180 228
0 181 194
0 182 220 188
0 183 213
0 184 229
1 19
1 32
1 33
1 39
1 8
1 12
1 30
1 4
1 23
1 3
1 18
1 29
1 24
1 7
1 11
1 34
1 35
1 6
1 36
1 9
1 14
1 13
1 0
1 16
1 5
1 10
1 40
1 22
1 2
1 1
1 28
1 31
1 20
1 27
1 21
1 37
1 38
1 26
1 25
1 15
1 17
0 44
0 42
0 41
0 43
0 45
