2
185 46
1 0 185
1 1 186 187
1 2 188
1 3 189 190
1 4 191
1 5 192
1 6 193
1 7 194
1 8 195 196
1 9 194
1 10 197
1 11 198 199
1 12 200
1 13 201 194
1 14 202
1 15 203 192
1 16 186
1 17 204
1 18 205 206
1 19 197
1 20 188 207
1 21 208
1 22 201
1 23 209
1 24 207
1 25 203
1 26 210
1 27 196
1 28 188 211
1 29 212
1 30 205
1 31 198
1 32 213
1 33 205 192
1 34 190
1 35 214
1 36 212
1 37 196
1 38 215
1 39 189 215
1 40 213 216
1 41 217
1 42 195
1 43 199
1 44 216
1 45 191
1 46 218
1 47 207
1 48 219 206
1 49 190
1 50 208
1 51 220
1 52 200
1 53 201
1 54 221 213
1 55 222
1 56 220
1 57 188
1 58 215 216
1 59 223 209
1 60 219
1 61 224
1 62 217 225
1 63 214
1 64 207 224
1 65 191
1 66 211
1 67 185
1 68 223
1 69 206
1 70 192
1 71 216
1 72 209
1 73 193 226
1 74 192
1 75 218
1 76 227
1 77 188
1 78 225
1 79 228
1 80 187 210
1 81 226
1 82 205
1 83 198
1 84 186 228
1 85 228
1 86 217 228
1 87 203
1 88 223
1 89 216
1 90 213
1 91 186
1 92 204
1 93 193
1 94 229
1 95 219
1 96 222
1 97 229
1 98 227 212
1 99 221
1 100 198
1 101 189
1 102 217
1 103 230
1 104 220
1 105 195
1 106 209 230
1 107 230
1 108 202
1 109 189
1 110 212 197
1 111 195
1 112 225
1 113 227
1 114 230
1 115 196
1 116 201
1 117 229 198
1 118 225 196
1 119 204 191
1 120 211
1 121 203
1 122 187
1 123 226
1 124 204 210
1 125 193 229
1 126 218 191
1 127 217
1 128 210
0 129 219
0 130 212
0 131 208
0 132 204
0 133 224 208
0 134 189
0 135 190 214
0 136 210
0 137 200
0 138 220 200
0 139 201
0 140 194
0 141 226
0 142 203 211
0 143 221
0 144 199
0 145 185 226
0 146 187
0 147 215
0 148 205
0 149 214
0 150 197 230
0 151 185 223
0 152 227
0 153 208 199
0 154 215
0 155 219 200
0 156 221
0 157 218
0 158 224
0 159 190
0 160 211
0 161 222
0 162 185
0 163 213
0 164 202
0 165 197
0 166 206
0 167 228
0 168 202 227
0 169 186
0 170 223
0 171 222
0 172 202 214
0 173 206
0 174 221 222
0 175 199
0 176 187
0 177 193
0 178 218 194
0 179 209
0 180 207
0 181 220 195
0 182 225
0 183 224
0 184 229
1 12
1 8
1 23
1 26
1 22
1 29
1 19
1 17
1 21
1 11
1 1
1 31
1 25
1 10
1 20
1 16
1 27
1 9
1 28
1 6
1 5
1 14
1 4
1 7
1 2
1 3
1 15
1 13
1 0
1 30
1 24
1 18
0 34
0 32
0 35
0 33
0 40
0 36
0 39
0 37
0 38
0 45
0 41
0 44
0 43
0 42
