2
185 46
1 0 185
1 1 186 187
1 2 188
1 3 189
1 4 186
1 5 185
1 6 190 191
1 7 192
1 8 193
1 9 185 194
1 10 192 195
1 11 196
1 12 196 197
1 13 198
1 14 199 200
1 15 201
1 16 188
1 17 202
1 18 203
1 19 204
1 20 200
1 21 199
1 22 197
1 23 205
1 24 191
1 25 206
1 26 189 207
1 27 206
1 28 208
1 29 187
1 30 201
1 31 186
1 32 209
1 33 210
1 34 211
1 35 212
1 36 208 213
1 37 214
1 38 191 197
1 39 215
1 40 198
1 41 208
1 42 217 216
1 43 196 198
1 44 218
1 45 207
1 46 218
1 47 219 220
1 48 219
1 49 221
1 50 213
1 51 222
1 52 223
1 53 222
1 54 200
1 55 205
1 56 211
1 57 224
1 58 225
1 59 192
1 60 205
1 61 197
1 62 222 224
1 63 217
1 64 217
1 65 226
1 66 227 216
1 67 224
1 68 201 220
1 69 191
1 70 225
1 71 187
1 72 217
1 73 223
1 74 210
1 75 209
1 76 213
1 77 197
1 78 193
1 79 189
1 80 216
1 81 204
1 82 186
1 83 193
1 84 203
1 85 224 228
1 86 211 214
1 87 214
1 88 221 192
1 89 221
1 90 188 189
1 91 211
1 92 228
1 93 193 225
1 94 221 210
1 95 187
1 96 193 198
1 97 223 229
1 98 215
1 99 202
1 100 205 209
1 101 230
1 102 200
1 103 212
1 104 230
1 105 229
1 106 185 215
1 107 217 230
1 108 226 200
1 109 225
1 110 199
1 111 190
1 112 222 230
1 113 230
1 114 190
1 115 206
1 116 196
1 117 202 229
1 118 195
1 119 194
1 120 226
1 121 206 207
1 122 222
1 123 210
1 124 202
1 125 188
1 126 223
1 127 216
1 128 215
0 129 209
0 130 189
0 131 204
0 132 185
0 133 201 228
0 134 221
0 135 191
0 136 219 190
0 137 186 204
0 138 229
0 139 194 195
0 140 227
0 141 225
0 142 220
0 143 190
0 144 206 214
0 145 207
0 146 227
0 147 218 210
0 148 216
0 149 212
0 150 218 227
0 151 187 223
0 152 228
0 153 188 212
0 154 213
0 155 194
0 156 220
0 157 196
0 158 199
0 159 195
0 160 207
0 161 227
0 162 204
0 163 226
0 164 203 205
0 165 228
0 166 195
0 167 208
0 168 229
0 169 203
0 170 202 199
0 171 220
0 172 192
0 173 201
0 174 218
0 175 203 212
0 176 226 213
0 177 224
0 178 219
0 179 194
0 180 214
0 181 198
0 182 208 209
0 183 211 215
0 184 219
1 5
1 13
1 19
1 29
1 6
1 4
1 12
1 27
1 15
1 9
1 7
1 18
1 25
1 22
1 3
1 10
1 0
1 16
1 28
1 8
1 2
1 30
1 23
1 21
1 24
1 20
1 26
1 31
1 17
1 14
1 1
1 11
0 34
0 35
0 32
0 33
0 37
0 36
0 40
0 39
0 38
0 42
0 43
0 44
0 41
0 45
