2
185 46
1 0 185
1 1 186
1 2 187
1 3 188
1 4 189
1 5 190 191
1 6 192
1 7 193
1 8 189 194
1 9 195 196
1 10 185
1 11 197
1 12 198
1 13 199
1 14 200
1 15 201
1 16 202
1 17 203
1 18 204
1 19 200
1 20 205 206
1 21 207
1 22 203
1 23 208
1 24 208 209
1 25 186
1 26 210
1 27 203
1 28 211
1 29 212
1 30 194
1 31 213
1 32 211
1 33 191
1 34 214 215
1 35 194 216
1 36 207
1 37 209
1 38 203
1 39 201 213
1 40 186
1 41 217
1 42 199
1 43 218
1 44 217 219
1 45 193
1 46 220 207
1 47 221
1 48 196
1 49 222
1 50 223 224
1 51 219 221
1 52 210
1 53 225
1 54 223 210
1 55 187
1 56 208
1 57 225
1 58 226
1 59 216
1 60 192
1 61 196
1 62 207
1 63 198
1 64 193
1 65 217 197
1 66 223
1 67 202 224
1 68 189
1 69 190
1 70 220
1 71 218 211
1 72 227
1 73 228
1 74 191
1 75 194
1 76 223
1 77 222
1 78 216
1 79 222 229
1 80 197
1 81 203 206
1 82 215
1 83 217
1 84 227
1 85 187 210
1 86 199
1 87 222
1 88 221 200
1 89 189 213
1 90 187
1 91 192 215
1 92 188
1 93 190
1 94 206
1 95 213
1 96 195
1 97 226
1 98 197 214
1 99 229
1 100 208
1 101 188 211
1 102 226
1 103 226
1 104 204
1 105 206
1 106 226 229
1 107 223
1 108 230
1 109 219
1 110 228
1 111 209 230
1 112 225 195
1 113 196
1 114 220
1 115 215
1 116 197
1 117 205
1 118 221
1 119 191
1 120 201 186
1 121 200
1 122 214
1 123 228
1 124 205
1 125 224
1 126 202 228
1 127 216
1 128 225
1 129 214
1 130 218
1 131 219
1 132 192
1 133 195
1 134 185 198
1 135 193 199
1 136 205
1 137 201
1 138 198
1 139 185 188
1 140 212
1 141 198 216
1 142 222 191
1 143 192 230
1 144 202
1 145 210
1 146 193 212
1 147 219
0 148 220
0 149 215
0 150 190
0 151 209
0 152 204 227
0 153 189
0 154 218 220
0 155 227
0 156 227 199
0 157 188
0 158 212 196
0 159 204 200
0 160 221
0 161 209
0 162 229
0 163 224
0 164 211
0 165 190 225
0 166 186 208
0 167 218
0 168 205 228
0 169 202
0 170 230
0 171 195
0 172 212
0 173 206
0 174 230
0 175 201
0 176 213
0 177 217
0 178 194
0 179 204
0 180 187 207
0 181 214
0 182 185
0 183 224
0 184 229
1 2
1 16
1 3
1 17
1 27
1 6
1 34
1 24
1 26
1 22
1 19
1 25
1 11
1 12
1 35
1 1
1 31
1 15
1 0
1 13
1 4
1 23
1 32
1 18
1 10
1 33
1 5
1 21
1 30
1 7
1 20
1 28
1 8
1 9
1 14
1 29
0 36
0 39
0 37
0 38
0 40
0 43
0 41
0 45
0 44
0 42
