2
185 46
1 0 185
1 1 186
1 2 187
1 3 188
1 4 189
1 5 190
1 6 191
1 7 192
1 8 188 193
1 9 193
1 10 194
1 11 195
1 12 196
1 13 197
1 14 198
1 15 199
1 16 200
1 17 201
1 18 202
1 19 203 204
1 20 185
1 21 205 200
1 22 203
1 23 206
1 24 207
1 25 208
1 26 209
1 27 208
1 28 210
1 29 211 212
1 30 192 213
1 31 214
1 32 186
1 33 198
1 34 204
1 35 215
1 36 216
1 37 217
1 38 202 194
1 39 218 219
1 40 218
1 41 220
1 42 187
1 43 189 212
1 44 221 190
1 45 197
1 46 217 222
1 47 222
1 48 223
1 49 188
1 50 224
1 51 207
1 52 225
1 53 206
1 54 209
1 55 196 199
1 56 189
1 57 213
1 58 195
1 59 215 216
1 60 217
1 61 226
1 62 223
1 63 227
1 64 204
1 65 224
1 66 213
1 67 186
1 68 228
1 69 196
1 70 227 214
1 71 205
1 72 190
1 73 206
1 74 201
1 75 185 221
1 76 220 228
1 77 192
1 78 214
1 79 187
1 80 193
1 81 208
1 82 198
1 83 210
1 84 227
1 85 208 197
1 86 212
1 87 206 198
1 88 201 225
1 89 229
1 90 224
1 91 188
1 92 219
1 93 207 199
1 94 186 222
1 95 226
1 96 230
1 97 225
1 98 205
1 99 199
1 100 215
1 101 204
1 102 221
1 103 219
1 104 230 216
1 105 220
1 106 227 230
1 107 210 228
1 108 221
1 109 194
1 110 203
1 111 203 210
1 112 191
1 113 199
1 114 217
1 115 187 188
1 116 209
1 117 191
1 118 218 229
1 119 207
1 120 228
1 121 190
1 122 222
1 123 215
1 124 214
1 125 226
1 126 200
1 127 211
1 128 195
1 129 212
1 130 216
1 131 202
1 132 207 224
1 133 226 197
1 134 228
1 135 220
1 136 227
1 137 220 229
1 138 189
1 139 222
1 140 210
1 141 230
1 142 202
1 143 229
1 144 186
1 145 211
1 146 208
1 147 185 223
0 148 221
0 149 201 198
0 150 224 209
0 151 201
0 152 191 213
0 153 189 191
0 154 187 214
0 155 212
0 156 206 194
0 157 203
0 158 223
0 159 229
0 160 211
0 161 225
0 162 193
0 163 225 195
0 164 211 200
0 165 197
0 166 219
0 167 196
0 168 200
0 169 218
0 170 213
0 171 192
0 172 216
0 173 219 195
0 174 204 209
0 175 194
0 176 217 190
0 177 192 226
0 178 230
0 179 185
0 180 218
0 181 205
0 182 205 193
0 183 223 196
0 184 202 215
1 4
1 5
1 16
1 28
1 2
1 14
1 22
1 0
1 32
1 15
1 27
1 29
1 20
1 7
1 6
1 11
1 21
1 31
1 3
1 23
1 26
1 1
1 35
1 34
1 13
1 17
1 19
1 25
1 10
1 33
1 24
1 8
1 9
1 18
1 30
1 12
0 39
0 36
0 40
0 38
0 37
0 45
0 42
0 41
0 43
0 44
