2
185 46
1 0 185
1 1 185 186
1 2 187
1 3 188 189
1 4 190
1 5 191 192
1 6 193
1 7 194
1 8 195 196
1 9 197
1 10 198
1 11 189 199
1 12 187
1 13 200
1 14 195
1 15 201
1 16 202
1 17 203
1 18 204
1 19 192
1 20 188
1 21 205 206
1 22 189
1 23 199
1 24 207
1 25 198 200
1 26 208
1 27 209
1 28 188
1 29 196
1 30 202 200
1 31 210
1 32 188 198
1 33 211
1 34 212
1 35 207 213
1 36 214
1 37 191
1 38 215
1 39 197 216
1 40 211
1 41 194
1 42 191
1 43 217 209
1 44 190
1 45 197
1 46 218
1 47 215
1 48 219
1 49 216
1 50 201 214
1 51 198
1 52 220
1 53 187 221
1 54 194
1 55 189
1 56 221
1 57 222 223
1 58 196
1 59 185
1 60 192
1 61 205
1 62 224 211
1 63 225
1 64 188
1 65 198
1 66 226
1 67 201
1 68 225 195
1 69 205
1 70 207
1 71 204
1 72 203
1 73 225 213
1 74 197
1 75 201 209
1 76 222
1 77 220
1 78 199
1 79 210
1 80 210
1 81 193
1 82 199
1 83 213
1 84 213
1 85 185
1 86 200
1 87 218 224
1 88 206
1 89 220 210
1 90 226 227
1 91 219
1 92 191
1 93 223
1 94 203 193
1 95 224
1 96 193
1 97 223
1 98 207
1 99 228
1 100 212 214
1 101 190 191
1 102 196
1 103 221 215
1 104 187 208
1 105 214
1 106 192
1 107 229
1 108 205 228
1 109 213
1 110 217 186
1 111 202
1 112 204 194
1 113 221
1 114 204 207
1 115 195
1 116 215
1 117 230
1 118 226
1 119 186
1 120 225
1 121 218
1 122 227
1 123 223 197
1 124 228
1 125 226
1 126 222
1 127 228 230
1 128 216
1 129 229
1 130 202
1 131 187
1 132 203 230
1 133 230
1 134 218
1 135 228
1 136 216
1 137 227
1 138 223
1 139 217
1 140 212
1 141 208 216
1 142 212
1 143 202 222
1 144 211
1 145 208
1 146 205
1 147 190
1 148 227 199
1 149 227
1 150 189
1 151 203
1 152 208
1 153 230
1 154 204
1 155 206
1 156 200
1 157 224
1 158 229
1 159 218
1 160 220 196
1 161 217
1 162 221
1 163 193
1 164 201
1 165 186
0 166 186
0 167 219
0 168 226 211
0 169 219 215
0 170 219 212
0 171 225
0 172 220
0 173 209
0 174 206
0 175 222
0 176 185 190
0 177 206 229
0 178 214
0 179 194 229
0 180 192 210
0 181 209
0 182 195
0 183 217
0 184 224
1 24
1 15
1 28
1 2
1 34
1 20
1 23
1 33
1 1
1 38
1 9
1 37
1 16
1 3
1 12
1 30
1 26
1 18
1 8
1 40
1 6
1 21
1 10
1 7
1 32
1 4
1 29
1 31
1 27
1 11
1 22
1 25
1 14
1 39
1 35
1 5
1 0
1 19
1 36
1 17
1 13
0 44
0 43
0 41
0 45
0 42
