2
185 46
1 0 185 186
1 1 187
1 2 188
1 3 189
1 4 190
1 5 191
1 6 192 193
1 7 194 195
1 8 196
1 9 193 197
1 10 198
1 11 196
1 12 192
1 13 199
1 14 200
1 15 201 202
1 16 203
1 17 204 205
1 18 206
1 19 207
1 20 187
1 21 208 209
1 22 210
1 23 211
1 24 185
1 25 212
1 26 213 214
1 27 211
1 28 215 200
1 29 201
1 30 207 196
1 31 216
1 32 217 206
1 33 217
1 34 204
1 35 197
1 36 218
1 37 214
1 38 219 188
1 39 220
1 40 187 209
1 41 209
1 42 188
1 43 194
1 44 206
1 45 187 215
1 46 221
1 47 222
1 48 202
1 49 223 194
1 50 190 224
1 51 205 200
1 52 208
1 53 218 225
1 54 226
1 55 226
1 56 216
1 57 203
1 58 226
1 59 209
1 60 207
1 61 208
1 62 195
1 63 207 199
1 64 199
1 65 197
1 66 221 222
1 67 222
1 68 198 216
1 69 193
1 70 195
1 71 201
1 72 185
1 73 209
1 74 222
1 75 185 227
1 76 203 213
1 77 219
1 78 217
1 79 213
1 80 189
1 81 225
1 82 215
1 83 228
1 84 229
1 85 194
1 86 220
1 87 202
1 88 212
1 89 203 208
1 90 210
1 91 217 190
1 92 220
1 93 200
1 94 218
1 95 215
1 96 204 226
1 97 191
1 98 218 206
1 99 230
1 100 201 224
1 101 228
1 102 193
1 103 228 212
1 104 188 226
1 105 208
1 106 192
1 107 224
1 108 214
1 109 205
1 110 213
1 111 218
1 112 229 214
1 113 227
1 114 224
1 115 201
1 116 219
1 117 229 216
1 118 221
1 119 216
1 120 202 211
1 121 225
1 122 213
1 123 210
1 124 190
1 125 193
1 126 188
1 127 195 212
1 128 204
1 129 187
1 130 230
1 131 192 198
1 132 205
1 133 198
1 134 197
1 135 229
1 136 211
1 137 210
1 138 227
1 139 198
1 140 200
1 141 191
1 142 220 230
1 143 230
1 144 223
1 145 229
1 146 217
1 147 189 199
0 148 224
0 149 228 230
0 150 225
0 151 227
0 152 189
0 153 197
0 154 186
0 155 221 191
0 156 196
0 157 186 211
0 158 221
0 159 228
0 160 190
0 161 199
0 162 202
0 163 192
0 164 186
0 165 206
0 166 203
0 167 219 223
0 168 185
0 169 215
0 170 219
0 171 220 196
0 172 214
0 173 207
0 174 189 225
0 175 205
0 176 223
0 177 222 227
0 178 204
0 179 194
0 180 195
0 181 223
0 182 186
0 183 191 210
0 184 212
1 14
1 24
1 8
1 19
1 17
1 6
1 15
1 28
1 35
1 10
1 29
1 9
1 34
1 23
1 13
1 4
1 26
1 33
1 16
1 1
1 32
1 3
1 31
1 0
1 22
1 7
1 18
1 21
1 11
1 27
1 12
1 5
1 25
1 30
1 20
1 2
0 39
0 40
0 36
0 37
0 38
0 45
0 43
0 41
0 42
0 44
