2
185 46
1 0 185
1 1 186
1 2 187
1 3 188 189
1 4 190
1 5 191 192
1 6 193
1 7 194
1 8 195
1 9 196
1 10 197
1 11 198
1 12 194
1 13 186 199
1 14 201 200
1 15 201 202
1 16 203
1 17 195
1 18 186 195
1 19 204 194
1 20 185 204
1 21 205 200
1 22 193
1 23 206
1 24 203
1 25 207 193
1 26 202
1 27 208
1 28 209
1 29 187 210
1 30 186
1 31 211
1 32 189
1 33 185
1 34 203
1 35 207
1 36 211
1 37 212
1 38 213
1 39 191
1 40 210
1 41 214
1 42 203 215
1 43 216
1 44 217 203
1 45 218
1 46 206 197
1 47 200
1 48 219 191
1 49 198
1 50 204
1 51 212 215
1 52 205
1 53 215
1 54 218 216
1 55 194 214
1 56 197
1 57 187 207
1 58 220 221
1 59 190 213
1 60 211
1 61 202
1 62 220
1 63 205
1 64 222
1 65 216
1 66 223
1 67 220
1 68 224
1 69 217
1 70 189
1 71 224
1 72 214
1 73 223 225
1 74 221 222
1 75 220
1 76 188
1 77 213
1 78 199
1 79 202 211
1 80 202
1 81 208 195
1 82 192
1 83 195
1 84 222
1 85 196
1 86 199
1 87 215
1 88 226 227
1 89 217
1 90 206 211
1 91 207
1 92 188
1 93 226
1 94 228
1 95 214
1 96 196
1 97 193
1 98 185 198
1 99 229
1 100 191
1 101 208 210
1 102 189 223
1 103 212 197
1 104 226
1 105 200
1 106 197
1 107 209 226
1 108 196 216
1 109 222
1 110 187
1 111 204
1 112 201
1 113 218
1 114 190 193
1 115 219
1 116 230
1 117 225
1 118 207
1 119 198
1 120 187
1 121 188 228
1 122 227
1 123 206
1 124 188
1 125 230
1 126 228
1 127 215
1 128 190
1 129 218
1 130 225
1 131 192
1 132 223
1 133 209
1 134 200
1 135 186
1 136 221
1 137 213
1 138 192
1 139 208
1 140 199
1 141 224 230
1 142 205 209
1 143 206
1 144 223
1 145 204
1 146 226
1 147 212
1 148 216
1 149 229 213
1 150 210
1 151 194
1 152 227
1 153 214
1 154 220 229
1 155 201
1 156 230
1 157 218 225
1 158 221
1 159 191
1 160 229
1 161 208
1 162 224
1 163 229
1 164 209
1 165 228
0 166 212
0 167 185
0 168 217 198
0 169 192 227
0 170 219
0 171 227
0 172 219 228
0 173 221
0 174 217
0 175 222 196
0 176 210
0 177 205
0 178 224 199
0 179 201
0 180 225
0 181 189
0 182 230
0 183 190
0 184 219
1 1
1 36
1 21
1 6
1 34
1 35
1 25
1 26
1 27
1 22
1 10
1 19
1 13
1 15
1 9
1 18
1 38
1 40
1 30
1 37
1 28
1 7
1 33
1 8
1 20
1 24
1 17
1 2
1 29
1 3
1 12
1 4
1 32
1 5
1 14
1 11
1 23
1 0
1 16
1 39
1 31
0 41
0 43
0 44
0 45
0 42
