2
185 46
1 0 185
1 1 185 186
1 2 187
1 3 188 189
1 4 190
1 5 191 192
1 6 193
1 7 194
1 8 195 196
1 9 197
1 10 198
1 11 189 199
1 12 187
1 13 200
1 14 195
1 15 201
1 16 202
1 17 203
1 18 204
1 19 192
1 20 188
1 21 205 206
1 22 189
1 23 199
1 24 207
1 25 198 200
1 26 208
1 27 209
1 28 188
1 29 196
1 30 202 200
1 31 210
1 32 188 198
1 33 211
1 34 212
1 35 207 213
1 36 214
1 37 191
1 38 215
1 39 197 216
1 40 211
1 41 194
1 42 191
1 43 217 209
1 44 190
1 45 197
1 46 218
1 47 215
1 48 219
1 49 216
1 50 201 214
1 51 198
1 52 220
1 53 187 221
1 54 194
1 55 189
1 56 221
1 57 222 223
1 58 196
1 59 185
1 60 192
1 61 205
1 62 224 211
1 63 225
1 64 188
1 65 198
1 66 226
1 67 201
1 68 225 195
1 69 205
1 70 207
1 71 204
1 72 203
1 73 225 213
1 74 197
1 75 201 209
1 76 222
1 77 220
1 78 199
1 79 210
1 80 210
1 81 193
1 82 199
1 83 213
1 84 213
1 85 185
1 86 200
1 87 218 224
1 88 206
1 89 220 210
1 90 226 227
1 91 219
1 92 191
1 93 223
1 94 203 193
1 95 224
1 96 193
1 97 223
1 98 207
1 99 228
1 100 212 214
1 101 190 191
1 102 196
1 103 221 215
1 104 187 208
1 105 214
1 106 192
1 107 229
1 108 205 228
1 109 213
1 110 217 186
1 111 202
1 112 204 194
1 113 221
1 114 204 207
1 115 195
1 116 215
1 117 230
1 118 226
1 119 186
1 120 225
1 121 218
1 122 227
1 123 223 197
1 124 228
1 125 226
1 126 222
1 127 228 230
1 128 216
0 129 229
0 130 202
0 131 187
0 132 203 230
0 133 230
0 134 218
0 135 228
0 136 216
0 137 227
0 138 223
0 139 217
0 140 212
0 141 208 216
0 142 212
0 143 202 222
0 144 211
0 145 208
0 146 205
0 147 190
0 148 227 199
0 149 227
0 150 189
0 151 203
0 152 208
0 153 230
0 154 204
0 155 206
0 156 200
0 157 224
0 158 229
0 159 218
0 160 220 196
0 161 217
0 162 221
0 163 193
0 164 201
0 165 186
0 166 186
0 167 219
0 168 226 211
0 169 219 215
0 170 219 212
0 171 225
0 172 220
0 173 209
0 174 206
0 175 222
0 176 185 190
0 177 206 229
0 178 214
0 179 194 229
0 180 192 210
0 181 209
0 182 195
0 183 217
0 184 224
1 18
1 11
1 22
1 1
1 28
1 14
1 17
1 27
1 0
1 30
1 7
1 29
1 12
1 2
1 10
1 24
1 20
1 13
1 6
1 31
1 4
1 15
1 8
1 5
1 26
1 3
1 23
1 25
1 21
1 9
1 16
1 19
0 33
0 35
0 34
0 32
0 36
0 39
0 40
0 38
0 37
0 44
0 43
0 41
0 45
0 42
