2
185 46
1 0 185
1 1 186
1 2 187
1 3 188
1 4 189
1 5 190
1 6 191
1 7 192
1 8 193 194
1 9 195
1 10 196 197
1 11 198
1 12 193
1 13 199
1 14 189
1 15 200
1 16 189
1 17 201 188
1 18 202
1 19 203 204
1 20 187
1 21 205
1 22 198
1 23 206 207
1 24 205
1 25 208 209
1 26 210
1 27 208 211
1 28 190
1 29 212
1 30 208
1 31 213 214
1 32 196 215
1 33 192
1 34 216
1 35 217
1 36 185 198
1 37 203
1 38 197
1 39 218 195
1 40 214
1 41 188
1 42 219
1 43 207
1 44 185 187
1 45 220
1 46 216
1 47 221
1 48 222 198
1 49 223 199
1 50 224 200
1 51 199 200
1 52 220
1 53 223
1 54 202 220
1 55 223
1 56 204
1 57 203
1 58 225 226
1 59 211
1 60 224
1 61 196
1 62 217 192
1 63 200
1 64 227
1 65 215
1 66 228
1 67 229
1 68 201
1 69 200
1 70 229
1 71 191 228
1 72 219
1 73 189 214
1 74 188 221
1 75 215
1 76 218
1 77 194
1 78 211
1 79 196
1 80 196
1 81 224
1 82 212
1 83 204 227
1 84 214
1 85 190
1 86 217
1 87 192
1 88 191
1 89 228
1 90 210
1 91 209
1 92 206
1 93 186
1 94 199
1 95 208
1 96 221
1 97 201
1 98 186 193
1 99 212 215
1 100 219 225
1 101 191
1 102 210 227
1 103 226 230
1 104 225
1 105 213
1 106 221
1 107 218
1 108 227
1 109 185
1 110 220 224
1 111 188
1 112 204
1 113 218
1 114 221 190
1 115 212 228
1 116 225
1 117 202
1 118 193
1 119 228
1 120 194
1 121 222
1 122 186 195
1 123 197
1 124 223 230
1 125 229
1 126 220
1 127 225
1 128 217 219
1 129 226
1 130 222
1 131 204
1 132 203
1 133 222
1 134 207
1 135 218 229
1 136 226
1 137 230
1 138 185
1 139 194
1 140 205
1 141 201 203
1 142 195
1 143 191
1 144 223
1 145 213
1 146 230
1 147 224
1 148 217
1 149 187 216
1 150 197
1 151 222 229
1 152 213 197
1 153 190 206
1 154 227
1 155 216
1 156 195
1 157 202
1 158 187
1 159 192 211
1 160 230
1 161 209 216
1 162 199
1 163 193
1 164 206
1 165 214
0 166 212
0 167 207
0 168 202 205
0 169 213
0 170 226
0 171 206
0 172 205 189
0 173 186
0 174 207
0 175 210
0 176 208
0 177 198
0 178 209
0 179 219
0 180 215
0 181 210 194
0 182 211
0 183 201
0 184 209
1 7
1 20
1 10
1 0
1 13
1 3
1 15
1 12
1 23
1 33
1 14
1 19
1 35
1 5
1 4
1 38
1 39
1 11
1 18
1 29
1 8
1 21
1 26
1 2
1 30
1 32
1 17
1 6
1 27
1 34
1 1
1 36
1 31
1 40
1 28
1 24
1 25
1 16
1 37
1 22
1 9
0 42
0 41
0 44
0 43
0 45
