2
185 46
1 0 185
1 1 186 187
1 2 188
1 3 189
1 4 190
1 5 186
1 6 191
1 7 192 193
1 8 194
1 9 195 196
1 10 197
1 11 198
1 12 199
1 13 189
1 14 185
1 15 200
1 16 193
1 17 198
1 18 191
1 19 193
1 20 201
1 21 202
1 22 189 193
1 23 194
1 24 200
1 25 203 191
1 26 186
1 27 204
1 28 196
1 29 194
1 30 205
1 31 206
1 32 207
1 33 203
1 34 208
1 35 209
1 36 210
1 37 196
1 38 211 197
1 39 204 212
1 40 213 197
1 41 214 200
1 42 203 187
1 43 187
1 44 185 207
1 45 215
1 46 208 211
1 47 217 216
1 48 195
1 49 218 208
1 50 219
1 51 192
1 52 214
1 53 220 221
1 54 212
1 55 215
1 56 217
1 57 222
1 58 210
1 59 221
1 60 204
1 61 219
1 62 223
1 63 220
1 64 216
1 65 211
1 66 224
1 67 220
1 68 206 225
1 69 226
1 70 227 213
1 71 228
1 72 209 228
1 73 224 194
1 74 204
1 75 192
1 76 217
1 77 226
1 78 188
1 79 196
1 80 213
1 81 208
1 82 222
1 83 216
1 84 188
1 85 224
1 86 199
1 87 204 191
1 88 190
1 89 226
1 90 221 200
1 91 229
1 92 198 215
1 93 186 224
1 94 200
1 95 222
1 96 192
1 97 185
1 98 219
1 99 218 229
1 100 229
1 101 189
1 102 212
1 103 187
1 104 228
1 105 197
1 106 195
1 107 207
1 108 221
1 109 187
1 110 219 210
1 111 190 212
1 112 225
1 113 229
1 114 190
1 115 205 230
1 116 206
1 117 216
1 118 188
1 119 227
1 120 201
1 121 223
1 122 211
1 123 227 196
1 124 186
1 125 220
1 126 201
1 127 210
1 128 214
1 129 223 216
1 130 210 214
1 131 209
1 132 188 230
1 133 217 202
1 134 212
1 135 218
1 136 209 226
1 137 202
1 138 221
1 139 195
1 140 218
1 141 208
1 142 190 229
1 143 222 194
1 144 207
1 145 214
1 146 224
1 147 203
0 148 202 219
0 149 226 198
0 150 213
0 151 193
0 152 225
0 153 225
0 154 223
0 155 206 207
0 156 206
0 157 217
0 158 228 199
0 159 211
0 160 199
0 161 220 195
0 162 191
0 163 227
0 164 185 222
0 165 228
0 166 205
0 167 189 225
0 168 198
0 169 215
0 170 209
0 171 201 215
0 172 192
0 173 218
0 174 205
0 175 230
0 176 227
0 177 202
0 178 205 199
0 179 201 223
0 180 203
0 181 197
0 182 230
0 183 230
0 184 213
1 12
1 21
1 35
1 20
1 26
1 23
1 6
1 5
1 7
1 34
1 17
1 24
1 19
1 30
1 31
1 29
1 27
1 3
1 11
1 8
1 1
1 0
1 22
1 16
1 28
1 15
1 2
1 18
1 14
1 13
1 4
1 9
1 25
1 33
1 32
1 10
0 40
0 37
0 38
0 36
0 39
0 42
0 43
0 44
0 45
0 41
