2
185 46
1 0 185
1 1 186
1 2 187
1 3 188
1 4 189
1 5 190
1 6 191
1 7 192 193
1 8 194
1 9 195
1 10 196 197
1 11 198
1 12 199
1 13 200
1 14 201
1 15 202
1 16 186
1 17 203
1 18 204 199
1 19 205 206
1 20 207
1 21 208
1 22 209
1 23 193
1 24 210
1 25 211
1 26 212 213
1 27 210 214
1 28 209 215
1 29 200
1 30 193
1 31 200
1 32 216
1 33 205
1 34 217
1 35 188
1 36 218
1 37 219
1 38 198
1 39 201
1 40 220
1 41 218
1 42 217 220
1 43 205
1 44 221 195
1 45 222
1 46 209
1 47 223
1 48 224
1 49 225
1 50 189 199
1 51 187 200
1 52 206 200
1 53 226 211
1 54 186
1 55 212
1 56 222 216
1 57 190
1 58 226
1 59 214
1 60 201 185
1 61 185
1 62 185 186
1 63 208
1 64 219 210
1 65 213
1 66 194 198
1 67 196
1 68 227
1 69 213
1 70 226
1 71 222
1 72 190 224
1 73 220
1 74 214
1 75 228
1 76 218
1 77 205
1 78 221
1 79 195 229
1 80 189
1 81 211
1 82 208 225
1 83 230
1 84 199
1 85 203
1 86 207 216
1 87 218 228
1 88 192
1 89 230
1 90 226
1 91 216
1 92 222 191
1 93 210
1 94 210
1 95 196
1 96 202
1 97 189 228
1 98 215
1 99 227
1 100 188 229
1 101 216
1 102 198
1 103 195
1 104 214
1 105 194
1 106 203 227
1 107 189
1 108 204 207
1 109 225
1 110 221 213
1 111 224
1 112 195
1 113 187
1 114 219
1 115 187
1 116 221
1 117 191
1 118 192
1 119 220 205
1 120 204
1 121 224 230
1 122 196
1 123 215
1 124 222
1 125 190 223
1 126 211
1 127 192
1 128 217
1 129 217
1 130 225
1 131 220
1 132 190
1 133 223
1 134 203 209
1 135 230
1 136 229
1 137 223 192
1 138 204
1 139 203
1 140 208 214
1 141 202 225
1 142 197
1 143 204
1 144 223
1 145 187 196
1 146 219 211
1 147 215
0 148 202
0 149 194 212
0 150 207
0 151 188 227
0 152 194
0 153 229
0 154 221
0 155 206
0 156 193
0 157 212
0 158 197
0 159 224
0 160 191 197
0 161 201
0 162 191
0 163 208
0 164 185
0 165 202
0 166 199
0 167 193 226
0 168 217
0 169 209
0 170 213
0 171 228
0 172 218 215
0 173 188
0 174 207
0 175 201 198
0 176 212
0 177 206
0 178 227
0 179 229
0 180 228
0 181 219
0 182 197
0 183 206
0 184 186 230
1 19
1 31
1 30
1 20
1 2
1 0
1 33
1 11
1 35
1 8
1 26
1 9
1 13
1 5
1 29
1 25
1 17
1 34
1 4
1 12
1 3
1 10
1 14
1 6
1 18
1 1
1 21
1 15
1 22
1 7
1 16
1 23
1 27
1 24
1 28
1 32
0 36
0 39
0 40
0 38
0 37
0 41
0 42
0 43
0 45
0 44
