2
185 46
1 0 185
1 1 186 187
1 2 187 188
1 3 189
1 4 190
1 5 191 192
1 6 193
1 7 194
1 8 195
1 9 191
1 10 188
1 11 195
1 12 194
1 13 196
1 14 197
1 15 198
1 16 199
1 17 200
1 18 201
1 19 202 203
1 20 204 195
1 21 205 206
1 22 203
1 23 204
1 24 207
1 25 186
1 26 208
1 27 209
1 28 206
1 29 210 211
1 30 212
1 31 196
1 32 213 214
1 33 207
1 34 215
1 35 216
1 36 208
1 37 192
1 38 198
1 39 217
1 40 218 211
1 41 219
1 42 194
1 43 196
1 44 188
1 45 203
1 46 209
1 47 220
1 48 189
1 49 185
1 50 218
1 51 197
1 52 221
1 53 211
1 54 222
1 55 191
1 56 190 198
1 57 223
1 58 198
1 59 209
1 60 222 199
1 61 224
1 62 223 225
1 63 197
1 64 206
1 65 204
1 66 221 215
1 67 200
1 68 210 194
1 69 221 224
1 70 193
1 71 214
1 72 219
1 73 220
1 74 226
1 75 227
1 76 199
1 77 209 194
1 78 195 216
1 79 208
1 80 228
1 81 220
1 82 201 220
1 83 201 209
1 84 185 228
1 85 229
1 86 213
1 87 215
1 88 230
1 89 199
1 90 215
1 91 196 197
1 92 224
1 93 224
1 94 222 208
1 95 189
1 96 222
1 97 229
1 98 218 228
1 99 192
1 100 192 226
1 101 210
1 102 211
1 103 187
1 104 226
1 105 186 212
1 106 206 198
1 107 223 207
1 108 223
1 109 203
1 110 189 199
1 111 190
1 112 217
1 113 204
1 114 225
1 115 223
1 116 191
1 117 203
1 118 214
1 119 185
1 120 189 200
1 121 202
1 122 193
1 123 201
1 124 187
1 125 227
1 126 202 191
1 127 205
1 128 207
1 129 229
1 130 197 214
1 131 219 220
1 132 210
1 133 219
1 134 186
1 135 188 216
1 136 221
1 137 225 215
1 138 226
1 139 213
1 140 202
1 141 202
1 142 217 213
1 143 200
1 144 230
1 145 195
1 146 228
1 147 193 227
0 148 229 230
0 149 190
0 150 218
0 151 230
0 152 205
0 153 219 190
0 154 205
0 155 222
0 156 214
0 157 217
0 158 206
0 159 192
0 160 228
0 161 227
0 162 216
0 163 225
0 164 225
0 165 218
0 166 204 193
0 167 212
0 168 224 200
0 169 217 229
0 170 212
0 171 221
0 172 187
0 173 216
0 174 227
0 175 210
0 176 188
0 177 205 207
0 178 208 212
0 179 226 196
0 180 186
0 181 201
0 182 185 230
0 183 213
0 184 211
1 25
1 12
1 24
1 18
1 26
1 1
1 13
1 16
1 29
1 23
1 21
1 0
1 7
1 35
1 31
1 3
1 10
1 20
1 33
1 14
1 4
1 15
1 30
1 19
1 9
1 8
1 28
1 34
1 11
1 17
1 22
1 32
1 2
1 27
1 5
1 6
0 40
0 37
0 39
0 36
0 38
0 44
0 42
0 45
0 43
0 41
