2
185 46
1 0 185 186
1 1 187
1 2 188
1 3 185
1 4 186
1 5 189
1 6 190 191
1 7 192
1 8 193
1 9 194
1 10 189
1 11 195
1 12 196
1 13 197 198
1 14 199
1 15 200
1 16 201
1 17 202 200
1 18 203
1 19 204
1 20 205
1 21 206
1 22 185 203
1 23 189 192
1 24 207
1 25 207
1 26 208
1 27 209
1 28 206 193
1 29 210
1 30 211
1 31 201
1 32 212
1 33 213 214
1 34 206
1 35 203 196
1 36 209
1 37 207 215
1 38 217 216
1 39 218 207
1 40 214
1 41 205 212
1 42 195
1 43 211
1 44 219 211
1 45 214
1 46 220 195
1 47 197
1 48 221
1 49 222
1 50 223
1 51 223 197
1 52 213
1 53 217
1 54 200
1 55 212
1 56 206 214
1 57 191
1 58 212
1 59 194
1 60 224
1 61 190
1 62 219
1 63 219
1 64 207
1 65 216
1 66 224
1 67 201
1 68 218
1 69 225
1 70 220 212
1 71 222
1 72 220
1 73 191
1 74 218 226
1 75 199
1 76 202
1 77 226
1 78 203
1 79 187
1 80 220
1 81 205
1 82 194
1 83 227
1 84 228
1 85 204
1 86 227
1 87 229
1 88 230
1 89 205 213
1 90 210 216
1 91 221 227
1 92 198
1 93 216
1 94 224
1 95 201 198
1 96 205
1 97 223
1 98 225
1 99 230
1 100 215 199
1 101 230
1 102 198
1 103 194 196
1 104 188
1 105 217 209
1 106 204 188
1 107 189 229
1 108 215
1 109 220
1 110 199
1 111 190
1 112 185
1 113 208
1 114 215
1 115 204
1 116 223 224
1 117 227
1 118 187 225
1 119 196
1 120 217
1 121 211
1 122 229
1 123 221
1 124 200
1 125 219 210
1 126 209
1 127 189
1 128 193
1 129 206
1 130 226
1 131 186 226
1 132 196
1 133 202
1 134 198
1 135 203
1 136 187
1 137 221 191
1 138 221
1 139 228
1 140 225
1 141 229
1 142 192
1 143 222 211
1 144 195
1 145 225 195
1 146 208
1 147 190
1 148 186
1 149 208 228
1 150 218
1 151 192
1 152 197
1 153 194 229
1 154 201 202
1 155 191
1 156 217
1 157 218
1 158 190 200
1 159 187 188
1 160 186
1 161 224 230
1 162 219
1 163 222
1 164 213
1 165 215
0 166 185
0 167 210
0 168 216
0 169 192
0 170 213
0 171 230
0 172 197
0 173 193 227
0 174 228
0 175 204 222
0 176 214
0 177 209 228
0 178 193
0 179 188
0 180 223
0 181 202
0 182 208 199
0 183 226
0 184 210
1 13
1 39
1 15
1 35
1 9
1 5
1 34
1 24
1 27
1 17
1 32
1 38
1 3
1 29
1 20
1 1
1 8
1 36
1 14
1 23
1 30
1 40
1 21
1 4
1 26
1 22
1 37
1 28
1 2
1 33
1 16
1 19
1 31
1 0
1 18
1 6
1 7
1 12
1 11
1 25
1 10
0 42
0 41
0 43
0 44
0 45
