2
185 46
1 0 185
1 1 186 187
1 2 188
1 3 189
1 4 189
1 5 190
1 6 191
1 7 187
1 8 192 193
1 9 194
1 10 195 196
1 11 197
1 12 198 199
1 13 200
1 14 201
1 15 186
1 16 202
1 17 203
1 18 185
1 19 202
1 20 204
1 21 205 206
1 22 207
1 23 198
1 24 196
1 25 208
1 26 206
1 27 194
1 28 209
1 29 210
1 30 211
1 31 212
1 32 195
1 33 213
1 34 209 214
1 35 215
1 36 217 216
1 37 203 187
1 38 198
1 39 199
1 40 193
1 41 206
1 42 210
1 43 204
1 44 218 199
1 45 219 206
1 46 220 207
1 47 221
1 48 222
1 49 188
1 50 217
1 51 207
1 52 185 218
1 53 193
1 54 209
1 55 216
1 56 212
1 57 204
1 58 218
1 59 223
1 60 224
1 61 225 196
1 62 201
1 63 197 215
1 64 215
1 65 209
1 66 226
1 67 220
1 68 191
1 69 201 221
1 70 192
1 71 190
1 72 224
1 73 217 223
1 74 195
1 75 226
1 76 192
1 77 219
1 78 219
1 79 227
1 80 213
1 81 224
1 82 205
1 83 228
1 84 217
1 85 227
1 86 229
1 87 209 194
1 88 216
1 89 207
1 90 200
1 91 188
1 92 204 189
1 93 219
1 94 196
1 95 191
1 96 198
1 97 208 213
1 98 229
1 99 193 200
1 100 220 197
1 101 219 198
1 102 195
1 103 202 229
1 104 222 226
1 105 190
1 106 215
1 107 189
1 108 221 225
1 109 214
1 110 208
1 111 223 230
1 112 211
1 113 205
1 114 217
1 115 210
1 116 186
1 117 189 227
1 118 194
1 119 226 230
1 120 201
1 121 190 228
1 122 187
1 123 185
1 124 218
1 125 193
1 126 227 212
1 127 223
1 128 230
1 129 221
1 130 223
1 131 221
1 132 229
1 133 214 216
1 134 197
1 135 222
1 136 205
1 137 225
1 138 210 211
1 139 230
1 140 222 208
1 141 214
1 142 214
1 143 202
1 144 225
1 145 201 224
1 146 206
1 147 196
1 148 222
1 149 220
1 150 199
1 151 186 229
1 152 208
1 153 228 212
1 154 197
1 155 212
1 156 185 192
1 157 211 200
1 158 220
1 159 188 224
1 160 200
1 161 188 213
1 162 203 191
1 163 192
1 164 187
1 165 207
0 166 186
0 167 213
0 168 216
0 169 205 194
0 170 228
0 171 226
0 172 218
0 173 190
0 174 210 215
0 175 230
0 176 202 204
0 177 227
0 178 203
0 179 199
0 180 191 195
0 181 203
0 182 211
0 183 225
0 184 228
1 37
1 13
1 34
1 9
1 35
1 30
1 36
1 26
1 27
1 21
1 3
1 32
1 6
1 4
1 23
1 39
1 22
1 16
1 12
1 10
1 19
1 29
1 17
1 25
1 40
1 11
1 8
1 24
1 2
1 18
1 5
1 0
1 7
1 33
1 28
1 1
1 31
1 15
1 38
1 20
1 14
0 44
0 45
0 42
0 41
0 43
