2
185 46
1 0 185 186
1 1 187
1 2 187 188
1 3 189 190
1 4 191
1 5 192 193
1 6 186
1 7 192 194
1 8 195
1 9 196 197
1 10 198
1 11 192
1 12 199
1 13 200
1 14 185
1 15 201 198
1 16 202
1 17 195
1 18 203
1 19 204
1 20 205
1 21 206
1 22 207
1 23 208
1 24 208
1 25 208
1 26 209
1 27 207
1 28 210
1 29 205
1 30 193
1 31 211
1 32 188
1 33 194
1 34 188
1 35 212
1 36 213 214
1 37 215
1 38 188 216
1 39 190
1 40 217 200
1 41 218
1 42 189
1 43 216
1 44 219
1 45 185
1 46 204
1 47 217 196
1 48 220
1 49 206 191
1 50 221
1 51 192
1 52 217
1 53 199
1 54 205 213
1 55 219 204
1 56 218 222
1 57 213
1 58 185 223
1 59 219
1 60 209
1 61 217
1 62 212
1 63 193
1 64 223
1 65 196
1 66 196
1 67 195 212
1 68 211
1 69 221 205
1 70 224
1 71 224
1 72 221 208
1 73 209 210
1 74 191
1 75 223
1 76 190 225
1 77 226
1 78 220
1 79 194
1 80 201
1 81 227 228
1 82 194
1 83 229
1 84 189
1 85 193 226
1 86 202 209
1 87 201
1 88 200
1 89 187
1 90 215
1 91 206
1 92 200
1 93 202 225
1 94 215 216
1 95 192
1 96 207 212
1 97 201
1 98 213
1 99 218 211
1 100 207 215
1 101 230
1 102 229
1 103 218
1 104 220
1 105 229 214
1 106 208 230
1 107 205
1 108 207
1 109 228
1 110 204
1 111 201
1 112 202
1 113 218
1 114 223
1 115 222
1 116 214
1 117 204 224
1 118 219 210
1 119 230
1 120 197
1 121 227
1 122 226
1 123 226 229
1 124 221
1 125 222
1 126 199
1 127 190
1 128 211 195
1 129 211
1 130 203
1 131 225
1 132 228
1 133 224
1 134 197
1 135 215
1 136 228
1 137 197
1 138 203 224
1 139 206
1 140 198
1 141 195
1 142 185
1 143 226
1 144 190
1 145 198
1 146 186 220
1 147 187 223
0 148 214
0 149 189 222
0 150 187
0 151 225
0 152 225
0 153 228 198
0 154 216
0 155 221
0 156 203
0 157 210
0 158 209
0 159 189
0 160 219
0 161 210
0 162 227
0 163 222
0 164 203 197
0 165 216
0 166 227
0 167 217
0 168 193
0 169 196
0 170 230 199
0 171 214
0 172 206 227
0 173 188
0 174 212
0 175 191 199
0 176 186
0 177 229
0 178 191
0 179 200
0 180 220 194
0 181 230
0 182 202
0 183 186
0 184 213
1 4
1 31
1 16
1 17
1 12
1 14
1 18
1 6
1 24
1 35
1 23
1 0
1 33
1 8
1 13
1 34
1 10
1 7
1 22
1 15
1 20
1 29
1 32
1 2
1 19
1 9
1 11
1 28
1 21
1 25
1 1
1 5
1 30
1 26
1 27
1 3
0 38
0 37
0 39
0 36
0 40
0 44
0 41
0 45
0 42
0 43
