2
185 46
1 0 185
1 1 186
1 2 187
1 3 188
1 4 189 190
1 5 191 192
1 6 185 193
1 7 194 195
1 8 196
1 9 197
1 10 198
1 11 199
1 12 201 200
1 13 202
1 14 203
1 15 204 205
1 16 206
1 17 207 208
1 18 209
1 19 210
1 20 193
1 21 211 199
1 22 201
1 23 212
1 24 211
1 25 186 213
1 26 188 214
1 27 215
1 28 197
1 29 200
1 30 195
1 31 201 187
1 32 207
1 33 215
1 34 216
1 35 217 218
1 36 219
1 37 199
1 38 205
1 39 212
1 40 218
1 41 189
1 42 220 206
1 43 211
1 44 217 197
1 45 220
1 46 221 215
1 47 205
1 48 202
1 49 222
1 50 192 199
1 51 204
1 52 203 216
1 53 218
1 54 203 223
1 55 198
1 56 222
1 57 188
1 58 195
1 59 187 212
1 60 186 189
1 61 185
1 62 200
1 63 224
1 64 225
1 65 186
1 66 194
1 67 196
1 68 226
1 69 217
1 70 227
1 71 221
1 72 203
1 73 224 216
1 74 206 223
1 75 192
1 76 225
1 77 226 195
1 78 217
1 79 214
1 80 219 226
1 81 188
1 82 193
1 83 206
1 84 191 227
1 85 210
1 86 194
1 87 228
1 88 188 196
1 89 189
1 90 197
1 91 187
1 92 211
1 93 219
1 94 192
1 95 213
1 96 224 213
1 97 198
1 98 222
1 99 194
1 100 199
1 101 225 198
1 102 204 196
1 103 219 190
1 104 191
1 105 229
1 106 227
1 107 226
1 108 205 209
1 109 214
1 110 222 209
1 111 200
1 112 208 214
1 113 216
1 114 201
1 115 193
1 116 204
1 117 185 229
1 118 202
1 119 230
1 120 209
1 121 208
1 122 223
1 123 221 193
1 124 202 198
1 125 229
1 126 213
1 127 226
1 128 221
1 129 209
1 130 210
1 131 216
1 132 213
1 133 189
1 134 224
1 135 228
1 136 215
1 137 190
1 138 208
1 139 220
1 140 186
1 141 224
1 142 192
1 143 218
1 144 219
1 145 220 210
1 146 218 210
1 147 206
0 148 214
0 149 230
0 150 191
0 151 204
0 152 196
0 153 194 211
0 154 205
0 155 202
0 156 207 230
0 157 185
0 158 207
0 159 223
0 160 190
0 161 212
0 162 217
0 163 220
0 164 197
0 165 221
0 166 227
0 167 225 215
0 168 225
0 169 187
0 170 229
0 171 190
0 172 201
0 173 207
0 174 195
0 175 228
0 176 222 229
0 177 228 212
0 178 230 200
0 179 230
0 180 203
0 181 191
0 182 208
0 183 223
0 184 227 228
1 7
1 3
1 5
1 27
1 15
1 29
1 31
1 33
1 10
1 4
1 21
1 16
1 6
1 30
1 20
1 0
1 8
1 12
1 26
1 2
1 28
1 11
1 13
1 14
1 22
1 34
1 18
1 32
1 9
1 25
1 23
1 17
1 19
1 35
1 24
1 1
0 36
0 39
0 40
0 37
0 38
0 41
0 43
0 45
0 44
0 42
