2
185 46
1 0 185 186
1 1 187 188
1 2 189
1 3 190
1 4 191 192
1 5 193
1 6 194
1 7 195
1 8 196
1 9 197
1 10 198 199
1 11 200
1 12 201
1 13 189
1 14 202
1 15 203
1 16 204
1 17 205
1 18 193
1 19 206 207
1 20 208
1 21 209
1 22 210
1 23 202 211
1 24 212
1 25 203 213
1 26 189 214
1 27 215
1 28 206
1 29 202
1 30 216
1 31 217
1 32 186 218
1 33 192
1 34 219
1 35 188
1 36 220
1 37 221 192
1 38 221
1 39 194 199
1 40 211
1 41 196
1 42 222
1 43 223
1 44 224
1 45 195
1 46 218
1 47 217
1 48 205
1 49 187
1 50 189
1 51 216
1 52 225 213
1 53 187
1 54 191 197
1 55 204 195
1 56 207
1 57 226 200
1 58 227
1 59 191
1 60 219 221
1 61 192
1 62 201 222
1 63 205
1 64 203
1 65 228
1 66 223 207
1 67 229
1 68 206
1 69 206
1 70 228 212
1 71 192
1 72 197
1 73 198
1 74 225
1 75 226 196
1 76 227 229
1 77 214
1 78 224
1 79 190
1 80 208
1 81 229
1 82 209 227
1 83 196
1 84 214
1 85 230
1 86 215 200
1 87 202 214
1 88 186
1 89 204
1 90 225
1 91 226
1 92 200
1 93 186
1 94 185 224
1 95 203
1 96 209
1 97 214
1 98 187 223
1 99 222 196
1 100 211
1 101 220
1 102 193
1 103 185
1 104 201
1 105 228
1 106 220
1 107 215
1 108 217 188
1 109 210
1 110 188
1 111 227
1 112 190 197
1 113 218
1 114 223
1 115 216
1 116 203 204
1 117 191
1 118 185
1 119 219 205
1 120 199
1 121 186
1 122 230
1 123 215
1 124 221
1 125 210
1 126 220 211
1 127 209
1 128 213
1 129 208 212
1 130 228 229
1 131 206 194
1 132 199
1 133 202
1 134 198
1 135 218
1 136 211
1 137 226
1 138 199
1 139 213
1 140 190
1 141 221
1 142 210 198
1 143 200
1 144 227
1 145 218
1 146 216
1 147 194
0 148 212
0 149 208 216
0 150 220 224
0 151 197
0 152 188
0 153 222
0 154 187
0 155 223
0 156 193 210
0 157 207
0 158 219
0 159 207
0 160 217
0 161 217 215
0 162 185
0 163 190 209
0 164 230
0 165 219
0 166 195 230
0 167 191
0 168 222
0 169 226
0 170 194
0 171 201
0 172 224
0 173 213
0 174 212
0 175 201 189
0 176 228
0 177 208
0 178 195
0 179 229
0 180 204
0 181 193 230
0 182 198
0 183 205 225
0 184 225
1 14
1 25
1 1
1 22
1 33
1 4
1 13
1 15
1 11
1 19
1 18
1 2
1 5
1 9
1 20
1 3
1 23
1 29
1 28
1 21
1 27
1 6
1 10
1 16
1 31
1 7
1 30
1 12
1 8
1 17
1 32
1 34
1 24
1 35
1 26
1 0
0 40
0 38
0 37
0 39
0 36
0 42
0 41
0 45
0 43
0 44
