2
185 46
1 0 185
1 1 186
1 2 187 188
1 3 189
1 4 187 190
1 5 191
1 6 188
1 7 192 193
1 8 194
1 9 195 196
1 10 196
1 11 197
1 12 198
1 13 199
1 14 201 200
1 15 202
1 16 203
1 17 204
1 18 205 206
1 19 207
1 20 190
1 21 193
1 22 208 193
1 23 209
1 24 210
1 25 211 212
1 26 209 211
1 27 213 214
1 28 185
1 29 201
1 30 195
1 31 194 197
1 32 215
1 33 216
1 34 203 192
1 35 212
1 36 208
1 37 207 199
1 38 217
1 39 218
1 40 219
1 41 220
1 42 221
1 43 222
1 44 195
1 45 194
1 46 189 195
1 47 207
1 48 223
1 49 200
1 50 214
1 51 204 216
1 52 208
1 53 185 219
1 54 222
1 55 224
1 56 198
1 57 221
1 58 211
1 59 220 222
1 60 205
1 61 203
1 62 225
1 63 217
1 64 185 203
1 65 190
1 66 214
1 67 206
1 68 186
1 69 226
1 70 189
1 71 193
1 72 211
1 73 221
1 74 223
1 75 225
1 76 196
1 77 186
1 78 186 200
1 79 215
1 80 187
1 81 217 202
1 82 206 226
1 83 219 223
1 84 218 224
1 85 207
1 86 200
1 87 195
1 88 192
1 89 227 198
1 90 209
1 91 227
1 92 200
1 93 204
1 94 201
1 95 228
1 96 206
1 97 219
1 98 191 229
1 99 213
1 100 189
1 101 228
1 102 205 191
1 103 205
1 104 224 197
1 105 217
1 106 186 228
1 107 230
1 108 226
1 109 212
1 110 190
1 111 218
1 112 214
1 113 227
1 114 191
1 115 190 226
1 116 194
1 117 222
1 118 218
1 119 213
1 120 202
1 121 211
1 122 227
1 123 207 194
1 124 209 215
1 125 230 198
1 126 209
1 127 221
1 128 210
1 129 198
1 130 205
1 131 188
1 132 229
1 133 229
1 134 203
1 135 220
1 136 216
1 137 197
1 138 230
1 139 210
1 140 217 214
1 141 197
1 142 202
1 143 192
1 144 192
1 145 199
1 146 229
1 147 220
1 148 225 199
1 149 208
1 150 213
1 151 215
1 152 228
1 153 193
1 154 220 221
1 155 191
1 156 223
1 157 188 208
1 158 187
1 159 201
1 160 219
1 161 226
1 162 225
1 163 212
1 164 202 227
1 165 225 212
0 166 230 215
0 167 187
0 168 223
0 169 204
0 170 206
0 171 229 216
0 172 199
0 173 196 228
0 174 185
0 175 201 213
0 176 224
0 177 216
0 178 188
0 179 218 210
0 180 224
0 181 230
0 182 204 210
0 183 189 222
0 184 196
1 11
1 37
1 10
1 15
1 1
1 30
1 31
1 21
1 25
1 26
1 7
1 16
1 29
1 27
1 4
1 18
1 36
1 0
1 24
1 12
1 9
1 28
1 40
1 39
1 23
1 32
1 33
1 38
1 19
1 22
1 8
1 6
1 17
1 35
1 20
1 14
1 13
1 2
1 34
1 5
1 3
0 41
0 43
0 45
0 42
0 44
