2
185 46
1 0 185
1 1 186
1 2 187
1 3 188 189
1 4 190
1 5 191
1 6 192
1 7 193
1 8 194
1 9 195 196
1 10 197
1 11 198
1 12 199
1 13 200
1 14 201
1 15 202
1 16 203 204
1 17 205
1 18 187
1 19 186 206
1 20 207
1 21 208
1 22 209
1 23 201 210
1 24 188 211
1 25 194 195
1 26 189
1 27 212
1 28 186 207
1 29 213
1 30 203 214
1 31 190 215
1 32 188
1 33 213
1 34 187 192
1 35 211
1 36 186
1 37 216
1 38 217
1 39 200
1 40 218
1 41 217 191
1 42 219
1 43 220
1 44 191
1 45 186
1 46 197
1 47 215
1 48 194
1 49 220 206
1 50 217
1 51 195
1 52 213
1 53 221
1 54 222 207
1 55 214
1 56 199
1 57 189
1 58 223
1 59 215
1 60 203
1 61 210
1 62 224
1 63 225
1 64 225
1 65 191 226
1 66 225
1 67 226
1 68 212
1 69 227
1 70 228
1 71 227
1 72 222
1 73 217 218
1 74 211
1 75 226
1 76 227 216
1 77 196
1 78 209
1 79 227 196
1 80 200
1 81 190 194
1 82 218 208
1 83 192
1 84 228
1 85 208 199
1 86 203
1 87 220 197
1 88 210
1 89 221
1 90 206
1 91 221
1 92 224
1 93 205 192
1 94 221
1 95 206
1 96 211
1 97 203
1 98 191
1 99 195
1 100 223
1 101 223 212
1 102 185 228
1 103 229
1 104 199 215
1 105 202 189
1 106 209
1 107 202
1 108 216
1 109 201
1 110 219
1 111 196
1 112 219
1 113 207
1 114 229 200
1 115 205
1 116 230
1 117 212
1 118 229 213
1 119 202
1 120 206
1 121 222
1 122 227
1 123 204 198
1 124 220
1 125 193
1 126 204
1 127 187
1 128 215
0 129 205
0 130 217
0 131 199
0 132 218
0 133 226
0 134 188
0 135 198
0 136 214
0 137 197
0 138 190
0 139 194
0 140 192
0 141 219 210
0 142 189
0 143 230
0 144 185 230
0 145 193
0 146 196
0 147 214
0 148 209
0 149 201 224
0 150 202 219
0 151 222 216
0 152 208
0 153 190
0 154 201
0 155 204
0 156 223
0 157 198
0 158 198 200
0 159 218
0 160 228
0 161 208
0 162 205 221
0 163 187 213
0 164 193 214
0 165 210
0 166 230
0 167 223 225
0 168 229
0 169 224
0 170 207
0 171 216
0 172 211 212
0 173 222
0 174 225 209
0 175 204
0 176 226 228
0 177 185
0 178 229
0 179 193 230
0 180 195
0 181 220
0 182 224 197
0 183 185
0 184 188
1 0
1 12
1 20
1 6
1 9
1 30
1 27
1 19
1 21
1 2
1 16
1 25
1 14
1 8
1 18
1 29
1 24
1 5
1 7
1 17
1 10
1 11
1 3
1 15
1 26
1 1
1 22
1 4
1 28
1 23
1 31
1 13
0 34
0 33
0 35
0 32
0 38
0 37
0 39
0 40
0 36
0 41
0 42
0 43
0 45
0 44
