2
185 46
1 0 185
1 1 186
1 2 187
1 3 188
1 4 189
1 5 190
1 6 191
1 7 186
1 8 192
1 9 193
1 10 194
1 11 195
1 12 196 197
1 13 198 199
1 14 200
1 15 201
1 16 202
1 17 203
1 18 190
1 19 204
1 20 205
1 21 204
1 22 206
1 23 189
1 24 207
1 25 208 209
1 26 209
1 27 200
1 28 197
1 29 207
1 30 200
1 31 186
1 32 191
1 33 210
1 34 199
1 35 209
1 36 198
1 37 187
1 38 211
1 39 212
1 40 188
1 41 207 213
1 42 206
1 43 206 214
1 44 210
1 45 215
1 46 216
1 47 189
1 48 217
1 49 205 211
1 50 208
1 51 218 200
1 52 193
1 53 204
1 54 219 188
1 55 193
1 56 220
1 57 196
1 58 221 205
1 59 222
1 60 213
1 61 199
1 62 223 209
1 63 224
1 64 192 210
1 65 216
1 66 225 226
1 67 220
1 68 227 211
1 69 228
1 70 214
1 71 187
1 72 208
1 73 185
1 74 202
1 75 216
1 76 195
1 77 218
1 78 194
1 79 229
1 80 220 215
1 81 186 200
1 82 225
1 83 219
1 84 222
1 85 230
1 86 185 230
1 87 221 194
1 88 199
1 89 189 214
1 90 224 197
1 91 188
1 92 185
1 93 224
1 94 202
1 95 222
1 96 227
1 97 198 216
1 98 204 191
1 99 228
1 100 197
1 101 198
1 102 219
1 103 227
1 104 192 195
1 105 218 189
1 106 201 225
1 107 221
1 108 223
1 109 196 215
1 110 192
1 111 217 212
1 112 201
1 113 224
1 114 213
1 115 194
1 116 223
1 117 203
1 118 228 199
1 119 215
1 120 203 226
1 121 202 186
1 122 190 227
1 123 205
1 124 226
1 125 205
1 126 225
1 127 224 229
1 128 230
1 129 222 191
1 130 217
1 131 203
1 132 226
1 133 211
1 134 225
1 135 197
1 136 228
1 137 218
1 138 208
1 139 215
1 140 220
1 141 203 220
1 142 185 212
1 143 204 228
1 144 221
1 145 209
1 146 195
1 147 201
0 148 207 195
0 149 187 229
0 150 196
0 151 214
0 152 227
0 153 218
0 154 188 193
0 155 223
0 156 230
0 157 190
0 158 213
0 159 192
0 160 207
0 161 196
0 162 208
0 163 210 194
0 164 230
0 165 187 223
0 166 219
0 167 217 222
0 168 193 216
0 169 201 190
0 170 206
0 171 210
0 172 217
0 173 191
0 174 214
0 175 211
0 176 221
0 177 219 206
0 178 212
0 179 226
0 180 202 213
0 181 212
0 182 198
0 183 229
0 184 229
1 4
1 30
1 28
1 35
1 21
1 5
1 10
1 2
1 18
1 31
1 13
1 8
1 25
1 0
1 26
1 17
1 6
1 29
1 33
1 23
1 11
1 34
1 22
1 3
1 14
1 16
1 12
1 32
1 19
1 7
1 15
1 24
1 1
1 9
1 20
1 27
0 36
0 40
0 37
0 38
0 39
0 45
0 42
0 44
0 43
0 41
