2
185 46
1 0 185
1 1 186
1 2 187
1 3 188
1 4 189
1 5 190
1 6 191
1 7 192
1 8 193 194
1 9 195 196
1 10 197
1 11 198
1 12 190 196
1 13 189
1 14 192 199
1 15 191 200
1 16 201
1 17 187 199
1 18 199
1 19 185 202
1 20 197
1 21 203 193
1 22 204
1 23 205
1 24 206
1 25 207
1 26 187
1 27 198
1 28 208
1 29 204
1 30 196
1 31 197
1 32 191
1 33 192
1 34 196
1 35 209
1 36 210
1 37 211
1 38 212 213
1 39 214
1 40 215
1 41 216
1 42 217
1 43 217 188
1 44 218
1 45 219 220
1 46 192
1 47 218
1 48 186 221
1 49 190 209
1 50 190
1 51 186 200
1 52 222
1 53 223
1 54 204
1 55 224
1 56 188
1 57 212
1 58 225
1 59 220
1 60 213
1 61 199
1 62 223 197
1 63 191
1 64 214
1 65 188
1 66 204 210
1 67 226 214
1 68 202
1 69 193
1 70 221
1 71 202
1 72 200
1 73 213
1 74 214
1 75 193
1 76 211
1 77 219
1 78 217 210
1 79 227
1 80 186
1 81 204 207
1 82 186
1 83 207
1 84 194 216
1 85 200
1 86 222
1 87 205 228
1 88 194
1 89 187 215
1 90 221
1 91 226
1 92 223
1 93 219
1 94 221 206
1 95 195
1 96 185
1 97 189 222
1 98 219
1 99 227
1 100 201
1 101 209
1 102 201 224
1 103 208 227
1 104 229
1 105 214 215
1 106 185 229
1 107 220
1 108 197 198
1 109 195
1 110 189
1 111 217
1 112 225
1 113 213
1 114 209
1 115 196
1 116 203 225
1 117 205
1 118 222
1 119 228
1 120 220
1 121 202
1 122 216
1 123 201
1 124 200
1 125 185
1 126 209 227
1 127 206
1 128 230
1 129 203
1 130 194
1 131 227
1 132 212
1 133 218 208
1 134 229
1 135 191 225
1 136 225
1 137 230
1 138 226
1 139 228
1 140 217
1 141 229
1 142 220 230
1 143 228
1 144 189 226
1 145 203
1 146 192 212
1 147 195
0 148 222 223
0 149 188 228
0 150 205
0 151 224
0 152 207
0 153 210
0 154 201 202
0 155 193
0 156 207
0 157 194
0 158 223
0 159 206
0 160 212
0 161 208
0 162 215
0 163 199
0 164 210
0 165 198
0 166 208
0 167 218
0 168 187
0 169 211
0 170 211
0 171 226
0 172 215
0 173 203
0 174 219 206
0 175 216
0 176 229 198
0 177 205 213
0 178 190
0 179 224 195
0 180 221
0 181 224
0 182 211 230
0 183 218 216
0 184 230
1 14
1 0
1 8
1 23
1 28
1 35
1 22
1 13
1 6
1 24
1 7
1 18
1 21
1 16
1 32
1 27
1 31
1 11
1 10
1 33
1 25
1 29
1 19
1 12
1 15
1 9
1 26
1 1
1 17
1 2
1 3
1 4
1 30
1 34
1 5
1 20
0 36
0 40
0 39
0 38
0 37
0 45
0 41
0 42
0 43
0 44
