2
185 46
1 0 185
1 1 186 187
1 2 188 189
1 3 190
1 4 191
1 5 192
1 6 193
1 7 194
1 8 195
1 9 196 197
1 10 187 198
1 11 199
1 12 186
1 13 200
1 14 201
1 15 202
1 16 203
1 17 189
1 18 193
1 19 204
1 20 205
1 21 206 207
1 22 208
1 23 207 195
1 24 209
1 25 210 211
1 26 212
1 27 203
1 28 191
1 29 213
1 30 186
1 31 214
1 32 215
1 33 216
1 34 196
1 35 186
1 36 193
1 37 207
1 38 217
1 39 197
1 40 197
1 41 194
1 42 218
1 43 218 189
1 44 202
1 45 195
1 46 213
1 47 210
1 48 219 220
1 49 200
1 50 221
1 51 201 190
1 52 211
1 53 202
1 54 222
1 55 206
1 56 218
1 57 220 223
1 58 224
1 59 225
1 60 204
1 61 199
1 62 217 203
1 63 221 198
1 64 205 191
1 65 209
1 66 188
1 67 198
1 68 206
1 69 189
1 70 217
1 71 198
1 72 223
1 73 226 212
1 74 208 194
1 75 205
1 76 212
1 77 227 200
1 78 193 194
1 79 228
1 80 206
1 81 204 229
1 82 188 209
1 83 201 203
1 84 194
1 85 220
1 86 209
1 87 222 193
1 88 229
1 89 218 208
1 90 223
1 91 222
1 92 195
1 93 199 216
1 94 226
1 95 222
1 96 214
1 97 208
1 98 196
1 99 214
1 100 224 230
1 101 204
1 102 212
1 103 230
1 104 188
1 105 224
1 106 207
1 107 228
1 108 215
1 109 192 200
1 110 186 196
1 111 210
1 112 220
1 113 214
1 114 227
1 115 205 225
1 116 218
1 117 192
1 118 190 223
1 119 189
1 120 225
1 121 215
1 122 195 199
1 123 202 211
1 124 219 228
1 125 202 206
1 126 229
1 127 185
1 128 219
1 129 211
1 130 229
1 131 201
1 132 213 215
1 133 187
1 134 221
1 135 227
1 136 204 192
1 137 217
1 138 217 229
1 139 196
1 140 185
1 141 226
1 142 210
1 143 230
1 144 188
1 145 228
1 146 214 216
1 147 222 230
0 148 187
0 149 192
0 150 185 215
0 151 201
0 152 221
0 153 190
0 154 224
0 155 225
0 156 220
0 157 227
0 158 230
0 159 208
0 160 224 210
0 161 213
0 162 203
0 163 197
0 164 185 221
0 165 219
0 166 226
0 167 216
0 168 225
0 169 207
0 170 211
0 171 205
0 172 199
0 173 227 197
0 174 191 228
0 175 216
0 176 190
0 177 191
0 178 198
0 179 226 213
0 180 209 212
0 181 223
0 182 200
0 183 219
0 184 187
1 19
1 2
1 7
1 12
1 34
1 27
1 3
1 28
1 18
1 0
1 5
1 13
1 31
1 25
1 33
1 1
1 16
1 14
1 20
1 11
1 6
1 17
1 30
1 9
1 4
1 29
1 35
1 24
1 23
1 22
1 21
1 26
1 8
1 10
1 15
1 32
0 37
0 36
0 38
0 40
0 39
0 41
0 42
0 45
0 44
0 43
