2
185 46
1 0 185
1 1 186
1 2 187
1 3 188
1 4 189
1 5 190
1 6 191 192
1 7 186 189
1 8 193
1 9 194
1 10 195
1 11 195 196
1 12 197
1 13 198 199
1 14 201 200
1 15 202 198
1 16 203 204
1 17 197
1 18 204
1 19 205
1 20 206 207
1 21 188
1 22 208
1 23 209 197
1 24 210
1 25 211
1 26 188 212
1 27 203
1 28 213
1 29 214
1 30 215
1 31 187
1 32 216
1 33 217
1 34 218 215
1 35 185 191
1 36 185
1 37 199
1 38 219
1 39 220
1 40 203
1 41 192
1 42 186 221
1 43 210
1 44 222
1 45 202
1 46 207
1 47 217 205
1 48 219 215
1 49 223
1 50 203 224
1 51 189
1 52 198
1 53 202
1 54 187 193
1 55 195
1 56 190
1 57 205 210
1 58 210
1 59 214
1 60 195
1 61 185
1 62 225 213
1 63 213
1 64 211
1 65 204
1 66 219
1 67 206
1 68 220 226
1 69 223
1 70 192
1 71 207
1 72 189
1 73 200
1 74 208
1 75 193
1 76 201 223
1 77 222 190
1 78 193
1 79 219
1 80 208 227
1 81 224
1 82 191
1 83 220
1 84 224
1 85 197
1 86 207 194
1 87 198
1 88 219 226
1 89 212
1 90 223
1 91 191
1 92 188 228
1 93 212
1 94 216
1 95 226
1 96 185 216
1 97 190 194
1 98 192 225
1 99 206 196
1 100 221
1 101 193 213
1 102 201
1 103 227
1 104 229
1 105 224 214
1 106 197 230
1 107 220 210
1 108 200
1 109 203
1 110 186
1 111 223
1 112 221
1 113 217
1 114 201
1 115 220
1 116 194
1 117 225
1 118 192
1 119 188
1 120 227
1 121 225
1 122 196
1 123 228
1 124 228 199
1 125 222 212
1 126 224
1 127 226
1 128 222
0 129 206
0 130 196
0 131 230
0 132 227
0 133 217 229
0 134 186
0 135 211 195
0 136 211 216
0 137 205
0 138 217
0 139 196
0 140 202
0 141 222
0 142 199
0 143 230
0 144 209
0 145 218
0 146 218 200
0 147 215
0 148 205
0 149 204 221
0 150 209
0 151 206
0 152 218
0 153 209
0 154 228
0 155 225
0 156 228
0 157 187
0 158 200
0 159 194
0 160 212
0 161 202 208
0 162 226
0 163 229
0 164 214
0 165 191
0 166 218
0 167 198
0 168 229
0 169 199
0 170 201
0 171 215
0 172 216
0 173 189
0 174 204
0 175 190
0 176 187 214
0 177 213
0 178 208
0 179 229 230
0 180 221
0 181 230
0 182 207
0 183 211
0 184 209 227
1 7
1 29
1 24
1 10
1 31
1 26
1 4
1 23
1 28
1 20
1 27
1 9
1 12
1 13
1 18
1 22
1 25
1 11
1 3
1 19
1 2
1 5
1 15
1 6
1 1
1 0
1 16
1 21
1 14
1 30
1 8
1 17
0 35
0 33
0 34
0 32
0 38
0 39
0 37
0 36
0 40
0 43
0 44
0 42
0 45
0 41
