2
185 46
1 0 185
1 1 186 187
1 2 188 189
1 3 190
1 4 191 192
1 5 193
1 6 194
1 7 195 196
1 8 197
1 9 191
1 10 187 198
1 11 185 199
1 12 200
1 13 192
1 14 191
1 15 201 202
1 16 203
1 17 204
1 18 194
1 19 190
1 20 205
1 21 199
1 22 206
1 23 196
1 24 207
1 25 194
1 26 196
1 27 208
1 28 209
1 29 207
1 30 192
1 31 202
1 32 210 211
1 33 200
1 34 212
1 35 210
1 36 213 214
1 37 186
1 38 215 216
1 39 201
1 40 189
1 41 217
1 42 204 215
1 43 209
1 44 201
1 45 193
1 46 210
1 47 193 200
1 48 216
1 49 218
1 50 200
1 51 195
1 52 217 195
1 53 219 208
1 54 220
1 55 219
1 56 201
1 57 189
1 58 208
1 59 219
1 60 221
1 61 209
1 62 202
1 63 218
1 64 222
1 65 195
1 66 191
1 67 223
1 68 206
1 69 215
1 70 217
1 71 222
1 72 202 190
1 73 205
1 74 197
1 75 197
1 76 220
1 77 213
1 78 196
1 79 188
1 80 192
1 81 193
1 82 221 200
1 83 219
1 84 208
1 85 224
1 86 207
1 87 206 199
1 88 190 225
1 89 225
1 90 214
1 91 226
1 92 227
1 93 205 228
1 94 229
1 95 221 212
1 96 221
1 97 227
1 98 230
1 99 223
1 100 210
1 101 229
1 102 210 214
1 103 192
1 104 187
1 105 203 227
1 106 212
1 107 203
1 108 204
1 109 197
1 110 222
1 111 206
1 112 198
1 113 186 196
1 114 204 230
1 115 201 194
1 116 208 198
1 117 203 209
1 118 221
1 119 189 229
1 120 230
1 121 205 212
1 122 185
1 123 212
1 124 202
1 125 228
1 126 226
1 127 216
1 128 206 224
1 129 188
1 130 219 207
1 131 211
1 132 220 193
1 133 205
1 134 226
1 135 213 197
1 136 209 226
1 137 229
1 138 224
1 139 223
1 140 198
1 141 211
1 142 187
1 143 187
1 144 225
1 145 186
1 146 213
1 147 214
1 148 199
1 149 218 191
1 150 227
1 151 199
1 152 228
1 153 225 230
1 154 213
1 155 220
1 156 216
1 157 222 223
1 158 218 220
1 159 230
1 160 223 216
1 161 198
1 162 207 211
1 163 188 227
1 164 228
1 165 204
0 166 185
0 167 215
0 168 224 194
0 169 185 226
0 170 214
0 171 225
0 172 218
0 173 228 229
0 174 217
0 175 186
0 176 190
0 177 203
0 178 188
0 179 215
0 180 217 222
0 181 224
0 182 195
0 183 189
0 184 211
1 23
1 13
1 16
1 15
1 22
1 36
1 4
1 33
1 28
1 2
1 9
1 37
1 1
1 6
1 21
1 31
1 3
1 8
1 19
1 26
1 24
1 7
1 14
1 12
1 11
1 10
1 29
1 30
1 0
1 18
1 32
1 38
1 39
1 20
1 27
1 40
1 5
1 17
1 25
1 35
1 34
0 41
0 43
0 42
0 45
0 44
