2
185 46
1 0 185
1 1 186 187
1 2 188
1 3 189
1 4 190 191
1 5 192 193
1 6 194
1 7 195
1 8 196 197
1 9 185
1 10 198 199
1 11 201 200
1 12 202
1 13 203
1 14 204
1 15 205
1 16 206
1 17 203 207
1 18 198
1 19 208
1 20 209 210
1 21 195
1 22 205
1 23 211 212
1 24 213
1 25 214 198
1 26 215
1 27 206 216
1 28 204
1 29 213
1 30 196
1 31 217 195
1 32 200
1 33 188
1 34 197
1 35 203
1 36 218 189
1 37 194
1 38 219
1 39 191
1 40 198
1 41 185 220
1 42 204
1 43 208
1 44 221
1 45 222
1 46 216
1 47 221 223
1 48 199
1 49 219
1 50 188
1 51 224
1 52 224
1 53 216
1 54 225 194
1 55 225
1 56 190
1 57 221
1 58 201
1 59 209
1 60 221
1 61 185 225
1 62 205
1 63 198
1 64 215
1 65 197
1 66 222
1 67 226
1 68 227
1 69 212
1 70 204 211
1 71 227
1 72 206 199
1 73 211
1 74 200
1 75 201
1 76 217
1 77 201
1 78 202 228
1 79 190
1 80 209
1 81 206
1 82 196 213
1 83 210
1 84 226 229
1 85 201 214
1 86 214
1 87 207
1 88 218
1 89 187
1 90 205 227
1 91 212
1 92 208 197
1 93 186
1 94 192
1 95 223 192
1 96 209
1 97 222 229
1 98 220
1 99 216
1 100 187 226
1 101 226
1 102 229
1 103 224
1 104 223
1 105 219 230
1 106 226
1 107 217
1 108 211
1 109 192
1 110 191
1 111 228
1 112 203
1 113 227
1 114 207
1 115 186
1 116 191
1 117 186
1 118 202 186
1 119 212
1 120 224 216
1 121 190
1 122 215
1 123 187
1 124 229
1 125 213
1 126 217 222
1 127 222
1 128 188
1 129 220 215
1 130 212 228
1 131 202
1 132 230
1 133 202
1 134 214
1 135 230
1 136 219 204
1 137 210 200
1 138 205 195
1 139 220
1 140 213
1 141 228
1 142 196
1 143 199
1 144 193 215
1 145 189 207
1 146 218 190
1 147 203 221
1 148 185
1 149 223
1 150 192
1 151 225
1 152 193
1 153 189
1 154 188 191
1 155 218
1 156 208
1 157 200
1 158 228
1 159 230
1 160 207
1 161 210
1 162 210
1 163 218
1 164 196
1 165 209 230
0 166 219
0 167 194
0 168 220
0 169 224 194
0 170 229
0 171 208 227
0 172 199
0 173 187
0 174 195
0 175 223
0 176 189
0 177 206
0 178 217
0 179 214
0 180 197
0 181 211
0 182 193
0 183 225
0 184 193
1 38
1 25
1 36
1 19
1 21
1 22
1 27
1 5
1 7
1 3
1 30
1 6
1 12
1 35
1 37
1 8
1 31
1 18
1 24
1 32
1 17
1 15
1 33
1 2
1 0
1 13
1 4
1 10
1 20
1 29
1 23
1 28
1 39
1 34
1 9
1 16
1 40
1 14
1 1
1 26
1 11
0 45
0 43
0 44
0 41
0 42
