2
185 46
1 0 185
1 1 186
1 2 187 188
1 3 189
1 4 190
1 5 191
1 6 192
1 7 192 193
1 8 186
1 9 194
1 10 195
1 11 196
1 12 197
1 13 195
1 14 198
1 15 195 199
1 16 200
1 17 201
1 18 202 194
1 19 203
1 20 204 190
1 21 205
1 22 206
1 23 207 208
1 24 204
1 25 209
1 26 210
1 27 211
1 28 193
1 29 212 197
1 30 204
1 31 213 214
1 32 200
1 33 215 200
1 34 203
1 35 198 216
1 36 204
1 37 185
1 38 192
1 39 203 215
1 40 217
1 41 191
1 42 214
1 43 190
1 44 218 210
1 45 192
1 46 201 219
1 47 191
1 48 220
1 49 209
1 50 202
1 51 208
1 52 187
1 53 209 195
1 54 199
1 55 197
1 56 203
1 57 185 203
1 58 195
1 59 221 196
1 60 222
1 61 196
1 62 223
1 63 196
1 64 224
1 65 213
1 66 209
1 67 193
1 68 186 205
1 69 220
1 70 208
1 71 202
1 72 211 196
1 73 191 210
1 74 221
1 75 221
1 76 211
1 77 199
1 78 211 212
1 79 212
1 80 219 224
1 81 225
1 82 189 206
1 83 215
1 84 216
1 85 190
1 86 193
1 87 217
1 88 217 208
1 89 222 191
1 90 225
1 91 185
1 92 194
1 93 212
1 94 205
1 95 188
1 96 209 198
1 97 214
1 98 205
1 99 187 206
1 100 226 216
1 101 212
1 102 224
1 103 186
1 104 222
1 105 193 197
1 106 188
1 107 200
1 108 207
1 109 227
1 110 228
1 111 228 213
1 112 221
1 113 214
1 114 219
1 115 189
1 116 225 229
1 117 229
1 118 224 228
1 119 224
1 120 206
1 121 206
1 122 219
1 123 227
1 124 218
1 125 226
1 126 230
1 127 226
1 128 192 214
1 129 185 199
1 130 218
1 131 187
1 132 228
1 133 186 227
1 134 220 229
1 135 199
1 136 222 223
1 137 226
1 138 225
1 139 202 221
1 140 197
1 141 201
1 142 218
1 143 216
1 144 211
1 145 213
1 146 230
1 147 188 227
1 148 188
1 149 205
1 150 227
1 151 207
1 152 215
1 153 215
1 154 220
1 155 198
1 156 187
1 157 219
1 158 202
1 159 230
1 160 229
1 161 223
1 162 201 204
1 163 198
1 164 207
1 165 213
0 166 208
0 167 201
0 168 189 225
0 169 194
0 170 229
0 171 222
0 172 207
0 173 210
0 174 217 218
0 175 194 226
0 176 210
0 177 220 200
0 178 217
0 179 216
0 180 190 230
0 181 228
0 182 223 230
0 183 189
0 184 223
1 32
1 13
1 11
1 36
1 40
1 4
1 37
1 5
1 14
1 24
1 30
1 0
1 7
1 38
1 23
1 10
1 12
1 6
1 16
1 3
1 9
1 18
1 17
1 22
1 1
1 26
1 27
1 8
1 15
1 20
1 39
1 28
1 33
1 25
1 31
1 2
1 29
1 19
1 21
1 34
1 35
0 45
0 42
0 44
0 41
0 43
