2
185 46
1 0 185
1 1 186 187
1 2 188 189
1 3 190
1 4 191
1 5 192
1 6 193
1 7 194 195
1 8 196
1 9 197
1 10 198
1 11 195
1 12 199
1 13 188 200
1 14 201
1 15 202
1 16 201
1 17 203
1 18 204
1 19 185
1 20 191
1 21 205 206
1 22 193
1 23 199
1 24 196
1 25 207
1 26 187
1 27 208
1 28 194
1 29 209
1 30 200
1 31 197
1 32 188
1 33 210 200
1 34 211
1 35 205 211
1 36 212
1 37 190
1 38 204
1 39 198
1 40 202 193
1 41 213
1 42 203 214
1 43 212
1 44 185 189
1 45 215
1 46 216
1 47 207
1 48 195
1 49 217 218
1 50 206
1 51 197
1 52 205
1 53 219 208
1 54 192
1 55 220
1 56 202
1 57 218
1 58 220
1 59 206 196
1 60 216
1 61 221
1 62 189
1 63 213
1 64 203 194
1 65 222
1 66 211
1 67 196
1 68 223 207
1 69 215
1 70 223 193
1 71 210
1 72 224
1 73 225 226
1 74 205
1 75 222
1 76 201 221
1 77 227
1 78 210
1 79 197 216
1 80 228
1 81 212 214
1 82 208
1 83 217
1 84 212
1 85 222 208
1 86 219
1 87 220 190
1 88 216
1 89 187
1 90 227
1 91 217 195
1 92 201
1 93 219
1 94 223
1 95 228
1 96 225 227
1 97 220
1 98 222
1 99 214
1 100 186
1 101 218
1 102 186 207
1 103 223
1 104 221 224
1 105 224
1 106 219
1 107 223
1 108 226
1 109 225
1 110 194
1 111 210 228
1 112 203
1 113 229
1 114 208
1 115 209 198
1 116 190
1 117 185
1 118 205
1 119 218
1 120 213
1 121 192
1 122 230
1 123 194
1 124 228
1 125 206
1 126 221
1 127 202 229
1 128 215
1 129 224 212
1 130 209 211
1 131 198
1 132 206
1 133 207
1 134 189
1 135 188
1 136 204
1 137 186
1 138 216
1 139 226
1 140 209
1 141 214
1 142 197 199
1 143 204 191
1 144 214
1 145 210
1 146 213
1 147 227
1 148 224
1 149 225
1 150 199
1 151 229
1 152 189
1 153 217
1 154 187 196
1 155 218 204
1 156 195
1 157 185 215
1 158 193
1 159 211
1 160 191
1 161 190 230
1 162 188
1 163 203
1 164 226
1 165 187
0 166 192 230
0 167 202
0 168 221
0 169 219 199
0 170 209
0 171 201 226
0 172 227 215
0 173 200
0 174 186
0 175 230
0 176 229
0 177 192 213
0 178 200
0 179 230
0 180 217
0 181 228 229
0 182 220 198
0 183 222 191
0 184 225
1 35
1 11
1 22
1 37
1 38
1 39
1 1
1 16
1 23
1 21
1 27
1 13
1 6
1 34
1 0
1 31
1 12
1 29
1 3
1 19
1 9
1 10
1 15
1 30
1 8
1 18
1 24
1 33
1 26
1 32
1 28
1 20
1 25
1 36
1 17
1 14
1 2
1 4
1 5
1 7
1 40
0 45
0 41
0 42
0 44
0 43
