2
185 46
1 0 185
1 1 186 187
1 2 188 189
1 3 190
1 4 191
1 5 192
1 6 188 193
1 7 194
1 8 195
1 9 196
1 10 197 198
1 11 197
1 12 199
1 13 200
1 14 201
1 15 201
1 16 187
1 17 188
1 18 202
1 19 202
1 20 203
1 21 189
1 22 204
1 23 205
1 24 201 206
1 25 189
1 26 207
1 27 208
1 28 209 210
1 29 197
1 30 211
1 31 212 213
1 32 214
1 33 215
1 34 216
1 35 201 205
1 36 189
1 37 186
1 38 217 189
1 39 218 213
1 40 217
1 41 219 199
1 42 193
1 43 220
1 44 211
1 45 195
1 46 218
1 47 198
1 48 221
1 49 206
1 50 190
1 51 190
1 52 222
1 53 221 216
1 54 223 224
1 55 212
1 56 217
1 57 223
1 58 185
1 59 192 225
1 60 207
1 61 204
1 62 226
1 63 227
1 64 216
1 65 187
1 66 206
1 67 207 198
1 68 191 228
1 69 194 210
1 70 222
1 71 223
1 72 224
1 73 207 225
1 74 213
1 75 193
1 76 220
1 77 223 227
1 78 196 229
1 79 191
1 80 187
1 81 224 214
1 82 202 200
1 83 205
1 84 203
1 85 197
1 86 196
1 87 191
1 88 209
1 89 228
1 90 188
1 91 221
1 92 186
1 93 230 215
1 94 208
1 95 186
1 96 217 205
1 97 192
1 98 218 220
1 99 201
1 100 190 214
1 101 199
1 102 211 200
1 103 213
1 104 187 220
1 105 212
1 106 230
1 107 190 215
1 108 209
1 109 229
1 110 220
1 111 200
1 112 218
1 113 224
1 114 188
1 115 227
1 116 194
1 117 193 216
1 118 229
1 119 219
1 120 206 195
1 121 219
1 122 197
1 123 226
1 124 203 226
1 125 210
1 126 204 191
1 127 209 211
1 128 218
0 129 219
0 130 217
0 131 200
0 132 206
0 133 222
0 134 227
0 135 199
0 136 215
0 137 210
0 138 224
0 139 208 194
0 140 211
0 141 228 196
0 142 209
0 143 226 212
0 144 219 221
0 145 185
0 146 221
0 147 225
0 148 214
0 149 229
0 150 228
0 151 216
0 152 212
0 153 223
0 154 213
0 155 185 195
0 156 226
0 157 225
0 158 192
0 159 202
0 160 203 204
0 161 215
0 162 204
0 163 214
0 164 208
0 165 230
0 166 186 202
0 167 228
0 168 193
0 169 205
0 170 229 230
0 171 222
0 172 225
0 173 207
0 174 198
0 175 195
0 176 222 199
0 177 194
0 178 192 227
0 179 196
0 180 185 208
0 181 230
0 182 198
0 183 203
0 184 210
1 11
1 12
1 18
1 6
1 26
1 28
1 27
1 5
1 8
1 10
1 25
1 30
1 16
1 21
1 23
1 4
1 7
1 17
1 1
1 0
1 15
1 9
1 24
1 19
1 3
1 14
1 29
1 2
1 31
1 20
1 13
1 22
0 34
0 33
0 35
0 32
0 36
0 38
0 37
0 39
0 40
0 41
0 43
0 45
0 42
0 44
