2
185 46
1 0 185 186
1 1 187
1 2 188 189
1 3 188
1 4 190
1 5 191 192
1 6 193
1 7 194
1 8 195 196
1 9 197 198
1 10 199
1 11 187
1 12 201 200
1 13 202
1 14 203 204
1 15 205
1 16 206 197
1 17 207
1 18 208
1 19 209 200
1 20 210
1 21 201
1 22 211
1 23 208
1 24 212
1 25 211
1 26 213
1 27 199
1 28 186
1 29 214
1 30 215
1 31 185
1 32 204
1 33 208
1 34 191
1 35 204 193
1 36 213 216
1 37 208 210
1 38 193
1 39 217
1 40 196
1 41 209
1 42 209
1 43 218
1 44 219 220
1 45 221 214
1 46 220
1 47 199
1 48 193
1 49 200
1 50 198
1 51 201
1 52 194
1 53 185 208
1 54 202 203
1 55 189 213
1 56 185
1 57 217
1 58 222
1 59 196
1 60 216
1 61 189
1 62 192
1 63 195
1 64 223
1 65 224 212
1 66 206
1 67 189
1 68 203
1 69 225
1 70 219
1 71 198
1 72 197
1 73 209 199
1 74 187 195
1 75 223
1 76 191
1 77 203
1 78 203
1 79 221
1 80 226
1 81 201 227
1 82 204
1 83 205 225
1 84 224
1 85 188
1 86 228
1 87 194 196
1 88 216
1 89 217 224
1 90 220
1 91 226
1 92 210 228
1 93 197
1 94 198
1 95 211
1 96 218 229
1 97 226 212
1 98 212
1 99 228
1 100 220
1 101 185
1 102 230 199
1 103 214
1 104 222
1 105 190
1 106 219 194
1 107 197
1 108 212
1 109 221
1 110 210
1 111 190 226
1 112 195
1 113 224
1 114 223 193
1 115 230
1 116 187
1 117 226
1 118 191
1 119 202 215
1 120 225
1 121 227
1 122 217 192
1 123 213
1 124 219
1 125 201
1 126 223
1 127 230
1 128 207
0 129 200
0 130 196
0 131 218 227
0 132 222 211
0 133 229
0 134 186 225
0 135 215
0 136 229
0 137 228
0 138 188 206
0 139 186
0 140 207 228
0 141 202
0 142 220 216
0 143 200
0 144 189
0 145 215
0 146 187 214
0 147 230 215
0 148 186
0 149 229
0 150 227
0 151 205
0 152 205
0 153 190
0 154 227
0 155 224
0 156 213
0 157 221
0 158 218
0 159 230
0 160 202
0 161 205 198
0 162 223 207
0 163 192
0 164 219
0 165 188
0 166 218
0 167 207
0 168 222
0 169 214
0 170 195
0 171 225
0 172 217
0 173 229
0 174 221 211
0 175 194
0 176 191
0 177 190 222
0 178 192
0 179 216
0 180 206
0 181 204
0 182 206
0 183 210
0 184 209
1 8
1 11
1 18
1 4
1 13
1 3
1 15
1 24
1 22
1 25
1 17
1 20
1 28
1 31
1 12
1 19
1 27
1 23
1 9
1 10
1 6
1 14
1 2
1 16
1 7
1 29
1 0
1 1
1 26
1 5
1 30
1 21
0 33
0 35
0 32
0 34
0 38
0 39
0 36
0 40
0 37
0 43
0 45
0 44
0 42
0 41
