2
185 46
1 0 185
1 1 186
1 2 187 188
1 3 189 190
1 4 191
1 5 192
1 6 193 194
1 7 195
1 8 194
1 9 196
1 10 197 198
1 11 199
1 12 190
1 13 200
1 14 201 202
1 15 203
1 16 204
1 17 205
1 18 206
1 19 207 193
1 20 207
1 21 208
1 22 209
1 23 188
1 24 210
1 25 211
1 26 189 191
1 27 189
1 28 212
1 29 213
1 30 188 198
1 31 210 214
1 32 215
1 33 199
1 34 189
1 35 216
1 36 206
1 37 212
1 38 215
1 39 201 195
1 40 216
1 41 203
1 42 189
1 43 217 195
1 44 218
1 45 197
1 46 219 209
1 47 220 221
1 48 219
1 49 221
1 50 187
1 51 208
1 52 202
1 53 222
1 54 205
1 55 223
1 56 185 222
1 57 207
1 58 196 216
1 59 188
1 60 204
1 61 206 194
1 62 204 214
1 63 210
1 64 220 215
1 65 209
1 66 188
1 67 210
1 68 200
1 69 198
1 70 214
1 71 209
1 72 214
1 73 186 221
1 74 199
1 75 217 224
1 76 225
1 77 205 225
1 78 200
1 79 220
1 80 203 226
1 81 219 208
1 82 223
1 83 226
1 84 191
1 85 218
1 86 223 211
1 87 202 227
1 88 228
1 89 206
1 90 204
1 91 226
1 92 225
1 93 201
1 94 185
1 95 193
1 96 222 191
1 97 223
1 98 213
1 99 224
1 100 216
1 101 220
1 102 229 199
1 103 219
1 104 200
1 105 212
1 106 225 196
1 107 229
1 108 227
1 109 211 199
1 110 210
1 111 187 230
1 112 204 215
1 113 198
1 114 222
1 115 218 207
1 116 211
1 117 190 224
1 118 201
1 119 197
1 120 226
1 121 198
1 122 202
1 123 214
1 124 203
1 125 187
1 126 217
1 127 190
1 128 203 205
1 129 212 230
1 130 186 213
1 131 192
1 132 224
1 133 229
1 134 192
1 135 218
1 136 196
1 137 190
1 138 200 216
1 139 228 229
1 140 195
1 141 225
1 142 228 212
1 143 211
1 144 201
1 145 222
1 146 228
1 147 219
0 148 192 213
0 149 197
0 150 194
0 151 186
0 152 209 226
0 153 217
0 154 208
0 155 224
0 156 195
0 157 227
0 158 217
0 159 193
0 160 191
0 161 230
0 162 228
0 163 207
0 164 227
0 165 186
0 166 185 208
0 167 215
0 168 187
0 169 194
0 170 185
0 171 220
0 172 206 197
0 173 230
0 174 213
0 175 193
0 176 229
0 177 221
0 178 218 227
0 179 230
0 180 221
0 181 202
0 182 196
0 183 223 192
0 184 205
1 27
1 16
1 23
1 28
1 4
1 9
1 2
1 25
1 18
1 31
1 1
1 32
1 22
1 29
1 11
1 15
1 12
1 33
1 20
1 19
1 35
1 24
1 30
1 17
1 0
1 10
1 13
1 34
1 7
1 5
1 3
1 21
1 8
1 14
1 26
1 6
0 40
0 39
0 38
0 37
0 36
0 44
0 41
0 42
0 43
0 45
