2
185 46
1 0 185
1 1 186
1 2 187
1 3 188
1 4 189
1 5 190
1 6 185
1 7 191
1 8 190
1 9 192
1 10 191 193
1 11 194
1 12 195
1 13 196
1 14 197
1 15 196
1 16 185 198
1 17 199
1 18 197
1 19 200
1 20 193
1 21 191 200
1 22 201
1 23 202
1 24 203 204
1 25 205
1 26 206
1 27 198
1 28 207
1 29 188
1 30 208
1 31 209
1 32 210
1 33 186 211
1 34 212
1 35 213
1 36 214
1 37 214 215
1 38 217 216
1 39 204
1 40 218 192
1 41 185
1 42 219 220
1 43 211
1 44 221
1 45 222
1 46 187
1 47 223 213
1 48 210
1 49 220
1 50 218
1 51 201
1 52 222
1 53 224 225
1 54 226
1 55 200
1 56 203
1 57 227
1 58 202
1 59 206
1 60 213
1 61 224 228
1 62 228
1 63 188
1 64 229
1 65 189
1 66 191
1 67 229
1 68 226
1 69 224
1 70 224
1 71 228
1 72 207
1 73 205
1 74 189
1 75 220 214
1 76 195
1 77 213 215
1 78 194 230
1 79 191
1 80 203
1 81 207 216
1 82 208 210
1 83 217
1 84 204 197
1 85 206 223
1 86 190
1 87 213
1 88 185 222
1 89 197
1 90 223
1 91 205
1 92 186
1 93 204
1 94 227
1 95 225
1 96 205 229
1 97 199
1 98 209
1 99 197 199
1 100 187 208
1 101 188 196
1 102 201 202
1 103 219
1 104 193
1 105 215
1 106 210
1 107 229
1 108 224
1 109 186
1 110 195
1 111 218
1 112 200
1 113 212
1 114 223
1 115 202
1 116 199
1 117 215
1 118 218 221
1 119 195 229
1 120 202 209
1 121 220
1 122 189 227
1 123 227
1 124 201
1 125 225
1 126 230
1 127 209
1 128 222 190
0 129 226
0 130 192
0 131 205 207
0 132 209 200
0 133 188 227
0 134 216
0 135 217
0 136 219
0 137 189 230
0 138 201 203
0 139 223
0 140 204
0 141 225 212
0 142 221
0 143 214
0 144 217
0 145 192
0 146 230
0 147 225
0 148 203
0 149 216
0 150 207
0 151 196
0 152 198
0 153 194 195
0 154 187 211
0 155 210 212
0 156 208
0 157 187
0 158 215
0 159 208
0 160 193
0 161 212
0 162 186 198
0 163 220
0 164 198
0 165 226
0 166 222
0 167 190 206
0 168 193 228
0 169 206
0 170 211
0 171 194
0 172 192 226
0 173 230
0 174 214
0 175 219
0 176 211
0 177 194
0 178 216
0 179 221 199
0 180 221
0 181 196
0 182 217 219
0 183 218
0 184 228
1 25
1 16
1 24
1 23
1 10
1 27
1 5
1 12
1 15
1 30
1 7
1 14
1 0
1 11
1 2
1 18
1 19
1 4
1 3
1 6
1 17
1 28
1 22
1 26
1 29
1 31
1 8
1 21
1 1
1 13
1 20
1 9
0 35
0 33
0 32
0 34
0 36
0 38
0 40
0 37
0 39
0 43
0 41
0 42
0 45
0 44
