2
185 46
1 0 185
1 1 186
1 2 187 188
1 3 189
1 4 190 191
1 5 192
1 6 191
1 7 193
1 8 194
1 9 195
1 10 196
1 11 186
1 12 197 198
1 13 199
1 14 200
1 15 193
1 16 189
1 17 197
1 18 201 200
1 19 196
1 20 202
1 21 203 195
1 22 190
1 23 204
1 24 200
1 25 205
1 26 206
1 27 207
1 28 208
1 29 203 209
1 30 186 210
1 31 211
1 32 212
1 33 213
1 34 214
1 35 202 215
1 36 213
1 37 216
1 38 207
1 39 209
1 40 203
1 41 185 213
1 42 198
1 43 187
1 44 188
1 45 217 218
1 46 217 219
1 47 211
1 48 185
1 49 220
1 50 197
1 51 186
1 52 221
1 53 218
1 54 222 213
1 55 223
1 56 219
1 57 198
1 58 224
1 59 201
1 60 223
1 61 207
1 62 203
1 63 225
1 64 226
1 65 191
1 66 193
1 67 187
1 68 206 192
1 69 201
1 70 194
1 71 227
1 72 192
1 73 187 228
1 74 229
1 75 229
1 76 195
1 77 228
1 78 217
1 79 194
1 80 205
1 81 228
1 82 218
1 83 212 215
1 84 228 197
1 85 226 196
1 86 192
1 87 189 210
1 88 190
1 89 222
1 90 227 196
1 91 206 223
1 92 191
1 93 214
1 94 220
1 95 199
1 96 228
1 97 185
1 98 208
1 99 191 200
1 100 198
1 101 226
1 102 214
1 103 227
1 104 205
1 105 209
1 106 209
1 107 189
1 108 224 211
1 109 220
1 110 221
1 111 219
1 112 218
1 113 212
1 114 223 211
1 115 218 225
1 116 202 205
1 117 188 192
1 118 215
1 119 227
1 120 221
1 121 185 212
1 122 215
1 123 221
1 124 194 216
1 125 224
1 126 230
1 127 229 214
1 128 226 230
1 129 210
1 130 215
1 131 210
1 132 202
1 133 196
1 134 230
1 135 224
1 136 222
1 137 216
1 138 217
1 139 201
1 140 213
1 141 230
1 142 203
1 143 189 225
1 144 208 199
1 145 204 230
1 146 206
1 147 197
0 148 188
0 149 212
0 150 195
0 151 225
0 152 216
0 153 187
0 154 220 195
0 155 209 216
0 156 190 214
0 157 217
0 158 205 193
0 159 222
0 160 190
0 161 206
0 162 226
0 163 220 229
0 164 204
0 165 199
0 166 211
0 167 225
0 168 210
0 169 188
0 170 200
0 171 204
0 172 207 199
0 173 223
0 174 186 221
0 175 219
0 176 229
0 177 224 193
0 178 208 194
0 179 202
0 180 208
0 181 222 227
0 182 219 198
0 183 207
0 184 201 204
1 27
1 22
1 31
1 33
1 21
1 12
1 26
1 1
1 17
1 18
1 29
1 4
1 2
1 16
1 34
1 32
1 11
1 28
1 5
1 35
1 19
1 25
1 10
1 7
1 8
1 9
1 24
1 30
1 15
1 20
1 0
1 3
1 13
1 23
1 6
1 14
0 40
0 39
0 37
0 38
0 36
0 44
0 45
0 43
0 41
0 42
