2
185 46
1 0 185
1 1 186
1 2 187
1 3 188
1 4 189
1 5 190
1 6 191
1 7 192 193
1 8 194
1 9 195
1 10 188
1 11 194 196
1 12 197
1 13 198
1 14 199 200
1 15 201
1 16 202
1 17 190
1 18 203
1 19 204
1 20 199
1 21 205
1 22 198
1 23 206
1 24 207
1 25 208 209
1 26 210
1 27 211
1 28 187 204
1 29 212
1 30 206
1 31 201
1 32 194
1 33 199
1 34 193
1 35 213
1 36 214
1 37 215
1 38 191 211
1 39 216
1 40 217
1 41 194
1 42 218 219
1 43 200
1 44 215
1 45 203 220
1 46 189
1 47 218
1 48 220 214
1 49 186 216
1 50 221
1 51 222
1 52 197
1 53 187
1 54 222 195
1 55 221
1 56 223 210
1 57 219
1 58 218 221
1 59 190 213
1 60 195
1 61 224 199
1 62 225
1 63 226 200
1 64 220
1 65 202
1 66 210
1 67 220
1 68 185 197
1 69 227
1 70 208
1 71 196
1 72 208
1 73 195
1 74 188 224
1 75 203
1 76 185
1 77 214
1 78 227
1 79 204
1 80 189 228
1 81 196
1 82 222
1 83 204
1 84 202 191
1 85 211
1 86 209
1 87 227 212
1 88 225
1 89 208
1 90 212
1 91 210
1 92 186
1 93 229
1 94 220
1 95 186
1 96 217
1 97 217
1 98 230
1 99 226
1 100 225 213
1 101 229
1 102 186 190
1 103 229
1 104 218
1 105 212
1 106 225 226
1 107 203 207
1 108 201 185
1 109 207
1 110 199
1 111 213
1 112 213
1 113 197
1 114 224
1 115 211
1 116 223 230
1 117 207
1 118 228
1 119 216
1 120 201
1 121 219
1 122 188
1 123 219
1 124 202
1 125 230
1 126 224
1 127 203
1 128 209
1 129 228
1 130 205 215
1 131 201 212
1 132 221
1 133 193
1 134 206 195
1 135 192
1 136 192
1 137 193
1 138 223
1 139 191
1 140 185
1 141 221 206
1 142 227
1 143 214
1 144 207 229
1 145 206
1 146 192 197
1 147 192
1 148 209
1 149 222 198
1 150 194 228
1 151 189 208
1 152 191
1 153 196
1 154 198
1 155 222
1 156 226
1 157 217 227
1 158 216
1 159 228
1 160 205
1 161 224
1 162 205
1 163 218
1 164 217 196
1 165 200
0 166 202 219
0 167 193 198
0 168 229 216
0 169 187 214
0 170 188
0 171 230 215
0 172 204 209
0 173 190
0 174 200
0 175 225
0 176 223
0 177 205
0 178 215
0 179 210 211
0 180 230
0 181 187
0 182 223
0 183 189
0 184 226
1 19
1 9
1 24
1 33
1 31
1 0
1 11
1 5
1 32
1 6
1 26
1 7
1 15
1 18
1 3
1 21
1 4
1 16
1 8
1 27
1 10
1 13
1 12
1 34
1 36
1 38
1 37
1 2
1 20
1 30
1 14
1 1
1 40
1 23
1 29
1 25
1 35
1 22
1 17
1 28
1 39
0 41
0 43
0 42
0 45
0 44
