2
185 46
1 0 185
1 1 186 187
1 2 188
1 3 189
1 4 190
1 5 191 192
1 6 192
1 7 193
1 8 194
1 9 195
1 10 196
1 11 197
1 12 198
1 13 199
1 14 195 200
1 15 201
1 16 202
1 17 203
1 18 204
1 19 205
1 20 206
1 21 207
1 22 208
1 23 209
1 24 208
1 25 201
1 26 199
1 27 195
1 28 210
1 29 185
1 30 203 190
1 31 211
1 32 212
1 33 187
1 34 189 213
1 35 197
1 36 214
1 37 215
1 38 204
1 39 216
1 40 202
1 41 200
1 42 217
1 43 218
1 44 219
1 45 220 190
1 46 221
1 47 222
1 48 220
1 49 203
1 50 192
1 51 223
1 52 224
1 53 225
1 54 207 226
1 55 205
1 56 226
1 57 212
1 58 192
1 59 215
1 60 211 227
1 61 228
1 62 207
1 63 185
1 64 223
1 65 190
1 66 221 195
1 67 222
1 68 200
1 69 194
1 70 218 197
1 71 202
1 72 196 216
1 73 229
1 74 230
1 75 205 208
1 76 226
1 77 208
1 78 229
1 79 206
1 80 201
1 81 204
1 82 213
1 83 212
1 84 194 214
1 85 193
1 86 221
1 87 218
1 88 216
1 89 189
1 90 210
1 91 205
1 92 216
1 93 219
1 94 188 207
1 95 222
1 96 219
1 97 230
1 98 224 199
1 99 191
1 100 220 198
1 101 229
1 102 211
1 103 228 197
1 104 196
1 105 186
1 106 209
1 107 197
1 108 215
1 109 221 227
1 110 206
1 111 209
1 112 194 216
1 113 187 226
1 114 227
1 115 185 204
1 116 225 196
1 117 204 230
1 118 186
1 119 218
1 120 198
1 121 188 189
1 122 229 199
1 123 217
1 124 225
1 125 192 210
1 126 187
1 127 196
1 128 205
1 129 224
1 130 217 202
1 131 230 200
1 132 203
1 133 222 215
1 134 188
1 135 191
1 136 230
1 137 187
1 138 214
1 139 186
1 140 207
1 141 206 211
1 142 228
1 143 219 213
1 144 185 209
1 145 223
1 146 190
1 147 224
1 148 209 215
1 149 210
1 150 194
1 151 186 229
1 152 201 225
1 153 198
1 154 189
1 155 198
1 156 218 214
1 157 226
1 158 199
1 159 222 212
1 160 220
1 161 211
1 162 195
1 163 225
1 164 193 228
1 165 191 212
0 166 213
0 167 206 224
0 168 217
0 169 201 203
0 170 200
0 171 191
0 172 228
0 173 227
0 174 223 210
0 175 213
0 176 220
0 177 217 208
0 178 202 223
0 179 188
0 180 214
0 181 221
0 182 219 193
0 183 193
0 184 227
1 15
1 5
1 23
1 18
1 9
1 39
1 36
1 40
1 29
1 11
1 1
1 21
1 17
1 25
1 12
1 22
1 0
1 31
1 4
1 19
1 13
1 38
1 16
1 34
1 30
1 26
1 3
1 28
1 24
1 6
1 8
1 27
1 20
1 2
1 10
1 7
1 37
1 14
1 32
1 33
1 35
0 43
0 45
0 41
0 44
0 42
