 61  61    557 
  1  62 
 14  62 
  1  75 
 16  62 
  1  77 
 20  62 
  1  81 
 24  62 
  1  85 
 25  62 
  1  86 
  2  63 
  4  63 
  2  65 
 14  63 
  2  75 
 15  63 
  2  76 
 21  63 
  2  82 
 22  63 
  2  83 
 26  63 
  2  87 
 27  63 
  2  88 
 28  63 
  2  89 
  3  64 
  4  64 
  3  65 
 16  64 
  3  77 
 17  64 
  3  78 
 31  64 
  3  92 
 32  64 
  3  93 
 33  64 
  3  94 
 35  64 
  3  96 
 36  64 
  3  97 
  4  65 
  5  65 
  4  66 
  7  65 
  4  68 
 14  65 
  4  75 
 15  65 
  4  76 
 16  65 
  4  77 
 17  65 
  4  78 
 21  65 
  4  82 
 22  65 
  4  83 
 25  65 
  4  86 
 26  65 
  4  87 
 27  65 
  4  88 
 28  65 
  4  89 
 29  65 
  4  90 
 31  65 
  4  92 
 32  65 
  4  93 
 33  65 
  4  94 
 34  65 
  4  95 
 35  65 
  4  96 
 36  65 
  4  97 
 37  65 
  4  98 
 38  65 
  4  99 
 41  65 
  4 102 
  5  66 
  7  66 
  5  68 
  8  66 
  5  69 
 15  66 
  5  76 
 23  66 
  5  84 
 28  66 
  5  89 
 29  66 
  5  90 
 30  66 
  5  91 
 34  66 
  5  95 
 37  66 
  5  98 
 38  66 
  5  99 
 39  66 
  5 100 
 43  66 
  5 104 
  6  67 
  7  67 
  6  68 
 17  67 
  6  78 
 18  67 
  6  79 
 40  67 
  6 101 
 41  67 
  6 102 
 42  67 
  6 103 
 44  67 
  6 105 
 45  67 
  6 106 
  7  68 
  8  68 
  7  69 
 10  68 
  7  71 
 17  68 
  7  78 
 18  68 
  7  79 
 34  68 
  7  95 
 36  68 
  7  97 
 37  68 
  7  98 
 38  68 
  7  99 
 39  68 
  7 100 
 40  68 
  7 101 
 41  68 
  7 102 
 42  68 
  7 103 
 43  68 
  7 104 
 44  68 
  7 105 
 45  68 
  7 106 
 46  68 
  7 107 
 47  68 
  7 108 
 50  68 
  7 111 
  8  69 
 10  69 
  8  71 
 11  69 
  8  72 
 38  69 
  8  99 
 39  69 
  8 100 
 43  69 
  8 104 
 46  69 
  8 107 
 47  69 
  8 108 
 48  69 
  8 109 
 52  69 
  8 113 
  9  70 
 10  70 
  9  71 
 18  70 
  9  79 
 19  70 
  9  80 
 49  70 
  9 110 
 50  70 
  9 111 
 51  70 
  9 112 
 53  70 
  9 114 
 54  70 
  9 115 
 10  71 
 11  71 
 10  72 
 13  71 
 10  74 
 18  71 
 10  79 
 19  71 
 10  80 
 43  71 
 10 104 
 45  71 
 10 106 
 46  71 
 10 107 
 47  71 
 10 108 
 48  71 
 10 109 
 49  71 
 10 110 
 50  71 
 10 111 
 51  71 
 10 112 
 52  71 
 10 113 
 53  71 
 10 114 
 54  71 
 10 115 
 55  71 
 10 116 
 56  71 
 10 117 
 59  71 
 10 120 
 11  72 
 13  72 
 11  74 
 47  72 
 11 108 
 48  72 
 11 109 
 52  72 
 11 113 
 55  72 
 11 116 
 56  72 
 11 117 
 57  72 
 11 118 
 61  72 
 11 122 
 12  73 
 13  73 
 12  74 
 19  73 
 12  80 
 58  73 
 12 119 
 59  73 
 12 120 
 60  73 
 12 121 
 13  74 
 19  74 
 13  80 
 52  74 
 13 113 
 54  74 
 13 115 
 55  74 
 13 116 
 56  74 
 13 117 
 57  74 
 13 118 
 58  74 
 13 119 
 59  74 
 13 120 
 60  74 
 13 121 
 61  74 
 13 122 
 14  75 
 16  75 
 14  77 
 20  75 
 14  81 
 21  75 
 14  82 
 24  75 
 14  85 
 25  75 
 14  86 
 26  75 
 14  87 
 27  75 
 14  88 
 32  75 
 14  93 
 15  76 
 22  76 
 15  83 
 23  76 
 15  84 
 27  76 
 15  88 
 28  76 
 15  89 
 29  76 
 15  90 
 30  76 
 15  91 
 34  76 
 15  95 
 16  77 
 20  77 
 16  81 
 24  77 
 16  85 
 25  77 
 16  86 
 26  77 
 16  87 
 31  77 
 16  92 
 32  77 
 16  93 
 33  77 
 16  94 
 17  78 
 33  78 
 17  94 
 35  78 
 17  96 
 36  78 
 17  97 
 37  78 
 17  98 
 40  78 
 17 101 
 41  78 
 17 102 
 42  78 
 17 103 
 18  79 
 42  79 
 18 103 
 44  79 
 18 105 
 45  79 
 18 106 
 46  79 
 18 107 
 49  79 
 18 110 
 50  79 
 18 111 
 51  79 
 18 112 
 19  80 
 51  80 
 19 112 
 53  80 
 19 114 
 54  80 
 19 115 
 55  80 
 19 116 
 58  80 
 19 119 
 59  80 
 19 120 
 60  80 
 19 121 
 20  81 
 24  81 
 20  85 
 25  81 
 20  86 
 21  82 
 26  82 
 21  87 
 27  82 
 21  88 
 22  83 
 27  83 
 22  88 
 28  83 
 22  89 
 23  84 
 29  84 
 23  90 
 30  84 
 23  91 
 24  85 
 25  85 
 24  86 
 25  86 
 26  86 
 25  87 
 32  86 
 25  93 
 26  87 
 27  87 
 26  88 
 32  87 
 26  93 
 27  88 
 28  88 
 27  89 
 28  89 
 29  89 
 28  90 
 34  89 
 28  95 
 29  90 
 30  90 
 29  91 
 34  90 
 29  95 
 30  91 
 31  92 
 32  92 
 31  93 
 33  92 
 31  94 
 32  93 
 33  93 
 32  94 
 33  94 
 35  94 
 33  96 
 36  94 
 33  97 
 34  95 
 37  95 
 34  98 
 38  95 
 34  99 
 35  96 
 36  96 
 35  97 
 36  97 
 37  97 
 36  98 
 41  97 
 36 102 
 37  98 
 38  98 
 37  99 
 41  98 
 37 102 
 38  99 
 39  99 
 38 100 
 43  99 
 38 104 
 39 100 
 43 100 
 39 104 
 40 101 
 41 101 
 40 102 
 42 101 
 40 103 
 41 102 
 42 102 
 41 103 
 42 103 
 44 103 
 42 105 
 45 103 
 42 106 
 43 104 
 46 104 
 43 107 
 47 104 
 43 108 
 44 105 
 45 105 
 44 106 
 45 106 
 46 106 
 45 107 
 50 106 
 45 111 
 46 107 
 47 107 
 46 108 
 50 107 
 46 111 
 47 108 
 48 108 
 47 109 
 52 108 
 47 113 
 48 109 
 52 109 
 48 113 
 49 110 
 50 110 
 49 111 
 51 110 
 49 112 
 50 111 
 51 111 
 50 112 
 51 112 
 53 112 
 51 114 
 54 112 
 51 115 
 52 113 
 55 113 
 52 116 
 56 113 
 52 117 
 53 114 
 54 114 
 53 115 
 54 115 
 55 115 
 54 116 
 59 115 
 54 120 
 55 116 
 56 116 
 55 117 
 59 116 
 55 120 
 56 117 
 57 117 
 56 118 
 61 117 
 56 122 
 57 118 
 61 118 
 57 122 
 58 119 
 59 119 
 58 120 
 60 119 
 58 121 
 59 120 
 60 120 
 59 121 
 60 121 
 61 122 
