113 113    655 
  1 114 
  2 115 
  3 116 
  4 117 
  5 118 
  6 119 
  7 120 
  8 121 
  9 122 
 10 123 
 76 123 
 87 123 
 95 123 
 99 123 
101 123 
104 123 
106 123 
109 123 
111 123 
 11 124 
 77 124 
 88 124 
 96 124 
 99 124 
102 124 
104 124 
107 124 
109 124 
112 124 
 12 125 
 78 125 
 89 125 
 97 125 
 99 125 
103 125 
104 125 
108 125 
109 125 
113 125 
 13 126 
 76 126 
 77 126 
 78 126 
 80 126 
 87 126 
 88 126 
 89 126 
 91 126 
 95 126 
 96 126 
 97 126 
 99 126 
101 126 
102 126 
104 126 
106 126 
107 126 
109 126 
111 126 
112 126 
 14 127 
 76 127 
 77 127 
 78 127 
 79 127 
 80 127 
 87 127 
 88 127 
 89 127 
 90 127 
 91 127 
 95 127 
 96 127 
 97 127 
 98 127 
 99 127 
101 127 
102 127 
103 127 
104 127 
106 127 
107 127 
108 127 
109 127 
111 127 
112 127 
113 127 
 15 128 
 76 128 
 77 128 
 78 128 
 79 128 
 80 128 
 87 128 
 88 128 
 89 128 
 90 128 
 91 128 
 95 128 
 96 128 
 97 128 
 98 128 
 99 128 
101 128 
102 128 
103 128 
104 128 
106 128 
107 128 
108 128 
109 128 
111 128 
112 128 
113 128 
 16 129 
 25 129 
 17 130 
 26 130 
 18 131 
 27 131 
 19 132 
 20 132 
 21 132 
 23 132 
 24 132 
 28 132 
 19 133 
 20 133 
 24 133 
 29 133 
 19 134 
 21 134 
 23 134 
 24 134 
 30 134 
 19 135 
 22 135 
 20 136 
 23 136 
 21 137 
 24 137 
 25 138 
 76 138 
 81 138 
 99 138 
101 138 
109 138 
111 138 
 26 139 
 77 139 
 82 139 
 99 139 
102 139 
109 139 
112 139 
 27 140 
 78 140 
 83 140 
 99 140 
103 140 
109 140 
113 140 
 22 141 
 23 141 
 24 141 
 28 141 
 76 141 
 77 141 
 78 141 
 80 141 
 81 141 
 82 141 
 83 141 
 99 141 
101 141 
102 141 
109 141 
111 141 
112 141 
 19 142 
 21 142 
 22 142 
 23 142 
 24 142 
 29 142 
 76 142 
 77 142 
 78 142 
 79 142 
 80 142 
 81 142 
 82 142 
 83 142 
 99 142 
101 142 
102 142 
103 142 
109 142 
111 142 
112 142 
113 142 
 19 143 
 20 143 
 21 143 
 22 143 
 23 143 
 24 143 
 30 143 
 76 143 
 77 143 
 78 143 
 79 143 
 80 143 
 81 143 
 82 143 
 83 143 
 99 143 
101 143 
102 143 
103 143 
109 143 
111 143 
112 143 
113 143 
 31 144 
 40 144 
 32 145 
 41 145 
 33 146 
 42 146 
 34 147 
 35 147 
 36 147 
 38 147 
 39 147 
 43 147 
 34 148 
 35 148 
 39 148 
 44 148 
 34 149 
 36 149 
 38 149 
 39 149 
 45 149 
 34 150 
 37 150 
 35 151 
 38 151 
 36 152 
 39 152 
 40 153 
 81 153 
 84 153 
 92 153 
104 153 
106 153 
 41 154 
 82 154 
 85 154 
 93 154 
104 154 
107 154 
 42 155 
 83 155 
 86 155 
 94 155 
104 155 
108 155 
 37 156 
 38 156 
 39 156 
 43 156 
 81 156 
 82 156 
 83 156 
 84 156 
 85 156 
 86 156 
 92 156 
 93 156 
 94 156 
104 156 
106 156 
107 156 
 34 157 
 36 157 
 37 157 
 38 157 
 39 157 
 44 157 
 81 157 
 82 157 
 83 157 
 84 157 
 85 157 
 86 157 
 92 157 
 93 157 
 94 157 
104 157 
106 157 
107 157 
108 157 
 34 158 
 35 158 
 36 158 
 37 158 
 38 158 
 39 158 
 45 158 
 81 158 
 82 158 
 83 158 
 84 158 
 85 158 
 86 158 
 92 158 
 93 158 
 94 158 
104 158 
106 158 
107 158 
108 158 
 46 159 
 55 159 
 47 160 
 56 160 
 48 161 
 57 161 
 49 162 
 50 162 
 51 162 
 53 162 
 54 162 
 58 162 
 49 163 
 50 163 
 54 163 
 59 163 
 49 164 
 51 164 
 53 164 
 54 164 
 60 164 
 49 165 
 52 165 
 50 166 
 53 166 
 51 167 
 54 167 
 55 168 
 84 168 
 87 168 
 56 169 
 85 169 
 88 169 
 57 170 
 86 170 
 89 170 
 52 171 
 53 171 
 54 171 
 58 171 
 84 171 
 85 171 
 86 171 
 87 171 
 88 171 
 89 171 
 91 171 
 49 172 
 51 172 
 52 172 
 53 172 
 54 172 
 59 172 
 84 172 
 85 172 
 86 172 
 87 172 
 88 172 
 89 172 
 90 172 
 91 172 
 49 173 
 50 173 
 51 173 
 52 173 
 53 173 
 54 173 
 60 173 
 84 173 
 85 173 
 86 173 
 87 173 
 88 173 
 89 173 
 90 173 
 91 173 
 61 174 
 70 174 
 62 175 
 71 175 
 63 176 
 72 176 
 64 177 
 65 177 
 66 177 
 68 177 
 69 177 
 73 177 
 64 178 
 65 178 
 69 178 
 74 178 
 64 179 
 66 179 
 68 179 
 69 179 
 75 179 
 64 180 
 67 180 
 65 181 
 68 181 
 66 182 
 69 182 
 70 183 
 92 183 
 95 183 
 71 184 
 93 184 
 96 184 
 72 185 
 94 185 
 97 185 
 67 186 
 68 186 
 69 186 
 73 186 
 92 186 
 93 186 
 94 186 
 95 186 
 96 186 
 97 186 
 64 187 
 66 187 
 67 187 
 68 187 
 69 187 
 74 187 
 92 187 
 93 187 
 94 187 
 95 187 
 96 187 
 97 187 
 98 187 
 64 188 
 65 188 
 66 188 
 67 188 
 68 188 
 69 188 
 75 188 
 92 188 
 93 188 
 94 188 
 95 188 
 96 188 
 97 188 
 98 188 
 16 189 
 22 189 
 23 189 
 24 189 
 17 190 
 22 190 
 23 190 
 24 190 
 18 191 
 22 191 
 23 191 
 24 191 
 23 192 
 24 192 
 22 193 
 23 193 
 24 193 
 16 194 
 22 194 
 23 194 
 24 194 
 31 194 
 37 194 
 38 194 
 39 194 
 17 195 
 22 195 
 23 195 
 24 195 
 32 195 
 37 195 
 38 195 
 39 195 
 18 196 
 22 196 
 23 196 
 24 196 
 33 196 
 37 196 
 38 196 
 39 196 
 31 197 
 37 197 
 38 197 
 39 197 
 46 197 
 52 197 
 53 197 
 54 197 
 32 198 
 37 198 
 38 198 
 39 198 
 47 198 
 52 198 
 53 198 
 54 198 
 33 199 
 37 199 
 38 199 
 39 199 
 48 199 
 52 199 
 53 199 
 54 199 
 46 200 
 52 200 
 53 200 
 54 200 
 47 201 
 52 201 
 53 201 
 54 201 
 48 202 
 52 202 
 53 202 
 54 202 
 53 203 
 54 203 
 52 204 
 53 204 
 54 204 
 31 205 
 37 205 
 38 205 
 39 205 
 61 205 
 67 205 
 68 205 
 69 205 
 32 206 
 37 206 
 38 206 
 39 206 
 62 206 
 67 206 
 68 206 
 69 206 
 33 207 
 37 207 
 38 207 
 39 207 
 63 207 
 67 207 
 68 207 
 69 207 
 61 208 
 67 208 
 68 208 
 69 208 
 62 209 
 67 209 
 68 209 
 69 209 
 63 210 
 67 210 
 68 210 
 69 210 
 68 211 
 69 211 
 99 212 
100 212 
101 212 
102 212 
103 212 
100 213 
101 213 
102 213 
103 213 
 16 214 
 22 214 
 23 214 
 24 214 
101 214 
 17 215 
 22 215 
 23 215 
 24 215 
102 215 
 18 216 
 22 216 
 23 216 
103 216 
104 217 
105 217 
106 217 
107 217 
108 217 
105 218 
106 218 
107 218 
108 218 
106 219 
107 220 
 37 221 
 38 221 
 39 221 
108 221 
109 222 
110 222 
111 222 
112 222 
113 222 
110 223 
111 223 
112 223 
113 223 
 16 224 
 22 224 
 23 224 
 24 224 
111 224 
 17 225 
 22 225 
 23 225 
 24 225 
112 225 
 18 226 
 22 226 
 23 226 
 24 226 
113 226 
