  32   32    192
   1   61 
   1   58 
   1   43 
   1   53 
   1   64 
   1   33 
  16   61 
  25   61 
   3   61 
  26   61 
  29   61 
  16   58 
  30   58 
  11   58 
   2   58 
  24   58 
  16   40 
  16   49 
  16   50 
  16   36 
  25   43 
  30   43 
  17   43 
   9   43 
  18   43 
  25   40 
  25   38 
  25   63 
  25   39 
  30   40 
  30   57 
  30   51 
  30   45 
  15   40 
   5   40 
   4   40 
   3   53 
  11   53 
  17   53 
   6   53 
  32   53 
   3   49 
   3   38 
   3   41 
   3   42 
  11   49 
  11   57 
  11   47 
  11   54 
  15   49 
   7   49 
  10   49 
  17   38 
  17   57 
  17   52 
  17   48 
  15   38 
  12   38 
  22   38 
  15   57 
  13   57 
  23   57 
  15   44 
  15   46 
  26   64 
   2   64 
   9   64 
   6   64 
  21   64 
  26   50 
  26   63 
  26   41 
  26   56 
   2   50 
   2   51 
   2   47 
   2   37 
   5   50 
   7   50 
  14   50 
   9   63 
   9   51 
   9   52 
   9   59 
   5   63 
  12   63 
  31   63 
   5   51 
  13   51 
   8   51 
   5   44 
   5   60 
   6   41 
   6   47 
   6   52 
   6   55 
   7   41 
  12   41 
  19   41 
   7   47 
  13   47 
  20   47 
   7   44 
   7   35 
  12   52 
  13   52 
  28   52 
  12   44 
  12   62 
  13   44 
  13   34 
  27   44 
  29   33 
  24   33 
  18   33 
  32   33 
  21   33 
  29   36 
  29   39 
  29   42 
  29   56 
  24   36 
  24   45 
  24   54 
  24   37 
   4   36 
  10   36 
  14   36 
  18   39 
  18   45 
  18   48 
  18   59 
   4   39 
  22   39 
  31   39 
   4   45 
  23   45 
   8   45 
   4   46 
   4   60 
  32   42 
  32   54 
  32   48 
  32   55 
  10   42 
  22   42 
  19   42 
  10   54 
  23   54 
  20   54 
  10   46 
  10   35 
  22   48 
  23   48 
  28   48 
  22   46 
  22   62 
  23   46 
  23   34 
  27   46 
  21   56 
  21   37 
  21   59 
  21   55 
  14   56 
  31   56 
  19   56 
  14   37 
   8   37 
  20   37 
  14   60 
  14   35 
  31   59 
   8   59 
  28   59 
  31   60 
  31   62 
   8   60 
   8   34 
  27   60 
  19   55 
  20   55 
  28   55 
  19   35 
  19   62 
  20   35 
  20   34 
  27   35 
  28   62 
  28   34 
  27   62 
  27   34 
