 512  512   5120
  31  793 
  31  841 
  31  626 
  31  843 
  31  796 
  31  862 
  31  915 
  31  653 
  31  828 
  31  630 
  14  793 
 493  793 
  57  793 
 359  793 
 458  793 
 153  793 
  75  793 
 331  793 
 238  793 
  14  841 
 377  841 
 490  841 
 285  841 
 188  841 
 466  841 
  95  841 
 479  841 
 117  841 
  14  686 
  14  978 
  14  682 
  14  974 
  14  832 
  14  744 
  14  674 
  14  518 
 493  626 
 377  626 
 344  626 
 220  626 
 390  626 
 252  626 
 382  626 
  94  626 
 351  626 
 493  686 
 493  595 
 493  983 
 493 1013 
 493  896 
 493  919 
 493  791 
 493  676 
 377  686 
 377  989 
 377  940 
 377  612 
 377  722 
 377  976 
 377  693 
 377  731 
 193  686 
 102  686 
 161  686 
 206  686 
 272  686 
 406  686 
 136  686 
  57  843 
 490  843 
 344  843 
 468  843 
 217  843 
  42  843 
 208  843 
 487  843 
 278  843 
  57  978 
  57  595 
  57  760 
  57  904 
  57  718 
  57  808 
  57  551 
  57  698 
 490  978 
 490  989 
 490  567 
 490  702 
 490  700 
 490  620 
 490  531 
 490 1008 
 193  978 
 271  978 
 184  978 
 118  978 
  45  978 
 322  978 
 389  978 
 344  595 
 344  989 
 344  934 
 344  553 
 344  708 
 344  935 
 344  908 
 344  768 
 193  595 
  82  595 
 229  595 
 469  595 
 491  595 
 113  595 
 482  595 
 193  989 
 244  989 
 383  989 
 227  989 
  62  989 
  93  989 
 292  989 
 193  872 
 193  764 
 193  878 
 193  516 
 193  936 
 193  837 
 359  796 
 285  796 
 220  796 
 468  796 
  74  796 
 240  796 
  83  796 
 326  796 
 127  796 
 359  682 
 359  983 
 359  760 
 359  641 
 359  678 
 359  572 
 359  798 
 359  845 
 285  682 
 285  940 
 285  567 
 285  903 
 285  920 
 285  721 
 285 1000 
 285  926 
 102  682 
 271  682 
  71  682 
 268  682 
 345  682 
 262  682 
 357  682 
 220  983 
 220  940 
 220  934 
 220  800 
 220  546 
 220  556 
 220  898 
 220  839 
 102  983 
  82  983 
 492  983 
 507  983 
 435  983 
 371  983 
 411  983 
 102  940 
 244  940 
   5  940 
 334  940 
 256  940 
 342  940 
 192  940 
 102  872 
 102  579 
 102  697 
 102  613 
 102  683 
 102  797 
 468  760 
 468  567 
 468  934 
 468  543 
 468  576 
 468  778 
 468  558 
 468  541 
 271  760 
  82  760 
 483  760 
 305  760 
  73  760 
 195  760 
 488  760 
 271  567 
 244  567 
 261  567 
 202  567 
 120  567 
 233  567 
  20  567 
 271  872 
 271  962 
 271  629 
 271  552 
 271  993 
 271  830 
  82  934 
 244  934 
 350  934 
 173  934 
 301  934 
 265  934 
 319  934 
  82  872 
  82  885 
  82  859 
  82  965 
  82  706 
  82 1021 
 244  872 
 244  662 
 244  818 
 244  570 
 244  734 
 244  522 
 409  872 
 144  872 
 299  872 
 181  872 
 422  872 
 458  862 
 188  862 
 390  862 
 217  862 
  74  862 
 198  862 
   9  862 
 255  862 
 178  862 
 458  974 
 458 1013 
 458  904 
 458  641 
 458  521 
 458  867 
 458  739 
 458  691 
 188  974 
 188  612 
 188  702 
 188  903 
 188 1001 
 188 1005 
 188  922 
 188  812 
 161  974 
 184  974 
  71  974 
 186  974 
  68  974 
 212  974 
 234  974 
 390 1013 
 390  612 
 390  553 
 390  800 
 390  829 
 390  755 
 390  833 
 390  901 
 161 1013 
 229 1013 
 492 1013 
 470 1013 
 222 1013 
  35 1013 
 496 1013 
 161  612 
 383  612 
   5  612 
 436  612 
 213  612 
 441  612 
 165  612 
 161  764 
 161  579 
 161  937 
 161  988 
 161  900 
 161  772 
 217  904 
 217  702 
 217  553 
 217  543 
 217  660 
 217  661 
 217  968 
 217  513 
 184  904 
 229  904 
 483  904 
  54  904 
  11  904 
  67  904 
 216  904 
 184  702 
 383  702 
 261  702 
 171  702 
 150  702 
 497  702 
  39  702 
 184  764 
 184  962 
 184  621 
 184  858 
 184  992 
 184  571 
 229  553 
 383  553 
 350  553 
 317  553 
 323  553 
 135  553 
 177  553 
 229  764 
 229  885 
 229  545 
 229  713 
 229  566 
 229  650 
 383  764 
 383  662 
 383  580 
 383  711 
 383  819 
 383  788 
 409  764 
 332  764 
  47  764 
  48  764 
 312  764 
  74  641 
  74  903 
  74  800 
  74  543 
  74  995 
  74  826 
  74  939 
  74  871 
  71  641 
 492  641 
 483  641 
 313  641 
 437  641 
 358  641 
 349  641 
  71  903 
   5  903 
 261  903 
  72  903 
  91  903 
 133  903 
 336  903 
  71  579 
  71  962 
  71  944 
  71  733 
  71  631 
  71  802 
 492  800 
   5  800 
 350  800 
  97  800 
 386  800 
 189  800 
 460  800 
 492  579 
 492  885 
 492  603 
 492  985 
 492  906 
 492  763 
   5  579 
   5  662 
   5  775 
   5  732 
   5  784 
   5  762 
 409  579 
 463  579 
 275  579 
  99  579 
 459  579 
 483  543 
 261  543 
 350  543 
 499  543 
 503  543 
 450  543 
  41  543 
 483  962 
 483  885 
 483  834 
 483  977 
 483  680 
 483  529 
 261  962 
 261  662 
 261  651 
 261  735 
 261  931 
 261  949 
 409  962 
  40  962 
 440  962 
 340  962 
 257  962 
 350  885 
 350  662 
 350  787 
 350  947 
 350  987 
 350  609 
 409  885 
 105  885 
  13  885 
 221  885 
  86  885 
 409  662 
 254  662 
 376  662 
 474  662 
 353  662 
 409  715 
 409  594 
 409  648 
 409  820 
 153  915 
 466  915 
 252  915 
  42  915 
 240  915 
 198  915 
 400  915 
  96  915 
 330  915 
 153  832 
 153  896 
 153  718 
 153  678 
 153  521 
 153 1014 
 153  779 
 153  888 
 466  832 
 466  722 
 466  700 
 466  920 
 466 1001 
 466  628 
 466  883 
 466  969 
 206  832 
 118  832 
 268  832 
 186  832 
 183  832 
 447  832 
 417  832 
 252  896 
 252  722 
 252  708 
 252  546 
 252  829 
 252  990 
 252  960 
 252  856 
 206  896 
 469  896 
 507  896 
 470  896 
 168  896 
 241  896 
 465  896 
 206  722 
 227  722 
 334  722 
 436  722 
 214  722 
 111  722 
 501  722 
 206  878 
 206  697 
 206  937 
 206  657 
 206  694 
 206 1007 
  42  718 
  42  700 
  42  708 
  42  576 
  42  660 
  42  658 
  42  636 
  42  740 
 118  718 
 469  718 
 305  718 
  54  718 
 132  718 
 424  718 
 294  718 
 118  700 
 227  700 
 202  700 
 171  700 
  88  700 
 166  700 
 246  700 
 118  878 
 118  629 
 118  621 
 118  634 
 118  654 
 118  555 
 469  708 
 227  708 
 173  708 
 317  708 
 152  708 
 467  708 
 472  708 
 469  878 
 469  859 
 469  545 
 469  821 
 469  663 
 469  756 
 227  878 
 227  818 
 227  580 
 227  953 
 227  712 
 227 1003 
 144  878 
 332  878 
 401  878 
 457  878 
 107  878 
 240  678 
 240  920 
 240  546 
 240  576 
 240  995 
 240  930 
 240  619 
 240  736 
 268  678 
 507  678 
 305  678 
 313  678 
 116  678 
  23  678 
 224  678 
 268  920 
 334  920 
 202  920 
  72  920 
  34  920 
 205  920 
 174  920 
 268  697 
 268  629 
 268  944 
 268  688 
 268  923 
 268  910 
 507  546 
 334  546 
 173  546 
  97  546 
  32  546 
 284  546 
 410  546 
 507  697 
 507  859 
 507  603 
 507  970 
 507  696 
 507  601 
 334  697 
 334  818 
 334  775 
 334  767 
 334  789 
 334  846 
 144  697 
 463  697 
  52  697 
 329  697 
 154  697 
 305  576 
 202  576 
 173  576 
 499  576 
 138  576 
 365  576 
 372  576 
 305  629 
 305  859 
 305  834 
 305  982 
 305  861 
 305  786 
 202  629 
 202  818 
 202  651 
 202  835 
 202  737 
 202  624 
 144  629 
  40  629 
 425  629 
  70  629 
  19  629 
 173  859 
 173  818 
 173  787 
 173  592 
 173  664 
 173  876 
 144  859 
 105  859 
  60  859 
 455  859 
 258  859 
 144  818 
 254  818 
 347  818 
 310  818 
 327  818 
 144  715 
 144 1017 
 144  652 
 144  864 
 198  521 
 198 1001 
 198  829 
 198  660 
 198  995 
 198  927 
 198  707 
 198  530 
 186  521 
 470  521 
  54  521 
 313  521 
  58  521 
 452  521 
 137  521 
 186 1001 
 436 1001 
 171 1001 
  72 1001 
 391 1001 
 364 1001 
 182 1001 
 186  937 
 186  621 
 186  944 
 186  986 
 186  879 
 186  849 
 470  829 
 436  829 
 317  829 
  97  829 
 498  829 
 288  829 
 307  829 
 470  937 
 470  545 
 470  603 
 470  599 
 470  625 
 470  913 
 436  937 
 436  580 
 436  775 
 436  847 
 436  687 
 436  973 
 332  937 
 463  937 
 228  937 
 500  937 
 402  937 
  54  660 
 171  660 
 317  660 
 499  660 
 373  660 
  38  660 
  28  660 
  54  621 
  54  545 
  54  834 
  54  893 
  54  523 
  54  875 
 171  621 
 171  580 
 171  651 
 171  526 
 171  524 
 171  958 
 332  621 
  40  621 
 158  621 
 131  621 
 375  621 
 317  545 
 317  580 
 317  787 
 317  666 
 317  857 
 317  769 
 332  545 
 105  545 
 394  545 
 142  545 
 443  545 
 332  580 
 254  580 
 302  580 
  92  580 
  63  580 
 332  715 
 332  669 
 332  950 
 332  675 
 313  995 
  72  995 
  97  995 
 499  995 
 295  995 
 361  995 
 169  995 
 313  944 
 313  603 
 313  834 
 313  882 
 313  757 
 313  899 
  72  944 
  72  775 
  72  651 
  72  714 
  72  790 
  72  842 
 463  944 
  40  944 
 434  944 
 300  944 
 160  944 
  97  603 
  97  775 
  97  787 
  97  746 
  97  656 
  97  519 
 463  603 
 105  603 
  53  603 
 505  603 
 393  603 
 463  775 
 254  775 
 430  775 
 473  775 
 237  775 
 463  715 
 463  596 
 463  582 
 463  868 
 499  834 
 499  651 
 499  787 
 499  924 
 499  758 
 499  780 
  40  834 
 105  834 
  49  834 
 259  834 
 461  834 
  40  651 
 254  651 
 512  651 
 128  651 
 405  651 
  40  715 
  40  547 
  40  813 
  40  981 
 105  787 
 254  787 
 223  787 
 180  787 
 247  787 
 105  715 
 105  534 
 105  999 
 105  783 
 254  715 
 254 1002 
 254  810 
 254 1024 
 309  715 
 324  715 
 412  715 
  75  653 
  95  653 
 382  653 
 208  653 
  83  653 
   9  653 
 400  653 
  56  653 
  80  653 
  75  744 
  75  919 
  75  808 
  75  572 
  75  867 
  75 1014 
  75  941 
  75  515 
  95  744 
  95  976 
  95  620 
  95  721 
  95 1005 
  95  628 
  95  604 
  95  891 
 272  744 
  45  744 
 345  744 
  68  744 
 183  744 
 379  744 
 445  744 
 382  919 
 382  976 
 382  935 
 382  556 
 382  755 
 382  990 
 382  665 
 382  591 
 272  919 
 491  919 
 435  919 
 222  919 
 168  919 
 448  919 
 115  919 
 272  976 
  62  976 
 256  976 
 213  976 
 214  976 
 337  976 
 343  976 
 272  516 
 272  613 
 272  988 
 272  657 
 272  719 
 272  874 
 208  808 
 208  620 
 208  935 
 208  778 
 208  661 
 208  658 
 208  606 
 208  961 
  45  808 
 491  808 
  73  808 
  11  808 
 132  808 
 225  808 
 270  808 
  45  620 
  62  620 
 120  620 
 150  620 
  88  620 
 444  620 
 122  620 
  45  516 
  45  552 
  45  858 
  45  634 
  45  548 
  45  517 
 491  935 
  62  935 
 301  935 
 323  935 
 152  935 
 449  935 
  84  935 
 491  516 
 491  965 
 491  713 
 491  821 
 491  997 
 491  616 
  62  516 
  62  570 
  62  711 
  62  953 
  62  895 
  62  689 
 299  516 
  47  516 
 401  516 
 385  516 
 477  516 
  83  572 
  83  721 
  83  556 
  83  778 
  83  826 
  83  930 
  83  972 
  83  670 
 345  572 
 435  572 
  73  572 
 437  572 
 116  572 
 311  572 
 495  572 
 345  721 
 256  721 
 120  721 
  91  721 
  34  721 
 298  721 
 251  721 
 345  613 
 345  552 
 345  733 
 345  688 
 345  799 
 345  633 
 435  556 
 256  556 
 301  556 
 386  556 
  32  556 
  29  556 
 407  556 
 435  613 
 435  965 
 435  985 
 435  970 
 435  963 
 435  539 
 256  613 
 256  570 
 256  732 
 256  767 
 256  794 
 256  537 
 299  613 
 275  613 
  52  613 
 384  613 
 146  613 
  73  778 
 120  778 
 301  778 
 503  778 
 138  778 
 339  778 
 121  778 
  73  552 
  73  965 
  73  977 
  73  982 
  73  704 
  73  583 
 120  552 
 120  570 
 120  735 
 120  835 
 120  699 
 120  608 
 299  552 
 440  552 
 425  552 
 190  552 
   3  552 
 301  965 
 301  570 
 301  947 
 301  592 
 301  894 
 301 1018 
 299  965 
  13  965 
  60  965 
 211  965 
 456  965 
 299  570 
 376  570 
 347  570 
 125  570 
 475  570 
 299  594 
 299 1017 
 299  709 
 299  559 
   9  867 
   9 1005 
   9  755 
   9  661 
   9  826 
   9  927 
   9  980 
   9  877 
  68  867 
 222  867 
  11  867 
 437  867 
  58  867 
 134  867 
 281  867 
  68 1005 
 213 1005 
 150 1005 
  91 1005 
 391 1005 
  65 1005 
 395 1005 
  68  988 
  68  858 
  68  733 
  68  986 
  68  574 
  68  692 
 222  755 
 213  755 
 323  755 
 386  755 
 498  755 
 485  755 
 398  755 
 222  988 
 222  713 
 222  985 
 222  599 
 222  644 
 222  593 
 213  988 
 213  711 
 213  732 
 213  847 
 213  627 
 213  586 
  47  988 
 275  988 
 228  988 
  25  988 
 276  988 
  11  661 
 150  661 
 323  661 
 503  661 
 373  661 
 290  661 
 282  661 
  11  858 
  11  713 
  11  977 
  11  893 
  11  975 
  11  597 
 150  858 
 150  711 
 150  735 
 150  526 
 150  550 
 150  869 
  47  858 
 440  858 
 158  858 
  59  858 
 360  858 
 323  713 
 323  711 
 323  947 
 323  666 
 323  938 
 323  886 
  47  713 
  13  713 
 394  713 
 260  713 
 502  713 
  47  711 
 376  711 
 302  711 
 130  711 
 486  711 
  47  594 
  47  669 
  47  536 
  47  838 
 437  826 
  91  826 
 386  826 
 503  826 
 295  826 
 439  826 
 320  826 
 437  733 
 437  985 
 437  977 
 437  882 
 437  554 
 437 1015 
  91  733 
  91  732 
  91  735 
  91  714 
  91  723 
  91  887 
 275  733 
 440  733 
 434  733 
 419  733 
 362  733 
 386  985 
 386  732 
 386  947 
 386  746 
 386  771 
 386  605 
 275  985 
  13  985 
  53  985 
 480  985 
 432  985 
 275  732 
 376  732 
 430  732 
 273  732 
 106  732 
 275  594 
 275  596 
 275  928 
 275  761 
 503  977 
 503  735 
 503  947 
 503  924 
 503  525 
 503  738 
 440  977 
  13  977 
  49  977 
 341  977 
 287  977 
 440  735 
 376  735 
 512  735 
 155  735 
 429  735 
 440  594 
 440  547 
 440  827 
 440  909 
  13  947 
 376  947 
 223  947 
 148  947 
 283  947 
  13  594 
  13  534 
  13  814 
  13  966 
 376  594 
 376 1002 
 376  577 
 376  851 
 309  594 
 114  594 
 414  594 
 400 1014 
 400  628 
 400  990 
 400  658 
 400  930 
 400  927 
 400  584 
 400  855 
 183 1014 
 168 1014 
 132 1014 
 116 1014 
  58 1014 
 162 1014 
  30 1014 
 183  628 
 214  628 
  88  628 
  34  628 
 391  628 
  79  628 
  44  628 
 183  657 
 183  634 
 183  688 
 183  986 
 183  623 
 183  710 
 168  990 
 214  990 
 152  990 
  32  990 
 498  990 
 266  990 
 504  990 
 168  657 
 168  821 
 168  970 
 168  599 
 168  918 
 168  996 
 214  657 
 214  953 
 214  767 
 214  847 
 214 1009 
 214  602 
 401  657 
  52  657 
 228  657 
 489  657 
 416  657 
 132  658 
  88  658 
 152  658 
 138  658 
 373  658 
 333  658 
 219  658 
 132  634 
 132  821 
 132  982 
 132  893 
 132  575 
 132 1010 
  88  634 
  88  953 
  88  835 
  88  526 
  88  805 
  88  870 
 401  634 
 425  634 
 158  634 
  87  634 
 433  634 
 152  821 
 152  953 
 152  592 
 152  666 
 152  916 
 152  563 
 401  821 
  60  821 
 394  821 
  76  821 
  12  821 
 401  953 
 347  953 
 302  953 
  22  953 
 296  953 
 401 1017 
 401  669 
 401  528 
 401  806 
 116  930 
  34  930 
  32  930 
 138  930 
 295  930 
 316  930 
 279  930 
 116  688 
 116  970 
 116  982 
 116  882 
 116  568 
 116  549 
  34  688 
  34  767 
  34  835 
  34  714 
  34  741 
  34  637 
  52  688 
 425  688 
 434  688 
 249  688 
 100  688 
  32  970 
  32  767 
  32  592 
  32  746 
  32  617 
  32  823 
  52  970 
  60  970 
  53  970 
  89  970 
 172  970 
  52  767 
 347  767 
 430  767 
 511  767 
 471  767 
  52 1017 
  52  596 
  52  685 
  52 1011 
 138  982 
 138  835 
 138  592 
 138  924 
 138  807 
 138  880 
 425  982 
  60  982 
  49  982 
 204  982 
 109  982 
 425  835 
 347  835 
 512  835 
 346  835 
 167  835 
 425 1017 
 425  547 
 425  645 
 425 1019 
  60  592 
 347  592 
 223  592 
  43  592 
 352  592 
  60 1017 
  60  534 
  60  668 
  60  865 
 347 1017 
 347 1002 
 347  635 
 347  948 
 309 1017 
 194 1017 
 110 1017 
  58  927 
 391  927 
 498  927 
 373  927 
 295  927 
 381  927 
 378  927 
  58  986 
  58  599 
  58  893 
  58  882 
  58  942 
  58  759 
 391  986 
 391  847 
 391  526 
 391  714 
 391  815 
 391  753 
 228  986 
 158  986 
 434  986 
  51  986 
 399  986 
 498  599 
 498  847 
 498  666 
 498  746 
 498  825 
 498  600 
 228  599 
 394  599 
  53  599 
 297  599 
 403  599 
 228  847 
 302  847 
 430  847 
 368  847 
 426  847 
 228  669 
 228  596 
 228  573 
 228  884 
 373  893 
 373  526 
 373  666 
 373  924 
 373  777 
 373  776 
 158  893 
 394  893 
  49  893 
 245  893 
   4  893 
 158  526 
 302  526 
 512  526 
 101  526 
 129  526 
 158  669 
 158  547 
 158  745 
 158  781 
 394  666 
 302  666 
 223  666 
 243  666 
 289  666 
 394  669 
 394  534 
 394  921 
 394  705 
 302  669 
 302 1002 
 302  853 
 302  659 
 309  669 
 123  669 
 232  669 
 295  882 
 295  714 
 295  746 
 295  924 
 295  562 
 295  565 
 434  882 
  53  882 
  49  882 
 363  882 
 164  882 
 434  714 
 430  714 
 512  714 
 367  714 
  98  714 
 434  596 
 434  547 
 434  647 
 434  728 
  53  746 
 430  746 
 223  746 
 404  746 
 196  746 
  53  596 
  53  534 
  53  590 
  53  615 
 430  596 
 430 1002 
 430  520 
 430  538 
 309  596 
 454  596 
 355  596 
  49  924 
 512  924 
 223  924 
 453  924 
 328  924 
  49  547 
  49  534 
  49  618 
  49  752 
 512  547 
 512 1002 
 512  854 
 512  817 
 309  547 
 215  547 
 236  547 
 223  534 
 223 1002 
 223  751 
 223  959 
 309  534 
 119  534 
 481  534 
 309 1002 
 315 1002 
 185 1002 
 309  638 
 309  581 
 331  828 
 479  828 
  94  828 
 487  828 
 326  828 
 255  828 
  96  828 
  56  828 
 464  828 
 331  674 
 331  791 
 331  551 
 331  798 
 331  739 
 331  779 
 331  941 
 331  557 
 479  674 
 479  693 
 479  531 
 479 1000 
 479  922 
 479  883 
 479  604 
 479  994 
 406  674 
 322  674 
 262  674 
 212  674 
 447  674 
 379  674 
   7  674 
  94  791 
  94  693 
  94  908 
  94  898 
  94  833 
  94  960 
  94  665 
  94  911 
 406  791 
 113  791 
 371  791 
  35  791 
 241  791 
 448  791 
  15  791 
 406  693 
  93  693 
 342  693 
 441  693 
 111  693 
 337  693 
 397  693 
 406  936 
 406  683 
 406  900 
 406  694 
 406  719 
 406  672 
 487  551 
 487  531 
 487  908 
 487  558 
 487  968 
 487  636 
 487  606 
 487  679 
 322  551 
 113  551 
 195  551 
  67  551 
 424  551 
 225  551 
   8  551 
 322  531 
  93  531 
 233  531 
 497  531 
 166  531 
 444  531 
 156  531 
 322  936 
 322  993 
 322  992 
 322  654 
 322  548 
 322  726 
 113  908 
  93  908 
 265  908 
 135  908 
 467  908 
 449  908 
 104  908 
 113  936 
 113  706 
 113  566 
 113  663 
 113  997 
 113  742 
  93  936 
  93  734 
  93  819 
  93  712 
  93  895 
  93  905 
 181  936 
  48  936 
 457  936 
 385  936 
 321  936 
 326  798 
 326 1000 
 326  898 
 326  558 
 326  939 
 326  619 
 326  972 
 326  649 
 262  798 
 371  798 
 195  798 
 358  798 
  23  798 
 311  798 
 143  798 
 262 1000 
 342 1000 
 233 1000 
 133 1000 
 205 1000 
 298 1000 
  61 1000 
 262  683 
 262  993 
 262  631 
 262  923 
 262  799 
 262  643 
 371  898 
 342  898 
 265  898 
 189  898 
 284  898 
  29  898 
 140  898 
 371  683 
 371  706 
 371  906 
 371  696 
 371  963 
 371  811 
 342  683 
 342  734 
 342  784 
 342  789 
 342  794 
 342  684 
 181  683 
  99  683 
 329  683 
 384  683 
 239  683 
 195  558 
 233  558 
 265  558 
 450  558 
 365  558 
 339  558 
 235  558 
 195  993 
 195  706 
 195  680 
 195  861 
 195  704 
 195  514 
 233  993 
 233  734 
 233  931 
 233  737 
 233  699 
 233  569 
 181  993 
 340  993 
  70  993 
 190  993 
 230  993 
 265  706 
 265  734 
 265  987 
 265  664 
 265  894 
 265  729 
 181  706 
 221  706 
 455  706 
 211  706 
 199  706 
 181  734 
 474  734 
 310  734 
 125  734 
   6  734 
 181  648 
 181  652 
 181  709 
 181  677 
 255  739 
 255  922 
 255  833 
 255  968 
 255  939 
 255  707 
 255  980 
 255  967 
 212  739 
  35  739 
  67  739 
 358  739 
 452  739 
 134  739 
 264  739 
 212  922 
 441  922 
 497  922 
 133  922 
 364  922 
  65  922 
 147  922 
 212  900 
 212  992 
 212  631 
 212  879 
 212  574 
 212  610 
  35  833 
 441  833 
 135  833 
 189  833 
 288  833 
 485  833 
  18  833 
  35  900 
  35  566 
  35  906 
  35  625 
  35  644 
  35  632 
 441  900 
 441  819 
 441  784 
 441  687 
 441  627 
 441  727 
  48  900 
  99  900 
 500  900 
  25  900 
 218  900 
  67  968 
 497  968 
 135  968 
 450  968 
  38  968 
 290  968 
 303  968 
  67  992 
  67  566 
  67  680 
  67  523 
  67  975 
  67  951 
 497  992 
 497  819 
 497  931 
 497  524 
 497  550 
 497  782 
  48  992 
 340  992 
 131  992 
  59  992 
 207  992 
 135  566 
 135  819 
 135  987 
 135  857 
 135  938 
 135  720 
  48  566 
 221  566 
 142  566 
 260  566 
 338  566 
  48  819 
 474  819 
  92  819 
 130  819 
 413  819 
  48  648 
  48  950 
  48  536 
  48  533 
 358  939 
 133  939 
 189  939 
 450  939 
 361  939 
 439  939 
  16  939 
 358  631 
 358  906 
 358  680 
 358  757 
 358  554 
 358  897 
 133  631 
 133  784 
 133  931 
 133  790 
 133  723 
 133  929 
  99  631 
 340  631 
 300  631 
 419  631 
 176  631 
 189  906 
 189  784 
 189  987 
 189  656 
 189  771 
 189 1012 
  99  906 
 221  906 
 505  906 
 480  906 
 304  906 
  99  784 
 474  784 
 473  784 
 273  784 
   1  784 
  99  648 
  99  582 
  99  928 
  99  671 
 450  680 
 450  931 
 450  987 
 450  758 
 450  525 
 450  614 
 340  680 
 221  680 
 259  680 
 341  680 
 421  680 
 340  931 
 474  931 
 128  931 
 155  931 
  21  931 
 340  648 
 340  813 
 340  827 
 340 1023 
 221  987 
 474  987 
 180  987 
 148  987 
 306  987 
 221  648 
 221  999 
 221  814 
 221  925 
 474  648 
 474  810 
 474  577 
 474  703 
 324  648 
 114  648 
  81  648 
  96  779 
  96  883 
  96  960 
  96  636 
  96  619 
  96  707 
  96  584 
  96  564 
 447  779 
 241  779 
 424  779 
  23  779 
 452  779 
 162  779 
 366  779 
 447  883 
 111  883 
 166  883 
 205  883 
 364  883 
  79  883 
 242  883 
 447  694 
 447  654 
 447  923 
 447  879 
 447  623 
 447  952 
 241  960 
 111  960 
 467  960 
 284  960 
 288  960 
 266  960 
 291  960 
 241  694 
 241  663 
 241  696 
 241  625 
 241  918 
 241  730 
 111  694 
 111  712 
 111  789 
 111  687 
 111 1009 
 111  836 
 457  694 
 329  694 
 500  694 
 489  694 
 280  694 
 424  636 
 166  636 
 467  636 
 365  636 
  38  636 
 333  636 
 356  636 
 424  654 
 424  663 
 424  861 
 424  523 
 424  575 
 424 1022 
 166  654 
 166  712 
 166  737 
 166  524 
 166  805 
 166  933 
 457  654 
  70  654 
 131  654 
  87  654 
  78  654 
 467  663 
 467  712 
 467  664 
 467  857 
 467  916 
 467  881 
 457  663 
 455  663 
 142  663 
  76  663 
 446  663 
 457  712 
 310  712 
  92  712 
  22  712 
 476  712 
 457  652 
 457  950 
 457  528 
 457  816 
  23  619 
 205  619 
 284  619 
 365  619 
 361  619 
 316  619 
 149  619 
  23  923 
  23  696 
  23  861 
  23  757 
  23  568 
  23  640 
 205  923 
 205  789 
 205  737 
 205  790 
 205  741 
 205  957 
 329  923 
  70  923 
 300  923 
 249  923 
  26  923 
 284  696 
 284  789 
 284  664 
 284  656 
 284  617 
 284 1006 
 329  696 
 455  696 
 505  696 
  89  696 
 175  696 
 329  789 
 310  789 
 473  789 
 511  789 
 191  789 
 329  652 
 329  582 
 329  685 
 329  863 
 365  861 
 365  737 
 365  664 
 365  758 
 365  807 
 365  998 
  70  861 
 455  861 
 259  861 
 204  861 
 293  861 
  70  737 
 310  737 
 128  737 
 346  737 
 108  737 
  70  652 
  70  813 
  70  645 
  70  667 
 455  664 
 310  664 
 180  664 
  43  664 
 438  664 
 455  652 
 455  999 
 455  668 
 455  824 
 310  652 
 310  810 
 310  635 
 310  532 
 324  652 
 194  652 
  46  652 
 452  707 
 364  707 
 288  707 
  38  707 
 361  707 
 381  707 
 250  707 
 452  879 
 452  625 
 452  523 
 452  757 
 452  942 
 452  917 
 364  879 
 364  687 
 364  524 
 364  790 
 364  815 
 364  945 
 500  879 
 131  879 
 300  879 
  51  879 
  64  879 
 288  625 
 288  687 
 288  857 
 288  656 
 288  825 
 288  902 
 500  625 
 142  625 
 505  625 
 297  625 
 248  625 
 500  687 
  92  687 
 473  687 
 368  687 
 274  687 
 500  950 
 500  582 
 500  573 
 500  943 
  38  523 
  38  524 
  38  857 
  38  758 
  38  777 
  38  673 
 131  523 
 142  523 
 259  523 
 245  523 
 348  523 
 131  524 
  92  524 
 128  524 
 101  524 
  77  524 
 131  950 
 131  813 
 131  745 
 131  607 
 142  857 
  92  857 
 180  857 
 243  857 
 478  857 
 142  950 
 142  999 
 142  921 
 142 1020 
  92  950 
  92  810 
  92  853 
  92 1004 
 324  950 
 123  950 
  27  950 
 361  757 
 361  790 
 361  656 
 361  758 
 361  562 
 361  946 
 300  757 
 505  757 
 259  757 
 363  757 
 415  757 
 300  790 
 473  790 
 128  790 
 367  790 
  90  790 
 300  582 
 300  813 
 300  647 
 300  892 
 505  656 
 473  656 
 180  656 
 404  656 
 374  656 
 505  582 
 505  999 
 505  590 
 505  716 
 473  582 
 473  810 
 473  520 
 473  850 
 324  582 
 454  582 
 370  582 
 259  758 
 128  758 
 180  758 
 453  758 
  66  758 
 259  813 
 259  999 
 259  618 
 259  852 
 128  813 
 128  810 
 128  854 
 128  822 
 324  813 
 215  813 
 139  813 
 180  999 
 180  810 
 180  751 
 180  804 
 324  999 
 119  999 
 442  999 
 324  810 
 315  810 
 159  810 
 324  638 
 324  914 
  56  941 
  56  604 
  56  665 
  56  606 
  56  972 
  56  980 
  56  584 
  56  964 
 379  941 
 448  941 
 225  941 
 311  941 
 134  941 
 162  941 
 179  941 
 379  604 
 337  604 
 444  604 
 298  604 
  65  604 
  79  604 
 209  604 
 379  719 
 379  548 
 379  799 
 379  574 
 379  623 
 379  750 
 448  665 
 337  665 
 449  665 
  29  665 
 485  665 
 266  665 
 427  665 
 448  719 
 448  997 
 448  963 
 448  644 
 448  918 
 448 1016 
 337  719 
 337  895 
 337  794 
 337  627 
 337 1009 
 337  717 
 385  719 
 384  719 
  25  719 
 489  719 
   2  719 
 225  606 
 444  606 
 449  606 
 339  606 
 290  606 
 333  606 
 253  606 
 225  548 
 225  997 
 225  704 
 225  975 
 225  575 
 225  724 
 444  548 
 444  895 
 444  699 
 444  550 
 444  805 
 444  971 
 385  548 
 190  548 
  59  548 
  87  548 
 420  548 
 449  997 
 449  895 
 449  894 
 449  938 
 449  916 
 449  690 
 385  997 
 211  997 
 260  997 
  76  997 
 197  997 
 385  895 
 125  895 
 130  895 
  22  895 
 508  895 
 385  709 
 385  536 
 385  528 
 385  785 
 311  972 
 298  972 
  29  972 
 339  972 
 439  972 
 316  972 
 408  972 
 311  799 
 311  963 
 311  704 
 311  554 
 311  568 
 311  747 
 298  799 
 298  794 
 298  699 
 298  723 
 298  741 
 298  765 
 384  799 
 190  799 
 419  799 
 249  799 
 170  799 
  29  963 
  29  794 
  29  894 
  29  771 
  29  617 
  29  743 
 384  963 
 211  963 
 480  963 
  89  963 
 431  963 
 384  794 
 125  794 
 273  794 
 511  794 
 418  794 
 384  709 
 384  928 
 384  685 
 384  991 
 339  704 
 339  699 
 339  894 
 339  525 
 339  807 
 339  773 
 190  704 
 211  704 
 341  704 
 204  704 
 369  704 
 190  699 
 125  699 
 155  699 
 346  699 
 318  699 
 190  709 
 190  827 
 190  645 
 190  795 
 211  894 
 125  894 
 148  894 
  43  894 
 269  894 
 211  709 
 211  814 
 211  668 
 211  540 
 125  709 
 125  577 
 125  635 
 125  979 
 114  709 
 194  709 
 354  709 
 134  980 
  65  980 
 485  980 
 290  980 
 439  980 
 381  980 
 325  980 
 134  574 
 134  644 
 134  975 
 134  554 
 134  942 
 134  749 
  65  574 
  65  627 
  65  550 
  65  723 
  65  815 
  65  748 
  25  574 
  59  574 
 419  574 
  51  574 
  24  574 
 485  644 
 485  627 
 485  938 
 485  771 
 485  825 
 485  792 
  25  644 
 260  644 
 480  644 
 297  644 
  33  644 
  25  627 
 130  627 
 273  627 
 368  627 
 484  627 
  25  536 
  25  928 
  25  573 
  25  984 
 290  975 
 290  550 
 290  938 
 290  525 
 290  777 
 290  585 
  59  975 
 260  975 
 341  975 
 245  975 
  10  975 
  59  550 
 130  550 
 155  550 
 101  550 
 231  550 
  59  536 
  59  827 
  59  745 
  59  642 
 260  938 
 130  938 
 148  938 
 243  938 
 157  938 
 260  536 
 260  814 
 260  921 
 260  831 
 130  536 
 130  577 
 130  853 
 130  889 
 114  536 
 123  536 
  69  536 
 439  554 
 439  723 
 439  771 
 439  525 
 439  562 
 439  848 
 419  554 
 480  554 
 341  554 
 363  554 
 396  554 
 419  723 
 273  723 
 155  723 
 367  723 
 392  723 
 419  928 
 419  827 
 419  647 
 419  956 
 480  771 
 273  771 
 148  771 
 404  771 
 210  771 
 480  928 
 480  814 
 480  590 
 480  766 
 273  928 
 273  577 
 273  520 
 273  560 
 114  928 
 454  928 
  36  928 
 341  525 
 155  525 
 148  525 
 453  525 
 267  525 
 341  827 
 341  814 
 341  618 
 341  622 
 155  827 
 155  577 
 155  854 
 155  725 
 114  827 
 215  827 
  50  827 
 148  814 
 148  577 
 148  751 
 148  890 
 114  814 
 119  814 
 462  814 
 114  577 
 315  577 
 286  577 
 114  638 
 114  681 
 162  584 
  79  584 
 266  584 
 333  584 
 316  584 
 381  584 
  85  584 
 162  623 
 162  918 
 162  575 
 162  568 
 162  942 
 162  598 
  79  623 
  79 1009 
  79  805 
  79  741 
  79  815 
  79  932 
 489  623 
  87  623 
 249  623 
  51  623 
  17  623 
 266  918 
 266 1009 
 266  916 
 266  617 
 266  825 
 266  639 
 489  918 
  76  918 
  89  918 
 297  918 
 314  918 
 489 1009 
  22 1009 
 511 1009 
 368 1009 
 203 1009 
 489  528 
 489  685 
 489  573 
 489  695 
 333  575 
 333  805 
 333  916 
 333  807 
 333  777 
 333  542 
  87  575 
  76  575 
 204  575 
 245  575 
 277  575 
  87  805 
  22  805 
 346  805 
 101  805 
  37  805 
  87  528 
  87  645 
  87  745 
  87  544 
  76  916 
  22  916 
  43  916 
 243  916 
 263  916 
  76  528 
  76  668 
  76  921 
  76  801 
  22  528 
  22  635 
  22  853 
  22  860 
 194  528 
 123  528 
 145  528 
 316  568 
 316  741 
 316  617 
 316  807 
 316  562 
 316  535 
 249  568 
  89  568 
 204  568 
 363  568 
 112  568 
 249  741 
 511  741 
 346  741 
 367  741 
 141  741 
 249  685 
 249  645 
 249  647 
 249  655 
  89  617 
 511  617 
  43  617 
 404  617 
 494  617 
  89  685 
  89  668 
  89  590 
  89  587 
 511  685 
 511  635 
 511  520 
 511  589 
 194  685 
 454  685 
 126  685 
 204  807 
 346  807 
  43  807 
 453  807 
 423  807 
 204  645 
 204  668 
 204  618 
 204  873 
 346  645 
 346  635 
 346  854 
 346  907 
 194  645 
 215  645 
 151  645 
  43  668 
  43  635 
  43  751 
  43  754 
 194  668 
 119  668 
 201  668 
 194  635 
 315  635 
 451  635 
 194  638 
 194  809 
 381  942 
 381  815 
 381  825 
 381  777 
 381  562 
 381  578 
  51  942 
 297  942 
 245  942 
 363  942 
 380  942 
  51  815 
 368  815 
 101  815 
 367  815 
 510  815 
  51  573 
  51  745 
  51  647 
  51  912 
 297  825 
 368  825 
 243  825 
 404  825 
 428  825 
 297  573 
 297  921 
 297  590 
 297  770 
 368  573 
 368  853 
 368  520 
 368  561 
 123  573 
 454  573 
 387  573 
 245  777 
 101  777 
 243  777 
 453  777 
 506  777 
 245  745 
 245  921 
 245  618 
 245  774 
 101  745 
 101  853 
 101  854 
 101  840 
 123  745 
 215  745 
 335  745 
 243  921 
 243  853 
 243  751 
 243  588 
 123  921 
 119  921 
 226  921 
 123  853 
 315  853 
 388  853 
 123  638 
 123  611 
 363  562 
 367  562 
 404  562 
 453  562 
 187  562 
 363  647 
 363  590 
 363  618 
 363  646 
 367  647 
 367  520 
 367  854 
 367  955 
 454  647 
 215  647 
  55  647 
 404  590 
 404  520 
 404  751 
 404  803 
 454  590 
 119  590 
 103  590 
 454  520 
 315  520 
 163  520 
 454  638 
 454  701 
 453  618 
 453  854 
 453  751 
 453  866 
 215  618 
 119  618 
 509  618 
 215  854 
 315  854 
 200  854 
 215  638 
 215  954 
 119  751 
 315  751 
 124  751 
 119  638 
 119  527 
 315  638 
 315  844 
 308  638 
 238  630 
 117  630 
 351  630 
 278  630 
 127  630 
 178  630 
 330  630 
  80  630 
 464  630 
 238  518 
 238  676 
 238  698 
 238  845 
 238  691 
 238  888 
 238  515 
 238  557 
 117  518 
 117  731 
 117 1008 
 117  926 
 117  812 
 117  969 
 117  891 
 117  994 
 136  518 
 389  518 
 357  518 
 234  518 
 417  518 
 445  518 
   7  518 
 351  676 
 351  731 
 351  768 
 351  839 
 351  901 
 351  856 
 351  591 
 351  911 
 136  676 
 482  676 
 411  676 
 496  676 
 465  676 
 115  676 
  15  676 
 136  731 
 292  731 
 192  731 
 165  731 
 501  731 
 343  731 
 397  731 
 136  837 
 136  797 
 136  772 
 136 1007 
 136  874 
 136  672 
 278  698 
 278 1008 
 278  768 
 278  541 
 278  513 
 278  740 
 278  961 
 278  679 
 389  698 
 482  698 
 488  698 
 216  698 
 294  698 
 270  698 
   8  698 
 389 1008 
 292 1008 
  20 1008 
  39 1008 
 246 1008 
 122 1008 
 156 1008 
 389  837 
 389  830 
 389  571 
 389  555 
 389  517 
 389  726 
 482  768 
 292  768 
 319  768 
 177  768 
 472  768 
  84  768 
 104  768 
 482  837 
 482 1021 
 482  650 
 482  756 
 482  616 
 482  742 
 292  837 
 292  522 
 292  788 
 292 1003 
 292  689 
 292  905 
 422  837 
 312  837 
 107  837 
 477  837 
 321  837 
 127  845 
 127  926 
 127  839 
 127  541 
 127  871 
 127  736 
 127  670 
 127  649 
 357  845 
 411  845 
 488  845 
 349  845 
 224  845 
 495  845 
 143  845 
 357  926 
 192  926 
  20  926 
 336  926 
 174  926 
 251  926 
  61  926 
 357  797 
 357  830 
 357  802 
 357  910 
 357  633 
 357  643 
 411  839 
 192  839 
 319  839 
 460  839 
 410  839 
 407  839 
 140  839 
 411  797 
 411 1021 
 411  763 
 411  601 
 411  539 
 411  811 
 192  797 
 192  522 
 192  762 
 192  846 
 192  537 
 192  684 
 422  797 
 459  797 
 154  797 
 146  797 
 239  797 
 488  541 
  20  541 
 319  541 
  41  541 
 372  541 
 121  541 
 235  541 
 488  830 
 488 1021 
 488  529 
 488  786 
 488  583 
 488  514 
  20  830 
  20  522 
  20  949 
  20  624 
  20  608 
  20  569 
 422  830 
 257  830 
  19  830 
   3  830 
 230  830 
 319 1021 
 319  522 
 319  609 
 319  876 
 319 1018 
 319  729 
 422 1021 
  86 1021 
 258 1021 
 456 1021 
 199 1021 
 422  522 
 353  522 
 327  522 
 475  522 
   6  522 
 422  820 
 422  864 
 422  559 
 422  677 
 178  691 
 178  812 
 178  901 
 178  513 
 178  871 
 178  530 
 178  877 
 178  967 
 234  691 
 496  691 
 216  691 
 349  691 
 137  691 
 281  691 
 264  691 
 234  812 
 165  812 
  39  812 
 336  812 
 182  812 
 395  812 
 147  812 
 234  772 
 234  571 
 234  802 
 234  849 
 234  692 
 234  610 
 496  901 
 165  901 
 177  901 
 460  901 
 307  901 
 398  901 
  18  901 
 496  772 
 496  650 
 496  763 
 496  913 
 496  593 
 496  632 
 165  772 
 165  788 
 165  762 
 165  973 
 165  586 
 165  727 
 312  772 
 459  772 
 402  772 
 276  772 
 218  772 
 216  513 
  39  513 
 177  513 
  41  513 
  28  513 
 282  513 
 303  513 
 216  571 
 216  650 
 216  529 
 216  875 
 216  597 
 216  951 
  39  571 
  39  788 
  39  949 
  39  958 
  39  869 
  39  782 
 312  571 
 257  571 
 375  571 
 360  571 
 207  571 
 177  650 
 177  788 
 177  609 
 177  769 
 177  886 
 177  720 
 312  650 
  86  650 
 443  650 
 502  650 
 338  650 
 312  788 
 353  788 
  63  788 
 486  788 
 413  788 
 312  820 
 312  675 
 312  838 
 312  533 
 349  871 
 336  871 
 460  871 
  41  871 
 169  871 
 320  871 
  16  871 
 349  802 
 349  763 
 349  529 
 349  899 
 349 1015 
 349  897 
 336  802 
 336  762 
 336  949 
 336  842 
 336  887 
 336  929 
 459  802 
 257  802 
 160  802 
 362  802 
 176  802 
 460  763 
 460  762 
 460  609 
 460  519 
 460  605 
 460 1012 
 459  763 
  86  763 
 393  763 
 432  763 
 304  763 
 459  762 
 353  762 
 237  762 
 106  762 
   1  762 
 459  820 
 459  868 
 459  761 
 459  671 
  41  529 
  41  949 
  41  609 
  41  780 
  41  738 
  41  614 
 257  529 
  86  529 
 461  529 
 287  529 
 421  529 
 257  949 
 353  949 
 405  949 
 429  949 
  21  949 
 257  820 
 257  981 
 257  909 
 257 1023 
  86  609 
 353  609 
 247  609 
 283  609 
 306  609 
  86  820 
  86  783 
  86  966 
  86  925 
 353  820 
 353 1024 
 353  851 
 353  703 
 412  820 
 414  820 
  81  820 
 330  888 
 330  969 
 330  856 
 330  740 
 330  736 
 330  530 
 330  855 
 330  564 
 417  888 
 465  888 
 294  888 
 224  888 
 137  888 
  30  888 
 366  888 
 417  969 
 501  969 
 246  969 
 174  969 
 182  969 
  44  969 
 242  969 
 417 1007 
 417  555 
 417  910 
 417  849 
 417  710 
 417  952 
 465  856 
 501  856 
 472  856 
 410  856 
 307  856 
 504  856 
 291  856 
 465 1007 
 465  756 
 465  601 
 465  913 
 465  996 
 465  730 
 501 1007 
 501 1003 
 501  846 
 501  973 
 501  602 
 501  836 
 107 1007 
 154 1007 
 402 1007 
 416 1007 
 280 1007 
 294  740 
 246  740 
 472  740 
 372  740 
  28  740 
 219  740 
 356  740 
 294  555 
 294  756 
 294  786 
 294  875 
 294 1010 
 294 1022 
 246  555 
 246 1003 
 246  624 
 246  958 
 246  870 
 246  933 
 107  555 
  19  555 
 375  555 
 433  555 
  78  555 
 472  756 
 472 1003 
 472  876 
 472  769 
 472  563 
 472  881 
 107  756 
 258  756 
 443  756 
  12  756 
 446  756 
 107 1003 
 327 1003 
  63 1003 
 296 1003 
 476 1003 
 107  864 
 107  675 
 107  806 
 107  816 
 224  736 
 174  736 
 410  736 
 372  736 
 169  736 
 279  736 
 149  736 
 224  910 
 224  601 
 224  786 
 224  899 
 224  549 
 224  640 
 174  910 
 174  846 
 174  624 
 174  842 
 174  637 
 174  957 
 154  910 
  19  910 
 160  910 
 100  910 
  26  910 
 410  601 
 410  846 
 410  876 
 410  519 
 410  823 
 410 1006 
 154  601 
 258  601 
 393  601 
 172  601 
 175  601 
 154  846 
 327  846 
 237  846 
 471  846 
 191  846 
 154  864 
 154  868 
 154 1011 
 154  863 
 372  786 
 372  624 
 372  876 
 372  780 
 372  880 
 372  998 
  19  786 
 258  786 
 461  786 
 109  786 
 293  786 
  19  624 
 327  624 
 405  624 
 167  624 
 108  624 
  19  864 
  19  981 
  19 1019 
  19  667 
 258  876 
 327  876 
 247  876 
 352  876 
 438  876 
 258  864 
 258  783 
 258  865 
 258  824 
 327  864 
 327 1024 
 327  948 
 327  532 
 412  864 
 110  864 
  46  864 
 137  530 
 182  530 
 307  530 
  28  530 
 169  530 
 378  530 
 250  530 
 137  849 
 137  913 
 137  875 
 137  899 
 137  759 
 137  917 
 182  849 
 182  973 
 182  958 
 182  842 
 182  753 
 182  945 
 402  849 
 375  849 
 160  849 
 399  849 
  64  849 
 307  913 
 307  973 
 307  769 
 307  519 
 307  600 
 307  902 
 402  913 
 443  913 
 393  913 
 403  913 
 248  913 
 402  973 
  63  973 
 237  973 
 426  973 
 274  973 
 402  675 
 402  868 
 402  884 
 402  943 
  28  875 
  28  958 
  28  769 
  28  780 
  28  776 
  28  673 
 375  875 
 443  875 
 461  875 
   4  875 
 348  875 
 375  958 
  63  958 
 405  958 
 129  958 
  77  958 
 375  675 
 375  981 
 375  781 
 375  607 
 443  769 
  63  769 
 247  769 
 289  769 
 478  769 
 443  675 
 443  783 
 443  705 
 443 1020 
  63  675 
  63 1024 
  63  659 
  63 1004 
 412  675 
 232  675 
  27  675 
 169  899 
 169  842 
 169  519 
 169  780 
 169  565 
 169  946 
 160  899 
 393  899 
 461  899 
 164  899 
 415  899 
 160  842 
 237  842 
 405  842 
  98  842 
  90  842 
 160  868 
 160  981 
 160  728 
 160  892 
 393  519 
 237  519 
 247  519 
 196  519 
 374  519 
 393  868 
 393  783 
 393  615 
 393  716 
 237  868 
 237 1024 
 237  538 
 237  850 
 412  868 
 355  868 
 370  868 
 461  780 
 405  780 
 247  780 
 328  780 
  66  780 
 461  981 
 461  783 
 461  752 
 461  852 
 405  981 
 405 1024 
 405  817 
 405  822 
 412  981 
 236  981 
 139  981 
 247  783 
 247 1024 
 247  959 
 247  804 
 412  783 
 481  783 
 442  783 
 412 1024 
 185 1024 
 159 1024 
 412  581 
 412  914 
  80  515 
  80  891 
  80  591 
  80  961 
  80  670 
  80  877 
  80  855 
  80  964 
 445  515 
 115  515 
 270  515 
 495  515 
 281  515 
  30  515 
 179  515 
 445  891 
 343  891 
 122  891 
 251  891 
 395  891 
  44  891 
 209  891 
 445  874 
 445  517 
 445  633 
 445  692 
 445  710 
 445  750 
 115  591 
 343  591 
  84  591 
 407  591 
 398  591 
 504  591 
 427  591 
 115  874 
 115  616 
 115  539 
 115  593 
 115  996 
 115 1016 
 343  874 
 343  689 
 343  537 
 343  586 
 343  602 
 343  717 
 477  874 
 146  874 
 276  874 
 416  874 
   2  874 
 270  961 
 122  961 
  84  961 
 121  961 
 282  961 
 219  961 
 253  961 
 270  517 
 270  616 
 270  583 
 270  597 
 270 1010 
 270  724 
 122  517 
 122  689 
 122  608 
 122  869 
 122  870 
 122  971 
 477  517 
   3  517 
 360  517 
 433  517 
 420  517 
  84  616 
  84  689 
  84 1018 
  84  886 
  84  563 
  84  690 
 477  616 
 456  616 
 502  616 
  12  616 
 197  616 
 477  689 
 475  689 
 486  689 
 296  689 
 508  689 
 477  559 
 477  838 
 477  806 
 477  785 
 495  670 
 251  670 
 407  670 
 121  670 
 320  670 
 279  670 
 408  670 
 495  633 
 495  539 
 495  583 
 495 1015 
 495  549 
 495  747 
 251  633 
 251  537 
 251  608 
 251  887 
 251  637 
 251  765 
 146  633 
   3  633 
 362  633 
 100  633 
 170  633 
 407  539 
 407  537 
 407 1018 
 407  605 
 407  823 
 407  743 
 146  539 
 456  539 
 432  539 
 172  539 
 431  539 
 146  537 
 475  537 
 106  537 
 471  537 
 418  537 
 146  559 
 146  761 
 146 1011 
 146  991 
 121  583 
 121  608 
 121 1018 
 121  738 
 121  880 
 121  773 
   3  583 
 456  583 
 287  583 
 109  583 
 369  583 
   3  608 
 475  608 
 429  608 
 167  608 
 318  608 
   3  559 
   3  909 
   3 1019 
   3  795 
 456 1018 
 475 1018 
 283 1018 
 352 1018 
 269 1018 
 456  559 
 456  966 
 456  865 
 456  540 
 475  559 
 475  851 
 475  948 
 475  979 
 414  559 
 110  559 
 354  559 
 281  877 
 395  877 
 398  877 
 282  877 
 320  877 
 378  877 
 325  877 
 281  692 
 281  593 
 281  597 
 281 1015 
 281  759 
 281  749 
 395  692 
 395  586 
 395  869 
 395  887 
 395  753 
 395  748 
 276  692 
 360  692 
 362  692 
 399  692 
  24  692 
 398  593 
 398  586 
 398  886 
 398  605 
 398  600 
 398  792 
 276  593 
 502  593 
 432  593 
 403  593 
  33  593 
 276  586 
 486  586 
 106  586 
 426  586 
 484  586 
 276  838 
 276  761 
 276  884 
 276  984 
 282  597 
 282  869 
 282  886 
 282  738 
 282  776 
 282  585 
 360  597 
 502  597 
 287  597 
   4  597 
  10  597 
 360  869 
 486  869 
 429  869 
 129  869 
 231  869 
 360  838 
 360  909 
 360  781 
 360  642 
 502  886 
 486  886 
 283  886 
 289  886 
 157  886 
 502  838 
 502  966 
 502  705 
 502  831 
 486  838 
 486  851 
 486  659 
 486  889 
 414  838 
 232  838 
  69  838 
 320 1015 
 320  887 
 320  605 
 320  738 
 320  565 
 320  848 
 362 1015 
 432 1015 
 287 1015 
 164 1015 
 396 1015 
 362  887 
 106  887 
 429  887 
  98  887 
 392  887 
 362  761 
 362  909 
 362  728 
 362  956 
 432  605 
 106  605 
 283  605 
 196  605 
 210  605 
 432  761 
 432  966 
 432  615 
 432  766 
 106  761 
 106  851 
 106  538 
 106  560 
 414  761 
 355  761 
  36  761 
 287  738 
 429  738 
 283  738 
 328  738 
 267  738 
 287  909 
 287  966 
 287  752 
 287  622 
 429  909 
 429  851 
 429  817 
 429  725 
 414  909 
 236  909 
  50  909 
 283  966 
 283  851 
 283  959 
 283  890 
 414  966 
 481  966 
 462  966 
 414  851 
 185  851 
 286  851 
 414  581 
 414  681 
  30  855 
  44  855 
 504  855 
 219  855 
 279  855 
 378  855 
  85  855 
  30  710 
  30  996 
  30 1010 
  30  549 
  30  759 
  30  598 
  44  710 
  44  602 
  44  870 
  44  637 
  44  753 
  44  932 
 416  710 
 433  710 
 100  710 
 399  710 
  17  710 
 504  996 
 504  602 
 504  563 
 504  823 
 504  600 
 504  639 
 416  996 
  12  996 
 172  996 
 403  996 
 314  996 
 416  602 
 296  602 
 471  602 
 426  602 
 203  602 
 416  806 
 416 1011 
 416  884 
 416  695 
 219 1010 
 219  870 
 219  563 
 219  880 
 219  776 
 219  542 
 433 1010 
  12 1010 
 109 1010 
   4 1010 
 277 1010 
 433  870 
 296  870 
 167  870 
 129  870 
  37  870 
 433  806 
 433 1019 
 433  781 
 433  544 
  12  563 
 296  563 
 352  563 
 289  563 
 263  563 
  12  806 
  12  865 
  12  705 
  12  801 
 296  806 
 296  948 
 296  659 
 296  860 
 110  806 
 232  806 
 145  806 
 279  549 
 279  637 
 279  823 
 279  880 
 279  565 
 279  535 
 100  549 
 172  549 
 109  549 
 164  549 
 112  549 
 100  637 
 471  637 
 167  637 
  98  637 
 141  637 
 100 1011 
 100 1019 
 100  728 
 100  655 
 172  823 
 471  823 
 352  823 
 196  823 
 494  823 
 172 1011 
 172  865 
 172  615 
 172  587 
 471 1011 
 471  948 
 471  538 
 471  589 
 110 1011 
 355 1011 
 126 1011 
 109  880 
 167  880 
 352  880 
 328  880 
 423  880 
 109 1019 
 109  865 
 109  752 
 109  873 
 167 1019 
 167  948 
 167  817 
 167  907 
 110 1019 
 236 1019 
 151 1019 
 352  865 
 352  948 
 352  959 
 352  754 
 110  865 
 481  865 
 201  865 
 110  948 
 185  948 
 451  948 
 110  581 
 110  809 
 378  759 
 378  753 
 378  600 
 378  776 
 378  565 
 378  578 
 399  759 
 403  759 
   4  759 
 164  759 
 380  759 
 399  753 
 426  753 
 129  753 
  98  753 
 510  753 
 399  884 
 399  781 
 399  728 
 399  912 
 403  600 
 426  600 
 289  600 
 196  600 
 428  600 
 403  884 
 403  705 
 403  615 
 403  770 
 426  884 
 426  659 
 426  538 
 426  561 
 232  884 
 355  884 
 387  884 
   4  776 
 129  776 
 289  776 
 328  776 
 506  776 
   4  781 
   4  705 
   4  752 
   4  774 
 129  781 
 129  659 
 129  817 
 129  840 
 232  781 
 236  781 
 335  781 
 289  705 
 289  659 
 289  959 
 289  588 
 232  705 
 481  705 
 226  705 
 232  659 
 185  659 
 388  659 
 232  581 
 232  611 
 164  565 
  98  565 
 196  565 
 328  565 
 187  565 
 164  728 
 164  615 
 164  752 
 164  646 
  98  728 
  98  538 
  98  817 
  98  955 
 355  728 
 236  728 
  55  728 
 196  615 
 196  538 
 196  959 
 196  803 
 355  615 
 481  615 
 103  615 
 355  538 
 185  538 
 163  538 
 355  581 
 355  701 
 328  752 
 328  817 
 328  959 
 328  866 
 236  752 
 481  752 
 509  752 
 236  817 
 185  817 
 200  817 
 236  581 
 236  954 
 481  959 
 185  959 
 124  959 
 481  581 
 481  527 
 185  581 
 185  844 
 308  581 
 464  557 
 464  994 
 464  911 
 464  679 
 464  649 
 464  967 
 464  564 
 464  964 
   7  557 
  15  557 
   8  557 
 143  557 
 264  557 
 366  557 
 179  557 
   7  994 
 397  994 
 156  994 
  61  994 
 147  994 
 242  994 
 209  994 
   7  672 
   7  726 
   7  643 
   7  610 
   7  952 
   7  750 
  15  911 
 397  911 
 104  911 
 140  911 
  18  911 
 291  911 
 427  911 
  15  672 
  15  742 
  15  811 
  15  632 
  15  730 
  15 1016 
 397  672 
 397  905 
 397  684 
 397  727 
 397  836 
 397  717 
 321  672 
 239  672 
 218  672 
 280  672 
   2  672 
   8  679 
 156  679 
 104  679 
 235  679 
 303  679 
 356  679 
 253  679 
   8  726 
   8  742 
   8  514 
   8  951 
   8 1022 
   8  724 
 156  726 
 156  905 
 156  569 
 156  782 
 156  933 
 156  971 
 321  726 
 230  726 
 207  726 
  78  726 
 420  726 
 104  742 
 104  905 
 104  729 
 104  720 
 104  881 
 104  690 
 321  742 
 199  742 
 338  742 
 446  742 
 197  742 
 321  905 
   6  905 
 413  905 
 476  905 
 508  905 
 321  677 
 321  533 
 321  816 
 321  785 
 143  649 
  61  649 
 140  649 
 235  649 
  16  649 
 149  649 
 408  649 
 143  643 
 143  811 
 143  514 
 143  897 
 143  640 
 143  747 
  61  643 
  61  684 
  61  569 
  61  929 
  61  957 
  61  765 
 239  643 
 230  643 
 176  643 
  26  643 
 170  643 
 140  811 
 140  684 
 140  729 
 140 1012 
 140 1006 
 140  743 
 239  811 
 199  811 
 304  811 
 175  811 
 431  811 
 239  684 
   6  684 
   1  684 
 191  684 
 418  684 
 239  677 
 239  671 
 239  863 
 239  991 
 235  514 
 235  569 
 235  729 
 235  614 
 235  998 
 235  773 
 230  514 
 199  514 
 421  514 
 293  514 
 369  514 
 230  569 
   6  569 
  21  569 
 108  569 
 318  569 
 230  677 
 230 1023 
 230  667 
 230  795 
 199  729 
   6  729 
 306  729 
 438  729 
 269  729 
 199  677 
 199  925 
 199  824 
 199  540 
   6  677 
   6  703 
   6  532 
   6  979 
  81  677 
  46  677 
 354  677 
 264  967 
 147  967 
  18  967 
 303  967 
  16  967 
 250  967 
 325  967 
 264  610 
 264  632 
 264  951 
 264  897 
 264  917 
 264  749 
 147  610 
 147  727 
 147  782 
 147  929 
 147  945 
 147  748 
 218  610 
 207  610 
 176  610 
  64  610 
  24  610 
  18  632 
  18  727 
  18  720 
  18 1012 
  18  902 
  18  792 
 218  632 
 338  632 
 304  632 
 248  632 
  33  632 
 218  727 
 413  727 
   1  727 
 274  727 
 484  727 
 218  533 
 218  671 
 218  943 
 218  984 
 303  951 
 303  782 
 303  720 
 303  614 
 303  673 
 303  585 
 207  951 
 338  951 
 421  951 
 348  951 
  10  951 
 207  782 
 413  782 
  21  782 
  77  782 
 231  782 
 207  533 
 207 1023 
 207  607 
 207  642 
 338  720 
 413  720 
 306  720 
 478  720 
 157  720 
 338  533 
 338  925 
 338 1020 
 338  831 
 413  533 
 413  703 
 413 1004 
 413  889 
  81  533 
  27  533 
  69  533 
  16  897 
  16  929 
  16 1012 
  16  614 
  16  946 
  16  848 
 176  897 
 304  897 
 421  897 
 415  897 
 396  897 
 176  929 
   1  929 
  21  929 
  90  929 
 392  929 
 176  671 
 176 1023 
 176  892 
 176  956 
 304 1012 
   1 1012 
 306 1012 
 374 1012 
 210 1012 
 304  671 
 304  925 
 304  716 
 304  766 
   1  671 
   1  703 
   1  850 
   1  560 
  81  671 
 370  671 
  36  671 
 421  614 
  21  614 
 306  614 
  66  614 
 267  614 
 421 1023 
 421  925 
 421  852 
 421  622 
  21 1023 
  21  703 
  21  822 
  21  725 
  81 1023 
 139 1023 
  50 1023 
 306  925 
 306  703 
 306  804 
 306  890 
  81  925 
 442  925 
 462  925 
  81  703 
 159  703 
 286  703 
  81  914 
  81  681 
 366  564 
 242  564 
 291  564 
 356  564 
 149  564 
 250  564 
  85  564 
 366  952 
 366  730 
 366 1022 
 366  640 
 366  917 
 366  598 
 242  952 
 242  836 
 242  933 
 242  957 
 242  945 
 242  932 
 280  952 
  78  952 
  26  952 
  64  952 
  17  952 
 291  730 
 291  836 
 291  881 
 291 1006 
 291  902 
 291  639 
 280  730 
 446  730 
 175  730 
 248  730 
 314  730 
 280  836 
 476  836 
 191  836 
 274  836 
 203  836 
 280  816 
 280  863 
 280  943 
 280  695 
 356 1022 
 356  933 
 356  881 
 356  998 
 356  673 
 356  542 
  78 1022 
 446 1022 
 293 1022 
 348 1022 
 277 1022 
  78  933 
 476  933 
 108  933 
  77  933 
  37  933 
  78  816 
  78  667 
  78  607 
  78  544 
 446  881 
 476  881 
 438  881 
 478  881 
 263  881 
 446  816 
 446  824 
 446 1020 
 446  801 
 476  816 
 476  532 
 476 1004 
 476  860 
  46  816 
  27  816 
 145  816 
 149  640 
 149  957 
 149 1006 
 149  998 
 149  946 
 149  535 
  26  640 
 175  640 
 293  640 
 415  640 
 112  640 
  26  957 
 191  957 
 108  957 
  90  957 
 141  957 
  26  863 
  26  667 
  26  892 
  26  655 
 175 1006 
 191 1006 
 438 1006 
 374 1006 
 494 1006 
 175  863 
 175  824 
 175  716 
 175  587 
 191  863 
 191  532 
 191  850 
 191  589 
  46  863 
 370  863 
 126  863 
 293  998 
 108  998 
 438  998 
  66  998 
 423  998 
 293  667 
 293  824 
 293  852 
 293  873 
 108  667 
 108  532 
 108  822 
 108  907 
  46  667 
 139  667 
 151  667 
 438  824 
 438  532 
 438  804 
 438  754 
  46  824 
 442  824 
 201  824 
  46  532 
 159  532 
 451  532 
  46  914 
  46  809 
 250  917 
 250  945 
 250  902 
 250  673 
 250  946 
 250  578 
  64  917 
 248  917 
 348  917 
 415  917 
 380  917 
  64  945 
 274  945 
  77  945 
  90  945 
 510  945 
  64  943 
  64  607 
  64  892 
  64  912 
 248  902 
 274  902 
 478  902 
 374  902 
 428  902 
 248  943 
 248 1020 
 248  716 
 248  770 
 274  943 
 274 1004 
 274  850 
 274  561 
  27  943 
 370  943 
 387  943 
 348  673 
  77  673 
 478  673 
  66  673 
 506  673 
 348  607 
 348 1020 
 348  852 
 348  774 
  77  607 
  77 1004 
  77  822 
  77  840 
  27  607 
 139  607 
 335  607 
 478 1020 
 478 1004 
 478  804 
 478  588 
  27 1020 
 442 1020 
 226 1020 
  27 1004 
 159 1004 
 388 1004 
  27  914 
  27  611 
 415  946 
  90  946 
 374  946 
  66  946 
 187  946 
 415  892 
 415  716 
 415  852 
 415  646 
  90  892 
  90  850 
  90  822 
  90  955 
 370  892 
 139  892 
  55  892 
 374  716 
 374  850 
 374  804 
 374  803 
 370  716 
 442  716 
 103  716 
 370  850 
 159  850 
 163  850 
 370  914 
 370  701 
  66  852 
  66  822 
  66  804 
  66  866 
 139  852 
 442  852 
 509  852 
 139  822 
 159  822 
 200  822 
 139  914 
 139  954 
 442  804 
 159  804 
 124  804 
 442  914 
 442  527 
 159  914 
 159  844 
 308  914 
 179  964 
 209  964 
 427  964 
 253  964 
 408  964 
 325  964 
  85  964 
 179  750 
 179 1016 
 179  724 
 179  747 
 179  749 
 179  598 
 209  750 
 209  717 
 209  971 
 209  765 
 209  748 
 209  932 
   2  750 
 420  750 
 170  750 
  24  750 
  17  750 
 427 1016 
 427  717 
 427  690 
 427  743 
 427  792 
 427  639 
   2 1016 
 197 1016 
 431 1016 
  33 1016 
 314 1016 
   2  717 
 508  717 
 418  717 
 484  717 
 203  717 
   2  785 
   2  991 
   2  984 
   2  695 
 253  724 
 253  971 
 253  690 
 253  773 
 253  585 
 253  542 
 420  724 
 197  724 
 369  724 
  10  724 
 277  724 
 420  971 
 508  971 
 318  971 
 231  971 
  37  971 
 420  785 
 420  795 
 420  642 
 420  544 
 197  690 
 508  690 
 269  690 
 157  690 
 263  690 
 197  785 
 197  540 
 197  831 
 197  801 
 508  785 
 508  979 
 508  889 
 508  860 
 354  785 
  69  785 
 145  785 
 408  747 
 408  765 
 408  743 
 408  773 
 408  848 
 408  535 
 170  747 
 431  747 
 369  747 
 396  747 
 112  747 
 170  765 
 418  765 
 318  765 
 392  765 
 141  765 
 170  991 
 170  795 
 170  956 
 170  655 
 431  743 
 418  743 
 269  743 
 210  743 
 494  743 
 431  991 
 431  540 
 431  766 
 431  587 
 418  991 
 418  979 
 418  560 
 418  589 
 354  991 
  36  991 
 126  991 
 369  773 
 318  773 
 269  773 
 267  773 
 423  773 
 369  795 
 369  540 
 369  622 
 369  873 
 318  795 
 318  979 
 318  725 
 318  907 
 354  795 
  50  795 
 151  795 
 269  540 
 269  979 
 269  890 
 269  754 
 354  540 
 462  540 
 201  540 
 354  979 
 286  979 
 451  979 
 354  681 
 354  809 
 325  749 
 325  748 
 325  792 
 325  585 
 325  848 
 325  578 
  24  749 
  33  749 
  10  749 
 396  749 
 380  749 
  24  748 
 484  748 
 231  748 
 392  748 
 510  748 
  24  984 
  24  642 
  24  956 
  24  912 
  33  792 
 484  792 
 157  792 
 210  792 
 428  792 
  33  984 
  33  831 
  33  766 
  33  770 
 484  984 
 484  889 
 484  560 
 484  561 
  69  984 
  36  984 
 387  984 
  10  585 
 231  585 
 157  585 
 267  585 
 506  585 
  10  642 
  10  831 
  10  622 
  10  774 
 231  642 
 231  889 
 231  725 
 231  840 
  69  642 
  50  642 
 335  642 
 157  831 
 157  889 
 157  890 
 157  588 
  69  831 
 462  831 
 226  831 
  69  889 
 286  889 
 388  889 
  69  681 
  69  611 
 396  848 
 392  848 
 210  848 
 267  848 
 187  848 
 396  956 
 396  766 
 396  622 
 396  646 
 392  956 
 392  560 
 392  725 
 392  955 
  36  956 
  50  956 
  55  956 
 210  766 
 210  560 
 210  890 
 210  803 
  36  766 
 462  766 
 103  766 
  36  560 
 286  560 
 163  560 
  36  681 
  36  701 
 267  622 
 267  725 
 267  890 
 267  866 
  50  622 
 462  622 
 509  622 
  50  725 
 286  725 
 200  725 
  50  681 
  50  954 
 462  890 
 286  890 
 124  890 
 462  681 
 462  527 
 286  681 
 286  844 
 308  681 
  85  598 
  85  932 
  85  639 
  85  542 
  85  535 
  85  578 
  17  598 
 314  598 
 277  598 
 112  598 
 380  598 
  17  932 
 203  932 
  37  932 
 141  932 
 510  932 
  17  695 
  17  544 
  17  655 
  17  912 
 314  639 
 203  639 
 263  639 
 494  639 
 428  639 
 314  695 
 314  801 
 314  587 
 314  770 
 203  695 
 203  860 
 203  589 
 203  561 
 145  695 
 126  695 
 387  695 
 277  542 
  37  542 
 263  542 
 423  542 
 506  542 
 277  544 
 277  801 
 277  873 
 277  774 
  37  544 
  37  860 
  37  907 
  37  840 
 145  544 
 151  544 
 335  544 
 263  801 
 263  860 
 263  754 
 263  588 
 145  801 
 201  801 
 226  801 
 145  860 
 451  860 
 388  860 
 145  809 
 145  611 
 112  535 
 141  535 
 494  535 
 423  535 
 187  535 
 112  655 
 112  587 
 112  873 
 112  646 
 141  655 
 141  589 
 141  907 
 141  955 
 126  655 
 151  655 
  55  655 
 494  587 
 494  589 
 494  754 
 494  803 
 126  587 
 201  587 
 103  587 
 126  589 
 451  589 
 163  589 
 126  809 
 126  701 
 423  873 
 423  907 
 423  754 
 423  866 
 151  873 
 201  873 
 509  873 
 151  907 
 451  907 
 200  907 
 151  809 
 151  954 
 201  754 
 451  754 
 124  754 
 201  809 
 201  527 
 451  809 
 451  844 
 308  809 
 380  578 
 510  578 
 428  578 
 506  578 
 187  578 
 380  912 
 380  770 
 380  774 
 380  646 
 510  912 
 510  561 
 510  840 
 510  955 
 387  912 
 335  912 
  55  912 
 428  770 
 428  561 
 428  588 
 428  803 
 387  770 
 226  770 
 103  770 
 387  561 
 388  561 
 163  561 
 387  611 
 387  701 
 506  774 
 506  840 
 506  588 
 506  866 
 335  774 
 226  774 
 509  774 
 335  840 
 388  840 
 200  840 
 335  611 
 335  954 
 226  588 
 388  588 
 124  588 
 226  611 
 226  527 
 388  611 
 388  844 
 308  611 
 187  646 
 187  955 
 187  803 
 187  866 
  55  646 
 103  646 
 509  646 
  55  955 
 163  955 
 200  955 
  55  701 
  55  954 
 103  803 
 163  803 
 124  803 
 103  701 
 103  527 
 163  701 
 163  844 
 308  701 
 509  866 
 200  866 
 124  866 
 509  954 
 509  527 
 200  954 
 200  844 
 308  954 
 124  527 
 124  844 
 308  527 
 308  844 
