 128  128   1024
   6  235 
   6  137 
   6  242 
   6  206 
   6  145 
   6  155 
   6  196 
   6  203 
  16  235 
  79  235 
 114  235 
  72  235 
  92  235 
 110  235 
   1  235 
  16  137 
 112  137 
  51  137 
  67  137 
  60  137 
  31  137 
  87  137 
  16  204 
  16  233 
  16  158 
  16  174 
  16  134 
  16  153 
  79  242 
 112  242 
 126  242 
  32  242 
  96  242 
  47  242 
  74  242 
  79  204 
  79  246 
  79  193 
  79  225 
  79  150 
  79  251 
 112  204 
 112  187 
 112  244 
 112  231 
 112  247 
 112  194 
  26  204 
  57  204 
 125  204 
 122  204 
  97  204 
 114  206 
  51  206 
 126  206 
  66  206 
  15  206 
  99  206 
  22  206 
 114  233 
 114  246 
 114  132 
 114  252 
 114  183 
 114  213 
  51  233 
  51  187 
  51  202 
  51  179 
  51  230 
  51  211 
  26  233 
  50  233 
  95  233 
  41  233 
   2  233 
 126  246 
 126  187 
 126  209 
 126  142 
 126  245 
 126  228 
  26  246 
  49  246 
  56  246 
  98  246 
  93  246 
  26  187 
 128  187 
  29  187 
  23  187 
   4  187 
  26  208 
  26  239 
  26  241 
  26  254 
  72  145 
  67  145 
  32  145 
  66  145 
  40  145 
 124  145 
  91  145 
  72  158 
  72  193 
  72  132 
  72  236 
  72  249 
  72  146 
  67  158 
  67  244 
  67  202 
  67  222 
  67  237 
  67  170 
  57  158 
  50  158 
 102  158 
 123  158 
 105  158 
  32  193 
  32  244 
  32  209 
  32  151 
  32  136 
  32  180 
  57  193 
  49  193 
  54  193 
  64  193 
  89  193 
  57  244 
 128  244 
 111  244 
  63  244 
 117  244 
  57  208 
  57  168 
  57  214 
  57  133 
  66  132 
  66  202 
  66  209 
  66  212 
  66  207 
  66  217 
  50  132 
  49  132 
  36  132 
  19  132 
  43  132 
  50  202 
 128  202 
  35  202 
  12  202 
   5  202 
  50  208 
  50  173 
  50  160 
  50  240 
  49  209 
 128  209 
  61  209 
  59  209 
  14  209 
  49  208 
  49  156 
  49  191 
  49  162 
 128  208 
 128  248 
 128  175 
 128  255 
 119  208 
  73  208 
 127  208 
  92  155 
  60  155 
  96  155 
  15  155 
  40  155 
  70  155 
  13  155 
  92  174 
  92  225 
  92  252 
  92  236 
  92  165 
  92  163 
  60  174 
  60  231 
  60  179 
  60  222 
  60  152 
  60  220 
 125  174 
  95  174 
 102  174 
  85  174 
  62  174 
  96  225 
  96  231 
  96  142 
  96  151 
  96  199 
  96  201 
 125  225 
  56  225 
  54  225 
  94  225 
  37  225 
 125  231 
  29  231 
 111  231 
  24  231 
   7  231 
 125  239 
 125  168 
 125  215 
 125  234 
  15  252 
  15  179 
  15  142 
  15  212 
  15  190 
  15  148 
  95  252 
  56  252 
  36  252 
  20  252 
 115  252 
  95  179 
  29  179 
  35  179 
  81  179 
 113  179 
  95  239 
  95  173 
  95  250 
  95  147 
  56  142 
  29  142 
  61  142 
  33  142 
  53  142 
  56  239 
  56  156 
  56  200 
  56  227 
  29  239 
  29  248 
  29  164 
  29  159 
 119  239 
 101  239 
 104  239 
  40  236 
  40  222 
  40  151 
  40  212 
  40  138 
  40  144 
 102  236 
  54  236 
  36  236 
  77  236 
  44  236 
 102  222 
 111  222 
  35  222 
 100  222 
  86  222 
 102  168 
 102  173 
 102  149 
 102  161 
  54  151 
 111  151 
  61  151 
   9  151 
  11  151 
  54  168 
  54  156 
  54  197 
  54  224 
 111  168 
 111  248 
 111  166 
 111  223 
 119  168 
  88  168 
 103  168 
  36  212 
  35  212 
  61  212 
  68  212 
  10  212 
  36  173 
  36  156 
  36  253 
  36  131 
  35  173 
  35  248 
  35  192 
  35  181 
 119  173 
  18  173 
  78  173 
  61  156 
  61  248 
  61  210 
  61  243 
 119  156 
  75  156 
  34  156 
 119  248 
  27  248 
  58  248 
 119  176 
 119  189 
 110  196 
  31  196 
  47  196 
  99  196 
 124  196 
  70  196 
  90  196 
 110  134 
 110  150 
 110  183 
 110  249 
 110  165 
 110  130 
  31  134 
  31  247 
  31  230 
  31  237 
  31  152 
  31  167 
 122  134 
  41  134 
 123  134 
  85  134 
  69  134 
  47  150 
  47  247 
  47  245 
  47  136 
  47  199 
  47  140 
 122  150 
  98  150 
  64  150 
  94  150 
 116  150 
 122  247 
  23  247 
  63  247 
  24  247 
 121  247 
 122  241 
 122  214 
 122  215 
 122  184 
  99  183 
  99  230 
  99  245 
  99  207 
  99  190 
  99  139 
  41  183 
  98  183 
  19  183 
  20  183 
  46  183 
  41  230 
  23  230 
  12  230 
  81  230 
  25  230 
  41  241 
  41  160 
  41  250 
  41  171 
  98  245 
  23  245 
  59  245 
  33  245 
  71  245 
  98  241 
  98  191 
  98  200 
  98  198 
  23  241 
  23  175 
  23  164 
  23  226 
  73  241 
 101  241 
  45  241 
 124  249 
 124  237 
 124  136 
 124  207 
 124  138 
 124  154 
 123  249 
  64  249 
  19  249 
  77  249 
  55  249 
 123  237 
  63  237 
  12  237 
 100  237 
  21  237 
 123  214 
 123  160 
 123  149 
 123  141 
  64  136 
  63  136 
  59  136 
   9  136 
  30  136 
  64  214 
  64  191 
  64  197 
  64  238 
  63  214 
  63  175 
  63  166 
  63  232 
  73  214 
  88  214 
 106  214 
  19  207 
  12  207 
  59  207 
  68  207 
  28  207 
  19  160 
  19  191 
  19  253 
  19  143 
  12  160 
  12  175 
  12  192 
  12  229 
  73  160 
  18  160 
 107  160 
  59  191 
  59  175 
  59  210 
  59  157 
  73  191 
  75  191 
   3  191 
  73  175 
  27  175 
  76  175 
  73  176 
  73  185 
  70  165 
  70  152 
  70  199 
  70  190 
  70  138 
  70  195 
  85  165 
  94  165 
  20  165 
  77  165 
 108  165 
  85  152 
  24  152 
  81  152 
 100  152 
  82  152 
  85  215 
  85  250 
  85  149 
  85  186 
  94  199 
  24  199 
  33  199 
   9  199 
  84  199 
  94  215 
  94  200 
  94  197 
  94  219 
  24  215 
  24  164 
  24  166 
  24  216 
 101  215 
  88  215 
  65  215 
  20  190 
  81  190 
  33  190 
  68  190 
  42  190 
  20  250 
  20  200 
  20  253 
  20  172 
  81  250 
  81  164 
  81  192 
  81  182 
 101  250 
  18  250 
 120  250 
  33  200 
  33  164 
  33  210 
  33  188 
 101  200 
  75  200 
  17  200 
 101  164 
  27  164 
 118  164 
 101  176 
 101  178 
  77  138 
 100  138 
   9  138 
  68  138 
  39  138 
  77  149 
  77  197 
  77  253 
  77  205 
 100  149 
 100  166 
 100  192 
 100  135 
  88  149 
  18  149 
 109  149 
   9  197 
   9  166 
   9  210 
   9  221 
  88  197 
  75  197 
  52  197 
  88  166 
  27  166 
  80  166 
  88  176 
  88  256 
  68  253 
  68  192 
  68  210 
  68  177 
  18  253 
  75  253 
  83  253 
  18  192 
  27  192 
  38  192 
  18  176 
  18  129 
  75  210 
  27  210 
  48  210 
  75  176 
  75  169 
  27  176 
  27  218 
   8  176 
   1  203 
  87  203 
  74  203 
  22  203 
  91  203 
  13  203 
  90  203 
   1  153 
   1  251 
   1  213 
   1  146 
   1  163 
   1  130 
  87  153 
  87  194 
  87  211 
  87  170 
  87  220 
  87  167 
  97  153 
   2  153 
 105  153 
  62  153 
  69  153 
  74  251 
  74  194 
  74  228 
  74  180 
  74  201 
  74  140 
  97  251 
  93  251 
  89  251 
  37  251 
 116  251 
  97  194 
   4  194 
 117  194 
   7  194 
 121  194 
  97  254 
  97  133 
  97  234 
  97  184 
  22  213 
  22  211 
  22  228 
  22  217 
  22  148 
  22  139 
   2  213 
  93  213 
  43  213 
 115  213 
  46  213 
   2  211 
   4  211 
   5  211 
 113  211 
  25  211 
   2  254 
   2  240 
   2  147 
   2  171 
  93  228 
   4  228 
  14  228 
  53  228 
  71  228 
  93  254 
  93  162 
  93  227 
  93  198 
   4  254 
   4  255 
   4  159 
   4  226 
 127  254 
 104  254 
  45  254 
  91  146 
  91  170 
  91  180 
  91  217 
  91  144 
  91  154 
 105  146 
  89  146 
  43  146 
  44  146 
  55  146 
 105  170 
 117  170 
   5  170 
  86  170 
  21  170 
 105  133 
 105  240 
 105  161 
 105  141 
  89  180 
 117  180 
  14  180 
  11  180 
  30  180 
  89  133 
  89  162 
  89  224 
  89  238 
 117  133 
 117  255 
 117  223 
 117  232 
 127  133 
 103  133 
 106  133 
  43  217 
   5  217 
  14  217 
  10  217 
  28  217 
  43  240 
  43  162 
  43  131 
  43  143 
   5  240 
   5  255 
   5  181 
   5  229 
 127  240 
  78  240 
 107  240 
  14  162 
  14  255 
  14  243 
  14  157 
 127  162 
  34  162 
   3  162 
 127  255 
  58  255 
  76  255 
 127  189 
 127  185 
  13  163 
  13  220 
  13  201 
  13  148 
  13  144 
  13  195 
  62  163 
  37  163 
 115  163 
  44  163 
 108  163 
  62  220 
   7  220 
 113  220 
  86  220 
  82  220 
  62  234 
  62  147 
  62  161 
  62  186 
  37  201 
   7  201 
  53  201 
  11  201 
  84  201 
  37  234 
  37  227 
  37  224 
  37  219 
   7  234 
   7  159 
   7  223 
   7  216 
 104  234 
 103  234 
  65  234 
 115  148 
 113  148 
  53  148 
  10  148 
  42  148 
 115  147 
 115  227 
 115  131 
 115  172 
 113  147 
 113  159 
 113  181 
 113  182 
 104  147 
  78  147 
 120  147 
  53  227 
  53  159 
  53  243 
  53  188 
 104  227 
  34  227 
  17  227 
 104  159 
  58  159 
 118  159 
 104  189 
 104  178 
  44  144 
  86  144 
  11  144 
  10  144 
  39  144 
  44  161 
  44  224 
  44  131 
  44  205 
  86  161 
  86  223 
  86  181 
  86  135 
 103  161 
  78  161 
 109  161 
  11  224 
  11  223 
  11  243 
  11  221 
 103  224 
  34  224 
  52  224 
 103  223 
  58  223 
  80  223 
 103  189 
 103  256 
  10  131 
  10  181 
  10  243 
  10  177 
  78  131 
  34  131 
  83  131 
  78  181 
  58  181 
  38  181 
  78  189 
  78  129 
  34  243 
  58  243 
  48  243 
  34  189 
  34  169 
  58  189 
  58  218 
   8  189 
  90  130 
  90  167 
  90  140 
  90  139 
  90  154 
  90  195 
  69  130 
 116  130 
  46  130 
  55  130 
 108  130 
  69  167 
 121  167 
  25  167 
  21  167 
  82  167 
  69  184 
  69  171 
  69  141 
  69  186 
 116  140 
 121  140 
  71  140 
  30  140 
  84  140 
 116  184 
 116  198 
 116  238 
 116  219 
 121  184 
 121  226 
 121  232 
 121  216 
  45  184 
 106  184 
  65  184 
  46  139 
  25  139 
  71  139 
  28  139 
  42  139 
  46  171 
  46  198 
  46  143 
  46  172 
  25  171 
  25  226 
  25  229 
  25  182 
  45  171 
 107  171 
 120  171 
  71  198 
  71  226 
  71  157 
  71  188 
  45  198 
   3  198 
  17  198 
  45  226 
  76  226 
 118  226 
  45  185 
  45  178 
  55  154 
  21  154 
  30  154 
  28  154 
  39  154 
  55  141 
  55  238 
  55  143 
  55  205 
  21  141 
  21  232 
  21  229 
  21  135 
 106  141 
 107  141 
 109  141 
  30  238 
  30  232 
  30  157 
  30  221 
 106  238 
   3  238 
  52  238 
 106  232 
  76  232 
  80  232 
 106  185 
 106  256 
  28  143 
  28  229 
  28  157 
  28  177 
 107  143 
   3  143 
  83  143 
 107  229 
  76  229 
  38  229 
 107  185 
 107  129 
   3  157 
  76  157 
  48  157 
   3  185 
   3  169 
  76  185 
  76  218 
   8  185 
 108  195 
  82  195 
  84  195 
  42  195 
  39  195 
 108  186 
 108  219 
 108  172 
 108  205 
  82  186 
  82  216 
  82  182 
  82  135 
  65  186 
 120  186 
 109  186 
  84  219 
  84  216 
  84  188 
  84  221 
  65  219 
  17  219 
  52  219 
  65  216 
 118  216 
  80  216 
  65  178 
  65  256 
  42  172 
  42  182 
  42  188 
  42  177 
 120  172 
  17  172 
  83  172 
 120  182 
 118  182 
  38  182 
 120  178 
 120  129 
  17  188 
 118  188 
  48  188 
  17  178 
  17  169 
 118  178 
 118  218 
   8  178 
  39  205 
  39  135 
  39  221 
  39  177 
 109  205 
  52  205 
  83  205 
 109  135 
  80  135 
  38  135 
 109  256 
 109  129 
  52  221 
  80  221 
  48  221 
  52  256 
  52  169 
  80  256 
  80  218 
   8  256 
  83  177 
  38  177 
  48  177 
  83  129 
  83  169 
  38  129 
  38  218 
   8  129 
  48  169 
  48  218 
   8  169 
   8  218 
