 256  256   2304
  14  318 
  14  378 
  14  300 
  14  472 
  14  458 
  14  456 
  14  484 
  14  368 
  14  510 
  19  318 
  75  318 
 255  318 
  36  318 
  85  318 
  39  318 
  11  318 
 151  318 
  19  378 
  80  378 
 172  378 
 137  378 
 223  378 
  27  378 
 200  378 
 254  378 
  19  317 
  19  330 
  19  409 
  19  441 
  19  434 
  19  324 
  19  399 
  75  300 
  80  300 
 212  300 
 207  300 
  73  300 
 100  300 
 146  300 
 174  300 
  75  317 
  75  433 
  75  493 
  75  313 
  75  499 
  75  427 
  75  304 
  80  317 
  80  274 
  80  489 
  80  422 
  80  320 
  80  486 
  80  360 
  72  317 
 204  317 
 168  317 
 178  317 
 157  317 
 150  317 
 255  472 
 172  472 
 212  472 
  58  472 
  98  472 
 222  472 
 234  472 
 108  472 
 255  330 
 255  433 
 255  407 
 255  454 
 255  358 
 255  351 
 255  448 
 172  330 
 172  274 
 172  502 
 172  512 
 172  257 
 172  348 
 172  403 
  72  330 
 115  330 
 141  330 
 170  330 
 118  330 
  49  330 
 212  433 
 212  274 
 212  267 
 212  323 
 212  379 
 212  301 
 212  292 
  72  433 
  68  433 
 109  433 
 209  433 
  48  433 
 111  433 
  72  274 
 191  274 
   1  274 
 211  274 
  77  274 
 120  274 
  72  375 
  72  327 
  72  288 
  72  265 
  72  359 
  36  458 
 137  458 
 207  458 
  58  458 
 169  458 
  81  458 
 198  458 
 231  458 
  36  409 
  36  493 
  36  407 
  36  406 
  36  436 
  36  508 
  36  381 
 137  409 
 137  489 
 137  502 
 137  459 
 137  276 
 137  264 
 137  501 
 204  409 
 115  409 
 122  409 
 194  409 
 182  409 
  94  409 
 207  493 
 207  489 
 207  267 
 207  370 
 207  410 
 207  362 
 207  476 
 204  493 
  68  493 
 167  493 
 175  493 
  82  493 
 202  493 
 204  489 
 191  489 
 129  489 
 133  489 
 183  489 
 224  489 
 204  375 
 204  338 
 204  309 
 204  347 
 204  464 
  58  407 
  58  502 
  58  267 
  58  391 
  58  260 
  58  453 
  58  475 
 115  407 
  68  407 
 144  407 
  20  407 
  59  407 
  56  407 
 115  502 
 191  502 
 203  502 
  95  502 
 239  502 
 186  502 
 115  375 
 115  497 
 115  444 
 115  287 
 115  439 
  68  267 
 191  267 
  22  267 
  91  267 
  62  267 
  97  267 
  68  375 
  68  413 
  68  412 
  68  258 
  68  507 
 191  375 
 191  408 
 191  294 
 191  281 
 191  329 
 221  375 
 102  375 
  40  375 
 238  375 
  85  456 
 223  456 
  73  456 
  98  456 
 169  456 
 214  456 
 149  456 
  63  456 
  85  441 
  85  313 
  85  454 
  85  406 
  85  492 
  85  387 
  85  376 
 223  441 
 223  422 
 223  512 
 223  459 
 223  392 
 223  352 
 223  395 
 168  441 
 141  441 
 122  441 
 126  441 
 132  441 
 226  441 
  73  313 
  73  422 
  73  323 
  73  370 
  73  480 
  73  310 
  73  443 
 168  313 
 109  313 
 167  313 
  21  313 
  64  313 
 147  313 
 168  422 
   1  422 
 129  422 
 128  422 
  16  422 
 179  422 
 168  327 
 168  338 
 168  341 
 168  277 
 168  373 
  98  454 
  98  512 
  98  323 
  98  391 
  98  473 
  98  423 
  98  505 
 141  454 
 109  454 
 144  454 
 252  454 
   6  454 
  92  454 
 141  512 
   1  512 
 203  512 
 116  512 
 153  512 
 215  512 
 141  327 
 141  497 
 141  271 
 141  495 
 141  353 
 109  323 
   1  323 
  22  323 
 189  323 
 127  323 
 241  323 
 109  327 
 109  413 
 109  372 
 109  262 
 109  280 
   1  327 
   1  408 
   1  331 
   1  498 
   1  369 
 221  327 
  78  327 
  37  327 
 112  327 
 169  406 
 169  459 
 169  370 
 169  391 
 169  451 
 169  363 
 169  416 
 122  406 
 167  406 
 144  406 
  31  406 
 159  406 
 140  406 
 122  459 
 129  459 
 203  459 
 220  459 
  18  459 
  26  459 
 122  338 
 122  497 
 122  481 
 122  509 
 122  366 
 167  370 
 129  370 
  22  370 
  86  370 
 210  370 
  76  370 
 167  338 
 167  413 
 167  335 
 167  289 
 167  401 
 129  338 
 129  408 
 129  302 
 129  273 
 129  491 
 221  338 
  89  338 
 235  338 
 134  338 
 144  391 
 203  391 
  22  391 
  69  391 
  70  391 
  43  391 
 144  497 
 144  413 
 144  336 
 144  438 
 144  511 
 203  497 
 203  408 
 203  283 
 203  364 
 203  437 
 221  497 
 136  497 
  50  497 
 240  497 
  22  413 
  22  408 
  22  424 
  22  477 
  22  421 
 221  413 
  90  413 
 173  413 
  17  413 
 221  408 
 228  408 
 160  408 
 247  408 
 221  418 
 221  316 
 221  349 
  39  484 
  27  484 
 100  484 
 222  484 
  81  484 
 214  484 
 195  484 
  93  484 
  39  434 
  39  499 
  39  358 
  39  436 
  39  492 
  39  344 
  39  482 
  27  434 
  27  320 
  27  257 
  27  276 
  27  392 
  27  279 
  27  506 
 178  434 
 170  434 
 194  434 
 126  434 
  61  434 
 236  434 
 100  499 
 100  320 
 100  379 
 100  410 
 100  480 
 100  485 
 100  504 
 178  499 
 209  499 
 175  499 
  21  499 
 158  499 
 107  499 
 178  320 
 211  320 
 133  320 
 128  320 
 180  320 
 106  320 
 178  288 
 178  309 
 178  341 
 178  328 
 178  377 
 222  358 
 222  257 
 222  379 
 222  260 
 222  473 
 222  299 
 222  293 
 170  358 
 209  358 
  20  358 
 252  358 
 251  358 
 161  358 
 170  257 
 211  257 
  95  257 
 116  257 
 184  257 
 117  257 
 170  288 
 170  444 
 170  271 
 170  275 
 170  291 
 209  379 
 211  379 
  91  379 
 189  379 
 197  379 
 164  379 
 209  288 
 209  412 
 209  372 
 209  371 
 209  465 
 211  288 
 211  294 
 211  331 
 211  389 
 211  474 
 102  288 
  78  288 
  79  288 
 103  288 
  81  436 
  81  276 
  81  410 
  81  260 
  81  451 
  81  479 
  81  346 
 194  436 
 175  436 
  20  436 
  31  436 
  66  436 
  60  436 
 194  276 
 133  276 
  95  276 
 220  276 
 245  276 
 101  276 
 194  309 
 194  444 
 194  481 
 194  361 
 194  435 
 175  410 
 133  410 
  91  410 
  86  410 
 181  410 
 162  410 
 175  309 
 175  412 
 175  335 
 175  468 
 175  446 
 133  309 
 133  294 
 133  302 
 133  388 
 133  357 
 102  309 
  89  309 
 165  309 
   7  309 
  20  260 
  95  260 
  91  260 
  69  260 
 125  260 
 256  260 
  20  444 
  20  412 
  20  336 
  20  334 
  20  426 
  95  444 
  95  294 
  95  283 
  95  398 
  95  460 
 102  444 
 136  444 
 177  444 
 138  444 
  91  412 
  91  294 
  91  424 
  91  442 
  91  345 
 102  412 
  90  412 
 121  412 
 217  412 
 102  294 
 228  294 
  53  294 
  99  294 
 102  418 
 102  420 
 102  414 
 214  492 
 214  392 
 214  480 
 214  473 
 214  451 
 214  306 
 214  305 
 126  492 
  21  492 
 252  492 
  31  492 
   3  492 
 253  492 
 126  392 
 128  392 
 116  392 
 220  392 
  52  392 
 230  392 
 126  341 
 126  271 
 126  481 
 126  390 
 126  430 
  21  480 
 128  480 
 189  480 
  86  480 
  45  480 
 201  480 
  21  341 
  21  372 
  21  335 
  21  429 
  21  314 
 128  341 
 128  331 
 128  302 
 128  393 
 128  425 
  78  341 
  89  341 
 166  341 
 196  341 
 252  473 
 116  473 
 189  473 
  69  473 
   2  473 
  12  473 
 252  271 
 252  372 
 252  336 
 252  455 
 252  270 
 116  271 
 116  331 
 116  283 
 116  500 
 116  297 
  78  271 
 136  271 
 208  271 
  44  271 
 189  372 
 189  331 
 189  424 
 189  384 
 189  319 
  78  372 
  90  372 
 131  372 
  51  372 
  78  331 
 228  331 
  13  331 
 225  331 
  78  418 
  78  488 
  78  449 
  31  451 
 220  451 
  86  451 
  69  451 
  29  451 
 113  451 
  31  481 
  31  335 
  31  336 
  31  282 
  31  496 
 220  481 
 220  302 
 220  283 
 220  342 
 220  463 
  89  481 
 136  481 
  41  481 
  35  481 
  86  335 
  86  302 
  86  424 
  86  386 
  86  467 
  89  335 
  90  335 
 232  335 
  84  335 
  89  302 
 228  302 
 155  302 
 205  302 
  89  418 
  89  452 
  89  415 
  69  336 
  69  283 
  69  424 
  69  350 
  69  333 
 136  336 
  90  336 
 105  336 
  83  336 
 136  283 
 228  283 
 227  283 
 171  283 
 136  418 
 136  428 
 136  259 
  90  424 
 228  424 
 216  424 
 123  424 
  90  418 
  90  478 
  90  385 
 228  418 
 228  483 
 228  400 
 139  418 
  96  418 
  11  368 
 200  368 
 146  368 
 234  368 
 198  368 
 149  368 
 195  368 
 244  368 
  11  324 
  11  427 
  11  351 
  11  508 
  11  387 
  11  344 
  11  321 
 200  324 
 200  486 
 200  348 
 200  264 
 200  352 
 200  279 
 200  272 
 157  324 
 118  324 
 182  324 
 132  324 
  61  324 
 233  324 
 146  427 
 146  486 
 146  301 
 146  362 
 146  310 
 146  485 
 146  296 
 157  427 
  48  427 
  82  427 
  64  427 
 158  427 
 248  427 
 157  486 
  77  486 
 183  486 
  16  486 
 180  486 
 199  486 
 157  265 
 157  347 
 157  277 
 157  328 
 157  340 
 234  351 
 234  348 
 234  301 
 234  453 
 234  423 
 234  299 
 234  269 
 118  351 
  48  351 
  59  351 
   6  351 
 251  351 
 135  351 
 118  348 
  77  348 
 239  348 
 153  348 
 184  348 
 119  348 
 118  265 
 118  287 
 118  495 
 118  275 
 118  469 
  48  301 
  77  301 
  62  301 
 127  301 
 197  301 
 237  301 
  48  265 
  48  258 
  48  262 
  48  371 
  48  466 
  77  265 
  77  281 
  77  498 
  77  389 
  77  397 
  40  265 
  37  265 
  79  265 
 193  265 
 198  508 
 198  264 
 198  362 
 198  453 
 198  363 
 198  479 
 198  285 
 182  508 
  82  508 
  59  508 
 159  508 
  66  508 
 206  508 
 182  264 
 183  264 
 239  264 
  18  264 
 245  264 
  55  264 
 182  347 
 182  287 
 182  509 
 182  361 
 182  382 
  82  362 
 183  362 
  62  362 
 210  362 
 181  362 
 148  362 
  82  347 
  82  258 
  82  289 
  82  468 
  82  419 
 183  347 
 183  281 
 183  273 
 183  388 
 183  303 
  40  347 
 235  347 
 165  347 
 192  347 
  59  453 
 239  453 
  62  453 
  70  453 
 125  453 
  88  453 
  59  287 
  59  258 
  59  438 
  59  334 
  59  503 
 239  287 
 239  281 
 239  364 
 239  398 
 239  411 
  40  287 
  50  287 
 177  287 
 187  287 
  62  258 
  62  281 
  62  477 
  62  442 
  62  278 
  40  258 
 173  258 
 121  258 
  34  258 
  40  281 
 160  281 
  53  281 
 250  281 
  40  316 
  40  420 
  40  450 
 149  387 
 149  352 
 149  310 
 149  423 
 149  363 
 149  306 
 149  311 
 132  387 
  64  387 
   6  387 
 159  387 
   3  387 
  54  387 
 132  352 
  16  352 
 153  352 
  18  352 
  52  352 
  30  352 
 132  277 
 132  495 
 132  509 
 132  390 
 132  396 
  64  310 
  16  310 
 127  310 
 210  310 
  45  310 
  33  310 
  64  277 
  64  262 
  64  289 
  64  429 
  64  374 
  16  277 
  16  498 
  16  273 
  16  393 
  16  367 
  37  277 
 235  277 
 166  277 
  42  277 
   6  423 
 153  423 
 127  423 
  70  423 
   2  423 
   4  423 
   6  495 
   6  262 
   6  438 
   6  455 
   6  325 
 153  495 
 153  498 
 153  364 
 153  500 
 153  494 
  37  495 
  50  495 
 208  495 
  25  495 
 127  262 
 127  498 
 127  477 
 127  384 
 127  354 
  37  262 
 173  262 
 131  262 
   8  262 
  37  498 
 160  498 
  13  498 
  67  498 
  37  316 
  37  488 
  37  295 
 159  363 
  18  363 
 210  363 
  70  363 
  29  363 
  10  363 
 159  509 
 159  289 
 159  438 
 159  282 
 159  312 
  18  509 
  18  273 
  18  364 
  18  342 
  18  298 
 235  509 
  50  509 
  41  509 
  32  509 
 210  289 
 210  273 
 210  477 
 210  386 
 210  365 
 235  289 
 173  289 
 232  289 
  24  289 
 235  273 
 160  273 
 155  273 
  71  273 
 235  316 
 235  452 
 235  445 
  70  438 
  70  364 
  70  477 
  70  350 
  70  284 
  50  438 
 173  438 
 105  438 
 218  438 
  50  364 
 160  364 
 227  364 
 242  364 
  50  316 
  50  428 
  50  440 
 173  477 
 160  477 
 216  477 
 114  477 
 173  316 
 173  478 
 173  394 
 160  316 
 160  483 
 160  457 
 139  316 
 143  316 
 195  344 
 195  279 
 195  485 
 195  299 
 195  479 
 195  306 
 195  308 
  61  344 
 158  344 
 251  344 
  66  344 
   3  344 
 243  344 
  61  279 
 180  279 
 184  279 
 245  279 
  52  279 
  57  279 
  61  328 
  61  275 
  61  361 
  61  390 
  61  266 
 158  485 
 180  485 
 197  485 
 181  485 
  45  485 
 142  485 
 158  328 
 158  371 
 158  468 
 158  429 
 158  261 
 180  328 
 180  389 
 180  388 
 180  393 
 180  417 
  79  328 
 165  328 
 166  328 
 190  328 
 251  299 
 184  299 
 197  299 
 125  299 
   2  299 
  28  299 
 251  275 
 251  371 
 251  334 
 251  455 
 251  402 
 184  275 
 184  389 
 184  398 
 184  500 
 184  383 
  79  275 
 177  275 
 208  275 
 154  275 
 197  371 
 197  389 
 197  442 
 197  384 
 197  490 
  79  371 
 121  371 
 131  371 
 130  371 
  79  389 
  53  389 
  13  389 
 176  389 
  79  420 
  79  488 
  79  404 
  66  479 
 245  479 
 181  479 
 125  479 
  29  479 
 110  479 
  66  361 
  66  468 
  66  334 
  66  282 
  66  315 
 245  361 
 245  388 
 245  398 
 245  342 
 245  432 
 165  361 
 177  361 
  41  361 
 249  361 
 181  468 
 181  388 
 181  442 
 181  386 
 181  268 
 165  468 
 121  468 
 232  468 
  23  468 
 165  388 
  53  388 
 155  388 
  38  388 
 165  420 
 165  452 
 165  355 
 125  334 
 125  398 
 125  442 
 125  350 
 125  263 
 177  334 
 121  334 
 105  334 
 213  334 
 177  398 
  53  398 
 227  398 
  15  398 
 177  420 
 177  428 
 177  380 
 121  442 
  53  442 
 216  442 
  87  442 
 121  420 
 121  478 
 121  431 
  53  420 
  53  483 
  53  337 
 139  420 
 246  420 
   3  306 
  52  306 
  45  306 
   2  306 
  29  306 
 188  306 
   3  390 
   3  429 
   3  455 
   3  282 
   3  461 
  52  390 
  52  393 
  52  500 
  52  342 
  52  307 
 166  390 
 208  390 
  41  390 
  47  390 
  45  429 
  45  393 
  45  384 
  45  386 
  45  343 
 166  429 
 131  429 
 232  429 
  46  429 
 166  393 
  13  393 
 155  393 
  74  393 
 166  488 
 166  452 
 166  326 
   2  455 
   2  500 
   2  384 
   2  350 
   2  290 
 208  455 
 131  455 
 105  455 
 152  455 
 208  500 
  13  500 
 227  500 
 145  500 
 208  488 
 208  428 
 208  405 
 131  384 
  13  384 
 216  384 
 185  384 
 131  488 
 131  478 
 131  487 
  13  488 
  13  483 
  13  471 
 139  488 
   5  488 
  29  282 
  29  342 
  29  386 
  29  350 
  29  470 
  41  282 
 232  282 
 105  282 
 219  282 
  41  342 
 155  342 
 227  342 
 229  342 
  41  452 
  41  428 
  41  462 
 232  386 
 155  386 
 216  386 
 104  386 
 232  452 
 232  478 
 232  286 
 155  452 
 155  483 
 155  447 
 139  452 
   9  452 
 105  350 
 227  350 
 216  350 
 163  350 
 105  428 
 105  478 
 105  356 
 227  428 
 227  483 
 227  322 
 139  428 
 156  428 
 216  478 
 216  483 
 216  339 
 139  478 
  65  478 
 139  483 
 124  483 
 139  332 
 151  510 
 254  510 
 174  510 
 108  510 
 231  510 
  63  510 
  93  510 
 244  510 
 151  399 
 151  304 
 151  448 
 151  381 
 151  376 
 151  482 
 151  321 
 254  399 
 254  360 
 254  403 
 254  501 
 254  395 
 254  506 
 254  272 
 150  399 
  49  399 
  94  399 
 226  399 
 236  399 
 233  399 
 174  304 
 174  360 
 174  292 
 174  476 
 174  443 
 174  504 
 174  296 
 150  304 
 111  304 
 202  304 
 147  304 
 107  304 
 248  304 
 150  360 
 120  360 
 224  360 
 179  360 
 106  360 
 199  360 
 150  359 
 150  464 
 150  373 
 150  377 
 150  340 
 108  448 
 108  403 
 108  292 
 108  475 
 108  505 
 108  293 
 108  269 
  49  448 
 111  448 
  56  448 
  92  448 
 161  448 
 135  448 
  49  403 
 120  403 
 186  403 
 215  403 
 117  403 
 119  403 
  49  359 
  49  439 
  49  353 
  49  291 
  49  469 
 111  292 
 120  292 
  97  292 
 241  292 
 164  292 
 237  292 
 111  359 
 111  507 
 111  280 
 111  465 
 111  466 
 120  359 
 120  329 
 120  369 
 120  474 
 120  397 
 238  359 
 112  359 
 103  359 
 193  359 
 231  381 
 231  501 
 231  476 
 231  475 
 231  416 
 231  346 
 231  285 
  94  381 
 202  381 
  56  381 
 140  381 
  60  381 
 206  381 
  94  501 
 224  501 
 186  501 
  26  501 
 101  501 
  55  501 
  94  464 
  94  439 
  94  366 
  94  435 
  94  382 
 202  476 
 224  476 
  97  476 
  76  476 
 162  476 
 148  476 
 202  464 
 202  507 
 202  401 
 202  446 
 202  419 
 224  464 
 224  329 
 224  491 
 224  357 
 224  303 
 238  464 
 134  464 
   7  464 
 192  464 
  56  475 
 186  475 
  97  475 
  43  475 
 256  475 
  88  475 
  56  439 
  56  507 
  56  511 
  56  426 
  56  503 
 186  439 
 186  329 
 186  437 
 186  460 
 186  411 
 238  439 
 240  439 
 138  439 
 187  439 
  97  507 
  97  329 
  97  421 
  97  345 
  97  278 
 238  507 
  17  507 
 217  507 
  34  507 
 238  329 
 247  329 
  99  329 
 250  329 
 238  349 
 238  414 
 238  450 
  63  376 
  63  395 
  63  443 
  63  505 
  63  416 
  63  305 
  63  311 
 226  376 
 147  376 
  92  376 
 140  376 
 253  376 
  54  376 
 226  395 
 179  395 
 215  395 
  26  395 
 230  395 
  30  395 
 226  373 
 226  353 
 226  366 
 226  430 
 226  396 
 147  443 
 179  443 
 241  443 
  76  443 
 201  443 
  33  443 
 147  373 
 147  280 
 147  401 
 147  314 
 147  374 
 179  373 
 179  369 
 179  491 
 179  425 
 179  367 
 112  373 
 134  373 
 196  373 
  42  373 
  92  505 
 215  505 
 241  505 
  43  505 
  12  505 
   4  505 
  92  353 
  92  280 
  92  511 
  92  270 
  92  325 
 215  353 
 215  369 
 215  437 
 215  297 
 215  494 
 112  353 
 240  353 
  44  353 
  25  353 
 241  280 
 241  369 
 241  421 
 241  319 
 241  354 
 112  280 
  17  280 
  51  280 
   8  280 
 112  369 
 247  369 
 225  369 
  67  369 
 112  349 
 112  449 
 112  295 
 140  416 
  26  416 
  76  416 
  43  416 
 113  416 
  10  416 
 140  366 
 140  401 
 140  511 
 140  496 
 140  312 
  26  366 
  26  491 
  26  437 
  26  463 
  26  298 
 134  366 
 240  366 
  35  366 
  32  366 
  76  401 
  76  491 
  76  421 
  76  467 
  76  365 
 134  401 
  17  401 
  84  401 
  24  401 
 134  491 
 247  491 
 205  491 
  71  491 
 134  349 
 134  415 
 134  445 
  43  511 
  43  437 
  43  421 
  43  333 
  43  284 
 240  511 
  17  511 
  83  511 
 218  511 
 240  437 
 247  437 
 171  437 
 242  437 
 240  349 
 240  259 
 240  440 
  17  421 
 247  421 
 123  421 
 114  421 
  17  349 
  17  385 
  17  394 
 247  349 
 247  400 
 247  457 
  96  349 
 143  349 
  93  482 
  93  506 
  93  504 
  93  293 
  93  346 
  93  305 
  93  308 
 236  482 
 107  482 
 161  482 
  60  482 
 253  482 
 243  482 
 236  506 
 106  506 
 117  506 
 101  506 
 230  506 
  57  506 
 236  377 
 236  291 
 236  435 
 236  430 
 236  266 
 107  504 
 106  504 
 164  504 
 162  504 
 201  504 
 142  504 
 107  377 
 107  465 
 107  446 
 107  314 
 107  261 
 106  377 
 106  474 
 106  357 
 106  425 
 106  417 
 103  377 
   7  377 
 196  377 
 190  377 
 161  293 
 117  293 
 164  293 
 256  293 
  12  293 
  28  293 
 161  291 
 161  465 
 161  426 
 161  270 
 161  402 
 117  291 
 117  474 
 117  460 
 117  297 
 117  383 
 103  291 
 138  291 
  44  291 
 154  291 
 164  465 
 164  474 
 164  345 
 164  319 
 164  490 
 103  465 
 217  465 
  51  465 
 130  465 
 103  474 
  99  474 
 225  474 
 176  474 
 103  414 
 103  449 
 103  404 
  60  346 
 101  346 
 162  346 
 256  346 
 113  346 
 110  346 
  60  435 
  60  446 
  60  426 
  60  496 
  60  315 
 101  435 
 101  357 
 101  460 
 101  463 
 101  432 
   7  435 
 138  435 
  35  435 
 249  435 
 162  446 
 162  357 
 162  345 
 162  467 
 162  268 
   7  446 
 217  446 
  84  446 
  23  446 
   7  357 
  99  357 
 205  357 
  38  357 
   7  414 
   7  415 
   7  355 
 256  426 
 256  460 
 256  345 
 256  333 
 256  263 
 138  426 
 217  426 
  83  426 
 213  426 
 138  460 
  99  460 
 171  460 
  15  460 
 138  414 
 138  259 
 138  380 
 217  345 
  99  345 
 123  345 
  87  345 
 217  414 
 217  385 
 217  431 
  99  414 
  99  400 
  99  337 
  96  414 
 246  414 
 253  305 
 230  305 
 201  305 
  12  305 
 113  305 
 188  305 
 253  430 
 253  314 
 253  270 
 253  496 
 253  461 
 230  430 
 230  425 
 230  297 
 230  463 
 230  307 
 196  430 
  44  430 
  35  430 
  47  430 
 201  314 
 201  425 
 201  319 
 201  467 
 201  343 
 196  314 
  51  314 
  84  314 
  46  314 
 196  425 
 225  425 
 205  425 
  74  425 
 196  449 
 196  415 
 196  326 
  12  270 
  12  297 
  12  319 
  12  333 
  12  290 
  44  270 
  51  270 
  83  270 
 152  270 
  44  297 
 225  297 
 171  297 
 145  297 
  44  449 
  44  259 
  44  405 
  51  319 
 225  319 
 123  319 
 185  319 
  51  449 
  51  385 
  51  487 
 225  449 
 225  400 
 225  471 
  96  449 
   5  449 
 113  496 
 113  463 
 113  467 
 113  333 
 113  470 
  35  496 
  84  496 
  83  496 
 219  496 
  35  463 
 205  463 
 171  463 
 229  463 
  35  415 
  35  259 
  35  462 
  84  467 
 205  467 
 123  467 
 104  467 
  84  415 
  84  385 
  84  286 
 205  415 
 205  400 
 205  447 
  96  415 
   9  415 
  83  333 
 171  333 
 123  333 
 163  333 
  83  259 
  83  385 
  83  356 
 171  259 
 171  400 
 171  322 
  96  259 
 156  259 
 123  385 
 123  400 
 123  339 
  96  385 
  65  385 
  96  400 
 124  400 
  96  332 
 244  321 
 244  272 
 244  296 
 244  269 
 244  285 
 244  311 
 244  308 
 233  321 
 248  321 
 135  321 
 206  321 
  54  321 
 243  321 
 233  272 
 199  272 
 119  272 
  55  272 
  30  272 
  57  272 
 233  340 
 233  469 
 233  382 
 233  396 
 233  266 
 248  296 
 199  296 
 237  296 
 148  296 
  33  296 
 142  296 
 248  340 
 248  466 
 248  419 
 248  374 
 248  261 
 199  340 
 199  397 
 199  303 
 199  367 
 199  417 
 193  340 
 192  340 
  42  340 
 190  340 
 135  269 
 119  269 
 237  269 
  88  269 
   4  269 
  28  269 
 135  469 
 135  466 
 135  503 
 135  325 
 135  402 
 119  469 
 119  397 
 119  411 
 119  494 
 119  383 
 193  469 
 187  469 
  25  469 
 154  469 
 237  466 
 237  397 
 237  278 
 237  354 
 237  490 
 193  466 
  34  466 
   8  466 
 130  466 
 193  397 
 250  397 
  67  397 
 176  397 
 193  450 
 193  295 
 193  404 
 206  285 
  55  285 
 148  285 
  88  285 
  10  285 
 110  285 
 206  382 
 206  419 
 206  503 
 206  312 
 206  315 
  55  382 
  55  303 
  55  411 
  55  298 
  55  432 
 192  382 
 187  382 
  32  382 
 249  382 
 148  419 
 148  303 
 148  278 
 148  365 
 148  268 
 192  419 
  34  419 
  24  419 
  23  419 
 192  303 
 250  303 
  71  303 
  38  303 
 192  450 
 192  445 
 192  355 
  88  503 
  88  411 
  88  278 
  88  284 
  88  263 
 187  503 
  34  503 
 218  503 
 213  503 
 187  411 
 250  411 
 242  411 
  15  411 
 187  450 
 187  440 
 187  380 
  34  278 
 250  278 
 114  278 
  87  278 
  34  450 
  34  394 
  34  431 
 250  450 
 250  457 
 250  337 
 143  450 
 246  450 
  54  311 
  30  311 
  33  311 
   4  311 
  10  311 
 188  311 
  54  396 
  54  374 
  54  325 
  54  312 
  54  461 
  30  396 
  30  367 
  30  494 
  30  298 
  30  307 
  42  396 
  25  396 
  32  396 
  47  396 
  33  374 
  33  367 
  33  354 
  33  365 
  33  343 
  42  374 
   8  374 
  24  374 
  46  374 
  42  367 
  67  367 
  71  367 
  74  367 
  42  295 
  42  445 
  42  326 
   4  325 
   4  494 
   4  354 
   4  284 
   4  290 
  25  325 
   8  325 
 218  325 
 152  325 
  25  494 
  67  494 
 242  494 
 145  494 
  25  295 
  25  440 
  25  405 
   8  354 
  67  354 
 114  354 
 185  354 
   8  295 
   8  394 
   8  487 
  67  295 
  67  457 
  67  471 
 143  295 
   5  295 
  10  312 
  10  298 
  10  365 
  10  284 
  10  470 
  32  312 
  24  312 
 218  312 
 219  312 
  32  298 
  71  298 
 242  298 
 229  298 
  32  445 
  32  440 
  32  462 
  24  365 
  71  365 
 114  365 
 104  365 
  24  445 
  24  394 
  24  286 
  71  445 
  71  457 
  71  447 
 143  445 
   9  445 
 218  284 
 242  284 
 114  284 
 163  284 
 218  440 
 218  394 
 218  356 
 242  440 
 242  457 
 242  322 
 143  440 
 156  440 
 114  394 
 114  457 
 114  339 
 143  394 
  65  394 
 143  457 
 124  457 
 143  332 
 243  308 
  57  308 
 142  308 
  28  308 
 110  308 
 188  308 
 243  266 
 243  261 
 243  402 
 243  315 
 243  461 
  57  266 
  57  417 
  57  383 
  57  432 
  57  307 
 190  266 
 154  266 
 249  266 
  47  266 
 142  261 
 142  417 
 142  490 
 142  268 
 142  343 
 190  261 
 130  261 
  23  261 
  46  261 
 190  417 
 176  417 
  38  417 
  74  417 
 190  404 
 190  355 
 190  326 
  28  402 
  28  383 
  28  490 
  28  263 
  28  290 
 154  402 
 130  402 
 213  402 
 152  402 
 154  383 
 176  383 
  15  383 
 145  383 
 154  404 
 154  380 
 154  405 
 130  490 
 176  490 
  87  490 
 185  490 
 130  404 
 130  431 
 130  487 
 176  404 
 176  337 
 176  471 
 246  404 
   5  404 
 110  315 
 110  432 
 110  268 
 110  263 
 110  470 
 249  315 
  23  315 
 213  315 
 219  315 
 249  432 
  38  432 
  15  432 
 229  432 
 249  355 
 249  380 
 249  462 
  23  268 
  38  268 
  87  268 
 104  268 
  23  355 
  23  431 
  23  286 
  38  355 
  38  337 
  38  447 
 246  355 
   9  355 
 213  263 
  15  263 
  87  263 
 163  263 
 213  380 
 213  431 
 213  356 
  15  380 
  15  337 
  15  322 
 246  380 
 156  380 
  87  431 
  87  337 
  87  339 
 246  431 
  65  431 
 246  337 
 124  337 
 246  332 
 188  461 
 188  307 
 188  343 
 188  290 
 188  470 
  47  461 
  46  461 
 152  461 
 219  461 
  47  307 
  74  307 
 145  307 
 229  307 
  47  326 
  47  405 
  47  462 
  46  343 
  74  343 
 185  343 
 104  343 
  46  326 
  46  487 
  46  286 
  74  326 
  74  471 
  74  447 
   5  326 
   9  326 
 152  290 
 145  290 
 185  290 
 163  290 
 152  405 
 152  487 
 152  356 
 145  405 
 145  471 
 145  322 
   5  405 
 156  405 
 185  487 
 185  471 
 185  339 
   5  487 
  65  487 
   5  471 
 124  471 
   5  332 
 219  470 
 229  470 
 104  470 
 163  470 
 219  462 
 219  286 
 219  356 
 229  462 
 229  447 
 229  322 
   9  462 
 156  462 
 104  286 
 104  447 
 104  339 
   9  286 
  65  286 
   9  447 
 124  447 
   9  332 
 163  356 
 163  322 
 163  339 
 156  356 
  65  356 
 156  322 
 124  322 
 156  332 
  65  339 
 124  339 
  65  332 
 124  332 
