 32  32    126 
  1  33 
  2  33 
  3  33 
  4  33 
  7  33 
 26  33 
  1  34 
  2  34 
  9  34 
 21  34 
 28  34 
  2  35 
  3  35 
  6  35 
  8  35 
  9  35 
 29  35 
  3  36 
  4  36 
  5  36 
 12  36 
  3  37 
  5  37 
 23  37 
 27  37 
  1  38 
  6  38 
 16  38 
  3  39 
  7  39 
 14  39 
 21  39 
 31  39 
  1  40 
  8  40 
 12  40 
 17  40 
 27  40 
  7  41 
  9  41 
 10  41 
 13  41 
 19  41 
 23  41 
 27  41 
  1  42 
 10  42 
 11  42 
 21  42 
 23  42 
 25  42 
 27  42 
  2  43 
 11  43 
 15  43 
 18  43 
 29  43 
  6  44 
 12  44 
 24  44 
 11  45 
 13  45 
  3  46 
 14  46 
  2  47 
 15  47 
 20  47 
  4  48 
 16  48 
 22  48 
  4  49 
 16  49 
 17  49 
  6  50 
 10  50 
 18  50 
 20  50 
 30  50 
  1  51 
 19  51 
 26  51 
  8  52 
 16  52 
 20  52 
  3  53 
 21  53 
 32  53 
 11  54 
 22  54 
  2  55 
 17  55 
 21  55 
 23  55 
 12  56 
 24  56 
 26  56 
  6  57 
 15  57 
 18  57 
 24  57 
 25  57 
 13  58 
 18  58 
 22  58 
 26  58 
  5  59 
 24  59 
 26  59 
 27  59 
  9  60 
 28  60 
  3  61 
  5  61 
 27  61 
 29  61 
 32  61 
 12  62 
 17  62 
 23  62 
 30  62 
 13  63 
 14  63 
 31  63 
 24  64 
 28  64 
 32  64 
