  50   50     150
   1   51
   1   75
   1   68
   2   70
   2   68
   2   57
   3   92
   3   61
   3   89
   4   69
   4   71
   4   91
   5   81
   5   95
   5   77
   6   89
   6   87
   6   72
   7   65
   7   85
   7   76
   8   76
   8   62
   8   79
   9   63
   9   53
   9   57
  10   92
  10   72
  10   99
  11   66
  11   89
  11   58
  12   61
  12   70
  12   51
  13   57
  13   77
  13   90
  14   95
  14   68
  14   72
  15   80
  15   64
  15   55
  16   95
  16   56
  16   61
  17   62
  17   60
  17   64
  18   76
  18   65
  18   56
  19   73
  19   51
  19   59
  20   58
  20   83
  20   99
  21   53
  21   91
  21   55
  22   79
  22   86
  22   71
  23   75
  23   73
  23   94
  24   54
  24   63
  24   85
  25  100
  25   64
  25   87
  26   90
  26   77
  26   88
  27   96
  27   79
  27   55
  28   71
  28   97
  28   81
  29   56
  29  100
  29   52
  30   53
  30   93
  30   83
  31   92
  31   74
  31   81
  32   67
  32   96
  32   69
  33   88
  33   80
  33   90
  34   65
  34   75
  34   60
  35   80
  35   96
  35   74
  36   66
  36   83
  36   60
  37   67
  37   59
  37   99
  38   84
  38  100
  38   78
  39   78
  39   69
  39   98
  40   58
  40   73
  40   74
  41   52
  41   94
  41   85
  42   88
  42   91
  42   94
  43   98
  43   52
  43   66
  44   62
  44   84
  44   59
  45   54
  45   67
  45   82
  46   70
  46   54
  46   86
  47   93
  47   78
  47   82
  48   97
  48   87
  48   84
  49   98
  49   63
  49   97
  50   93
  50   82
  50   86
