  16   16     80
   1   20 
   1   32 
   1   31 
   1   19 
   1   22 
   9   20 
   4   20 
  12   20 
   3   20 
   9   32 
  10   32 
  16   32 
  11   32 
   9   21 
   9   28 
   9   17 
   4   31 
  10   31 
   5   31 
   8   31 
   4   21 
   4   26 
   4   29 
  10   21 
  10   18 
  10   27 
   2   21 
  13   21 
  12   19 
  16   19 
   5   19 
   6   19 
  12   28 
  12   26 
  12   23 
  16   28 
  16   18 
  16   30 
   2   28 
  14   28 
   5   26 
   5   18 
   5   24 
   2   26 
   7   26 
   2   18 
  15   18 
   2   25 
   3   22 
  11   22 
   8   22 
   6   22 
   3   17 
   3   29 
   3   23 
  11   17 
  11   27 
  11   30 
  13   17 
  14   17 
   8   29 
   8   27 
   8   24 
  13   29 
   7   29 
  13   27 
  15   27 
  13   25 
   6   23 
   6   30 
   6   24 
  14   23 
   7   23 
  14   30 
  15   30 
  14   25 
   7   24 
  15   24 
   7   25 
  15   25 
