  64   64    448
   3   76 
   3  127 
   3  118 
   3   69 
   3  128 
   3  123 
   3  109 
  12   76 
  60   76 
  51   76 
  61   76 
  20   76 
   7   76 
  12  127 
  30  127 
  10  127 
  34  127 
   1  127 
   2  127 
  12   98 
  12  112 
  12  103 
  12   73 
  12   74 
  60  118 
  30  118 
  14  118 
  41  118 
  27  118 
  23  118 
  60   98 
  60  106 
  60  100 
  60  122 
  60   86 
  30   98 
  30   93 
  30  126 
  30   96 
  30   88 
   6   98 
  64   98 
  33   98 
  42   98 
  51   69 
  10   69 
  14   69 
   5   69 
  16   69 
  17   69 
  51  112 
  51  106 
  51   84 
  51  124 
  51  121 
  10  112 
  10   93 
  10  104 
  10   81 
  10  108 
   6  112 
  25  112 
  58  112 
  50  112 
  14  106 
  14   93 
  14   65 
  14   70 
  14   67 
   6  106 
   8  106 
  15  106 
  21  106 
   6   93 
  29   93 
  53   93 
  54   93 
   6   90 
   6   82 
   6  102 
  61  128 
  34  128 
  41  128 
   5  128 
  13  128 
  22  128 
  61  103 
  61  100 
  61   84 
  61  113 
  61   77 
  34  103 
  34  126 
  34  104 
  34   78 
  34   75 
  64  103 
  25  103 
  28  103 
  45  103 
  41  100 
  41  126 
  41   65 
  41  119 
  41   71 
  64  100 
   8  100 
  62  100 
  19  100 
  64  126 
  29  126 
  35  126 
  44  126 
  64   90 
  64   91 
  64   92 
   5   84 
   5  104 
   5   65 
   5  111 
   5   87 
  25   84 
   8   84 
  52   84 
  57   84 
  25  104 
  29  104 
  11  104 
  46  104 
  25   90 
  25   66 
  25  125 
   8   65 
  29   65 
  26   65 
  48   65 
   8   90 
   8  117 
   8   80 
  29   90 
  29   85 
  29  105 
  63   90 
  40   90 
  20  123 
   1  123 
  27  123 
  16  123 
  13  123 
  18  123 
  20   73 
  20  122 
  20  124 
  20  113 
  20   79 
   1   73 
   1   96 
   1   81 
   1   78 
   1   94 
  33   73 
  58   73 
  28   73 
  36   73 
  27  122 
  27   96 
  27   70 
  27  119 
  27   95 
  33  122 
  15  122 
  62  122 
  32  122 
  33   96 
  53   96 
  35   96 
  38   96 
  33   82 
  33   91 
  33   83 
  16  124 
  16   81 
  16   70 
  16  111 
  16  116 
  58  124 
  15  124 
  52  124 
  31  124 
  58   81 
  53   81 
  11   81 
   4   81 
  58   82 
  58   66 
  58   89 
  15   70 
  53   70 
  26   70 
  37   70 
  15   82 
  15  117 
  15  114 
  53   82 
  53   85 
  53  115 
  63   82 
  39   82 
  13  113 
  13   78 
  13  119 
  13  111 
  13   68 
  28  113 
  62  113 
  52  113 
  47  113 
  28   78 
  35   78 
  11   78 
  49   78 
  28   91 
  28   66 
  28  120 
  62  119 
  35  119 
  26  119 
  56  119 
  62   91 
  62  117 
  62   97 
  35   91 
  35   85 
  35   99 
  63   91 
  55   91 
  52  111 
  11  111 
  26  111 
   9  111 
  52   66 
  52  117 
  52  101 
  11   66 
  11   85 
  11   72 
  63   66 
  59   66 
  26  117 
  26   85 
  26  107 
  63  117 
  43  117 
  63   85 
  24   85 
  63  110 
   7  109 
   2  109 
  23  109 
  17  109 
  22  109 
  18  109 
   7   74 
   7   86 
   7  121 
   7   77 
   7   79 
   2   74 
   2   88 
   2  108 
   2   75 
   2   94 
  42   74 
  50   74 
  45   74 
  36   74 
  23   86 
  23   88 
  23   67 
  23   71 
  23   95 
  42   86 
  21   86 
  19   86 
  32   86 
  42   88 
  54   88 
  44   88 
  38   88 
  42  102 
  42   92 
  42   83 
  17  121 
  17  108 
  17   67 
  17   87 
  17  116 
  50  121 
  21  121 
  57  121 
  31  121 
  50  108 
  54  108 
  46  108 
   4  108 
  50  102 
  50  125 
  50   89 
  21   67 
  54   67 
  48   67 
  37   67 
  21  102 
  21   80 
  21  114 
  54  102 
  54  105 
  54  115 
  40  102 
  39  102 
  22   77 
  22   75 
  22   71 
  22   87 
  22   68 
  45   77 
  19   77 
  57   77 
  47   77 
  45   75 
  44   75 
  46   75 
  49   75 
  45   92 
  45  125 
  45  120 
  19   71 
  44   71 
  48   71 
  56   71 
  19   92 
  19   80 
  19   97 
  44   92 
  44  105 
  44   99 
  40   92 
  55   92 
  57   87 
  46   87 
  48   87 
   9   87 
  57  125 
  57   80 
  57  101 
  46  125 
  46  105 
  46   72 
  40  125 
  59  125 
  48   80 
  48  105 
  48  107 
  40   80 
  43   80 
  40  105 
  24  105 
  40  110 
  18   79 
  18   94 
  18   95 
  18  116 
  18   68 
  36   79 
  32   79 
  31   79 
  47   79 
  36   94 
  38   94 
   4   94 
  49   94 
  36   83 
  36   89 
  36  120 
  32   95 
  38   95 
  37   95 
  56   95 
  32   83 
  32  114 
  32   97 
  38   83 
  38  115 
  38   99 
  39   83 
  55   83 
  31  116 
   4  116 
  37  116 
   9  116 
  31   89 
  31  114 
  31  101 
   4   89 
   4  115 
   4   72 
  39   89 
  59   89 
  37  114 
  37  115 
  37  107 
  39  114 
  43  114 
  39  115 
  24  115 
  39  110 
  47   68 
  49   68 
  56   68 
   9   68 
  47  120 
  47   97 
  47  101 
  49  120 
  49   99 
  49   72 
  55  120 
  59  120 
  56   97 
  56   99 
  56  107 
  55   97 
  43   97 
  55   99 
  24   99 
  55  110 
   9  101 
   9   72 
   9  107 
  59  101 
  43  101 
  59   72 
  24   72 
  59  110 
  43  107 
  24  107 
  43  110 
  24  110 
